#I+8.670000E+02
+3.000000E+00
+8.010000E+02
+8.010000E+02
+1.000000E+01
+1.000000E+00
+3.000000E+00
+0.000000E+00
+1.000000E+00
+1.000000E+00
+1.000000E+00
+1.000000E+00
+2.497000E+03
-1.092400E+04
+2.025600E+04
-1.299100E+04
-1.119200E+04
+0.000000E+00
+0.000000E+00
+0.000000E+00
+0.000000E+00
+0.000000E+00
+0.000000E+00
+0.000000E+00
+0.000000E+00
+0.000000E+00
+0.000000E+00
+0.000000E+00
+0.000000E+00
+0.000000E+00
+0.000000E+00
+0.000000E+00
+0.000000E+00
+0.000000E+00
+0.000000E+00
+0.000000E+00
+1.000000E+00
+0.000000E+00
+1.000000E+00
+0.000000E+00
+0.000000E+00
+1.000000E+00
+0.000000E+00
+0.000000E+00
+2.000000E+00
+3.000000E+00
+4.500000E+01
+4.500000E+01
+0.000000E+00
+0.000000E+00
+2.000000E+00
+0.000000E+00
+0.000000E+00
+0.000000E+00
+0.000000E+00
+0.000000E+00
+2.499999E-03
+2.517856E-03
+0.000000E+00
+0.000000E+00
+0.000000E+00
+1.000000E+00
+1.000000E+00
+0.000000E+00
+0.000000E+00
+9.9999904632568339E+00
+9.9999904632568339E+00
+1.360496E-09
+1.252868E-09
+1.153754E-09
+1.062481E-09
+9.784280E-10
+1.255273E-09
+1.610450E-09
+2.066125E-09
+2.650731E-09
+2.187246E-09
+1.804803E-09
+1.489230E-09
+1.228836E-09
+1.271908E-09
+1.316489E-09
+1.362634E-09
+1.410395E-09
+1.429274E-09
+1.448406E-09
+1.467793E-09
+1.487440E-09
+1.318850E-09
+1.169368E-09
+1.036828E-09
+9.193115E-10
+1.059012E-09
+1.219943E-09
+1.405328E-09
+1.618885E-09
+1.985825E-09
+2.435936E-09
+2.988070E-09
+3.665352E-09
+3.525027E-09
+3.390074E-09
+3.260287E-09
+3.135469E-09
+3.256619E-09
+3.382449E-09
+3.513141E-09
+3.648883E-09
+3.929940E-09
+4.232645E-09
+4.558666E-09
+4.909801E-09
+5.732987E-09
+6.694191E-09
+7.816551E-09
+9.127093E-09
+9.872846E-09
+1.067953E-08
+1.155213E-08
+1.249602E-08
+1.404762E-08
+1.579189E-08
+1.775273E-08
+1.995705E-08
+2.028557E-08
+2.061949E-08
+2.095891E-08
+2.130391E-08
+2.419161E-08
+2.747074E-08
+3.119434E-08
+3.542267E-08
+3.645449E-08
+3.751638E-08
+3.860919E-08
+3.973384E-08
+3.862338E-08
+3.754394E-08
+3.649468E-08
+3.547473E-08
+3.543757E-08
+3.540044E-08
+3.536335E-08
+3.532630E-08
+3.558582E-08
+3.584725E-08
+3.611060E-08
+3.637587E-08
+3.430049E-08
+3.234353E-08
+3.049821E-08
+2.875818E-08
+2.470311E-08
+2.121983E-08
+1.822772E-08
+1.565751E-08
+1.476156E-08
+1.391688E-08
+1.312053E-08
+1.236975E-08
+1.033041E-08
+8.627280E-09
+7.204940E-09
+6.017092E-09
+5.848420E-09
+5.684477E-09
+5.525130E-09
+5.370248E-09
+4.414389E-09
+3.628664E-09
+2.982793E-09
+2.451881E-09
+2.356784E-09
+2.265375E-09
+2.177512E-09
+2.093056E-09
+2.111992E-09
+2.131099E-09
+2.150379E-09
+2.169833E-09
+2.285351E-09
+2.407020E-09
+2.535166E-09
+2.670133E-09
+2.773985E-09
+2.881877E-09
+2.993965E-09
+3.110414E-09
+3.551121E-09
+4.054271E-09
+4.628711E-09
+5.284542E-09
+6.259683E-09
+7.414765E-09
+8.782990E-09
+1.040369E-08
+1.159872E-08
+1.293102E-08
+1.441636E-08
+1.607231E-08
+1.900122E-08
+2.246387E-08
+2.655753E-08
+3.139720E-08
+3.599042E-08
+4.125561E-08
+4.729107E-08
+5.420949E-08
+6.519434E-08
+7.840512E-08
+9.429290E-08
+1.134002E-07
+1.110025E-07
+1.086555E-07
+1.063581E-07
+1.041093E-07
+8.925234E-08
+7.651553E-08
+6.559634E-08
+5.623536E-08
+5.277430E-08
+4.952625E-08
+4.647811E-08
+4.361757E-08
+4.129100E-08
+3.908852E-08
+3.700352E-08
+3.502974E-08
+3.527894E-08
+3.552991E-08
+3.578266E-08
+3.603724E-08
+3.642974E-08
+3.682652E-08
+3.722762E-08
+3.763308E-08
+3.634393E-08
+3.509894E-08
+3.389660E-08
+3.273544E-08
+3.189515E-08
+3.107643E-08
+3.027873E-08
+2.950150E-08
+2.945666E-08
+2.941190E-08
+2.936720E-08
+2.932257E-08
+2.823666E-08
+2.719096E-08
+2.618399E-08
+2.521430E-08
+2.488347E-08
+2.455698E-08
+2.423477E-08
+2.391680E-08
+2.414596E-08
+2.437733E-08
+2.461091E-08
+2.484672E-08
+2.472237E-08
+2.459865E-08
+2.447554E-08
+2.435306E-08
+2.339241E-08
+2.246966E-08
+2.158330E-08
+2.073191E-08
+1.991303E-08
+1.912650E-08
+1.837103E-08
+1.764540E-08
+1.774879E-08
+1.785278E-08
+1.795739E-08
+1.806259E-08
+1.802107E-08
+1.797963E-08
+1.793829E-08
+1.789705E-08
+1.899027E-08
+2.015028E-08
+2.138114E-08
+2.268717E-08
+2.342218E-08
+2.418100E-08
+2.496441E-08
+2.577319E-08
+2.533470E-08
+2.490366E-08
+2.447996E-08
+2.406347E-08
+2.395998E-08
+2.385694E-08
+2.375435E-08
+2.365219E-08
+2.413326E-08
+2.462411E-08
+2.512495E-08
+2.563598E-08
+2.755593E-08
+2.961967E-08
+3.183796E-08
+3.422241E-08
+3.491881E-08
+3.562938E-08
+3.635441E-08
+3.709419E-08
+4.071650E-08
+4.469253E-08
+4.905684E-08
+5.384731E-08
+5.894636E-08
+6.452826E-08
+7.063875E-08
+7.732783E-08
+9.270093E-08
+1.111303E-07
+1.332235E-07
+1.597089E-07
+1.954534E-07
+2.391980E-07
+2.927330E-07
+3.582498E-07
+4.030082E-07
+4.533584E-07
+5.099993E-07
+5.737165E-07
+7.408972E-07
+9.567943E-07
+1.235604E-06
+1.595658E-06
+1.976724E-06
+2.448792E-06
+3.033597E-06
+3.758062E-06
+3.483112E-06
+3.228278E-06
+2.992089E-06
+2.773179E-06
+2.305574E-06
+1.916814E-06
+1.593606E-06
+1.324896E-06
+1.187060E-06
+1.063564E-06
+9.529153E-07
+8.537785E-07
+8.069268E-07
+7.626461E-07
+7.207954E-07
+6.812412E-07
+7.212149E-07
+7.635341E-07
+8.083365E-07
+8.557680E-07
+8.866085E-07
+9.185604E-07
+9.516639E-07
+9.859602E-07
+1.041263E-06
+1.099668E-06
+1.161348E-06
+1.226488E-06
+1.350608E-06
+1.487289E-06
+1.637803E-06
+1.803548E-06
+2.054862E-06
+2.341195E-06
+2.667427E-06
+3.039118E-06
+3.476729E-06
+3.977351E-06
+4.550060E-06
+5.205234E-06
+6.151123E-06
+7.268897E-06
+8.589792E-06
+1.015072E-05
+1.217912E-05
+1.461285E-05
+1.753290E-05
+2.103647E-05
+2.626904E-05
+3.280315E-05
+4.096253E-05
+5.115146E-05
+6.649077E-05
+8.643004E-05
+1.123487E-04
+1.460398E-04
+1.858714E-04
+2.365668E-04
+3.010891E-04
+3.832096E-04
+4.380209E-04
+5.006720E-04
+5.722843E-04
+6.541397E-04
+7.352891E-04
+8.265055E-04
+9.290377E-04
+1.044289E-03
+1.132601E-03
+1.228380E-03
+1.332259E-03
+1.444923E-03
+1.452471E-03
+1.460058E-03
+1.467684E-03
+1.475350E-03
+1.368259E-03
+1.268941E-03
+1.176832E-03
+1.091409E-03
+6.854010E-04
+4.304294E-04
+2.703081E-04
+1.697525E-04
+1.377315E-04
+1.117508E-04
+9.067090E-05
+7.356738E-05
+6.320853E-05
+5.430828E-05
+4.666125E-05
+4.009098E-05
+3.587747E-05
+3.210679E-05
+2.873241E-05
+2.571267E-05
+2.216500E-05
+1.910681E-05
+1.647057E-05
+1.419806E-05
+1.237206E-05
+1.078090E-05
+9.394383E-06
+8.186180E-06
+7.341197E-06
+6.583433E-06
+5.903887E-06
+5.294483E-06
+4.698173E-06
+4.169025E-06
+3.699473E-06
+3.282807E-06
+3.013940E-06
+2.767095E-06
+2.540466E-06
+2.332398E-06
+2.194331E-06
+2.064437E-06
+1.942232E-06
+1.827261E-06
+1.905034E-06
+1.986118E-06
+2.070652E-06
+2.158786E-06
+2.541250E-06
+2.991474E-06
+3.521463E-06
+4.145348E-06
+4.768607E-06
+5.485575E-06
+6.310339E-06
+7.259110E-06
+8.231553E-06
+9.334266E-06
+1.058470E-05
+1.200264E-05
+1.196608E-05
+1.192963E-05
+1.189330E-05
+1.185707E-05
+1.154763E-05
+1.124626E-05
+1.095276E-05
+1.066692E-05
+1.334252E-05
+1.668923E-05
+2.087540E-05
+2.611159E-05
+2.952890E-05
+3.339344E-05
+3.776375E-05
+4.270603E-05
+4.859078E-05
+5.528643E-05
+6.290471E-05
+7.157274E-05
+8.207708E-05
+9.412308E-05
+1.079370E-04
+1.237783E-04
+1.611653E-04
+2.098449E-04
+2.732282E-04
+3.557562E-04
+5.161531E-04
+7.488667E-04
+1.086502E-03
+1.576365E-03
+2.302608E-03
+3.363435E-03
+4.912994E-03
+7.176446E-03
+7.850941E-03
+8.588832E-03
+9.396074E-03
+1.027919E-02
+7.442393E-03
+5.388480E-03
+3.901395E-03
+2.824706E-03
+2.374622E-03
+1.996253E-03
+1.678172E-03
+1.410775E-03
+1.274646E-03
+1.151653E-03
+1.040527E-03
+9.401246E-04
+8.858122E-04
+8.346376E-04
+7.864194E-04
+7.409868E-04
+7.190504E-04
+6.977635E-04
+6.771068E-04
+6.570617E-04
+6.459465E-04
+6.350193E-04
+6.242769E-04
+6.137162E-04
+6.085271E-04
+6.033819E-04
+5.982801E-04
+5.932213E-04
+5.915319E-04
+5.898473E-04
+5.881676E-04
+5.864925E-04
+5.561348E-04
+5.273485E-04
+5.000522E-04
+4.741687E-04
+3.562098E-04
+2.675954E-04
+2.010257E-04
+1.510164E-04
+3.733657E-04
+9.230913E-04
+2.282206E-03
+5.642418E-03
+1.109402E-02
+2.181284E-02
+4.288799E-02
+8.432561E-02
+1.234458E-01
+1.807145E-01
+2.645512E-01
+3.872812E-01
+4.448435E-01
+5.109614E-01
+5.869065E-01
+6.741397E-01
+4.849471E-01
+3.488500E-01
+2.509477E-01
+1.805209E-01
+1.933946E-01
+2.071864E-01
+2.219617E-01
+2.377906E-01
+2.687175E-01
+3.036666E-01
+3.431612E-01
+3.877922E-01
+2.075311E-01
+1.110625E-01
+5.943624E-02
+3.180792E-02
+1.708120E-02
+9.172788E-03
+4.925886E-03
+2.645253E-03
+3.696984E-03
+5.166873E-03
+7.221179E-03
+1.009226E-02
+1.376591E-02
+1.877678E-02
+2.561165E-02
+3.493445E-02
+3.658063E-02
+3.830437E-02
+4.010934E-02
+4.199937E-02
+4.777484E-02
+5.434451E-02
+6.181759E-02
+7.031833E-02
+5.154089E-02
+3.777768E-02
+2.768973E-02
+2.029560E-02
+1.505690E-02
+1.117041E-02
+8.287102E-03
+6.148037E-03
+4.869269E-03
+3.856481E-03
+3.054348E-03
+2.419056E-03
+2.038746E-03
+1.718226E-03
+1.448096E-03
+1.220435E-03
+1.046118E-03
+8.966997E-04
+7.686228E-04
+6.588391E-04
+5.850311E-04
+5.194916E-04
+4.612944E-04
+4.096169E-04
+3.754408E-04
+3.441161E-04
+3.154050E-04
+2.890894E-04
+2.697040E-04
+2.516185E-04
+2.347458E-04
+2.190045E-04
+2.090289E-04
+1.995076E-04
+1.904200E-04
+1.817464E-04
+1.736008E-04
+1.658202E-04
+1.583883E-04
+1.512895E-04
+1.539115E-04
+1.565790E-04
+1.592927E-04
+1.620534E-04
+1.330843E-04
+1.092939E-04
+8.975625E-05
+7.371118E-05
+7.964145E-05
+8.604882E-05
+9.297168E-05
+1.004515E-04
+1.150674E-04
+1.318098E-04
+1.509884E-04
+1.729574E-04
+2.039855E-04
+2.405799E-04
+2.837392E-04
+3.346413E-04
+2.023117E-04
+1.223101E-04
+7.394413E-05
+4.470383E-05
+2.922971E-05
+1.911192E-05
+1.249638E-05
+8.170784E-06
+1.126268E-05
+1.552459E-05
+2.139923E-05
+2.949689E-05
+4.158528E-05
+5.862772E-05
+8.265447E-05
+1.165279E-04
+1.785044E-04
+2.734437E-04
+4.188775E-04
+6.416618E-04
+6.062427E-05
+5.727787E-06
+5.411619E-07
+5.112896E-08
+2.365594E-07
+1.094494E-06
+5.063918E-06
+2.342936E-05
+2.559388E-05
+2.795836E-05
+3.054129E-05
+3.336283E-05
+3.246031E-05
+3.158220E-05
+3.072785E-05
+2.989661E-05
+3.571184E-05
+4.265820E-05
+5.095571E-05
+6.086720E-05
+7.039211E-05
+8.140754E-05
+9.414674E-05
+1.088795E-04
+1.451404E-04
+1.934776E-04
+2.579128E-04
+3.438074E-04
+4.275987E-04
+5.318110E-04
+6.614217E-04
+8.226207E-04
+1.173573E-03
+1.674251E-03
+2.388532E-03
+3.407546E-03
+5.139858E-03
+7.752836E-03
+1.169419E-02
+1.763923E-02
+1.887609E-02
+2.019967E-02
+2.161606E-02
+2.313177E-02
+2.253150E-02
+2.194680E-02
+2.137728E-02
+2.082254E-02
+1.840245E-02
+1.626364E-02
+1.437340E-02
+1.270286E-02
+1.065460E-02
+8.936612E-03
+7.495636E-03
+6.287009E-03
+5.895238E-03
+5.527881E-03
+5.183415E-03
+4.860414E-03
+5.214273E-03
+5.593894E-03
+6.001153E-03
+6.438061E-03
+6.646875E-03
+6.862463E-03
+7.085044E-03
+7.314843E-03
+6.587421E-03
+5.932337E-03
+5.342397E-03
+4.811124E-03
+5.400470E-03
+6.062009E-03
+6.804585E-03
+7.638126E-03
+9.856006E-03
+1.271789E-02
+1.641078E-02
+2.117598E-02
+2.219154E-02
+2.325580E-02
+2.437109E-02
+2.553988E-02
+2.094544E-02
+1.717751E-02
+1.408741E-02
+1.155319E-02
+7.376892E-03
+4.710264E-03
+3.007578E-03
+1.920387E-03
+1.597633E-03
+1.329123E-03
+1.105741E-03
+9.199020E-04
+7.376577E-04
+5.915182E-04
+4.743310E-04
+3.803599E-04
+4.136483E-04
+4.498501E-04
+4.892201E-04
+5.320361E-04
+5.121713E-04
+4.930482E-04
+4.746392E-04
+4.569176E-04
+5.269067E-04
+6.076166E-04
+7.006894E-04
+8.080187E-04
+2.783039E-04
+9.585549E-05
+3.301526E-05
+1.137136E-05
+1.244177E-05
+1.361294E-05
+1.489435E-05
+1.629639E-05
+2.918324E-05
+5.226075E-05
+9.358748E-05
+1.675946E-04
+2.247507E-04
+3.013993E-04
+4.041879E-04
+5.420316E-04
+6.080187E-04
+6.820391E-04
+7.650708E-04
+8.582107E-04
+8.026633E-04
+7.507112E-04
+7.021216E-04
+6.566772E-04
+3.364995E-04
+1.724316E-04
+8.835870E-05
+4.527741E-05
+3.755946E-05
+3.115711E-05
+2.584609E-05
+2.144039E-05
+1.598420E-05
+1.191651E-05
+8.883973E-06
+6.623161E-06
+3.223421E-06
+1.568804E-06
+7.635198E-07
+3.715967E-07
+5.907989E-07
+9.393068E-07
+1.493397E-06
+2.374342E-06
+2.465723E-06
+2.560621E-06
+2.659171E-06
+2.761516E-06
+4.844611E-06
+8.499048E-06
+1.491014E-05
+2.615731E-05
+3.179604E-05
+3.865032E-05
+4.698216E-05
+5.711013E-05
+8.831157E-05
+1.365596E-04
+2.111673E-04
+3.265361E-04
+2.455810E-04
+1.846963E-04
+1.389062E-04
+1.044684E-04
+1.334171E-04
+1.703876E-04
+2.176027E-04
+2.779014E-04
+2.315832E-04
+1.929849E-04
+1.608199E-04
+1.340158E-04
