#I+1.668000E+03
+1.000000E+00
+8.010000E+02
+8.010000E+02
+1.000000E+01
+2.000000E+00
+3.000000E+00
+0.000000E+00
+1.000000E+00
+2.000000E+00
+5.000000E+00
+1.000000E+00
+2.497000E+03
-1.092400E+04
+2.025600E+04
-1.299100E+04
-1.119200E+04
+0.000000E+00
+0.000000E+00
+0.000000E+00
+0.000000E+00
+0.000000E+00
+0.000000E+00
+0.000000E+00
+0.000000E+00
+0.000000E+00
+0.000000E+00
+0.000000E+00
+0.000000E+00
+0.000000E+00
+0.000000E+00
+0.000000E+00
+0.000000E+00
+0.000000E+00
+0.000000E+00
+0.000000E+00
+1.000000E+00
+1.000000E+00
+1.000000E+00
+0.000000E+00
+0.000000E+00
+1.000000E+00
+0.000000E+00
+0.000000E+00
+2.000000E+00
+3.000000E+00
+4.500000E+01
+4.500000E+01
+0.000000E+00
+0.000000E+00
+2.000000E+00
+0.000000E+00
+0.000000E+00
+0.000000E+00
+8.000000E+02
+0.000000E+00
+2.499999E-03
+2.511896E+00
+0.000000E+00
+0.000000E+00
+0.000000E+00
+1.000000E+00
+1.000000E+00
+0.000000E+00
+0.000000E+00
+9.9999904632568339E+00
+9.9999904632568339E+00
-3.181407E-01
+4.765896E-01
-3.433093E-01
+3.586270E-01
-3.469906E-01
+2.541891E-01
-3.343795E-01
+1.645308E-01
-3.100972E-01
+8.993928E-02
-2.303875E-01
+2.276973E-01
-9.418117E-02
+3.110207E-01
+6.579168E-02
+3.193107E-01
+2.108141E-01
+2.500673E-01
+2.091427E-01
+3.146558E-02
+1.150135E-01
-7.399653E-02
+2.427457E-02
-8.503769E-02
-2.451084E-02
-5.166545E-02
-3.413116E-02
-7.831101E-02
-4.722349E-02
-1.185544E-01
-6.485088E-02
-1.792662E-01
-8.827271E-02
-2.707562E-01
+7.282536E-02
-1.640421E-01
+1.032833E-01
-4.612697E-02
+6.782757E-02
+2.194671E-02
+2.251540E-02
+3.888085E-02
+9.403864E-03
+5.731698E-02
-1.489287E-02
+7.359628E-02
-5.172264E-02
+8.214353E-02
-1.001604E-01
+7.560186E-02
-1.360478E-01
+7.370959E-02
-1.794519E-01
+6.478767E-02
-2.307242E-01
+4.590996E-02
-2.897545E-01
+1.344410E-02
-2.817530E-01
+2.203812E-02
-2.736958E-01
+3.016010E-02
-2.655987E-01
+3.782066E-02
-2.574772E-01
+4.503063E-02
-2.252448E-01
+5.114078E-03
-1.926191E-01
-2.473975E-02
-1.609582E-01
-4.596711E-02
-1.312337E-01
-5.996745E-02
-1.567380E-01
-2.169118E-02
-1.714834E-01
+2.654620E-02
-1.717909E-01
+8.186151E-02
-1.547034E-01
+1.400680E-01
-9.692259E-02
+1.851390E-01
-2.703424E-02
+2.075047E-01
+4.637725E-02
+2.043456E-01
+1.142696E-01
+1.759820E-01
-2.335074E-02
+2.388282E-01
-1.912077E-01
+1.968632E-01
-3.113459E-01
+3.963055E-02
-3.066137E-01
-1.866201E-01
-2.514880E-01
-1.643271E-01
-2.059715E-01
-1.442015E-01
-1.684354E-01
-1.261464E-01
-1.375194E-01
-1.100373E-01
-2.057301E-01
-1.105508E-01
-2.948148E-01
-9.487115E-02
-4.072422E-01
-5.306891E-02
-5.438524E-01
+2.839800E-02
-3.796895E-01
-1.304618E-02
-2.630981E-01
-3.195436E-02
-1.809272E-01
-3.806756E-02
-1.234498E-01
-3.736306E-02
-1.657812E-01
-4.289895E-02
-2.222354E-01
-4.795701E-02
-2.973984E-01
-5.161869E-02
-3.973046E-01
-5.241788E-02
-3.819125E-01
-5.616564E-02
-3.670340E-01
-5.955523E-02
-3.526556E-01
-6.260721E-02
-3.387635E-01
-6.534107E-02
-3.345631E-01
+2.326390E-02
-3.084775E-01
+1.054503E-01
-2.634370E-01
+1.761388E-01
-2.034632E-01
+2.312898E-01
-2.248639E-01
+1.917224E-01
-2.397618E-01
+1.512234E-01
-2.483582E-01
+1.107308E-01
-2.509724E-01
+7.110767E-02
-2.507632E-01
+7.654347E-02
-2.504428E-01
+8.200170E-02
-2.500102E-01
+8.748026E-02
-2.494644E-01
+9.297688E-02
-2.800834E-01
+1.320013E-01
-3.117768E-01
+1.802047E-01
-3.438236E-01
+2.391509E-01
-3.752355E-01
+3.105815E-01
-3.176588E-01
+2.002548E-01
-2.627051E-01
+1.216144E-01
-2.128976E-01
+6.693874E-02
-1.693994E-01
+3.007475E-02
-2.217740E-01
+3.542953E-02
-2.902526E-01
+4.123639E-02
-3.797602E-01
+4.726987E-02
-4.967192E-01
+5.312464E-02
-4.244886E-01
+6.329946E-02
-3.621238E-01
+6.945999E-02
-3.083705E-01
+7.252614E-02
-2.621198E-01
+7.324295E-02
-2.684672E-01
+3.576594E-02
-2.695166E-01
-2.045689E-03
-2.652987E-01
-3.945119E-02
-2.559467E-01
-7.572486E-02
-2.834503E-01
-4.937216E-02
-3.096358E-01
-1.774579E-02
-3.337565E-01
+1.936428E-02
-3.549866E-01
+6.209049E-02
-3.484129E-01
+6.886412E-02
-3.417895E-01
+7.539563E-02
-3.351220E-01
+8.168747E-02
-3.284168E-01
+8.774231E-02
-3.096748E-01
+3.538775E-02
-2.856311E-01
-9.574851E-03
-2.577736E-01
-4.711967E-02
-2.274551E-01
-7.742356E-02
-2.562532E-01
-6.389333E-02
-2.865525E-01
-4.642607E-02
-3.181340E-01
-2.450841E-02
-3.507110E-01
+2.401628E-03
-3.353090E-01
+9.005091E-06
-3.205681E-01
-2.177994E-03
-3.064612E-01
-4.172721E-03
-2.929613E-01
-5.987755E-03
-2.809618E-01
+2.888210E-03
-2.691997E-01
+1.104192E-02
-2.576863E-01
+1.851038E-02
-2.464316E-01
+2.532947E-02
-2.568161E-01
+3.752383E-02
-2.671409E-01
+5.075204E-02
-2.773574E-01
+6.505974E-02
-2.874117E-01
+8.049245E-02
-2.914669E-01
+6.416999E-02
-2.945959E-01
+4.764631E-02
-2.967890E-01
+3.097389E-02
-2.980393E-01
+1.420567E-02
-2.756913E-01
+3.559988E-02
-2.533304E-01
+5.378629E-02
-2.311988E-01
+6.899296E-02
-2.095039E-01
+8.144994E-02
-2.332294E-01
+7.892226E-02
-2.590691E-01
+7.500012E-02
-2.871545E-01
+6.944902E-02
-3.176178E-01
+6.200580E-02
-3.095618E-01
+8.035620E-02
-3.005062E-01
+9.797086E-02
-2.905090E-01
+1.147994E-01
-2.796308E-01
+1.307956E-01
-2.856280E-01
+1.063084E-01
-2.895682E-01
+8.173306E-02
-2.914775E-01
+5.723559E-02
-2.913944E-01
+3.297735E-02
-2.779295E-01
+3.365202E-02
-2.650704E-01
+3.419576E-02
-2.527905E-01
+3.461906E-02
-2.410646E-01
+3.493174E-02
-2.611554E-01
+4.808079E-02
-2.824948E-01
+6.324069E-02
-3.051110E-01
+8.064304E-02
-3.290240E-01
+1.005413E-01
-3.245627E-01
+6.326552E-02
-3.165767E-01
+2.807766E-02
-3.054300E-01
-4.762500E-03
-2.914960E-01
-3.504287E-02
-3.149348E-01
-2.407637E-02
-3.396158E-01
-1.119694E-02
-3.655425E-01
+3.796421E-03
-3.927098E-01
+2.111980E-02
-3.726886E-01
+5.525957E-03
-3.531529E-01
-8.503979E-03
-3.341349E-01
-2.107074E-02
-3.156609E-01
-3.227083E-02
-3.292671E-01
-8.961858E-03
-3.415470E-01
+1.622092E-02
-3.523088E-01
+4.324075E-02
-3.613570E-01
+7.204460E-02
-3.751766E-01
+5.919958E-02
-3.888770E-01
+4.539586E-02
-4.024146E-01
+3.060963E-02
-4.157440E-01
+1.481827E-02
-4.023253E-01
+3.254025E-02
-3.885440E-01
+4.913116E-02
-3.744605E-01
+6.460990E-02
-3.601330E-01
+7.899736E-02
-3.805992E-01
+7.624267E-02
-4.020895E-01
+7.295026E-02
-4.246475E-01
+6.907214E-02
-4.483182E-01
+6.455721E-02
-4.358012E-01
+5.938923E-02
-4.236093E-01
+5.446307E-02
-4.117343E-01
+4.976933E-02
-4.001690E-01
+4.529897E-02
-4.021829E-01
+5.972015E-02
-4.037099E-01
+7.434161E-02
-4.047386E-01
+8.914809E-02
-4.052581E-01
+1.041238E-01
-4.045877E-01
+8.909856E-02
-4.034076E-01
+7.425396E-02
-4.017295E-01
+5.960565E-02
-3.995652E-01
+4.516857E-02
-3.980193E-01
+4.516724E-02
-3.964794E-01
+4.516528E-02
-3.949454E-01
+4.516266E-02
-3.934178E-01
+4.515948E-02
-4.082767E-01
+6.714155E-02
-4.226655E-01
+9.083806E-02
-4.364764E-01
+1.162999E-01
-4.495947E-01
+1.435747E-01
-4.490641E-01
+1.481318E-01
-4.484890E-01
+1.526924E-01
-4.478694E-01
+1.572561E-01
-4.472045E-01
+1.618222E-01
-4.483513E-01
+1.640302E-01
-4.494948E-01
+1.662508E-01
-4.506347E-01
+1.684839E-01
-4.517710E-01
+1.707296E-01
-4.258042E-01
+1.461160E-01
-4.009057E-01
+1.239282E-01
-3.770719E-01
+1.039698E-01
-3.542941E-01
+8.605795E-02
-3.839304E-01
+9.611754E-02
-4.160239E-01
+1.072633E-01
-4.507766E-01
+1.196066E-01
-4.884066E-01
+1.332705E-01
-4.988717E-01
+1.380120E-01
-5.095540E-01
+1.428973E-01
-5.204584E-01
+1.479305E-01
-5.315885E-01
+1.531154E-01
-5.247041E-01
+1.566687E-01
-5.178558E-01
+1.601196E-01
-5.110439E-01
+1.634695E-01
-5.042693E-01
+1.667196E-01
-5.389589E-01
+1.994336E-01
-5.752281E-01
+2.361263E-01
-6.130542E-01
+2.771812E-01
-6.523982E-01
+3.230135E-01
-6.327680E-01
+3.484363E-01
-6.122082E-01
+3.727896E-01
-5.907732E-01
+3.960422E-01
-5.685180E-01
+4.181649E-01
-4.931217E-01
+3.984100E-01
-4.262695E-01
+3.776104E-01
-3.671269E-01
+3.562215E-01
-3.149269E-01
+3.346182E-01
-3.512543E-01
+3.242823E-01
-3.882005E-01
+3.109043E-01
-4.255670E-01
+2.943242E-01
-4.631357E-01
+2.743900E-01
-4.770029E-01
+2.545406E-01
-4.900265E-01
+2.340024E-01
-5.021729E-01
+2.128108E-01
-5.134093E-01
+1.910029E-01
-5.678460E-01
+2.306716E-01
-6.274098E-01
+2.768450E-01
-6.924912E-01
+3.304637E-01
-7.634965E-01
+3.925923E-01
-8.369748E-01
+3.962165E-01
-9.163162E-01
+3.975235E-01
-1.001896E+00
+3.961249E-01
-1.094105E+00
+3.915896E-01
-1.125646E+00
+4.517052E-01
-1.156166E+00
+5.156525E-01
-1.185468E+00
+5.835563E-01
-1.213342E+00
+6.555377E-01
-1.345624E+00
+7.137271E-01
-1.492215E+00
+7.768737E-01
-1.654651E+00
+8.453737E-01
-1.834633E+00
+9.196528E-01
-1.980017E+00
+9.290782E-01
-2.135169E+00
+9.351016E-01
-2.300632E+00
+9.372304E-01
-2.476975E+00
+9.349261E-01
-2.895713E+00
+9.158918E-01
-3.374160E+00
+8.678859E-01
-3.919183E+00
+7.829584E-01
-4.538161E+00
+6.515735E-01
-5.392926E+00
-1.755231E-01
-6.213908E+00
-1.309337E+00
-6.932841E+00
-2.791682E+00
-7.462031E+00
-4.657010E+00
-2.919962E+00
-8.206190E+00
+2.787937E+00
-8.162256E+00
+7.187732E+00
-4.613822E+00
+8.415277E+00
+8.471631E-01
+8.174204E+00
+4.143087E-01
+7.920398E+00
+7.536021E-03
+7.655539E+00
-3.734162E-01
+7.381246E+00
-7.288815E-01
+7.685786E+00
-1.084195E+00
+7.988698E+00
-1.468989E+00
+8.288622E+00
-1.884535E+00
+8.584081E+00
-2.332105E+00
+8.994100E+00
-2.082295E+00
+9.409551E+00
-1.807145E+00
+9.829637E+00
-1.505502E+00
+1.025349E+01
-1.176200E+00
+1.076110E+01
-1.688802E+00
+1.127396E+01
-2.251554E+00
+1.179016E+01
-2.867421E+00
+1.230758E+01
-3.539445E+00
+1.436397E+01
-4.550397E+00
+1.675073E+01
-5.804166E+00
+1.951842E+01
-7.353917E+00
+2.272480E+01
-9.263781E+00
+2.819101E+01
-1.135133E+01
+3.497129E+01
-1.390747E+01
+4.338142E+01
-1.703691E+01
+5.381292E+01
-2.086766E+01
+2.221764E+01
-4.529932E+01
-1.256512E+01
-4.227782E+01
-3.312812E+01
-1.972442E+01
-3.297843E+01
+6.954965E+00
-2.916474E+01
+6.153064E+00
-2.579207E+01
+5.443622E+00
-2.280942E+01
+4.815978E+00
-2.017171E+01
+4.260695E+00
-1.730558E+01
+3.843311E+00
-1.484501E+01
+3.458872E+00
-1.273285E+01
+3.106380E+00
-1.091996E+01
+2.784463E+00
-1.019747E+01
+2.225360E+00
-9.510706E+00
+1.731132E+00
-8.859087E+00
+1.295802E+00
-8.241907E+00
+9.138576E-01
-8.021765E+00
+8.759388E-01
-7.807477E+00
+8.393963E-01
-7.598895E+00
+8.041833E-01
-7.395865E+00
+7.702571E-01
-7.495578E+00
+5.150140E-01
-7.587195E+00
+2.537314E-01
-7.670424E+00
-1.336222E-02
-7.744975E+00
-2.860284E-01
-7.695697E+00
+1.460878E-03
-7.636210E+00
+2.849149E-01
-7.566745E+00
+5.639885E-01
-7.487535E+00
+8.383485E-01
-7.222533E+00
+9.241312E-01
-6.965156E+00
+1.002989E+00
-6.715243E+00
+1.075270E+00
-6.472650E+00
+1.141312E+00
-6.350928E+00
+1.190643E+00
-6.230748E+00
+1.237848E+00
-6.112102E+00
+1.282977E+00
-5.994979E+00
+1.326084E+00
-5.871755E+00
+1.474940E+00
-5.746129E+00
+1.618208E+00
-5.618297E+00
+1.755900E+00
-5.488444E+00
+1.888036E+00
-5.509007E+00
+2.027431E+00
-5.526793E+00
+2.168826E+00
-5.541732E+00
+2.312181E+00
-5.553744E+00
+2.457458E+00
-5.185237E+00
+4.339068E+00
-4.211667E+00
+6.238708E+00
-2.585207E+00
+7.971353E+00
-3.116445E-01
+9.324316E+00
+9.280244E-01
+8.409975E+00
+1.922332E+00
+7.428683E+00
+2.687727E+00
+6.419070E+00
+3.243978E+00
+5.413697E+00
+3.203270E+00
+4.528163E+00
+3.108633E+00
+3.754855E+00
+2.974205E+00
+3.083485E+00
+2.811696E+00
+2.504096E+00
+2.575675E+00
+2.281534E+00
+2.359435E+00
+2.078719E+00
+2.161321E+00
+1.893901E+00
+1.979816E+00
+1.725486E+00
+1.783135E+00
+1.590992E+00
+1.605601E+00
+1.466531E+00
+1.445383E+00
+1.351403E+00
+1.300822E+00
+1.244952E+00
+1.178298E+00
+1.167048E+00
+1.066694E+00
+1.093368E+00
+9.650780E-01
+1.023753E+00
+8.725975E-01
+9.580389E-01
+8.033496E-01
+9.858058E-01
+7.339991E-01
+1.009279E+00
+6.647791E-01
+1.028538E+00
+5.959147E-01
+1.043677E+00
+5.825130E-01
+8.962382E-01
+5.630721E-01
+7.660078E-01
+5.391489E-01
+6.513659E-01
+5.120431E-01
+5.507947E-01
+4.169284E-01
+4.912896E-01
+3.378225E-01
+4.366706E-01
+2.722300E-01
+3.868544E-01
+2.180177E-01
+3.416726E-01
+1.831888E-01
+3.284883E-01
+1.516494E-01
+3.143614E-01
+1.232089E-01
+2.995420E-01
+9.767731E-02
+2.842514E-01
+4.370289E-02
+2.865788E-01
-7.918106E-03
+2.794854E-01
-5.568210E-02
+2.638573E-01
-9.831478E-02
+2.407948E-01
-1.413905E-01
+2.391978E-01
-1.866694E-01
+2.308052E-01
-2.332192E-01
+2.148872E-01
-2.799409E-01
+1.908178E-01
-3.157606E-01
+1.812139E-01
-3.533408E-01
+1.679523E-01
-3.925036E-01
+1.506257E-01
-4.330249E-01
+1.288126E-01
-4.683337E-01
+1.336679E-01
-5.064539E-01
+1.384788E-01
-5.476042E-01
+1.432080E-01
-5.920192E-01
+1.478129E-01
-6.142281E-01
+1.665535E-01
-6.369933E-01
+1.865613E-01
-6.603116E-01
+2.079021E-01
-6.841794E-01
+2.306447E-01
-6.853672E-01
+1.709955E-01
-6.818248E-01
+1.127340E-01
-6.737784E-01
+5.619843E-02
-6.614760E-01
+1.700673E-03
-7.100774E-01
+1.316859E-02
-7.620555E-01
+2.631303E-02
-8.176297E-01
+4.131513E-02
-8.770319E-01
+5.837331E-02
-9.010786E-01
+8.271028E-02
-9.251982E-01
+1.083770E-01
-9.493576E-01
+1.354140E-01
-9.735233E-01
+1.638624E-01
-9.905778E-01
+1.058085E-01
-1.004224E+00
+4.629440E-02
-1.014347E+00
-1.448312E-02
-1.020846E+00
-7.631870E-02
-1.127433E+00
-9.807478E-02
-1.244963E+00
-1.235559E-01
-1.374542E+00
-1.533016E-01
-1.517380E+00
-1.879235E-01
-1.563932E+00
-1.420363E-01
-1.610179E+00
-9.337123E-02
-1.656022E+00
-4.186469E-02
-1.701353E+00
+1.254521E-02
-1.751188E+00
+2.653259E-02
-1.802372E+00
+4.132939E-02
-1.854941E+00
+5.697023E-02
-1.908927E+00
+7.349028E-02
-1.995345E+00
+7.760979E-02
-2.085675E+00
+8.195169E-02
-2.180094E+00
+8.652766E-02
-2.278787E+00
+9.135009E-02
-2.357631E+00
+1.175818E-01
-2.438969E+00
+1.455286E-01
-2.522872E+00
+1.752759E-01
-2.609411E+00
+2.069126E-01
-2.745833E+00
+2.129178E-01
-2.889379E+00
+2.189862E-01
-3.040420E+00
+2.251078E-01
-3.199347E+00
+2.312714E-01
-3.330805E+00
+2.962254E-01
-3.466709E+00
+3.661959E-01
-3.607159E+00
+4.414719E-01
-3.752257E+00
+5.223566E-01
-4.264892E+00
+6.479376E-01
-4.846793E+00
+7.981893E-01
-5.507213E+00
+9.775132E-01
-6.256621E+00
+1.191050E+00
-7.188762E+00
+1.971485E+00
-8.203695E+00
+2.968705E+00
-9.295061E+00
+4.226546E+00
-1.045137E+01
+5.795562E+00
-1.074762E+01
+9.553018E+00
-1.010745E+01
+1.404276E+01
-8.175245E+00
+1.914608E+01
-4.564666E+00
+2.463009E+01
+3.084566E+00
+2.054656E+01
+7.977286E+00
+1.527534E+01
+1.038740E+01
+9.818655E+00
+1.080079E+01
+4.888211E+00
+9.304887E+00
+3.734290E+00
+7.998693E+00
+2.814147E+00
+6.861344E+00
+2.084575E+00
+5.873645E+00
+1.509829E+00
+5.387105E+00
+6.699947E-01
+4.859277E+00
-2.009227E-02
+4.311887E+00
-5.725171E-01
+3.762843E+00
-1.000488E+00
+2.039788E+00
-1.006710E+00
+1.052222E+00
-8.116776E-01
+5.090891E-01
-5.861513E-01
+2.240134E-01
-3.943847E-01
+1.115329E-01
-3.292279E-01
+3.630640E-02
-2.639163E-01
-1.086002E-02
-2.038781E-01
-3.767119E-02
-1.518688E-01
-1.693889E-01
-2.257361E-01
-4.401113E-01
-2.557713E-01
-9.108704E-01
-1.152337E-01
-1.593886E+00
+4.493034E-01
-2.329593E+00
+9.866646E-01
-3.341604E+00
+1.942209E+00
-4.692193E+00
+3.584559E+00
-6.424226E+00
+6.332795E+00
-3.345956E+00
+9.793127E+00
+1.587434E+00
+1.176603E+01
+7.662028E+00
+1.126124E+01
+1.363740E+01
+7.628520E+00
+1.470356E+01
+5.825870E+00
+1.553162E+01
+3.874547E+00
+1.610089E+01
+1.805973E+00
+1.639483E+01
-3.455520E-01
+1.069787E+01
-4.551978E+00
+5.839280E+00
-5.817388E+00
+2.308185E+00
-5.368537E+00
+1.028630E-01
-4.141742E+00
+4.258268E-01
-3.975169E+00
+7.232872E-01
-3.789476E+00
+9.947115E-01
-3.587410E+00
+1.239803E+00
-3.371654E+00
+4.564120E-01
-2.692778E+00
-3.440278E-02
-2.076159E+00
-3.152360E-01
-1.546868E+00
-4.513125E-01
-1.112128E+00
-4.460101E-01
-7.590374E-01
-4.045473E-01
-5.033506E-01
-3.472179E-01
-3.222055E-01
-2.863143E-01
-1.968485E-01
-1.224610E-01
-2.592967E-01
+2.033674E-02
-2.357924E-01
+1.124233E-01
-1.597283E-01
+1.465143E-01
-6.723632E-02
+2.744921E-01
+2.033510E-02
+3.935816E-01
+2.568119E-01
+3.765603E-01
+7.085651E-01
-2.150976E-02
+1.369879E+00
+3.831269E-01
+1.280988E+00
+7.334774E-01
+1.079196E+00
+1.000089E+00
+7.883254E-01
+1.162569E+00
+4.392131E-01
+1.050260E+00
+3.592785E-01
+9.477416E-01
+2.910892E-01
+8.542953E-01
+2.331087E-01
+7.692364E-01
+1.839857E-01
+7.760085E-01
+1.701933E-01
+7.825480E-01
+1.562137E-01
+7.888511E-01
+1.420505E-01
+7.949117E-01
+1.277073E-01
+8.179234E-01
+1.009262E-01
+8.404623E-01
+7.267050E-02
+8.624619E-01
+4.292411E-02
+8.838547E-01
+1.167288E-02
+8.804287E-01
+1.050746E-02
+8.770142E-01
+9.350916E-03
+8.736118E-01
+8.203199E-03
+8.702212E-01
+7.064256E-03
+8.669072E-01
+4.140808E-03
+8.635963E-01
+1.239605E-03
+8.602883E-01
-1.639453E-03
+8.569838E-01
-4.496462E-03
+8.540989E-01
-6.814848E-03
+8.512169E-01
-9.117605E-03
+8.483387E-01
-1.140480E-02
+8.454641E-01
-1.367649E-02
+8.437997E-01
-1.755737E-02
+8.421208E-01
-2.142321E-02
+8.404270E-01
-2.527397E-02
+8.387187E-01
-2.910959E-02
+8.358172E-01
-3.232775E-02
+8.329123E-01
-3.552375E-02
+8.300046E-01
-3.869765E-02
+8.270939E-01
-4.184952E-02
+8.282712E-01
-4.423235E-02
+8.294436E-01
-4.662216E-02
+8.306113E-01
-4.901903E-02
+8.317741E-01
-5.142290E-02
+8.341382E-01
-5.846179E-02
+8.364524E-01
-6.554382E-02
+8.387154E-01
-7.266866E-02
+8.409277E-01
-7.983609E-02
+8.402671E-01
-8.383913E-02
+8.395873E-01
-8.783768E-02
+8.388887E-01
-9.183170E-02
+8.381714E-01
-9.582104E-02
+8.455924E-01
-9.645890E-02
+8.530787E-01
-9.710051E-02
+8.606318E-01
-9.774594E-02
+8.682519E-01
-9.839527E-02
+8.807779E-01
-1.421573E-01
+8.914460E-01
-1.873926E-01
+9.001478E-01
-2.340409E-01
+9.067767E-01
-2.820359E-01
+9.043337E-01
-2.426520E-01
+9.003972E-01
-2.039448E-01
+8.950153E-01
-1.659624E-01
+8.882383E-01
-1.287502E-01
+9.415053E-01
-1.546209E-01
+9.976035E-01
-1.831839E-01
+1.056657E+00
-2.146655E-01
+1.118794E+00
-2.493084E-01
+1.202478E+00
-4.109256E-01
+1.275015E+00
-5.992037E-01
+1.332024E+00
-8.155035E-01
+1.368511E+00
-1.060791E+00
+1.022783E+00
-1.394807E+00
+5.989720E-01
-1.620583E+00
+1.299142E-01
-1.720953E+00
-3.481351E-01
-1.688454E+00
-6.245021E-01
-1.097813E+00
-6.834842E-01
-6.237279E-01
-6.173507E-01
-2.800320E-01
-4.935265E-01
-5.549455E-02
-3.058507E-01
-1.430705E-02
-1.887361E-01
+3.489550E-03
-1.159713E-01
+9.731600E-03
-7.095514E-02
+1.064750E-02
-5.625262E-02
+3.484107E-03
-4.425790E-02
-1.116981E-03
-3.455720E-02
-3.897977E-03
-2.677600E-02
-5.411419E-03
-3.923716E-02
-2.868512E-03
-5.657838E-02
+3.027518E-03
-8.028273E-02
+1.460035E-02
-1.120470E-01
+3.543913E-02
-1.502515E-01
+4.839172E-02
-2.014765E-01
+6.605901E-02
-2.701574E-01
+9.015082E-02
-3.622397E-01
+1.229952E-01
-4.989858E-01
+1.445234E-01
-6.858191E-01
+1.652991E-01
-9.405524E-01
+1.819664E-01
-1.287146E+00
+1.888759E-01
-1.343367E+00
+5.635604E-01
-1.299923E+00
+9.856015E-01
-1.135188E+00
+1.431229E+00
-8.323325E-01
+1.868635E+00
-1.008947E+00
+2.368533E+00
-1.220912E+00
+3.001217E+00
-1.474629E+00
+3.801720E+00
-1.777434E+00
+4.814260E+00
-5.594586E-01
+4.632396E+00
+4.796482E-01
+4.215299E+00
+1.311050E+00
+3.627758E+00
+1.922867E+00
+2.933142E+00
+1.923569E+00
+2.599525E+00
+1.906761E+00
+2.292373E+00
+1.875218E+00
+2.010502E+00
+1.831435E+00
+1.752675E+00
+1.417810E+00
+2.032155E+00
+9.676247E-01
+2.220383E+00
+4.999654E-01
+2.314125E+00
+3.374661E-02
+2.313951E+00
+3.641977E-01
+2.676856E+00
+7.981366E-01
+3.050995E+00
+1.353584E+00
+3.423614E+00
+2.049631E+00
+3.777400E+00
+1.840259E+00
+3.680597E+00
+1.643002E+00
+3.581241E+00
+1.457421E+00
+3.479835E+00
+1.283078E+00
+3.376836E+00
+1.396950E+00
+4.111630E+00
+1.502311E+00
+4.999244E+00
+1.590914E+00
+6.070077E+00
+1.651545E+00
+7.360309E+00
+2.357338E+00
+5.020501E+00
+2.491464E+00
+3.228553E+00
+2.302452E+00
+1.920888E+00
+1.958582E+00
+1.012301E+00
+1.737176E+00
+1.050341E+00
+1.531430E+00
+1.071686E+00
+1.341099E+00
+1.078655E+00
+1.165811E+00
+1.073364E+00
+1.021164E+00
+1.150534E+00
+8.739229E-01
+1.210943E+00
+7.258137E-01
+1.254910E+00
+5.784720E-01
+1.282911E+00
+7.907681E-02
+1.198583E+00
-2.949913E-01
+9.819101E-01
-5.293061E-01
+6.968831E-01
-6.314582E-01
+3.989733E-01
-4.805490E-01
+6.107496E-01
-2.589464E-01
+7.659694E-01
+1.232245E-02
+8.411542E-01
+3.044743E-01
+8.205887E-01
+7.848276E-02
+7.887472E-01
-1.121970E-01
+7.090045E-01
-2.609518E-01
+5.953990E-01
-3.652084E-01
+4.617453E-01
-3.631300E-01
+4.810533E-01
-3.605563E-01
+5.007676E-01
-3.574664E-01
+5.208865E-01
-3.538381E-01
+5.414067E-01
-4.033132E-01
+5.417288E-01
-4.549000E-01
+5.389103E-01
-5.084874E-01
+5.326835E-01
-5.639428E-01
+5.227762E-01
-6.145712E-01
+3.759356E-01
-6.339353E-01
+2.317112E-01
-6.250681E-01
+9.566753E-02
-5.917827E-01
-2.764529E-02
-7.971443E-01
-2.125169E-01
-1.021969E+00
-5.247885E-01
-1.235628E+00
-1.016181E+00
-1.381154E+00
-1.748029E+00
-1.850314E+00
-1.039988E+00
-2.007229E+00
-2.461091E-01
-1.857902E+00
+5.102922E-01
-1.452296E+00
+1.122726E+00
-1.392761E+00
+1.177408E+00
-1.331296E+00
+1.229099E+00
-1.268045E+00
+1.277738E+00
-1.203154E+00
+1.323271E+00
-1.121184E+00
+1.321059E+00
-1.041888E+00
+1.316207E+00
-9.652714E-01
+1.308884E+00
-8.913285E-01
+1.299260E+00
-7.336773E-01
+1.109181E+00
-6.033436E-01
+9.465207E-01
-4.956726E-01
+8.073901E-01
-4.067910E-01
+6.884399E-01
-7.317609E-01
+2.599220E-01
-7.072362E-01
-2.617763E-01
-3.642029E-01
-6.353709E-01
+1.240454E-01
-7.003039E-01
+4.340671E-01
-3.379673E-01
+4.244121E-01
+3.076655E-02
+2.278299E-01
+2.375543E-01
+7.785075E-03
+2.544801E-01
+4.652020E-02
+3.066167E-01
+1.009660E-01
+3.640196E-01
+1.751790E-01
+4.255002E-01
+2.738919E-01
+4.890302E-01
+2.817157E-01
+4.737511E-01
+2.890174E-01
+4.585318E-01
+2.958071E-01
+4.433843E-01
+3.020951E-01
+4.283207E-01
+4.040636E-01
+3.847908E-01
+5.015412E-01
+3.182421E-01
+5.895678E-01
+2.285850E-01
+6.629454E-01
+1.167517E-01
+6.073295E-01
-5.559344E-02
+5.177220E-01
-1.930356E-01
+4.066985E-01
-2.918805E-01
+2.861318E-01
-3.518901E-01
+2.536301E-01
-2.272017E-01
+2.148368E-01
-1.385776E-01
+1.756284E-01
-7.743572E-02
+1.393509E-01
-3.672058E-02
+1.614929E-01
-2.737095E-02
+1.856060E-01
-1.453071E-02
+2.115947E-01
+2.461866E-03
+2.392839E-01
+2.434623E-02
+3.353097E-01
-1.673749E-02
+4.591740E-01
-9.362788E-02
+6.139208E-01
-2.257837E-01
+7.996574E-01
-4.406963E-01
+6.094793E-01
-4.467699E-01
+4.527369E-01
-4.315280E-01
+3.257053E-01
-4.023467E-01
+2.245428E-01
-3.648840E-01
+1.688795E-01
-3.966644E-01
+1.087379E-01
-4.199656E-01
+4.540796E-02
-4.341595E-01
-1.973275E-02
-4.388142E-01
-3.598640E-02
-4.544281E-01
-5.339649E-02
-4.700477E-01
-7.200618E-02
-4.856320E-01
-9.185885E-02
-5.011374E-01
-1.736409E-01
-3.260626E-01
-1.916586E-01
-1.871168E-01
-1.735615E-01
-8.715208E-02
-1.390808E-01
-2.206082E-02
-1.170751E-01
+1.201671E-02
-9.198956E-02
+3.482207E-02
-6.683441E-02
+4.786163E-02
-4.371797E-02
+5.299782E-02
-6.171677E-02
+5.052648E-02
-8.166067E-02
+4.366223E-02
-1.028316E-01
+3.135703E-02
-1.241759E-01
+1.257885E-02
-1.369930E-01
+8.635359E-04
-1.497830E-01
-1.326749E-02
-1.622929E-01
-3.003536E-02
-1.742232E-01
-4.965558E-02
-1.576643E-01
-6.212585E-02
-1.411106E-01
-7.222418E-02
-1.247782E-01
-8.011483E-02
-1.088533E-01
-8.597024E-02
-8.736961E-02
-7.654043E-02
-6.980456E-02
-6.773792E-02
-5.549002E-02
-5.962718E-02
-4.386444E-02
-5.223357E-02
-3.667817E-02
-7.845949E-02
-1.926218E-02
-1.082738E-01
+1.187930E-02
-1.391352E-01
+6.020103E-02
-1.667797E-01
+6.559213E-02
-1.442920E-01
+6.878437E-02
-1.238684E-01
+7.016523E-02
-1.054416E-01
+7.007517E-02
-8.892392E-02
+8.568625E-02
-8.221488E-02
+1.009304E-01
-7.298224E-02
+1.154275E-01
-6.118128E-02
+1.287762E-01
-4.682068E-02
+1.605813E-01
-2.100876E-02
+1.906604E-01
+1.692566E-02
+2.156403E-01
+6.840424E-02
+2.312653E-01
+1.342026E-01
+2.865390E-01
+1.316527E-01
+3.511456E-01
+1.224683E-01
+4.259654E-01
+1.044496E-01
+5.117866E-01
+7.491525E-02
