Hz,real,imaginary,V^2 (rms) 
9.99999046326,-0.3181407,0.4765896,0.573019329364
10.0577210151,-0.3433093,0.358627,0.496462083744
10.1157848488,-0.3469906,0.2541891,0.430133206167
10.1741838887,-0.3343795,0.1645308,0.372666116207
10.2329200697,-0.3100972,0.08993928,0.322876675427
10.2919953382,-0.2303875,0.2276973,0.323920454099
10.3514116519,-0.09418117,0.3110207,0.324967642406
10.4111709795,0.06579168,0.3193107,0.326018202393
10.4712753014,0.2108141,0.2500673,0.327072223352
10.5317266092,0.2091427,0.03146558,0.211496457862
10.592526906,0.1150135,-0.07399653,0.136761074997
10.6536782067,0.02427457,-0.08503769,0.0884345151466
10.7151825375,-0.02451084,-0.05166545,0.0571847881976
10.7770419365,-0.03413116,-0.07831101,0.0854257008761
10.8392584537,-0.04722349,-0.1185544,0.127613493672
10.9018341505,-0.06485088,-0.1792662,0.190635797004
10.9647711006,-0.08827271,-0.2707562,0.284782357546
11.0280713896,0.07282536,-0.1640421,0.179480761174
11.091737115,0.1032833,-0.04612697,0.113115593179
11.1557703865,0.06782757,0.02194671,0.071289812259
11.2201733259,0.0225154,0.03888085,0.0449295418837
11.2849480674,0.009403864,0.05731698,0.0580832923865
11.3500967575,-0.01489287,0.07359628,0.0750880150668
11.4156215548,-0.05172264,0.08214353,0.0970710616478
11.4815246308,-0.1001604,0.07560186,0.125490027347
11.5478081693,-0.1360478,0.07370959,0.154732373933
11.6144743666,-0.1794519,0.06478767,0.19078895827
11.681525432,-0.2307242,0.04590996,0.2352474886
11.7489635872,-0.2897545,0.0134441,0.290066223637
11.816791067,-0.281753,0.02203812,0.282613573174
11.8850101189,-0.2736958,0.0301601,0.275352542334
11.9536230036,-0.2655987,0.03782066,0.268277974803
12.0226319946,-0.2574772,0.04503063,0.261385282979
12.0920393787,-0.2252448,0.005114078,0.225302848896
12.1618474559,-0.1926191,-0.02473975,0.194201372073
12.2320585393,-0.1609582,-0.04596711,0.167393301386
12.3026749556,-0.1312337,-0.05996745,0.144285754928
12.3736990447,-0.156738,-0.02169118,0.158231817072
12.4451331602,-0.1714834,0.0265462,0.173525955436
12.5169796691,-0.1717909,0.08186151,0.190298239987
12.5892409524,-0.1547034,0.140068,0.208691606433
12.6619194044,-0.09692259,0.185139,0.208974729987
12.7350174335,-0.02703424,0.2075047,0.209258334731
12.808537462,0.04637725,0.2043456,0.209542295389
12.8824819261,0.1142696,0.175982,0.209826608914
12.956853276,-0.02335074,0.2388282,0.239967010595
13.0316539763,-0.1912077,0.1968632,0.274436703182
13.1068865055,-0.3113459,0.03963055,0.313858009202
13.1825533567,-0.3066137,-0.1866201,0.358941531105
13.2586570372,-0.251488,-0.1643271,0.300415728514
13.3352000689,-0.2059715,-0.1442015,0.251432558382
13.4121849882,-0.1684354,-0.1261464,0.210436209351
13.489614346,-0.1375194,-0.1100373,0.176124367331
13.5674907083,-0.2057301,-0.1105508,0.23355160763
13.6458166555,-0.2948148,-0.09487115,0.309703570211
13.7245947832,-0.4072422,-0.05306891,0.410685425441
13.8038277017,-0.5438524,0.028398,0.544593315594
13.8835180367,-0.3796895,-0.01304618,0.379913568095
13.9636684289,-0.2630981,-0.03195436,0.265031491236
14.0442815341,-0.1809272,-0.03806756,0.184888590303
14.1253600237,-0.1234498,-0.03736306,0.128980042536
14.2069065844,-0.1657812,-0.04289895,0.171241718587
14.2889239182,-0.2222354,-0.04795701,0.227350935387
14.3714147431,-0.2973984,-0.05161869,0.30184482351
14.4543817926,-0.3973046,-0.05241788,0.400747525663
14.5378278159,-0.3819125,-0.05616564,0.386020383883
14.6217555781,-0.367034,-0.05955523,0.371834348301
14.7061678604,-0.3526556,-0.06260721,0.358169840935
14.7910674599,-0.3387635,-0.06534107,0.3450074845
14.8764571899,-0.3345631,0.0232639,0.335370954206
14.9623398801,-0.3084775,0.1054503,0.326003272647
15.0487183762,-0.263437,0.1761388,0.316897349049
15.1355955406,-0.2034632,0.2312898,0.308045849409
15.2229742522,-0.2248639,0.1917224,0.29550169574
15.3108574064,-0.2397618,0.1512234,0.283468230048
15.3992479154,-0.2483582,0.1107308,0.271924816035
15.4881487081,-0.2509724,0.07110767,0.260851387373
15.5775627305,-0.2507632,0.07654347,0.262185211776
15.6674929455,-0.2504428,0.0820017,0.263525852384
15.757942333,-0.2500102,0.08748026,0.264873358407
15.8489138904,-0.2494644,0.09297688,0.266227697811
15.9404106321,-0.2800834,0.1320013,0.309630512316
16.03243559,-0.3117768,0.1802047,0.360109020882
16.1249918136,-0.3438236,0.2391509,0.418817168807
16.2180823699,-0.3752355,0.3105815,0.487096036324
16.3117103437,-0.3176588,0.2002548,0.375511781627
16.4058788374,-0.2627051,0.1216144,0.289489260342
16.5005909715,-0.2128976,0.06693874,0.223172988954
16.5958498845,-0.1693994,0.03007475,0.172048386531
16.6916587331,-0.221774,0.03542953,0.224586194304
16.7880206919,-0.2902526,0.04123639,0.293167207694
16.8849389541,-0.3797602,0.04726987,0.382690802233
16.9824167314,-0.4967192,0.05312464,0.499551990311
17.0804572538,-0.4244886,0.06329946,0.429182237711
17.17906377,-0.3621238,0.06945999,0.368725286273
17.2782395477,-0.3083705,0.07252614,0.316784479187
17.3779878732,-0.2621198,0.07324295,0.272160466043
17.4783120518,-0.2684672,0.03576594,0.27083914034
17.5792154079,-0.2695166,-0.002045689,0.269524363498
17.6807012853,-0.2652987,-0.03945119,0.268215951453
17.7827730468,-0.2559467,-0.07572486,0.266913783201
17.8854340747,-0.2834503,-0.04937216,0.287718061222
17.988687771,-0.3096358,-0.01774579,0.310143904832
18.0925375572,-0.3337565,0.01936428,0.334317777918
18.1969868745,-0.3549866,0.06209049,0.36037579709
18.302039184,-0.3484129,0.06886412,0.355153228776
18.4076979669,-0.3417895,0.07539563,0.350006518987
18.5139667243,-0.335122,0.08168747,0.344934193201
18.6208489778,-0.3284168,0.08774231,0.339935740231
18.7283482689,-0.3096748,0.03538775,0.311690190101
18.83646816,-0.2856311,-0.009574851,0.285791537766
18.9452122338,-0.2577736,-0.04711967,0.262044828527
19.0545840938,-0.2274551,-0.07742356,0.240271159649
19.1645873641,-0.2562532,-0.06389333,0.264098580323
19.27522569,-0.2865525,-0.04642607,0.290289020171
19.3865027376,-0.318134,-0.02450841,0.319076643013
19.4984221944,-0.350711,0.002401628,0.350719222938
19.610987769,-0.335309,9.005091e-06,0.335309000121
19.7242031915,-0.3205681,-0.002177994,0.320575498745
19.8380722135,-0.3064612,-0.004172721,0.306489606196
19.9525986083,-0.2929613,-0.005987755,0.293022484645
20.0677861709,-0.2809618,0.00288821,0.28097664461
20.1836387183,-0.2691997,0.01104192,0.269426061244
20.3001600895,-0.2576863,0.01851038,0.258350272644
20.4173541456,-0.2464316,0.02532947,0.247729924573
20.5352247701,-0.2568161,0.03752383,0.25954295798
20.6537758689,-0.2671409,0.05075204,0.271919160812
20.7730113704,-0.2773574,0.06505974,0.284885761497
20.8929352257,-0.2874117,0.08049245,0.298470299701
21.0135514086,-0.2914669,0.06416999,0.298447217129
21.1348639161,-0.2945959,0.04764631,0.298424052572
21.2568767681,-0.296789,0.03097389,0.298400892061
21.3795940077,-0.2980393,0.01420567,0.298377655673
21.5030197013,-0.2756913,0.03559988,0.277980294898
21.627157939,-0.2533304,0.05378629,0.258977328267
21.7520128342,-0.2311988,0.06899296,0.241273524555
21.8775885244,-0.2095039,0.08144994,0.224779840825
22.0038891706,-0.2332294,0.07892226,0.2462207874
22.1309189581,-0.2590691,0.07500012,0.269706908652
22.2586820963,-0.2871545,0.06944902,0.295433365159
22.3871828188,-0.3176178,0.0620058,0.32361363709
22.5164253838,-0.3095618,0.0803562,0.319821242099
22.646414074,-0.3005062,0.09797086,0.316073196661
22.7771531967,-0.290509,0.1147994,0.312368982649
22.9086470844,-0.2796308,0.1307956,0.308708395234
23.0409000942,-0.285628,0.1063084,0.304770126972
23.1739166087,-0.2895682,0.08173306,0.300882095759
23.3077010356,-0.2914775,0.05723559,0.297043844859
23.4422578082,-0.2913944,0.03297735,0.293254500331
23.5775913851,-0.2779295,0.03365202,0.279959399593
23.713706251,-0.2650704,0.03419576,0.267267033055
23.8506069163,-0.2527905,0.03461906,0.255149987665
23.9882979174,-0.2410646,0.03493174,0.24358236355
24.126783817,-0.2611554,0.04808079,0.265544544881
24.2660692042,-0.2824948,0.06324069,0.289486954626
24.4061586943,-0.305111,0.08064304,0.315588374661
24.5470569295,-0.329024,0.1005413,0.344042650818
24.6887685789,-0.3245627,0.06326552,0.330671244973
24.8312983381,-0.3165767,0.02807766,0.317819385774
24.9746509303,-0.30543,-0.0047625,0.305467128029
25.1188311058,-0.291496,-0.03504287,0.293594824126
25.2638436421,-0.3149348,-0.02407637,0.315853763383
25.4096933446,-0.3396158,-0.01119694,0.339800328244
25.5563850463,-0.3655425,0.003796421,0.365562213746
25.7039236081,-0.3927098,0.0211198,0.393277297804
25.8523139189,-0.3726886,0.005525957,0.372729565195
26.001560896,-0.3531529,-0.008503979,0.353255273757
26.151669485,-0.3341349,-0.02107074,0.334798607348
26.30264466,-0.3156609,-0.03227083,0.317306177465
26.4544914238,-0.3292671,-0.008961858,0.329389037524
26.6072148082,-0.341547,0.01622092,0.341931969044
26.760819874,-0.3523088,0.04324075,0.354952465857
26.9153117111,-0.361357,0.0720446,0.368468866851
27.070695439,-0.3751766,0.05919958,0.37981847172
27.2269762066,-0.388877,0.04539586,0.391517694663
27.3841591925,-0.4024146,0.03060963,0.403577080298
27.5422496054,-0.415744,0.01481827,0.416007998315
27.7012526838,-0.4023253,0.03254025,0.403639089894
27.8611736966,-0.388544,0.04913116,0.391637984392
28.0220179431,-0.3744605,0.0646099,0.379993559469
28.1837907532,-0.360133,0.07899736,0.368695484887
28.3464974876,-0.3805992,0.07624267,0.388160657163
28.5101435378,-0.4020895,0.07295026,0.408653528609
28.6747343267,-0.4246475,0.06907214,0.430228380956
28.8402753081,-0.4483182,0.06455721,0.4529424266
29.0067719676,-0.4358012,0.05938923,0.439829247051
29.1742298225,-0.4236093,0.05446307,0.427096084085
29.3426544217,-0.4117343,0.04976933,0.414731382952
29.5120513464,-0.400169,0.04529897,0.402724751219
29.6824262098,-0.4021829,0.05972015,0.406592647952
29.8537846576,-0.4037099,0.07434161,0.410497695895
30.0261323681,-0.4047386,0.08914809,0.414440244523
30.1994750524,-0.4052581,0.1041238,0.418420713328
30.3738184546,-0.4045877,0.08909856,0.41428222311
30.5491683518,-0.4034076,0.07425396,0.410184522274
30.7255305546,-0.4017295,0.05960565,0.406127350325
30.9029109071,-0.3995652,0.04516857,0.4021101202
31.0813152871,-0.3980193,0.04516724,0.400573891737
31.2607496065,-0.3964794,0.04516528,0.399043628118
31.441219811,-0.3949454,0.04516266,0.397519225748
31.622731881,-0.3934178,0.04515948,0.396001191906
31.8052918312,-0.4082767,0.06714155,0.413760621011
31.9889057111,-0.4226655,0.09083806,0.432316640941
32.1735796051,-0.4364764,0.1162999,0.451704897579
32.3593196326,-0.4495947,0.1435747,0.471963016293
32.5461319486,-0.4490641,0.1481318,0.472865304373
32.7340227434,-0.448489,0.1526924,0.473769302656
32.9229982432,-0.4478694,0.1572561,0.474675131478
33.11306471,-0.4472045,0.1618222,0.475582053102
33.3042284421,-0.4483513,0.1640302,0.477414698898
33.496495774,-0.4494948,0.1662508,0.479254529168
33.6898730769,-0.4506347,0.1684839,0.481101296406
33.8843667586,-0.451771,0.1707296,0.482955104287
34.0799832642,-0.4258042,0.146116,0.450176745505
34.2767290758,-0.4009057,0.1239282,0.419623139314
34.4746107129,-0.3770719,0.1039698,0.391143115856
34.6736347326,-0.3542941,0.08605795,0.364596050518
34.8738077301,-0.3839304,0.09611754,0.395779147429
35.0751363385,-0.4160239,0.1072633,0.429629259825
35.2776272292,-0.4507766,0.1196066,0.46637461538
35.481287112,-0.4884066,0.1332705,0.506262810301
35.6861227357,-0.4988717,0.138012,0.517610167216
35.8921408879,-0.509554,0.1428973,0.529211599706
36.0993483954,-0.5204584,0.1479305,0.541073358206
36.3077521244,-0.5315885,0.1531154,0.55320037875
36.5173589808,-0.5247041,0.1566687,0.547594260485
36.7281759103,-0.5178558,0.1601196,0.542045123489
36.9402098987,-0.5110439,0.1634695,0.536552089883
37.1534679722,-0.5042693,0.1667196,0.531114819928
37.3679571975,-0.5389589,0.1994336,0.574674217882
37.5836846821,-0.5752281,0.2361263,0.621806237168
37.8006575745,-0.6130542,0.2771812,0.672803737929
38.0188830647,-0.6523982,0.3230135,0.727984294161
38.2383683838,-0.632768,0.3484363,0.722359465212
38.459120805,-0.6122082,0.3727896,0.716778184668
38.6811476434,-0.5907732,0.3960422,0.711240042474
38.9044562561,-0.568518,0.4181649,0.70574400452
39.129054043,-0.4931217,0.39841,0.633955470921
39.3549484466,-0.4262695,0.3776104,0.569469315081
39.5821469523,-0.3671269,0.3562215,0.511542684207
39.8106570887,-0.3149269,0.3346182,0.459508750858
40.040486428,-0.3512543,0.3242823,0.478057102616
40.2716425861,-0.3882005,0.3109043,0.497354111231
40.5041332226,-0.425567,0.2943242,0.517430194514
40.7379660418,-0.4631357,0.27439,0.538316402049
40.9731487919,-0.4770029,0.2545406,0.540668737451
41.2096892664,-0.4900265,0.2340024,0.543031393115
41.4475953034,-0.5021729,0.2128108,0.545404490347
41.6868747863,-0.5134093,0.1910029,0.547787565699
41.9275356443,-0.567846,0.2306716,0.612909835753
42.169585852,-0.6274098,0.276845,0.685774169214
42.4130334302,-0.6924912,0.3304637,0.767300670595
42.6578864461,-0.7634965,0.3925923,0.858519434568
42.9041530132,-0.8369748,0.3962165,0.926020696695
43.1518412923,-0.9163162,0.3975235,0.998829470648
43.4009594908,-1.001896,0.3961249,1.07736276677
43.6515158637,-1.094105,0.3915896,1.1620706372
43.9035187138,-1.125646,0.4517052,1.21289591681
44.1569763917,-1.156166,0.5156525,1.26594522801
44.4118972961,-1.185468,0.5835563,1.32131462351
44.6682898744,-1.213342,0.6555377,1.37910423286
44.9261626225,-1.345624,0.7137271,1.52319083593
45.1855240857,-1.492215,0.7768737,1.68233122541
45.4463828584,-1.654651,0.8453737,1.85809758206
45.7087475846,-1.834633,0.9196528,2.05222793988
45.9726269583,-1.980017,0.9290782,2.18715651521
46.2380297236,-2.135169,0.9351016,2.33095724132
46.5049646752,-2.300632,0.9372304,2.48421183117
46.7734406585,-2.476975,0.9349261,2.64754451579
47.0434665699,-2.895713,0.9158918,3.03710578803
47.3150513572,-3.37416,0.8678859,3.48398932849
47.5882040201,-3.919183,0.7829584,3.99662598245
47.8629336098,-4.538161,0.6515735,4.58469773135
48.1392492302,-5.392926,-0.1755231,5.3957816116
48.4171600373,-6.213908,-1.309337,6.35035558154
48.6966752405,-6.932841,-2.791682,7.47380577219
48.9778041018,-7.462031,-4.65701,8.79600186363
49.2605559372,-2.919962,-8.20619,8.71020851631
49.544940116,2.787937,-8.162256,8.62525453106
49.830966062,7.187732,-4.613822,8.54112666757
50.1186432531,8.415277,0.8471631,8.45781131882
50.4079812221,8.174204,0.4143087,8.18469686259
50.6989895567,7.920398,0.007536021,7.92040158515
50.9916779002,7.655539,-0.3734162,7.66464069862
51.2860559511,7.381246,-0.7288815,7.41714640233
51.5821334645,7.685786,-1.084195,7.7618802642
51.8799202513,7.988698,-1.468989,8.12263654347
52.1794261793,8.288622,-1.884535,8.50016039996
52.4806611732,8.584081,-2.332105,8.89523245034
52.783635215,8.9941,-2.082295,9.2319980111
53.0883583443,9.409551,-1.807145,9.58151465441
53.3948406587,9.829637,-1.505502,9.94425964181
53.7030923141,10.25349,-1.1762,10.3207317386
54.0131235251,10.7611,-1.688802,10.8928107211
54.324944565,11.27396,-2.251554,11.4965938215
54.6385657668,11.79016,-2.867421,12.1338359976
54.9539975227,12.30758,-3.539445,12.8064123143
55.2712502853,14.36397,-4.550397,15.0675063305
55.5903345674,16.75073,-5.804166,17.727811441
55.9112609424,19.51842,-7.353917,20.8578238208
56.2340400449,22.7248,-9.263781,24.5404599276
56.5586825707,28.19101,-11.35133,30.3905534268
56.8851992775,34.97129,-13.90747,37.6352075332
57.213600985,43.38142,-17.03691,46.6069083245
57.5438985756,53.81292,-20.86766,57.717324893
57.8761029941,22.21764,-45.29932,50.4544539127
58.210225249,-12.56512,-42.27782,44.1055133126
58.5462764119,-33.12812,-19.72442,38.5554805322
58.8842676185,-32.97843,6.954965,33.7038333638
59.2242100689,-29.16474,6.153064,29.8067484952
59.5661150277,-25.79207,5.443622,26.360271155
59.9099938246,-22.80942,4.815978,23.3122990036
60.2558578547,-20.17171,4.260695,20.616774874
60.6037185787,-17.30558,3.843311,17.7272146312
60.9535875239,-14.84501,3.458872,15.2426414185
61.3054762837,-12.73285,3.10638,13.1062987081
61.6593965186,-10.91996,2.784463,11.26937268
62.0153599566,-10.19747,2.22536,10.4374624086
62.3733783931,-9.510706,1.731132,9.66697194678
62.7334636917,-8.859087,1.295802,8.95335274055
63.0956277846,-8.241907,0.9138576,8.29241621662
63.4598826729,-8.021765,0.8759388,8.06944747158
63.8262404266,-7.807477,0.8393963,7.8524698824
64.194713186,-7.598895,0.8041833,7.64132946555
64.5653131609,-7.395865,0.7702571,7.43586680208
64.938052632,-7.495578,0.515014,7.51325022705
65.3129439507,-7.587195,0.2537314,7.59143646429
65.6899995397,-7.670424,-0.01336222,7.67043563878
66.0692318935,-7.744975,-0.2860284,7.75025483428
66.4506535786,-7.695697,0.001460878,7.69569713866
66.8342772344,-7.63621,0.2849149,7.64152338636
67.2201155727,-7.566745,0.5639885,7.58773437352
67.6081813792,-7.487535,0.8383485,7.53432203876
67.9984875132,-7.222533,0.9241312,7.28141479459
68.3910469082,-6.965156,1.002989,7.03700113958
68.7858725723,-6.715243,1.07527,6.80078628704
69.182977589,-6.47265,1.141312,6.57250265149
69.5823751171,-6.350928,1.190643,6.46157234848
69.9840783913,-6.230748,1.237848,6.35251826527
70.3881007229,-6.112102,1.282977,6.24530390301
70.7944554999,-5.994979,1.326084,6.13989185454
71.2031561878,-5.871755,1.47494,6.05416838085
71.6142163295,-5.746129,1.618208,5.96963948793
72.0276495463,-5.618297,1.7559,5.88629306017
72.4434695382,-5.488444,1.888036,5.80411039509
72.8616900841,-5.509007,2.027431,5.87023292432
73.2823250427,-5.526793,2.168826,5.93710763614
73.7053883523,-5.541732,2.312181,6.004746001
74.1308940322,-5.553744,2.457458,6.073151755
74.5588561821,-5.185237,4.339068,6.76122724472
74.9892889835,-4.211667,6.238708,7.52725822781
75.4222066996,-2.585207,7.971353,8.3800813769
75.8576236759,-0.3116445,9.324316,9.32952255811
76.2955543409,0.9280244,8.409975,8.46102291615
76.7360132062,1.922332,7.428683,7.67337549145
77.1790148672,2.687727,6.41907,6.95904706777
77.6245740037,3.243978,5.413697,6.3112208385
78.0727053801,3.20327,4.528163,5.54663851783
78.5234238462,3.108633,3.754855,4.87468308711
78.9767443373,2.974205,3.083485,4.2841306151
79.4326818752,2.811696,2.504096,3.76512033986
79.8912515681,2.575675,2.281534,3.44085732032
80.3524686117,2.359435,2.078719,3.144520027
80.8163482892,2.161321,1.893901,2.87370309233
81.2829059723,1.979816,1.725486,2.62620892734
81.7521571212,1.783135,1.590992,2.38973345214
82.2241172855,1.605601,1.466531,2.17455000981
82.6988021044,1.445383,1.351403,1.9787425515
83.1762273076,1.300822,1.244952,1.80056750998
83.6564087154,1.178298,1.167048,1.65842913961
84.1393622397,1.066694,1.093368,1.52751094041
84.625103884,0.965078,1.023753,1.40692777039
85.1136497443,0.8725975,0.9580389,1.2958645496
85.6050160094,0.8033496,0.9858058,1.27168536012
86.0992189619,0.7339991,1.009279,1.2479578433
86.5962749779,0.6647791,1.028538,1.224672066
87.0962005286,0.5959147,1.043677,1.20182195437
87.5990121797,0.582513,0.8962382,1.06890799712
88.1047265931,0.5630721,0.7660078,0.950693504479
88.6133605264,0.5391489,0.6513659,0.845552524716
89.1249308343,0.5120431,0.5507947,0.75203918635
89.6394544686,0.4169284,0.4912896,0.644356083074
90.1569484791,0.3378225,0.4366706,0.552091708334
90.6774300139,0.27223,0.3868544,0.473038581618
91.2009163202,0.2180177,0.3416726,0.405304679351
91.7274247448,0.1831888,0.3284883,0.37611527446
92.2569727344,0.1516494,0.3143614,0.349028122549
92.7895778367,0.1232089,0.299542,0.323891714626
93.3252577005,0.09767731,0.2842514,0.300565658868
93.8640300768,0.04370289,0.2865788,0.289891964711
94.4059128186,-0.007918106,0.2794854,0.279597541505
94.9509238824,-0.0556821,0.2638573,0.269668631887
95.4990813282,-0.09831478,0.2407948,0.260092159962
96.0504033201,-0.1413905,0.2391978,0.277861226182
96.6049081274,-0.1866694,0.2308052,0.29684424408
97.1626141246,-0.2332192,0.2148872,0.317124114461
97.7235397923,-0.2799409,0.1908178,0.338789522107
98.287703718,-0.3157606,0.1812139,0.364064876177
98.8551245962,-0.3533408,0.1679523,0.391225888739
99.4258212296,-0.3925036,0.1506257,0.420413103404
99.9998125293,-0.4330249,0.1288126,0.45177787677
100.577117516,-0.4683337,0.1336679,0.487035483354
101.157755319,-0.5064539,0.1384788,0.525044694169
101.741745179,-0.5476042,0.143208,0.566020221478
102.329106448,-0.5920192,0.1478129,0.610192909312
102.91985859,-0.6142281,0.1665535,0.636408852226
103.514021179,-0.6369933,0.1865613,0.663751145312
104.111613905,-0.6603116,0.2079021,0.692267789428
104.71265657,-0.6841794,0.2306447,0.722009992329
105.317169091,-0.6853672,0.1709955,0.70637642929
105.9251715,-0.6818248,0.112734,0.691081769873
106.536683943,-0.6737784,0.05619843,0.676118033956
107.151726685,-0.661476,0.001700673,0.661478186235
107.770320105,-0.7100774,0.01316859,0.710199497151
108.392484703,-0.7620555,0.02631303,0.762509646252
109.018241096,-0.8176297,0.04131513,0.81867286891
109.647610017,-0.8770319,0.05837331,0.878972352772
110.280612324,-0.9010786,0.08271028,0.90486663868
110.917268991,-0.9251982,0.108377,0.93152417221
111.557601116,-0.9493576,0.135414,0.958966529173
112.201629918,-0.9735233,0.1638624,0.987217555444
112.849376736,-0.9905778,0.1058085,0.99621273658
113.500863036,-1.004224,0.0462944,1.00529051206
114.156110407,-1.014347,-0.01448312,1.01445039168
114.81514056,-1.020846,-0.0763187,1.02369482742
115.477975334,-1.127433,-0.09807478,1.13169069624
116.144636693,-1.244963,-0.1235559,1.25107910693
116.815146729,-1.374542,-0.1533016,1.38306438401
117.48952766,-1.51738,-0.1879235,1.52897263097
118.167801833,-1.563932,-0.1420363,1.57036862269
118.849991724,-1.610179,-0.09337123,1.61288393836
119.536119939,-1.656022,-0.04186469,1.6565510909
120.226209214,-1.701353,0.01254521,1.70139925147
120.920282416,-1.751188,0.02653259,1.75138898868
121.618362544,-1.802372,0.04132939,1.80284579065
122.320472732,-1.854941,0.05697023,1.85581564833
123.026636244,-1.908927,0.07349028,1.91034109849
123.736876481,-1.995345,0.07760979,1.99685376243
124.451216978,-2.085675,0.08195169,2.08728442842
125.169681406,-2.180094,0.08652766,2.18181046032
125.892293573,-2.278787,0.09135009,2.28061724766
126.619077423,-2.357631,0.1175818,2.36056124933
127.350057041,-2.438969,0.1455286,2.44330684859
128.085256649,-2.522872,0.1752759,2.52895329524
128.824700609,-2.609411,0.2069126,2.61760168684
129.568413423,-2.745833,0.2129178,2.75407568041
130.316419737,-2.889379,0.2189862,2.89766560552
131.068744336,-3.04042,0.2251078,3.04874192053
131.825412151,-3.199347,0.2312714,3.20769507386
132.586448256,-3.330805,0.2962254,3.34395147029
133.351877867,-3.466709,0.3661959,3.48599637519
134.121726351,-3.607159,0.4414719,3.63407395216
134.896019216,-3.752257,0.5223566,3.78844150167
135.674782122,-4.264892,0.6479376,4.31382972603
136.458040872,-4.846793,0.7981893,4.91207782344
137.245821423,-5.507213,0.9775132,5.59329304467
138.038149879,-6.256621,1.19105,6.36898001568
138.835052496,-7.188762,1.971485,7.45419695191
139.636555679,-8.203695,2.968705,8.72432352851
140.442685989,-9.295061,4.226546,10.2108692129
141.253470138,-10.45137,5.795562,11.9507185463
142.068934993,-10.74762,9.553018,14.379551056
142.889107576,-10.10745,14.04276,17.302013002
143.714015066,-8.175245,19.14608,20.81842958
144.543684796,-4.564666,24.63009,25.0495011747
145.37814426,3.084566,20.54656,20.7768061848
146.21742111,7.977286,15.27534,17.232907591
147.061543155,10.3874,9.818655,14.2934972896
147.910538368,10.80079,4.888211,11.8554490174
148.764434882,9.304887,3.73429,10.0262577209
149.623260993,7.998693,2.814147,8.4792990893
150.487045158,6.861344,2.084575,7.17101766955
151.355816003,5.873645,1.509829,6.06459307747
152.229602313,5.387105,0.6699947,5.42860877012
153.108433046,4.859277,-0.02009227,4.85931853885
153.992337321,4.311887,-0.5725171,4.34972933992
154.88134443,3.762843,-1.000488,3.8935798028
155.77548383,2.039788,-1.00671,2.2746868156
156.674785152,1.052222,-0.8116776,1.32890619068
157.579278194,0.5090891,-0.5861513,0.776366574648
158.48899293,0.2240134,-0.3943847,0.453565094527
159.403959505,0.1115329,-0.3292279,0.347606958965
160.324208236,0.0363064,-0.2639163,0.266401892048
161.24976962,-0.01086002,-0.2038781,0.204167136665
162.180674325,-0.03767119,-0.1518688,0.156471246462
163.1169532,-0.1693889,-0.2257361,0.282222228548
164.05863727,-0.4401113,-0.2557713,0.509035278042
165.005757739,-0.9108704,-0.1152337,0.918130541487
165.958345992,-1.593886,0.4493034,1.65600305744
166.916433595,-2.329593,0.9866646,2.52992303807
167.880052295,-3.341604,1.942209,3.86503468193
168.849234025,-4.692193,3.584559,5.90472170163
169.8240109,-6.424226,6.332795,9.02080773607
170.804415221,-3.345956,9.793127,10.3489496082
171.790479475,1.587434,11.76603,11.8726327605
172.782236339,7.662028,11.26124,13.6206534135
173.779718674,13.6374,7.62852,15.6260358425
174.782959536,14.70356,5.82587,15.8156706443
175.791992169,15.53162,3.874547,16.0076023901
176.806850008,16.10089,1.805973,16.2018578339
177.827566682,16.39483,-0.345552,16.3984711761
178.854176016,10.69787,-4.551978,11.626045168
179.886712028,5.83928,-5.817388,8.24252352505
180.925208934,2.308185,-5.368537,5.84370665884
181.969701144,0.102863,-4.141742,4.14301913963
183.020223272,0.4258268,-3.975169,3.99791158509
184.076810128,0.7232872,-3.789476,3.85788448871
185.139496723,0.9947115,-3.58741,3.72276261348
186.208318273,1.239803,-3.371654,3.59237556145
187.283310195,0.456412,-2.692778,2.73118385888
188.36450811,-0.03440278,-2.076159,2.07644401431
189.451947847,-0.315236,-1.546868,1.57866220108
190.545665439,-0.4513125,-1.112128,1.20021317317
191.645697129,-0.4460101,-0.7590374,0.88037650122
192.752079368,-0.4045473,-0.5033506,0.645771123896
193.86484882,-0.3472179,-0.3222055,0.473684129258
194.984042357,-0.2863143,-0.1968485,0.347455335744
196.109697066,-0.122461,-0.2592967,0.286760309583
197.241850248,0.02033674,-0.2357924,0.236667781693
198.38053942,0.1124233,-0.1597283,0.195325697756
199.525802313,0.1465143,-0.06723632,0.161205343682
200.677676878,0.2744921,0.0203351,0.275244308305
201.836201285,0.3935816,0.2568119,0.469956197789
203.001413923,0.3765603,0.7085651,0.802410219572
204.173353405,-0.02150976,1.369879,1.37004786209
205.352058565,0.3831269,1.280988,1.33705515131
206.537568461,0.7334774,1.079196,1.30485750284
207.729922378,1.000089,0.7883254,1.27343431091
208.929159826,1.162569,0.4392131,1.24276901594
210.135320544,1.05026,0.3592785,1.11001221082
211.348444502,0.9477416,0.2910892,0.991436867747
212.568571898,0.8542953,0.2331087,0.885528161956
213.795743164,0.7692364,0.1839857,0.790933231625
215.029998963,0.7760085,0.1701933,0.794452611197
216.271380197,0.782548,0.1562137,0.797987526451
217.519927999,0.7888511,0.1420505,0.801538771689
218.775683744,0.7949117,0.1277073,0.805104816325
220.038689043,0.8179234,0.1009262,0.824126680865
221.308985748,0.8404623,0.0726705,0.843598174068
222.586615953,0.8624619,0.04292411,0.86352939045
223.871621995,0.8838547,0.01167288,0.883931777254
225.164046454,0.8804287,0.01050746,0.880491398311
226.463932159,0.8770142,0.009350916,0.877064049333
227.771322182,0.8736118,0.008203199,0.873650313096
229.086259848,0.8702212,0.007064256,0.870249872532
230.408788728,0.8669072,0.004140808,0.86691708929
231.738952648,0.8635963,0.001239605,0.863597189663
233.076795685,0.8602883,-0.001639453,0.860289862153
234.422362171,0.8569838,-0.004496462,0.856995596041
235.775696694,0.8540989,-0.006814848,0.854126087375
237.136844099,0.8512169,-0.009117605,0.851265729116
238.505849491,0.8483387,-0.0114048,0.848415357818
239.882758234,0.8454641,-0.01367649,0.845574710341
241.267615955,0.8437997,-0.01755737,0.843982342802
242.660468543,0.8421208,-0.02142321,0.842393254792
244.061362154,0.840427,-0.02527397,0.840806943292
245.470343209,0.8387187,-0.02910959,0.83922370436
246.887458397,0.8358172,-0.03232775,0.836442152953
248.312754677,0.8329123,-0.03552375,0.833669500645
249.746279278,0.8300046,-0.03869765,0.830906218617
251.188079705,0.8270939,-0.04184952,0.828151979857
252.638203732,0.8282712,-0.04423235,0.829451434103
254.096699414,0.8294436,-0.04662216,0.830752858186
255.56361508,0.8306113,-0.04901903,0.832056486658
257.038999339,0.8317741,-0.0514229,0.833362147014
258.522901081,0.8341382,-0.05846179,0.836184380139
260.015369477,0.8364524,-0.06554382,0.839016453835
261.516453985,0.8387154,-0.07266866,0.841857622371
263.026204344,0.8409277,-0.07983609,0.84470894271
264.544670583,0.8402671,-0.08383913,0.844439340072
266.071903021,0.8395873,-0.08783768,0.844169587434
267.607952264,0.8388887,-0.0918317,0.8439000605
269.152869212,0.8381714,-0.09582104,0.843630824167
270.70670506,0.8455924,-0.0964589,0.85107627527
272.269511296,0.8530787,-0.09710051,0.858587082034
273.841339708,0.8606318,-0.09774594,0.866164744121
275.42224238,0.8682519,-0.09839527,0.873809470658
277.0122717,0.8807779,-0.1421573,0.892176219741
278.611480355,0.891446,-0.1873926,0.910929172576
280.219921339,0.9001478,-0.2340409,0.930075913417
281.83764795,0.9067767,-0.2820359,0.949625311663
283.464713795,0.9043337,-0.242652,0.936322291767
285.10117279,0.9003972,-0.2039448,0.923205610476
286.747079163,0.8950153,-0.1659624,0.91027243474
288.402487452,0.8882383,-0.1287502,0.897520969998
290.067452514,0.9415053,-0.1546209,0.954117315976
291.74202952,0.9976035,-0.1831839,1.01428254665
293.426273962,1.056657,-0.2146655,1.07824175978
295.120241648,1.118794,-0.2493084,1.14623500764
296.823988713,1.202478,-0.4109256,1.27075300087
298.537571612,1.275015,-0.5992037,1.40879676473
300.26104713,1.332024,-0.8155035,1.56183670564
301.994472377,1.368511,-1.060791,1.73150220987
303.737904793,1.022783,-1.394807,1.7296160361
305.49140215,0.598972,-1.620583,1.72773166802
307.255022553,0.1299142,-1.720953,1.72584962484
309.028824445,-0.3481351,-1.688454,1.72397069522
310.812866602,-0.6245021,-1.097813,1.26301079009
312.607208143,-0.6834842,-0.6237279,0.925303812209
314.411908526,-0.6173507,-0.280032,0.67789365524
316.227027554,-0.4935265,-0.05549455,0.496636739763
318.052625375,-0.3058507,-0.01430705,0.306185143941
319.888762483,-0.1887361,0.00348955,0.188768356465
321.735499721,-0.1159713,0.0097316,0.116378891824
323.592898286,-0.07095514,0.0106475,0.0717495724633
325.461019725,-0.05625262,0.003484107,0.0563604139308
327.339925943,-0.0442579,-0.001116981,0.044271992941
329.2296792,-0.0345572,-0.003897977,0.0347763467968
331.130342118,-0.026776,-0.005411419,0.0273173503765
333.041977678,-0.03923716,-0.002868512,0.0393418744592
334.964649226,-0.05657838,0.003027518,0.0566593235811
336.898420474,-0.08028273,0.01460035,0.0815995524275
338.8433555,-0.112047,0.03543913,0.117517922651
340.799518754,-0.1502515,0.04839172,0.157852056739
342.766975058,-0.2014765,0.06605901,0.212029650885
344.745789606,-0.2701574,0.09015082,0.284802020922
346.73602797,-0.3622397,0.1229952,0.382551198507
348.737756102,-0.4989858,0.1445234,0.519493832253
350.751040331,-0.6858191,0.1652991,0.705458454046
352.775947373,-0.9405524,0.1819664,0.957992999909
354.812544325,-1.287146,0.1888759,1.30093002537
356.860898676,-1.343367,0.5635604,1.45678935373
358.9210783,-1.299923,0.9856015,1.63132158777
360.993151467,-1.135188,1.431229,1.82676441989
363.077186837,-0.8323325,1.868635,2.04562317003
365.173253471,-1.008947,2.368533,2.57447521272
367.281420824,-1.220912,3.001217,3.24005086269
369.401758755,-1.474629,3.80172,4.07769611987
371.534337526,-1.777434,4.81426,5.13189740466
373.679227803,-0.5594586,4.632396,4.66605686055
375.836500662,0.4796482,4.215299,4.24250021275
378.006227589,1.31105,3.627758,3.85739292905
380.18848048,1.922867,2.933142,3.50724100852
382.38333165,1.923569,2.599525,3.23382867873
384.590853829,1.906761,2.292373,2.98172961253
386.811120167,1.875218,2.010502,2.74928369572
389.044204238,1.831435,1.752675,2.5349603182
391.290180039,1.41781,2.032155,2.47786987958
393.549121994,0.9676247,2.220383,2.4220648684
395.821104958,0.4999654,2.314125,2.3675176698
398.106204217,0.03374661,2.313951,2.31419706682
400.404495494,0.3641977,2.676856,2.70151772332
402.716054945,0.7981366,3.050995,3.15366334955
405.04095917,1.353584,3.423614,3.6814837316
407.379285207,2.049631,3.7774,4.29764330723
409.731110543,1.840259,3.680597,4.11501488011
412.096513109,1.643002,3.581241,3.94014500648
414.475571287,1.457421,3.479835,3.7727082578
416.868363913,1.283078,3.376836,3.61238294274
419.274970276,1.39695,4.11163,4.34246134806
421.695470124,1.502311,4.999244,5.2200937647
424.129943664,1.590914,6.070077,6.27509698262
426.578471567,1.651545,7.360309,7.54332482812
429.041134971,2.357338,5.020501,5.54639276803
431.51801548,2.491464,3.228553,4.07810585163
434.00919517,2.302452,1.920888,2.99851561958
436.514756592,1.958582,1.012301,2.20472147114
439.034782772,1.737176,1.050341,2.03002381051
441.569357216,1.53143,1.071686,1.86916792384
444.118563912,1.341099,1.078655,1.72105872556
446.682487334,1.165811,1.073364,1.58468468921
449.26121244,1.021164,1.150534,1.53834469481
451.854824684,0.8739229,1.210943,1.49336003174
454.463410008,0.7258137,1.25491,1.44969122064
457.087054853,0.578472,1.282911,1.40729900473
459.72584616,0.07907681,1.198583,1.20118872363
462.379871368,-0.2949913,0.9819101,1.02526450809
465.049218426,-0.5293061,0.6968831,0.875106280724
467.733975785,-0.6314582,0.3989733,0.746939858663
470.434232413,-0.480549,0.6107496,0.777137320749
473.150077785,-0.2589464,0.7659694,0.808555724616
475.881601898,0.01232245,0.8411542,0.841244453742
478.628895265,0.3044743,0.8205887,0.875254485237
481.392048923,0.07848276,0.7887472,0.792642220125
484.171154435,-0.112197,0.7090045,0.717826962317
486.966303892,-0.2609518,0.595399,0.650073696687
489.777589916,-0.3652084,0.4617453,0.588715463957
492.605105665,-0.36313,0.4810533,0.602723547193
495.448944835,-0.3605563,0.5007676,0.617064854516
498.30920166,-0.3574664,0.5208865,0.631747554812
501.185970921,-0.3538381,0.5414067,0.646778645146
504.079347946,-0.4033132,0.5417288,0.675375177249
506.989428613,-0.4549,0.5389103,0.705236358568
509.916309351,-0.5084874,0.5326835,0.736417780293
512.86008715,-0.5639428,0.5227762,0.768977526953
515.820859556,-0.6145712,0.3759356,0.720434129686
518.798724681,-0.6339353,0.2317112,0.674954846483
521.793781203,-0.6250681,0.09566753,0.632346745017
524.806128367,-0.5917827,-0.02764529,0.592428076714
527.835865994,-0.7971443,-0.2125169,0.824986344013
530.883094481,-1.021969,-0.5247885,1.14883576141
533.947914803,-1.235628,-1.016181,1.59981260751
537.030428518,-1.381154,-1.748029,2.22782220039
540.130737772,-1.850314,-1.039988,2.12255434294
543.248945299,-2.007229,-0.2461091,2.02226060327
546.385154428,-1.857902,0.5102922,1.92670650878
549.539469082,-1.452296,1.122726,1.83566809165
552.711993787,-1.392761,1.177408,1.82375239591
555.902833669,-1.331296,1.229099,1.8119142892
559.112094463,-1.268045,1.277738,1.80015347087
562.339882514,-1.203154,1.323271,1.78847020863
565.586304782,-1.121184,1.321059,1.73270033281
568.851468843,-1.041888,1.316207,1.67866955396
572.135482894,-0.9652714,1.308884,1.62632290801
575.438455757,-0.8913285,1.29926,1.57560878473
578.760496883,-0.7336773,1.109181,1.3298740058
582.101716354,-0.6033436,0.9465207,1.12246377901
585.462224888,-0.4956726,0.8073901,0.947401762701
588.842133841,-0.406791,0.6884399,0.799642678697
592.241555215,-0.7317609,0.259922,0.776552291126
595.660601653,-0.7072362,-0.2617763,0.75412855259
599.099386455,-0.3642029,-0.6353709,0.732352328415
602.55802357,0.1240454,-0.7003039,0.711205183907
606.036627607,0.4340671,-0.3379673,0.550123752597
609.535313836,0.4244121,0.03076655,0.425525805593
613.054198193,0.2278299,0.2375543,0.32914815628
616.593397283,0.007785075,0.2544801,0.254599152962
620.153028384,0.0465202,0.3066167,0.310125667636
623.733209451,0.100966,0.3640196,0.37776236226
627.334059121,0.175179,0.4255002,0.460150086647
630.955696715,0.2738919,0.4890302,0.560506297376
634.598242242,0.2817157,0.4737511,0.551184034945
638.261816405,0.2890174,0.4585318,0.54201703766
641.946540605,0.2958071,0.4433843,0.533002324476
645.652536941,0.3020951,0.4283207,0.52413745477
649.379928219,0.4040636,0.3847908,0.557970745299
653.128837952,0.5015412,0.3182421,0.593987886669
656.89939037,0.5895678,0.228585,0.632330050703
660.691710415,0.6629454,0.1167517,0.673147504514
664.505923754,0.6073295,-0.05559344,0.609868635151
668.342156778,0.517722,-0.1930356,0.552538516441
672.200536608,0.4066985,-0.2918805,0.500597539129
676.081191098,0.2861318,-0.3518901,0.453539468458
679.984248843,0.2536301,-0.2272017,0.34051261373
683.909839177,0.2148368,-0.1385776,0.255653284462
687.858092182,0.1756284,-0.07743572,0.191941724538
691.829138692,0.1393509,-0.03672058,0.144107856574
695.823110294,0.1614929,-0.02737095,0.163795987907
699.840139336,0.185606,-0.01453071,0.186173920755
703.880358931,0.2115947,0.002461866,0.211609021198
707.943902959,0.2392839,0.02434623,0.240519279299
712.030906073,0.3353097,-0.01673749,0.335727178652
716.141503704,0.459174,-0.09362788,0.468622387631
720.275832064,0.6139208,-0.2257837,0.654123098398
724.434028153,0.7996574,-0.4406963,0.913052674389
728.616229761,0.6094793,-0.4467699,0.75569065144
732.822575472,0.4527369,-0.431528,0.625449530662
737.053204672,0.3257053,-0.4023467,0.517655106658
741.308257551,0.2245428,-0.364884,0.428438796665
745.587875109,0.1688795,-0.3966644,0.43111823407
749.892199159,0.1087379,-0.4199656,0.43381451806
754.221372332,0.04540796,-0.4341595,0.436527609976
758.575538085,-0.01973275,-0.4388142,0.439257650524
762.954840701,-0.0359864,-0.4544281,0.455850764017
767.359425297,-0.05339649,-0.4700477,0.473070846089
771.789437827,-0.07200618,-0.485632,0.490941268771
776.245025089,-0.09185885,-0.5011374,0.509486743696
780.726334726,-0.1736409,-0.3260626,0.369415729594
785.233515235,-0.1916586,-0.1871168,0.267853907562
789.766715971,-0.1735615,-0.08715208,0.194214003951
794.32608715,-0.1390808,-0.02206082,0.140819560814
798.911779856,-0.1170751,0.01201671,0.117690188033
803.523946043,-0.09198956,0.03482207,0.0983598277148
808.162738546,-0.06683441,0.04786163,0.0822044645157
812.82831108,-0.04371797,0.05299782,0.0687024732137
817.520818247,-0.06171677,0.05052648,0.0797614247643
822.240415543,-0.08166067,0.04366223,0.0926005148659
826.98725936,-0.1028316,0.03135703,0.107506284881
831.761506995,-0.1241759,0.01257885,0.124811384129
836.563316651,-0.136993,0.0008635359,0.136995721624
841.392847445,-0.149783,-0.01326749,0.150369456273
846.250259414,-0.1622929,-0.03003536,0.165048805633
851.135713517,-0.1742232,-0.04965558,0.181161254255
856.049371643,-0.1576643,-0.06212585,0.169462835845
860.991396616,-0.1411106,-0.07222418,0.158519820871
865.961952199,-0.1247782,-0.08011483,0.148283462265
870.9612031,-0.1088533,-0.08597024,0.138708049826
875.989314981,-0.08736961,-0.07654043,0.1161545788
881.046454456,-0.06980456,-0.06773792,0.0972681983113
886.132789105,-0.05549002,-0.05962718,0.0814527035423
891.248487472,-0.04386444,-0.05223357,0.068208759932
896.393719077,-0.03667817,-0.07845949,0.0866093512596
901.568654415,-0.01926218,-0.1082738,0.109973848459
906.77346497,0.0118793,-0.1391352,0.139641403772
912.008323211,0.06020103,-0.1667797,0.177312245333
917.273402607,0.06559213,-0.144292,0.158500816345
922.568877626,0.06878437,-0.1238684,0.141685108868
927.894923743,0.07016523,-0.1054416,0.126653426766
933.251717448,0.07007517,-0.08892392,0.113216575636
938.639436248,0.08568625,-0.08221488,0.118749399714
944.058258676,0.1009304,-0.07298224,0.124552611372
949.508364294,0.1154275,-0.06118128,0.130639415104
954.989933703,0.1287762,-0.04682068,0.13702366862
960.503148545,0.1605813,-0.02100876,0.161949751177
966.04819151,0.1906604,0.01692566,0.191410203737
971.625246345,0.2156403,0.06840424,0.226229704137
977.234497856,0.2312653,0.1342026,0.267383576217
982.876131917,0.286539,0.1316527,0.315336379028
988.550335473,0.3511456,0.1224683,0.371889387996
994.257296551,0.4259654,0.1044496,0.438584360115
999.997204261,0.5117866,0.07491525,0.517240580989
