Hz,real,imaginary,V^2 (rms) 
9.99999046326,0.7633098,0.05553556,0.765327413073
10.0577210151,0.8186282,-0.007760528,0.818664983757
10.1157848488,0.8720494,-0.08009292,0.875719722214
10.1741838887,0.9226552,-0.1618924,0.936750643055
10.2329200697,0.9694294,-0.2535376,1.00203526694
10.2919953382,1.046473,-0.2238261,1.07014198253
10.3514116519,1.12724,-0.1884184,1.14287860732
10.4111709795,1.211704,-0.1467544,1.22055865797
10.4712753014,1.299812,-0.09823753,1.30351902466
10.5317266092,1.441124,-0.1136184,1.44559590626
10.592526906,1.597782,-0.1311837,1.60315828372
10.6536782067,1.77145,-0.1512268,1.77789331725
10.7151825375,1.963976,-0.174079,1.97167574079
10.7770419365,1.838692,-0.1098251,1.84196900719
10.8392584537,1.719973,-0.05318701,1.72079515886
10.9018341505,1.607589,-0.00348439,1.60759277614
10.9647711006,1.501308,0.03991175,1.50183842628
11.0280713896,1.395376,0.03225132,1.39574866255
11.091737115,1.296903,0.02547365,1.29715315143
11.1557703865,1.205365,0.01949229,1.2055225973
11.2201733259,1.120274,0.01422866,1.12036435584
11.2849480674,1.200155,0.09100001,1.20360002735
11.3500967575,1.280609,0.1787123,1.29301875356
11.4156215548,1.360939,0.278194,1.38908130192
11.4815246308,1.440339,0.3902859,1.49227997328
11.5478081693,1.165532,1.117726,1.6148610634
11.6144743666,0.5272385,1.666079,1.74751242345
11.681525432,-0.3633916,1.855815,1.89105863716
11.7489635872,-1.307675,1.57408,2.04639726154
11.816791067,-1.248537,0.6007689,1.38555689583
11.8850101189,-0.9379457,0.01817251,0.938121727852
11.9536230036,-0.5826005,-0.2530311,0.635175629387
12.0226319946,-0.2874212,-0.3199063,0.43005928311
12.0920393787,-0.1075067,-0.5939466,0.603597758608
12.1618474559,0.3093697,-0.788654,0.847162760628
12.2320585393,0.9508022,-0.7139494,1.18901159342
12.3026749556,1.661874,-0.1519456,1.66880575779
12.3736990447,1.410336,-0.0177189,1.41044730221
12.4451331602,1.189488,0.07868122,1.19208742822
12.5169796691,0.9970077,0.1452466,1.00753209808
12.5892409524,0.8304111,0.1885569,0.851549352381
12.6619194044,0.9152242,0.1397916,0.925838553797
12.7350174335,1.003401,0.08030145,1.0066091047
12.808537462,1.094389,0.008918749,1.09442534117
12.8824819261,1.187499,-0.0755796,1.18990174003
12.956853276,1.03228,-0.06661184,1.03442696003
13.0316539763,0.8973492,-0.05869722,0.899266896075
13.1068865055,0.7800544,-0.05171359,0.781766693042
13.1825533567,0.6780904,-0.04555275,0.679618748715
13.2586570372,0.7530292,-0.03012012,0.753631340697
13.3352000689,0.8356346,-0.0107614,0.83570389041
13.4121849882,0.9266203,0.01317973,0.926714025822
13.489614346,1.026758,0.04245221,1.02763523718
13.5674907083,0.975597,0.1283457,0.984003112352
13.6458166555,0.9194539,0.2058854,0.942223047987
13.7245947832,0.8592752,0.2750315,0.902217376981
13.8038277017,0.795965,0.3358276,0.863909982664
13.8835180367,0.9668694,0.3033646,1.01334422443
13.9636684289,1.162807,0.246399,1.18862634434
14.0442815341,1.385243,0.1580311,1.394228101
14.1253600237,1.635119,0.03004077,1.63539493457
14.2069065844,1.291815,0.2216674,1.31069539957
14.2889239182,0.9966386,0.3319435,1.05046417654
14.3714147431,0.7494351,0.3835919,0.841900062274
14.4543817926,0.5473338,0.3945966,0.674744963193
14.5378278159,0.6607753,0.3255265,0.736608104281
14.6217555781,0.7703703,0.2305983,0.804143006613
14.7061678604,0.8711353,0.1085309,0.877869960279
14.7910674599,0.9574734,-0.04115082,0.958357293338
14.8764571899,1.338805,-0.3035645,1.37278921677
14.9623398801,1.808911,-0.7711855,1.96643995111
15.0487183762,2.351493,-1.550772,2.8168090324
15.1355955406,2.916207,-2.7886,4.03491675588
15.2229742522,3.177297,-1.164897,3.38411011151
15.3108574064,2.833131,0.1707776,2.83827346319
15.3992479154,2.120388,1.081959,2.38047905856
15.4881487081,1.266778,1.543169,1.99652124052
15.5775627305,1.189557,0.6419304,1.35171021106
15.6674929455,0.9099902,0.09706311,0.915152124742
15.757942333,0.5950578,-0.172613,0.619587792899
15.8489138904,0.3285586,-0.2607942,0.419481070357
15.9404106321,0.4106826,-0.3137278,0.516802989964
16.03243559,0.5130535,-0.377052,0.636704094982
16.1249918136,0.640602,-0.4527124,0.784422997826
16.2180823699,0.7994462,-0.5429922,0.966413346325
16.3117103437,1.226733,-0.5160805,1.33086924067
16.4058788374,1.79631,-0.3637572,1.83277083037
16.5005909715,2.523947,-0.003490017,2.52394941293
16.5958498845,3.408536,0.6804279,3.47578765036
16.6916587331,2.200829,0.715427,2.31419188478
16.7880206919,1.399529,0.6444956,1.54079719634
16.8849389541,0.8752101,0.5351766,1.0258687598
16.9824167314,0.5370289,0.4220493,0.683026830414
17.0804572538,0.7068401,0.3356039,0.78246591278
17.17906377,0.8746832,0.1960365,0.896382178367
17.2782395477,1.02688,-0.002384339,1.02688276813
17.3779878732,1.146699,-0.2625995,1.17638305581
17.4783120518,1.128576,-0.11285,1.1342040867
17.5792154079,1.093174,0.02820897,1.0935379007
17.6807012853,1.04229,0.1588702,1.05432830966
17.7827730468,0.9778551,0.2777178,1.01652731052
17.8854340747,0.7166227,0.2787047,0.768911180799
17.988687771,0.5198298,0.260863,0.581612006184
18.0925375572,0.3729028,0.2334269,0.439937059011
18.1969868745,0.2642104,0.202313,0.332772723397
18.302039184,0.3672258,0.1681608,0.403897069613
18.4076979669,0.479923,0.09996329,0.49022315865
18.5139667243,0.5948957,-0.0111342,0.594999885956
18.6208489778,0.7009917,-0.1736129,0.722170895644
18.7283482689,0.787021,-0.2368061,0.821875406274
18.83646816,0.8812502,-0.3134794,0.935345523977
18.9452122338,0.9840406,-0.4059364,1.06448121791
19.0545840938,1.095675,-0.5168175,1.2114470826
19.1645873641,1.0084,-0.2797335,1.04648047809
19.27522569,0.8994199,-0.09065683,0.903977221694
19.3865027376,0.7789842,0.05437412,0.780879586604
19.4984221944,0.6552375,0.1602311,0.674544429088
19.610987769,0.6530429,0.0835952,0.65837161748
19.7242031915,0.6425165,0.009510064,0.642586876686
19.8380722135,0.6241885,-0.06118802,0.627180402535
19.9525986083,0.5986653,-0.1277463,0.612143168375
20.0677861709,0.6261178,-0.1112762,0.63592915656
20.1836387183,0.6540323,-0.09319688,0.660639014807
20.3001600895,0.6823698,-0.0734304,0.686309381836
20.4173541456,0.7110852,-0.05189712,0.712976488198
20.5352247701,0.7501214,0.04828047,0.751673545179
20.6537758689,0.7764529,0.1585297,0.792471306547
20.7730113704,0.7880636,0.2774664,0.835482998495
20.8929352257,0.783049,0.4033545,0.880829489215
21.0135514086,0.8762361,0.2430426,0.909318100754
21.1348639161,0.9367166,0.06142222,0.938728223622
21.2568767681,0.9596602,-0.1348585,0.969089528623
21.3795940077,0.941583,-0.3380646,1.00043301608
21.5030197013,0.9284812,-0.1809383,0.945947148186
21.627157939,0.8937054,-0.03596646,0.894428827931
21.7520128342,0.8404158,0.09453775,0.84571632541
21.8775885244,0.7718979,0.2088657,0.799656956864
22.0038891706,0.8009871,0.07452111,0.804446225799
22.1309189581,0.806758,-0.06363945,0.809264141156
22.2586820963,0.78876,-0.2015795,0.814110946014
22.3871828188,0.7472397,-0.3352206,0.818987191548
22.5164253838,0.8228723,-0.2863229,0.871263235292
22.646414074,0.8985172,-0.2275213,0.926875989898
22.7771531967,0.973261,-0.1582222,0.986038152758
22.9086470844,1.046082,-0.07788067,1.04897709674
23.0409000942,1.040556,0.03498928,1.04114410091
23.1739166087,1.023035,0.1457737,1.03336856099
23.3077010356,0.9939025,0.2532179,1.0256517364
23.4422578082,0.9536689,0.3561246,1.01799268247
23.5775913851,1.024069,0.2478156,1.05362701577
23.713706251,1.082994,0.127801,1.09050864262
23.8506069163,1.128678,-0.002820757,1.12868152477
23.9882979174,1.159441,-0.1427016,1.16818970169
24.126783817,1.070067,-0.07854249,1.07294562175
24.2660692042,0.9851819,-0.02372218,0.98546746162
24.4061586943,0.9048358,0.02273382,0.905121346303
24.5470569295,0.8290308,0.06172172,0.83132523002
24.6887685789,0.8349482,0.004584714,0.834960787274
24.8312983381,0.8369306,-0.05307498,0.838611818852
24.9746509303,0.8349348,-0.1109867,0.842279150774
25.1188311058,0.8289352,-0.168876,0.845962569606
25.2638436421,0.8098172,-0.09799851,0.815725202123
25.4096933446,0.7859431,-0.03135926,0.786568471034
25.5563850463,0.7578267,0.03083744,0.758453858147
25.7039236081,0.725977,0.08843498,0.731343524082
25.8523139189,0.7501131,0.0627328,0.752731736402
26.001560896,0.773938,0.03535949,0.774745326786
26.151669485,0.7973782,0.006279529,0.797402925954
26.30264466,0.8203555,-0.02454073,0.820722482822
26.4544914238,0.8489428,0.02350884,0.849268239857
26.6072148082,0.8756133,0.07484989,0.878806666548
26.760819874,0.9001077,0.1294771,0.909372416023
26.9153117111,0.9221581,0.1873693,0.941000964919
27.070695439,0.9699303,0.1754326,0.985667988727
27.2269762066,1.019689,0.1618554,1.03245475796
27.3841591925,1.071493,0.1465155,1.08146384165
27.5422496054,1.125397,0.1292834,1.13279857218
27.7012526838,1.058799,0.09778197,1.06330458292
27.8611736966,0.9956421,0.06961344,0.998072754022
28.0220179431,0.9357856,0.04450061,0.936843099701
28.1837907532,0.8790897,0.02218625,0.879369620999
28.3464974876,0.9168928,0.06119601,0.91893272786
28.5101435378,0.9546755,0.1035613,0.960276133806
28.6747343267,0.9922913,0.1494293,1.00347951636
28.8402753081,1.029583,0.1989473,1.04862823826
29.0067719676,1.070424,0.1502022,1.08091083844
29.1742298225,1.109882,0.09785713,1.11418762864
29.3426544217,1.147725,0.04187962,1.14848882371
29.5120513464,1.183713,-0.01775158,1.18384609851
29.6824262098,1.075582,0.02022156,1.07577207168
29.8537846576,0.9762121,0.05138848,0.977563726855
30.0261323681,0.8850089,0.07664303,0.888321398553
30.1994750524,0.8014039,0.09677882,0.807226331914
30.3738184546,0.8154093,0.0923676,0.820624213667
30.5491683518,0.829614,0.0877782,0.834244809029
30.7255305546,0.8440195,0.08300613,0.848091347673
30.9029109071,0.8586286,0.07804696,0.862168429428
31.0813152871,0.8722123,0.08026008,0.875897240955
31.2607496065,0.8860093,0.08252384,0.889844179536
31.441219811,0.9000235,0.08483921,0.904013269873
31.622731881,0.9142581,0.08720727,0.918407851315
31.8052918312,0.8971859,0.09022833,0.90171153408
31.9889057111,0.8804091,0.09310837,0.885318785482
32.1735796051,0.8639229,0.0958515,0.86922395687
32.3593196326,0.8477231,0.09846158,0.853422015775
32.5461319486,0.8530339,0.1073045,0.859756413334
32.7340227434,0.8582989,0.1162636,0.866137533205
32.9229982432,0.8635174,0.1253391,0.872566438784
33.11306471,0.8686877,0.1345316,0.879043270567
33.3042284421,0.9020897,0.08460324,0.906048307247
33.496495774,0.9333631,0.03116499,0.933883254504
33.6898730769,0.9622286,-0.02575262,0.962573153633
33.8843667586,0.9884013,-0.08610077,0.992144380842
34.0799832642,0.9482921,-0.1120159,0.954885055269
34.2767290758,0.9089423,-0.1357618,0.919025228744
34.4746107129,0.8703867,-0.157443,0.884511902569
34.6736347326,0.8326565,-0.1771617,0.851294963534
34.8738077301,0.8461333,-0.1088255,0.853102895798
35.0751363385,0.8540033,-0.0394702,0.854914927404
35.2776272292,0.8561896,0.03044425,0.856730694855
35.481287112,0.8526536,0.1004521,0.858550398047
35.6861227357,0.875564,0.08278655,0.879469118819
35.8921408879,0.8986105,0.06415559,0.900897758038
36.0993483954,0.9217733,0.04453284,0.922848411404
36.3077521244,0.9450322,0.02389166,0.945334158091
36.5173589808,0.9418472,0.04263877,0.942811865037
36.7281759103,0.9382978,0.06126872,0.940296026544
36.9402098987,0.934388,0.0797746,0.93778724738
37.1534679722,0.9301211,0.09814961,0.935285307598
37.3679571975,0.9465462,0.06170911,0.948555598261
37.5836846821,0.961712,0.0241145,0.962014282666
37.8006575745,0.9755545,-0.01459855,0.975663722874
38.0188830647,0.988011,-0.0543913,0.989507023541
38.2383683838,0.9954122,-0.03576828,0.996054625893
38.459120805,1.002503,-0.01688332,1.00264515732
38.6811476434,1.009277,0.00225931,1.00927952878
38.9044562561,1.015727,0.02165517,1.0159578165
39.129054043,1.027295,0.008743124,1.02733220491
39.3549484466,1.038824,-0.004462193,1.03883358347
39.5821469523,1.050309,-0.01796353,1.05046260471
39.8106570887,1.061748,-0.03176364,1.06222302005
40.040486428,1.081363,-0.03059938,1.08179584942
40.2716425861,1.101338,-0.02938135,1.10172984618
40.5041332226,1.121678,-0.02810797,1.12203012155
40.7379660418,1.142392,-0.02677762,1.14270579004
40.9731487919,1.131866,-0.01486626,1.1319636247
41.2096892664,1.121318,-0.003174915,1.12132249474
41.4475953034,1.110751,0.008298269,1.11078199718
41.6868747863,1.100165,0.01955515,1.10033878016
41.9275356443,1.127863,-0.006320636,1.12788071054
42.169585852,1.155626,-0.03350049,1.15611147157
42.4130334302,1.183425,-0.06201822,1.18504894002
42.6578864461,1.21123,-0.09190793,1.2147119743
42.9041530132,1.223523,-0.09007715,1.22683431012
43.1518412923,1.235934,-0.0882002,1.2390771274
43.4009594908,1.248466,-0.08627637,1.25144355253
43.6515158637,1.261118,-0.08430488,1.2639327208
43.9035187138,1.262467,-0.09441222,1.26599233543
44.1569763917,1.263739,-0.1045464,1.26805607521
44.4118972961,1.264933,-0.1147068,1.27012327924
44.6682898744,1.266047,-0.1248929,1.27219229784
44.9261626225,1.301519,-0.1229835,1.30731658317
45.1855240857,1.33796,-0.1208714,1.34340867086
45.4463828584,1.375398,-0.1185467,1.38049736634
45.7087475846,1.413861,-0.1159995,1.41861157874
45.9726269583,1.411186,-0.1247593,1.41669008945
46.2380297236,1.40846,-0.1334902,1.41477178552
46.5049646752,1.405683,-0.142192,1.41285641923
46.7734406585,1.402855,-0.1508642,1.4109437118
47.0434665699,1.394961,-0.1972551,1.40883844567
47.3150513572,1.385539,-0.2432882,1.40673646032
47.5882040201,1.374603,-0.2889135,1.40463675664
47.8629336098,1.362172,-0.3340816,1.40254164753
48.1392492302,1.31477,-0.2996779,1.34849063647
48.4171600373,1.268658,-0.2673523,1.29652241526
48.6966752405,1.22382,-0.2370038,1.24655773778
48.9778041018,1.180237,-0.2085362,1.19851855341
49.2605559372,1.216376,-0.1740197,1.22876093255
49.544940116,1.252247,-0.1374367,1.25976640514
49.830966062,1.287774,-0.09874512,1.29155428604
50.1186432531,1.322878,-0.05790479,1.32414469284
50.4079812221,1.339752,-0.06113217,1.34114598896
50.6989895567,1.356838,-0.0644327,1.35836700898
50.9916779002,1.374138,-0.06780763,1.37580998606
51.2860559511,1.391651,-0.07125835,1.39347416849
51.5821334645,1.397953,-0.08005534,1.40024335302
51.8799202513,1.404231,-0.08893315,1.4070443513
52.1794261793,1.410486,-0.09789209,1.41387892603
52.4806611732,1.416717,-0.1069324,1.42074684454
52.783635215,1.426397,-0.09933929,1.429851984
53.0883583443,1.436095,-0.09164111,1.4390159631
53.3948406587,1.44581,-0.08383708,1.44823865854
53.7030923141,1.45554,-0.07592638,1.45751895589
54.0131235251,1.465832,-0.08260952,1.46815795643
54.324944565,1.476171,-0.08938475,1.47887472586
54.6385657668,1.486556,-0.09625284,1.48966887272
54.9539975227,1.496988,-0.1032148,1.50054202443
55.2712502853,1.508173,-0.09902935,1.5114207257
55.5903345674,1.519425,-0.09477668,1.52237805741
55.9112609424,1.530743,-0.09045614,1.53341333153
56.2340400449,1.542131,-0.08606698,1.54453084987
56.5586825707,1.548344,-0.07987063,1.55040267669
56.8851992775,1.554554,-0.07362448,1.55629647014
57.213600985,1.560762,-0.06732841,1.56221353708
57.5438985756,1.566966,-0.06098219,1.56815218415
57.8761029941,1.567939,-0.06417836,1.56925191401
58.210225249,1.568908,-0.06737874,1.57035416613
58.5462764119,1.56987,-0.0705833,1.5714559552
58.8842676185,1.570826,-0.073792,1.57255829194
59.2242100689,1.595948,-0.07065283,1.59751113958
59.5661150277,1.62146,-0.06739496,1.62286001005
59.9099938246,1.647368,-0.06401537,1.64861132321
60.2558578547,1.673678,-0.06051113,1.6747715201
60.6037185787,1.684829,-0.05803499,1.68582822948
60.9535875239,1.696048,-0.05552334,1.69695658742
61.3054762837,1.707339,-0.05297584,1.70816067761
61.6593965186,1.718698,-0.0503921,1.71943658765
62.0153599566,1.723808,-0.04703368,1.72444953186
62.3733783931,1.728927,-0.04365503,1.72947805218
62.7334636917,1.734053,-0.04025611,1.73452021066
63.0956277846,1.739187,-0.03683683,1.73957706728
63.4598826729,1.766711,-0.04283693,1.76723025101
63.8262404266,1.794653,-0.04901806,1.79532229993
64.194713186,1.82302,-0.05538442,1.82386111159
64.5653131609,1.851818,-0.06194025,1.85285360989
64.938052632,1.878829,-0.05903628,1.87975628569
65.3129439507,1.906226,-0.05603471,1.9070494099
65.6899995397,1.934015,-0.05293327,1.93473924633
66.0692318935,1.9622,-0.04972976,1.96283007136
66.4506535786,1.98539,-0.07684417,1.98687656349
66.8342772344,2.008495,-0.1046016,2.01121695989
67.2201155727,2.031505,-0.1330087,2.03585458206
67.6081813792,2.054412,-0.1620722,2.0607950077
67.9984875132,2.07506,-0.2003598,2.08471054419
68.3910469082,2.095267,-0.239452,2.1089051808
68.7858725723,2.11501,-0.2793501,2.13337848927
69.182977589,2.134274,-0.3200554,2.15813831024
69.5823751171,2.112185,-0.351648,2.1412570584
69.9840783913,2.089767,-0.3826361,2.12450853124
70.3881007229,2.067031,-0.4130194,2.10789045724
70.7944554999,2.04399,-0.4427972,2.09140251516
71.2031561878,1.999544,-0.4891711,2.05851028004
71.6142163295,1.954599,-0.5336362,2.02613544581
72.0276495463,1.909212,-0.5762102,1.99426895266
72.4434695382,1.863441,-0.616912,1.96290416888
72.8616900841,1.7983,-0.6166193,1.90107923326
73.2823250427,1.735217,-0.6156653,1.84120118366
73.7053883523,1.674135,-0.6140925,1.78320991383
74.1308940322,1.614996,-0.6119403,1.72704458853
74.5588561821,1.776341,-0.6217317,1.8820036278
74.9892889835,1.952378,-0.6279127,2.05086669818
75.4222066996,2.14432,-0.6297523,2.23488170196
75.8576236759,2.353466,-0.6264204,2.43540648161
76.2955543409,2.436259,-0.6826021,2.53007975013
76.7360132062,2.521501,-0.7420846,2.62843239338
77.1790148672,2.609243,-0.805029,2.73060812346
77.6245740037,2.699534,-0.8716034,2.83675453715
78.0727053801,2.777294,-0.9899553,2.94845272277
78.5234238462,2.854375,-1.115344,3.06454709198
78.9767443373,2.930534,-1.248022,3.18521403325
79.4326818752,3.005505,-1.388244,3.31063161777
79.8912515681,3.063646,-1.467671,3.3970553392
80.3524686117,3.122152,-1.550001,3.48573323866
80.8163482892,3.180994,-1.635315,3.57672727186
81.2829059723,3.240136,-1.723695,3.67009615017
81.7521571212,3.241004,-1.94601,3.78035207991
82.2241172855,3.230033,-2.174743,3.89392094131
82.6988021044,3.206542,-2.409444,4.01090164264
83.1762273076,3.169854,-2.649623,4.13140126633
83.6564087154,2.818862,-2.8875,4.03529914939
84.1393622397,2.45432,-3.084027,3.94143491626
84.625103884,2.080688,-3.239032,3.84975205051
85.1136497443,1.702321,-3.352794,3.76020270643
85.6050160094,1.534178,-3.22062,3.56736531912
86.0992189619,1.377875,-3.091234,3.38441533479
86.5962749779,1.232734,-2.964777,3.21084658221
87.0962005286,1.098111,-2.841367,3.04618026338
87.5990121797,0.8344713,-2.688653,2.8151726954
88.1047265931,0.6009534,-2.531328,2.60168530621
88.6133605264,0.3954985,-2.371635,2.40438591676
89.1249308343,0.2160666,-2.211521,2.22205083404
89.6394544686,0.1221434,-2.094151,2.09771004216
90.1569484791,0.03787864,-1.979965,1.98032729431
90.6774300139,-0.03739285,-1.869138,1.86951199201
91.2009163202,-0.1043048,-1.761816,1.764900878
91.7274247448,0.05243327,-1.524274,1.52517555543
92.2569727344,0.1681204,-1.307245,1.31801136525
92.7895778367,0.2501429,-1.111179,1.13898649705
93.3252577005,0.3048922,-0.9358658,0.984278440905
93.8640300768,0.3693424,-0.8556181,0.931931403852
94.4059128186,0.423081,-0.7743233,0.882368463559
94.9509238824,0.4666292,-0.6929785,0.835441207839
95.4990813282,0.5005661,-0.6124791,0.791010156955
96.0504033201,0.6260239,-0.589872,0.860148184765
96.6049081274,0.7581118,-0.5478202,0.935329071946
97.1626141246,0.8946095,-0.4838678,1.01708121867
97.7235397923,1.032777,-0.3956807,1.10597990401
98.287703718,1.093594,-0.3725602,1.1553133512
98.8551245962,1.156173,-0.3460417,1.20684748998
99.4258212296,1.220457,-0.3159072,1.26067943898
99.9998125293,1.286381,-0.281931,1.31691349979
100.577117516,1.362005,-0.2813534,1.39076143019
101.157755319,1.441856,-0.2797815,1.46874994893
101.741745179,1.526159,-0.2771056,1.55111211936
102.329106448,1.615147,-0.2732072,1.63809096382
102.91985859,1.680165,-0.2880904,1.70468486994
103.514021179,1.747791,-0.3037307,1.77398582796
104.111613905,1.818129,-0.3201647,1.84610359833
104.71265657,1.891288,-0.3374314,1.92115336417
105.317169091,1.941038,-0.2868629,1.96212100566
105.9251715,1.990285,-0.2337236,2.00396135253
106.536683943,2.038941,-0.1779752,2.04669381523
107.151726685,2.086915,-0.1195816,2.09033824447
107.770320105,2.213177,-0.1416365,2.21770451852
108.392484703,2.346971,-0.1659282,2.35282915708
109.018241096,2.488743,-0.1926466,2.49618798021
109.647610017,2.63896,-0.2219957,2.64828094666
110.280612324,2.688947,-0.1732886,2.6945249874
110.917268991,2.738827,-0.1227452,2.74157613793
111.557601116,2.788561,-0.07033603,2.78944790377
112.201629918,2.838112,-0.01603179,2.83815727944
112.849376736,2.962808,-0.04721641,2.96318420525
113.500863036,3.092656,-0.08111219,3.09371949629
114.156110407,3.227851,-0.1178937,3.23000325119
114.81514056,3.368602,-0.1577455,3.3722934447
115.477975334,3.540245,-0.159027,3.5438149284
116.144636693,3.72062,-0.1600302,3.7240599954
116.815146729,3.91017,-0.1607233,3.9134717845
117.48952766,4.109364,-0.1610725,4.11251952394
118.167801833,4.264182,-0.1566476,4.26705830751
118.849991724,4.424804,-0.1516617,4.42740236591
119.536119939,4.591447,-0.1460789,4.59377019439
120.226209214,4.76434,-0.1398615,4.76639243818
120.920282416,5.068622,-0.1750323,5.07164325292
121.618362544,5.39219,-0.2141295,5.39643997825
122.320472732,5.736262,-0.2575104,5.74203912724
123.026636244,6.102124,-0.305562,6.10976967219
123.736876481,6.539014,-0.3298191,6.54732653309
124.451216978,7.007184,-0.3559836,7.01622063032
125.169681406,7.50887,-0.384204,7.51869279799
125.892293573,8.046476,-0.4146407,8.05715228407
126.619077423,8.189455,0.1084281,8.19017276069
127.350057041,8.3001,0.6484195,8.32538935173
128.085256649,8.376833,1.203451,8.46283790577
128.824700609,8.418173,1.771508,8.60255062479
129.568413423,10.00155,1.431849,10.1035238388
130.316419737,11.83124,0.9125825,11.8663830528
131.068744336,13.93586,0.1639659,13.9368245578
131.825412151,16.34513,-0.8744882,16.3685064783
132.586448256,17.60289,-1.128686,17.6390381948
133.351877867,18.9553,-1.416941,19.0081856022
134.121726351,20.40931,-1.742973,20.4836005027
134.896019216,21.97239,-2.110873,22.0735522092
135.674782122,37.07275,-12.42794,39.1004154096
136.458040872,59.00561,-36.26925,69.2612482347
137.245821423,87.32158,-86.18059,122.687213785
138.038149879,116.2291,-183.6321,217.324531145
138.835052496,12.09811,-139.5727,140.096048663
139.636555679,-34.44938,-83.48287,90.3114021916
140.442685989,-44.46767,-37.57653,58.2182899274
141.253470138,-36.59406,-8.32826,37.5297900595
142.068934993,-32.10909,-6.26357,32.714308334
142.889107576,-28.14547,-4.58632,28.5166935787
143.714015066,-24.64662,-3.232496,24.8576931314
144.543684796,-21.56147,-2.147857,21.6681858552
145.37814426,-19.34945,-1.654675,19.4200711806
146.21742111,-17.36094,-1.24042,17.4051969095
147.061543155,-15.57373,-0.8940949,15.5993740837
147.910538368,-13.96776,-0.6061224,13.98090497
148.764434882,-13.08154,-0.5214087,13.0919271234
149.623260993,-12.25139,-0.4450114,12.259469486
150.487045158,-11.47379,-0.3762164,11.4799562605
151.355816003,-10.7454,-0.3143683,10.7499976087
152.229602313,-10.49586,-0.2145587,10.4980527992
153.108433046,-10.25132,-0.1192385,10.2520134394
153.992337321,-10.0117,-0.02825939,10.0117398829
154.88134443,-9.776922,0.05852167,9.77709714486
155.77548383,-6.914126,1.956593,7.18563807268
156.674785152,-4.51443,2.740337,5.28105340803
157.579278194,-2.661058,2.825449,3.88128738062
158.48899293,-1.331528,2.522693,2.85253339806
159.403959505,0.7320648,2.458793,2.56545939127
160.324208236,2.017716,1.11908,2.30727499511
161.24976962,2.000646,-0.5507723,2.07507458752
162.180674325,0.9388128,-1.612915,1.86624335784
163.1169532,2.100701,-2.875062,3.56074798255
164.05863727,4.555327,-5.040338,6.79382154838
165.005757739,9.641859,-8.663691,12.9624452446
165.958345992,20.01143,-14.5333,24.7320468125
166.916433595,9.700708,-25.49221,27.2755661057
167.880052295,-6.430516,-29.38529,30.0806716084
168.849234025,-23.6701,-23.24345,33.1742611359
169.8240109,-35.87656,-7.169909,36.5859966722
170.804415221,-34.74581,-4.986848,35.101851312
171.790479475,-33.54803,-2.954791,33.6779023506
172.782236339,-32.29397,-1.070912,32.3117215709
173.779718674,-30.99377,0.6680566,31.0009689919
174.782959536,-32.27898,1.191832,32.3009754242
175.791992169,-33.60955,1.758068,33.6554996144
176.806850008,-34.98667,2.369265,35.0668004575
177.827566682,-36.41161,3.028041,36.5373011468
178.854176016,-37.86526,9.626531,39.0697838996
179.886712028,-38.23251,16.84222,41.7778074512
180.925208934,-37.34495,24.5169,44.6735232113
181.969701144,-35.05297,32.45391,47.7699380375
183.020223272,-41.49079,25.15095,48.5186143735
184.076810128,-46.40873,16.57266,49.27903489
185.139496723,-49.5545,7.03505,50.051377591
186.208318273,-50.74148,-3.096053,50.8358469662
187.283310195,-35.54713,-6.998313,36.2294746868
188.36450811,-24.44473,-8.31386,25.8198584983
189.451947847,-16.47793,-8.190325,18.4011847632
190.545665439,-10.86238,-7.347627,13.114073425
191.645697129,-7.763968,-5.149512,9.31647320305
192.752079368,-5.548699,-3.60801,6.61859477175
193.86484882,-3.965039,-2.527252,4.70197160168
194.984042357,-2.833045,-1.769722,3.34036823259
196.109697066,-2.074231,-0.7635225,2.21029429022
197.241850248,-1.446748,-0.214293,1.46253248352
198.38053942,-0.9660839,0.05668173,0.967745276586
199.525802313,-0.6181201,0.167256,0.640349145045
200.677676878,-0.9552509,0.5378772,1.09627376336
201.836201285,-1.358583,1.294869,1.87681472049
203.001413923,-1.709038,2.720878,3.21309632229
204.173353405,-1.68998,5.234771,5.50080537947
205.352058565,0.5700074,5.307462,5.33798288846
206.537568461,2.60187,4.479114,5.17997970285
207.729922378,4.075591,2.942243,5.02665255118
208.929159826,4.774711,0.9978648,4.8778683144
210.135320544,4.230395,0.784273,4.30247905219
211.348444502,3.746133,0.6068295,3.79496436028
212.568571898,3.315549,0.4600595,3.34731532948
213.795743164,2.932914,0.3392621,2.95247071178
215.029998963,2.766571,0.2919807,2.78193598546
216.271380197,2.609397,0.2490019,2.6212505889
217.519927999,2.460905,0.2099904,2.4698480494
218.775683744,2.320627,0.1746348,2.32718864437
220.038689043,2.20494,0.177145,2.21204447393
221.308985748,2.094967,0.1789751,2.10259811127
222.586615953,1.990428,0.1801859,1.99856713216
223.871621995,1.891057,0.1808345,1.89968357724
225.164046454,1.818434,0.1889034,1.82821954559
226.463932159,1.748482,0.196097,1.75944404223
227.771322182,1.681108,0.2024695,1.69325662736
229.086259848,1.616219,0.2080719,1.62955753858
230.408788728,1.563021,0.1993197,1.57567858056
231.738952648,1.511572,0.1909186,1.52358124923
233.076795685,1.461814,0.1828549,1.47320605655
234.422362171,1.413691,0.1751153,1.42449556397
235.775696694,1.377741,0.1631708,1.387369804
237.136844099,1.342665,0.1517254,1.35121053105
238.505849491,1.308444,0.1407616,1.31599374207
239.882758234,1.275058,0.1302621,1.28169462746
241.267615955,1.242068,0.1169274,1.24755959116
242.660468543,1.209854,0.1042033,1.21433316229
244.061362154,1.178402,0.0920677,1.18199311969
245.470343209,1.147694,0.08049898,1.15051362592
246.887458397,1.117271,0.07006843,1.1194659764
248.312754677,1.087594,0.06013852,1.08925541101
249.746279278,1.058648,0.0506903,1.05986088446
251.188079705,1.030416,0.04170554,1.03125965941
252.638203732,1.008458,0.03712649,1.00914117646
254.096699414,0.9869555,0.03272419,0.987497864095
255.56361508,0.9658984,0.02849323,0.966318572355
257.038999339,0.9452778,0.02442829,0.945593390695
258.522901081,0.9333266,0.01724111,0.933485831784
260.015369477,0.9214767,0.01023305,0.921533517543
261.516453985,0.9097279,0.003401072,0.909734257533
263.026204344,0.8980802,-0.003257806,0.898086108863
264.544670583,0.8936807,-0.01523807,0.893810602046
266.071903021,0.8891426,-0.02710145,0.889555536055
267.607952264,0.8844679,-0.03884669,0.885320581176
269.152869212,0.8796593,-0.05047252,0.88110609994
270.70670506,0.8826106,-0.06422506,0.884944252235
272.269511296,0.885363,-0.07808132,0.888799377982
273.841339708,0.8879136,-0.09203868,0.892671092666
275.42224238,0.8902601,-0.1060944,0.89655957268
277.0122717,0.8754297,-0.2729095,0.916982417952
278.611480355,0.8293706,-0.4378884,0.93787090956
280.219921339,0.7522503,-0.5951902,0.959235053585
281.83764795,0.6453284,-0.7389728,0.981085899902
283.464713795,0.6292811,-0.546857,0.833694956963
285.10117279,0.5933951,-0.3870135,0.708447029697
286.747079163,0.5445689,-0.2566461,0.602015371475
288.402487452,0.4882842,-0.1525975,0.511573510823
290.067452514,0.5059947,-0.1409797,0.525267467335
291.74202952,0.5237986,-0.1284899,0.539327940834
293.426273962,0.5416704,-0.1151022,0.553764696131
295.120241648,0.5595835,-0.100791,0.568588180631
296.823988713,0.6212972,-0.1591142,0.641348220056
298.537571612,0.6859599,-0.2297705,0.723419288572
300.26104713,0.7529324,-0.3145427,0.815992836423
301.994472377,0.8213497,-0.415384,0.920412514662
303.737904793,0.6236497,-0.6651522,0.91179295757
305.49140215,0.3549371,-0.8305947,0.903254062058
307.255022553,0.04872096,-0.8934676,0.894794995624
309.028824445,-0.2576222,-0.8481532,0.886415844061
310.812866602,-0.2805188,-0.5579754,0.624521692304
312.607208143,-0.2616355,-0.3537672,0.440004962081
314.411908526,-0.2240492,-0.2142535,0.310004203654
316.227027554,-0.1812321,-0.1218972,0.21841245715
318.052625375,-0.1426502,-0.08794399,0.167580502855
319.888762483,-0.1120386,-0.06308632,0.128578892751
321.735499721,-0.08781399,-0.04495955,0.0986542344551
323.592898286,-0.06869076,-0.03179898,0.0756940924935
325.461019725,-0.06224332,-0.01402611,0.0638040958431
327.339925943,-0.05377924,-0.0005232015,0.0537817849721
329.2296792,-0.04441033,0.00910346,0.0453337666059
331.130342118,-0.03498297,0.01537542,0.0382127168649
333.041977678,-0.04172919,0.02076256,0.0466091106524
334.964649226,-0.04963579,0.02771742,0.0568503915587
336.898420474,-0.05886518,0.03664964,0.0693419463857
338.8433555,-0.06959151,0.04806774,0.0845782826309
340.799518754,-0.1085681,0.1121621,0.156100509333
342.766975058,-0.1559319,0.2422587,0.288104208861
344.745789606,-0.194607,0.4948434,0.531734778788
346.73602797,-0.1732619,0.9659721,0.981387682809
348.737756102,-0.4415482,0.5004571,0.667399521923
350.751040331,-0.4332768,0.1351621,0.453869561322
352.775947373,-0.2995833,-0.07429142,0.308657364604
354.812544325,-0.1479572,-0.1488911,0.209904484685
356.860898676,-0.200266,-0.09652446,0.222313837028
358.9210783,-0.2340411,-0.02578107,0.235456790218
360.993151467,-0.2428267,0.05677982,0.249376731457
363.077186837,-0.2224886,0.1423309,0.264119787643
365.173253471,-0.2585509,0.2632628,0.368993048383
367.281420824,-0.2699141,0.4391982,0.515508176717
369.401758755,-0.2304751,0.6823259,0.720199559519
371.534337526,-0.1008843,1.001097,1.00616740426
373.679227803,0.1824259,0.8985826,0.91691324454
375.836500662,0.401345,0.7328778,0.835576255501
378.006227589,0.5471607,0.5295544,0.761454328364
380.18848048,0.6191932,0.3132218,0.693907857659
382.38333165,0.5200137,0.2537352,0.578615416237
384.590853829,0.4366087,0.2053257,0.482478807821
386.811120167,0.3664888,0.1659627,0.402315371713
389.044204238,0.3075535,0.1339833,0.335470833369
391.290180039,0.2302893,0.1863809,0.296261711295
393.549121994,0.1521967,0.2128125,0.261635233956
395.821104958,0.07950564,0.2169462,0.23105583846
398.106204217,0.01665669,0.2033695,0.204050481136
400.404495494,0.01515683,0.3003089,0.300691145388
402.716054945,0.008478167,0.4430206,0.443101716697
405.04095917,-0.007938707,0.6529115,0.652959761318
407.379285207,-0.04179621,0.9613014,0.962209595053
409.731110543,0.09494637,0.9571751,0.961872645019
412.096513109,0.229674,0.933703,0.961535978778
414.475571287,0.3596646,0.891373,0.961199484822
416.868363913,0.4822935,0.8310534,0.960862515552
419.274970276,0.4703875,1.015549,1.11919800373
421.695470124,0.43682,1.228261,1.30362448447
424.129943664,0.3751065,1.47138,1.51844130303
426.578471567,0.277492,1.746752,1.76865608855
429.041134971,0.8178113,1.447807,1.66281701689
431.51801548,1.195709,1.007086,1.56331130108
434.00919517,1.383978,0.4947718,1.46975992548
436.514756592,1.381685,-0.0183714,1.3818071311
439.034782772,1.40042,-0.05280118,1.40141504952
441.569357216,1.418564,-0.08817254,1.42130159323
444.118563912,1.436085,-0.124484,1.44147021942
446.682487334,1.452951,-0.161733,1.46192481739
449.26121244,1.673624,-0.1741993,1.68266535279
451.854824684,1.927712,-0.1867325,1.93673503131
454.463410008,2.220262,-0.1990682,2.22916834198
457.087054853,2.55708,-0.21086,2.56575915978
459.72584616,2.457753,0.5894412,2.52744747468
462.379871368,2.118567,1.30779,2.48970697424
465.049218426,1.580143,1.875649,2.45253156384
467.733975785,0.9015752,2.241378,2.41590835508
470.434232413,0.4184703,2.957421,2.9868807079
473.150077785,-0.3734655,3.673863,3.69279647726
475.881601898,-1.536225,4.299329,4.5655467472
478.628895265,-3.117155,4.705779,5.64455589846
481.392048923,-2.840625,3.225324,4.29789079615
484.171154435,-2.478077,2.137395,3.27251019921
486.966303892,-2.091467,1.35449,2.49176190118
489.777589916,-1.718433,0.8041638,1.8972852692
492.605105665,-1.518097,0.7174688,1.67910094407
495.448944835,-1.341093,0.6400694,1.48600783022
498.30920166,-1.184706,0.5709752,1.31512014107
501.185970921,-1.046536,0.5093003,1.16388332528
504.079347946,-0.8626017,0.3798674,0.942539619552
506.989428613,-0.7097637,0.2807984,0.76329041084
509.916309351,-0.5830261,0.2053419,0.618130026108
512.86008715,-0.4781381,0.1481881,0.50057542454
515.820859556,-0.4280104,0.002989641,0.428020841153
518.798724681,-0.3510575,-0.1034499,0.365982581712
521.793781203,-0.261738,-0.171529,0.312936061337
524.806128367,-0.1717881,-0.2051512,0.267578336498
527.835865994,-0.2308834,-0.3122444,0.388334533266
530.883094481,-0.3071076,-0.4725626,0.563587161756
533.947914803,-0.4034814,-0.7114862,0.81793022498
537.030428518,-0.522158,-1.066047,1.18705736305
540.130737772,-0.6799914,-0.885424,1.11640671973
543.248945299,-0.7918309,-0.6895088,1.04996121808
546.385154428,-0.8584222,-0.4880665,0.987470294173
549.539469082,-0.8822721,-0.2899624,0.92869922572
552.711993787,-0.82941,-0.2123854,0.856170839397
555.902833669,-0.7760075,-0.1442823,0.789306671801
559.112094463,-0.7226917,-0.08492677,0.727664654571
562.339882514,-0.6699933,-0.03361232,0.670835904004
565.586304782,-0.6519133,-0.003949187,0.651925261663
568.851468843,-0.6330901,0.02407573,0.633547721559
572.135482894,-0.6136157,0.05047833,0.61568846756
575.438455757,-0.5935782,0.07527812,0.59833257881
578.760496883,-0.553142,0.169041,0.5783951347
582.101716354,-0.4992457,0.2517361,0.559121930362
585.462224888,-0.4343413,0.3216804,0.540491114293
588.842133841,-0.3610398,0.3776714,0.522480070014
592.241555215,-0.3668115,0.2333168,0.434726817317
595.660601653,-0.3427621,0.1155417,0.361712235949
599.099386455,-0.2999063,0.02517222,0.300960843698
602.55802357,-0.2473073,-0.03931501,0.250412800481
606.036627607,-0.2188922,-0.05260023,0.225123475935
609.535313836,-0.192492,-0.06251223,0.20238811468
613.054198193,-0.1681345,-0.06954245,0.181948790714
616.593397283,-0.1458102,-0.07413308,0.163573616376
620.153028384,-0.1967605,-0.1010184,0.221177330436
623.733209451,-0.2655092,-0.1376437,0.299066754144
627.334059121,-0.3582718,-0.1875341,0.404385609707
630.955696715,-0.4834339,-0.2554894,0.546793534327
634.598242242,-0.6319663,-0.1953032,0.661456532409
638.261816405,-0.7950355,-0.0904506,0.800164206461
641.946540605,-0.9653693,0.07075827,0.967958996113
645.652536941,-1.131702,0.3005891,1.1709411701
649.379928219,-0.8535563,0.7670506,1.14757351844
653.128837952,-0.402785,1.050073,1.12467286868
656.89939037,0.1168218,1.09602,1.10222827643
660.691710415,0.5907653,0.904378,1.08023294088
664.505923754,0.3264772,0.7093426,0.780867649666
668.342156778,0.1581912,0.5418459,0.564465619063
672.200536608,0.05562926,0.4042254,0.408035278589
676.081191098,-0.003106755,0.2949401,0.294956462066
679.984248843,0.04488749,0.3812981,0.383931149846
683.909839177,0.121168,0.4848339,0.499745530058
687.858092182,0.2368155,0.6058575,0.650495881114
691.829138692,0.4061868,0.7429322,0.846720715638
695.823110294,0.6986128,0.6490253,0.953568919567
699.840139336,0.9775773,0.4445266,1.07390003053
703.880358931,1.202764,0.126671,1.20941588461
707.943902959,1.330115,-0.293133,1.36203262403
712.030906073,1.894263,-0.7913615,2.05292117161
716.141503704,2.597448,-1.68158,3.09426039775
720.275832064,3.401768,-3.19048,4.66381690852
724.434028153,4.19024,-5.644122,7.02952519083
728.616229761,0.2790812,-4.381488,4.39036711567
732.822575472,-1.341969,-2.391226,2.74205079822
737.053204672,-1.515572,-0.7974731,1.71257754055
741.308257551,-1.065219,0.09681402,1.0696094953
745.587875109,-1.060787,0.1731752,1.07482961871
749.892199159,-1.050888,0.2493981,1.08007638657
754.221372332,-1.035518,0.3250915,1.08534879725
758.575538085,-1.014702,0.3998633,1.0906469674
762.954840701,-0.9664892,0.6991309,1.19284759674
767.359425297,-0.8341602,1.003108,1.30462596131
771.789437827,-0.6114329,1.289237,1.42687849285
776.245025089,-0.2977762,1.531914,1.56058680267
780.726334726,0.06890388,1.060384,1.06262033301
785.233515235,0.228817,0.686417,0.723550632214
789.766715971,0.269437,0.4124694,0.492673627166
794.32608715,0.248797,0.225029,0.335466835991
798.911779856,0.292802,0.1311003,0.320811938469
803.523946043,0.3050534,0.03266526,0.30679732082
808.162738546,0.2870936,-0.06048032,0.293394962922
812.82831108,0.2432214,-0.1398834,0.280578001656
817.520818247,0.2729077,-0.1438065,0.308478398209
822.240415543,0.3056832,-0.1469106,0.339153273837
826.98725936,0.3418192,-0.1489896,0.37287835335
831.761506995,0.3816058,-0.1498055,0.409956917766
836.563316651,0.4383458,-0.1331693,0.458127823691
841.392847445,0.5000847,-0.1096236,0.511959022629
846.250259414,0.5667816,-0.07793899,0.572115257847
851.135713517,0.6382833,-0.03674959,0.639340365865
856.049371643,0.5899323,-0.006587536,0.589969079032
860.991396616,0.5440729,0.01914833,0.544409752903
865.961952199,0.5007006,0.04091074,0.502369166538
870.9612031,0.4597902,0.05911679,0.463575045571
875.989314981,0.4205744,0.09601642,0.431395385748
881.046454456,0.3809395,0.1266755,0.401449355412
886.132789105,0.3414766,0.1515168,0.373582131572
891.248487472,0.3026953,0.1709846,0.347649504644
896.393719077,0.2740343,0.1379771,0.306810165576
901.568654415,0.2473787,0.1100875,0.27076831216
906.77346497,0.2227065,0.08662494,0.238960384525
912.008323211,0.1999691,0.06698136,0.21088893651
917.273402607,0.2012488,0.04676107,0.206609963867
922.568877626,0.2006196,0.02692137,0.202417845228
927.894923743,0.1981639,0.007630122,0.198310741073
933.251717448,0.1939779,-0.01095666,0.19428709192
938.639436248,0.182976,0.0240142,0.184545112039
944.058258676,0.1665348,0.05471095,0.175291550455
949.508364294,0.1457717,0.08045845,0.166502104183
954.989933703,0.1218482,0.1008238,0.158153161491
960.503148545,0.1442885,0.1017702,0.176568244145
966.04819151,0.1693488,0.1008973,0.197127575972
971.625246345,0.1971693,0.09777437,0.220080804005
977.234497856,0.2278689,0.09190978,0.24570641678
982.876131917,0.2320451,0.1003209,0.252802712428
988.550335473,0.236127,0.1090782,0.260103852037
994.257296551,0.2401033,0.1181894,0.267616010252
999.997204261,0.2439618,0.1276618,0.275345047238
