#I+8.670000E+02
+3.000000E+00
+8.010000E+02
+8.010000E+02
+1.000000E+01
+1.000000E+00
+3.000000E+00
+0.000000E+00
+1.000000E+00
+1.000000E+00
+1.000000E+00
+1.000000E+00
+2.497000E+03
-1.092400E+04
+2.025600E+04
-1.299100E+04
-1.119200E+04
+0.000000E+00
+0.000000E+00
+0.000000E+00
+0.000000E+00
+0.000000E+00
+0.000000E+00
+0.000000E+00
+0.000000E+00
+0.000000E+00
+0.000000E+00
+0.000000E+00
+0.000000E+00
+0.000000E+00
+0.000000E+00
+0.000000E+00
+0.000000E+00
+0.000000E+00
+0.000000E+00
+0.000000E+00
+1.000000E+00
+0.000000E+00
+1.000000E+00
+0.000000E+00
+0.000000E+00
+1.000000E+00
+0.000000E+00
+0.000000E+00
+2.000000E+00
+3.000000E+00
+4.500000E+01
+4.500000E+01
+0.000000E+00
+0.000000E+00
+2.000000E+00
+0.000000E+00
+0.000000E+00
+0.000000E+00
+0.000000E+00
+0.000000E+00
+2.499999E-03
+1.002377E-03
+0.000000E+00
+0.000000E+00
+0.000000E+00
+1.000000E+00
+1.000000E+00
+0.000000E+00
+0.000000E+00
+9.9999904632568339E+00
+9.9999904632568339E+00
+2.077221E-09
+1.625303E-09
+1.271703E-09
+9.950325E-10
+7.785539E-10
+9.834635E-10
+1.242304E-09
+1.569269E-09
+1.982289E-09
+1.832265E-09
+1.693595E-09
+1.565420E-09
+1.446945E-09
+1.840933E-09
+2.342198E-09
+2.979953E-09
+3.791362E-09
+2.517975E-09
+1.672275E-09
+1.110616E-09
+7.375982E-10
+8.802238E-10
+1.050428E-09
+1.253544E-09
+1.495936E-09
+7.087066E-10
+3.357530E-10
+1.590645E-10
+7.535755E-11
+6.777067E-11
+6.094763E-11
+5.481152E-11
+4.929319E-11
+9.922286E-11
+1.997269E-10
+4.020328E-10
+8.092571E-10
+6.647072E-10
+5.459768E-10
+4.484541E-10
+3.683509E-10
+4.314157E-10
+5.052778E-10
+5.917857E-10
+6.931049E-10
+2.742903E-10
+1.085480E-10
+4.295695E-11
+1.699984E-11
+3.643503E-11
+7.808964E-11
+1.673662E-10
+3.587090E-10
+3.855486E-10
+4.143963E-10
+4.454026E-10
+4.787286E-10
+5.236814E-10
+5.728553E-10
+6.266467E-10
+6.854893E-10
+4.077532E-10
+2.425459E-10
+1.442748E-10
+8.581975E-11
+8.940297E-11
+9.313579E-11
+9.702447E-11
+1.010755E-10
+1.145387E-10
+1.297953E-10
+1.470840E-10
+1.666756E-10
+2.057872E-10
+2.540765E-10
+3.136973E-10
+3.873086E-10
+2.546753E-10
+1.674621E-10
+1.101149E-10
+7.240619E-11
+8.549307E-11
+1.009453E-10
+1.191904E-10
+1.407332E-10
+1.393636E-10
+1.380074E-10
+1.366644E-10
+1.353344E-10
+1.190226E-10
+1.046768E-10
+9.206008E-11
+8.096408E-11
+9.708813E-11
+1.164233E-10
+1.396090E-10
+1.674123E-10
+1.953244E-10
+2.278903E-10
+2.658858E-10
+3.102162E-10
+1.426397E-10
+6.558680E-11
+3.015730E-11
+1.386655E-11
+2.365427E-11
+4.035065E-11
+6.883219E-11
+1.174175E-10
+1.787402E-10
+2.720893E-10
+4.141910E-10
+6.305073E-10
+5.013349E-10
+3.986261E-10
+3.169593E-10
+2.520237E-10
+2.118986E-10
+1.781619E-10
+1.497965E-10
+1.259472E-10
+1.460065E-10
+1.692607E-10
+1.962186E-10
+2.274699E-10
+2.410693E-10
+2.554817E-10
+2.707558E-10
+2.869431E-10
+2.881081E-10
+2.892778E-10
+2.904522E-10
+2.916314E-10
+2.719059E-10
+2.535147E-10
+2.363673E-10
+2.203797E-10
+2.423117E-10
+2.664264E-10
+2.929409E-10
+3.220942E-10
+3.418811E-10
+3.628836E-10
+3.851763E-10
+4.088385E-10
+4.022277E-10
+3.957238E-10
+3.893250E-10
+3.830297E-10
+4.208024E-10
+4.623001E-10
+5.078901E-10
+5.579761E-10
+5.666260E-10
+5.754099E-10
+5.843300E-10
+5.933882E-10
+5.872762E-10
+5.812272E-10
+5.752404E-10
+5.693155E-10
+5.236446E-10
+4.816374E-10
+4.430000E-10
+4.074621E-10
+4.130757E-10
+4.187667E-10
+4.245360E-10
+4.303849E-10
+5.204008E-10
+6.292437E-10
+7.608513E-10
+9.199845E-10
+9.521059E-10
+9.853489E-10
+1.019752E-09
+1.055357E-09
+9.983214E-10
+9.443679E-10
+8.933304E-10
+8.450510E-10
+9.043756E-10
+9.678649E-10
+1.035811E-09
+1.108528E-09
+1.277414E-09
+1.472031E-09
+1.696299E-09
+1.954734E-09
+1.791738E-09
+1.642333E-09
+1.505387E-09
+1.379860E-09
+1.419649E-09
+1.460585E-09
+1.502702E-09
+1.546034E-09
+1.684975E-09
+1.836404E-09
+2.001442E-09
+2.181311E-09
+2.285973E-09
+2.395657E-09
+2.510605E-09
+2.631066E-09
+2.660197E-09
+2.689651E-09
+2.719430E-09
+2.749539E-09
+2.955278E-09
+3.176412E-09
+3.414093E-09
+3.669557E-09
+3.137731E-09
+2.682982E-09
+2.294140E-09
+1.961652E-09
+2.113477E-09
+2.277053E-09
+2.453290E-09
+2.643166E-09
+3.129485E-09
+3.705283E-09
+4.387022E-09
+5.194196E-09
+4.779386E-09
+4.397702E-09
+4.046499E-09
+3.723343E-09
+4.660045E-09
+5.832397E-09
+7.299684E-09
+9.136103E-09
+9.888950E-09
+1.070383E-08
+1.158587E-08
+1.254058E-08
+1.235534E-08
+1.217283E-08
+1.199302E-08
+1.181586E-08
+1.499478E-08
+1.902896E-08
+2.414848E-08
+3.064535E-08
+3.414083E-08
+3.803501E-08
+4.237337E-08
+4.720657E-08
+6.044978E-08
+7.740820E-08
+9.912409E-08
+1.269321E-07
+1.540271E-07
+1.869059E-07
+2.268029E-07
+2.752164E-07
+3.109944E-07
+3.514234E-07
+3.971082E-07
+4.487318E-07
+7.931171E-07
+1.401806E-06
+2.477640E-06
+4.379140E-06
+4.709038E-06
+5.063789E-06
+5.445265E-06
+5.855481E-06
+6.189177E-06
+6.541889E-06
+6.914701E-06
+7.308760E-06
+4.684374E-06
+3.002337E-06
+1.924276E-06
+1.233318E-06
+1.025615E-06
+8.528914E-07
+7.092560E-07
+5.898102E-07
+6.043161E-07
+6.191789E-07
+6.344071E-07
+6.500097E-07
+7.014705E-07
+7.570054E-07
+8.169370E-07
+8.816133E-07
+9.164875E-07
+9.527412E-07
+9.904290E-07
+1.029607E-06
+1.099425E-06
+1.173977E-06
+1.253584E-06
+1.338589E-06
+1.471700E-06
+1.618048E-06
+1.778949E-06
+1.955850E-06
+2.177941E-06
+2.425250E-06
+2.700642E-06
+3.007304E-06
+3.308022E-06
+3.638811E-06
+4.002676E-06
+4.402929E-06
+5.395621E-06
+6.612126E-06
+8.102908E-06
+9.929808E-06
+1.200851E-05
+1.452237E-05
+1.756248E-05
+2.123901E-05
+2.574778E-05
+3.121371E-05
+3.783998E-05
+4.587294E-05
+6.183392E-05
+8.334836E-05
+1.123485E-04
+1.514389E-04
+1.879362E-04
+2.332294E-04
+2.894383E-04
+3.591938E-04
+4.132752E-04
+4.754993E-04
+5.470919E-04
+6.294642E-04
+6.990428E-04
+7.763124E-04
+8.621232E-04
+9.574192E-04
+1.044115E-03
+1.138661E-03
+1.241768E-03
+1.354211E-03
+1.372873E-03
+1.391792E-03
+1.410972E-03
+1.430416E-03
+1.318382E-03
+1.215123E-03
+1.119951E-03
+1.032233E-03
+7.105391E-04
+4.891003E-04
+3.366728E-04
+2.317490E-04
+1.784426E-04
+1.373976E-04
+1.057937E-04
+8.145923E-05
+6.624731E-05
+5.387611E-05
+4.381513E-05
+3.563298E-05
+3.105441E-05
+2.706416E-05
+2.358663E-05
+2.055593E-05
+1.791436E-05
+1.561225E-05
+1.360597E-05
+1.185752E-05
+1.008517E-05
+8.577730E-06
+7.295611E-06
+6.205130E-06
+5.290996E-06
+4.511531E-06
+3.846897E-06
+3.280176E-06
+2.866679E-06
+2.505306E-06
+2.189488E-06
+1.913483E-06
+1.718308E-06
+1.543042E-06
+1.385652E-06
+1.244316E-06
+1.019779E-06
+8.357599E-07
+6.849469E-07
+5.613483E-07
+5.511239E-07
+5.410857E-07
+5.312303E-07
+5.215543E-07
+6.708492E-07
+8.628799E-07
+1.109879E-06
+1.427582E-06
+1.711375E-06
+2.051584E-06
+2.459424E-06
+2.948339E-06
+3.559684E-06
+4.297793E-06
+5.188950E-06
+6.264890E-06
+6.841631E-06
+7.471467E-06
+8.159286E-06
+8.910423E-06
+8.409128E-06
+7.936034E-06
+7.489557E-06
+7.068199E-06
+9.102767E-06
+1.172298E-05
+1.509742E-05
+1.944320E-05
+2.122964E-05
+2.318023E-05
+2.531004E-05
+2.763553E-05
+3.054526E-05
+3.376135E-05
+3.731605E-05
+4.124504E-05
+6.075213E-05
+8.948521E-05
+1.318078E-04
+1.941470E-04
+3.357734E-04
+5.807134E-04
+1.004332E-03
+1.736973E-03
+2.482127E-03
+3.546949E-03
+5.068574E-03
+7.242968E-03
+1.136248E-02
+1.782500E-02
+2.796314E-02
+4.386745E-02
+3.138507E-02
+2.245452E-02
+1.606514E-02
+1.149384E-02
+7.519899E-03
+4.919929E-03
+3.218887E-03
+2.105972E-03
+1.948551E-03
+1.802897E-03
+1.668131E-03
+1.543439E-03
+1.313634E-03
+1.118046E-03
+9.515784E-04
+8.098967E-04
+7.617637E-04
+7.164911E-04
+6.739092E-04
+6.338579E-04
+6.240222E-04
+6.143391E-04
+6.048062E-04
+5.954213E-04
+5.819953E-04
+5.688721E-04
+5.560447E-04
+5.435068E-04
+5.400942E-04
+5.367032E-04
+5.333333E-04
+5.299846E-04
+5.421431E-04
+5.545806E-04
+5.673034E-04
+5.803180E-04
+3.976910E-04
+2.725371E-04
+1.867692E-04
+1.279926E-04
+1.037610E-04
+8.411697E-05
+6.819192E-05
+5.528179E-05
+1.904643E-04
+6.562136E-04
+2.260876E-03
+7.789484E-03
+2.443057E-02
+7.662286E-02
+2.403163E-01
+7.537169E-01
+8.920614E-01
+1.055799E+00
+1.249591E+00
+1.478952E+00
+1.344457E+00
+1.222192E+00
+1.111047E+00
+1.010009E+00
+4.835474E-01
+2.315011E-01
+1.108325E-01
+5.306166E-02
+9.787278E-02
+1.805274E-01
+3.329846E-01
+6.141941E-01
+3.645432E-01
+2.163677E-01
+1.284209E-01
+7.622172E-02
+3.714836E-02
+1.810508E-02
+8.823913E-03
+4.300530E-03
+2.069422E-03
+9.958087E-04
+4.791847E-04
+2.305843E-04
+8.120420E-04
+2.859745E-03
+1.007108E-02
+3.546707E-02
+3.792506E-02
+4.055340E-02
+4.336389E-02
+4.636918E-02
+6.532176E-02
+9.202087E-02
+1.296328E-01
+1.826178E-01
+1.418627E-01
+1.102029E-01
+8.560872E-02
+6.650323E-02
+4.550148E-02
+3.113209E-02
+2.130056E-02
+1.457383E-02
+1.120827E-02
+8.619923E-03
+6.629308E-03
+5.098389E-03
+4.152810E-03
+3.382605E-03
+2.755247E-03
+2.244242E-03
+1.935358E-03
+1.668988E-03
+1.439278E-03
+1.241185E-03
+1.092131E-03
+9.609773E-04
+8.455736E-04
+7.440287E-04
+6.657026E-04
+5.956221E-04
+5.329192E-04
+4.768172E-04
+4.362536E-04
+3.991408E-04
+3.651853E-04
+3.341183E-04
+3.129450E-04
+2.931135E-04
+2.745388E-04
+2.571410E-04
+2.468323E-04
+2.369369E-04
+2.274382E-04
+2.183203E-04
+2.132343E-04
+2.082669E-04
+2.034152E-04
+1.986765E-04
+2.087062E-04
+2.192422E-04
+2.303101E-04
+2.419367E-04
+1.941862E-04
+1.558601E-04
+1.250983E-04
+1.004079E-04
+1.041992E-04
+1.081336E-04
+1.122165E-04
+1.164536E-04
+1.372826E-04
+1.618371E-04
+1.907834E-04
+2.249071E-04
+2.813675E-04
+3.520015E-04
+4.403674E-04
+5.509165E-04
+3.459967E-04
+2.172992E-04
+1.364722E-04
+8.570970E-05
+5.092982E-05
+3.026316E-05
+1.798276E-05
+1.068559E-05
+8.780365E-06
+7.214840E-06
+5.928447E-06
+4.871414E-06
+1.011082E-05
+2.098542E-05
+4.355609E-05
+9.040254E-05
+1.978961E-04
+4.332055E-04
+9.483107E-04
+2.075905E-03
+1.058751E-03
+5.399827E-04
+2.754013E-04
+1.404598E-04
+8.198514E-05
+4.785399E-05
+2.793194E-05
+1.630362E-05
+1.884817E-05
+2.178985E-05
+2.519065E-05
+2.912223E-05
+2.560776E-05
+2.251741E-05
+1.980001E-05
+1.741054E-05
+1.810376E-05
+1.882458E-05
+1.957409E-05
+2.035346E-05
+2.226327E-05
+2.435228E-05
+2.663730E-05
+2.913672E-05
+6.433394E-05
+1.420495E-04
+3.136456E-04
+6.925301E-04
+7.502544E-04
+8.127901E-04
+8.805385E-04
+9.539336E-04
+1.519332E-03
+2.419843E-03
+3.854088E-03
+6.138413E-03
+8.837571E-03
+1.272359E-02
+1.831836E-02
+2.637322E-02
+2.618677E-02
+2.600163E-02
+2.581780E-02
+2.563528E-02
+2.493506E-02
+2.425395E-02
+2.359146E-02
+2.294706E-02
+2.097457E-02
+1.917164E-02
+1.752368E-02
+1.601738E-02
+1.279440E-02
+1.021995E-02
+8.163517E-03
+6.520877E-03
+5.778973E-03
+5.121479E-03
+4.538789E-03
+4.022394E-03
+3.670951E-03
+3.350215E-03
+3.057501E-03
+2.790363E-03
+3.273354E-03
+3.839949E-03
+4.504616E-03
+5.284335E-03
+4.764780E-03
+4.296309E-03
+3.873898E-03
+3.493017E-03
+5.852850E-03
+9.806953E-03
+1.643239E-02
+2.753390E-02
+2.309808E-02
+1.937689E-02
+1.625519E-02
+1.363642E-02
+1.356763E-02
+1.349918E-02
+1.343109E-02
+1.336333E-02
+1.360660E-02
+1.385430E-02
+1.410651E-02
+1.436331E-02
+7.674762E-03
+4.100864E-03
+2.191219E-03
+1.170836E-03
+8.461480E-04
+6.115002E-04
+4.419233E-04
+3.193723E-04
+2.020615E-04
+1.278410E-04
+8.088283E-05
+5.117324E-05
+8.305842E-05
+1.348107E-04
+2.188090E-04
+3.551451E-04
+3.821232E-04
+4.111506E-04
+4.423831E-04
+4.759881E-04
+4.638413E-04
+4.520045E-04
+4.404698E-04
+4.292296E-04
+1.956221E-04
+8.915507E-05
+4.063257E-05
+1.851835E-05
+2.034309E-05
+2.234763E-05
+2.454969E-05
+2.696875E-05
+4.381996E-05
+7.120051E-05
+1.156896E-04
+1.879774E-04
+2.296823E-04
+2.806399E-04
+3.429031E-04
+4.189800E-04
+5.214023E-04
+6.488626E-04
+8.074812E-04
+1.004875E-03
+9.198240E-04
+8.419714E-04
+7.707081E-04
+7.054764E-04
+5.952055E-04
+5.021706E-04
+4.236778E-04
+3.574539E-04
+1.532781E-04
+6.572647E-05
+2.818386E-05
+1.208539E-05
+1.410073E-05
+1.645215E-05
+1.919569E-05
+2.239674E-05
+1.743913E-05
+1.357890E-05
+1.057316E-05
+8.232742E-06
+7.777056E-06
+7.346594E-06
+6.939957E-06
+6.555827E-06
+6.412278E-06
+6.271872E-06
+6.134540E-06
+6.000215E-06
+8.992683E-06
+1.347758E-05
+2.019920E-05
+3.027310E-05
+5.527786E-05
+1.009359E-04
+1.843061E-04
+3.365381E-04
+3.205420E-04
+3.053063E-04
+2.907947E-04
+2.769729E-04
+2.281817E-04
+1.879856E-04
+1.548703E-04
+1.275885E-04
+1.317600E-04
+1.360678E-04
+1.405164E-04
+1.451105E-04
+1.195699E-04
+9.852462E-05
+8.118349E-05
+6.689454E-05
