Hz,real,imaginary,V^2 (rms) 
9.99999046326,2.077221e-09,2.077221e-09,2.93763411025e-09
10.0577210151,1.625303e-09,1.625303e-09,2.29852554557e-09
10.1157848488,1.271703e-09,1.271703e-09,1.79845962991e-09
10.1741838887,9.950325e-10,9.950325e-10,1.4071884565e-09
10.2329200697,7.785539e-10,7.785539e-10,1.10104148442e-09
10.2919953382,9.834635e-10,9.834635e-10,1.3908274198e-09
10.3514116519,1.242304e-09,1.242304e-09,1.75688316539e-09
10.4111709795,1.569269e-09,1.569269e-09,2.21928150281e-09
10.4712753014,1.982289e-09,1.982289e-09,2.80337998834e-09
10.5317266092,1.832265e-09,1.832265e-09,2.59121401286e-09
10.592526906,1.693595e-09,1.693595e-09,2.39510501817e-09
10.6536782067,1.56542e-09,1.56542e-09,2.21383819481e-09
10.7151825375,1.446945e-09,1.446945e-09,2.04628924301e-09
10.7770419365,1.840933e-09,1.840933e-09,2.60347241602e-09
10.8392584537,2.342198e-09,2.342198e-09,3.31236817736e-09
10.9018341505,2.979953e-09,2.979953e-09,4.21428994783e-09
10.9647711006,3.791362e-09,3.791362e-09,5.36179556027e-09
11.0280713896,2.517975e-09,2.517975e-09,3.56095439472e-09
11.091737115,1.672275e-09,1.672275e-09,2.36495398502e-09
11.1557703865,1.110616e-09,1.110616e-09,1.57064820979e-09
11.2201733259,7.375982e-10,7.375982e-10,1.04312137802e-09
11.2849480674,8.802238e-10,8.802238e-10,1.24482443588e-09
11.3500967575,1.050428e-09,1.050428e-09,1.4855295239e-09
11.4156215548,1.253544e-09,1.253544e-09,1.77277892583e-09
11.4815246308,1.495936e-09,1.495936e-09,2.11557297964e-09
11.5478081693,7.087066e-10,7.087066e-10,1.00226248546e-09
11.6144743666,3.35753e-10,3.35753e-10,4.74826446207e-10
11.681525432,1.590645e-10,1.590645e-10,2.24951173192e-10
11.7489635872,7.535755e-11,7.535755e-11,1.06571669237e-10
11.816791067,6.777067e-11,6.777067e-11,9.58422006451e-11
11.8850101189,6.094763e-11,6.094763e-11,8.61929649405e-11
11.9536230036,5.481152e-11,5.481152e-11,7.75151949583e-11
12.0226319946,4.929319e-11,4.929319e-11,6.97110978306e-11
12.0920393787,9.922286e-11,9.922286e-11,1.40322314309e-10
12.1618474559,1.997269e-10,1.997269e-10,2.82456490751e-10
12.2320585393,4.020328e-10,4.020328e-10,5.68560238279e-10
12.3026749556,8.092571e-10,8.092571e-10,1.14446236627e-09
12.3736990447,6.647072e-10,6.647072e-10,9.40037937247e-10
12.4451331602,5.459768e-10,5.459768e-10,7.72127795301e-10
12.5169796691,4.484541e-10,4.484541e-10,6.34209870322e-10
12.5892409524,3.683509e-10,3.683509e-10,5.20926838492e-10
12.6619194044,4.314157e-10,4.314157e-10,6.10113933961e-10
12.7350174335,5.052778e-10,5.052778e-10,7.14570717526e-10
12.808537462,5.917857e-10,5.917857e-10,8.36911362958e-10
12.8824819261,6.931049e-10,6.931049e-10,9.80198349727e-10
12.956853276,2.742903e-10,2.742903e-10,3.87905062287e-10
13.0316539763,1.08548e-10,1.08548e-10,1.53510053768e-10
13.1068865055,4.295695e-11,4.295695e-11,6.07503012882e-11
13.1825533567,1.699984e-11,1.699984e-11,2.40414042862e-11
13.2586570372,3.643503e-11,3.643503e-11,5.15269135715e-11
13.3352000689,7.808964e-11,7.808964e-11,1.10435427969e-10
13.4121849882,1.673662e-10,1.673662e-10,2.36691549923e-10
13.489614346,3.58709e-10,3.58709e-10,5.07291132745e-10
13.5674907083,3.855486e-10,3.855486e-10,5.45248059074e-10
13.6458166555,4.143963e-10,4.143963e-10,5.86044867657e-10
13.7245947832,4.454026e-10,4.454026e-10,6.29894397636e-10
13.8038277017,4.787286e-10,4.787286e-10,6.77024478816e-10
13.8835180367,5.236814e-10,5.236814e-10,7.40597338243e-10
13.9636684289,5.728553e-10,5.728553e-10,8.10139734537e-10
14.0442815341,6.266467e-10,6.266467e-10,8.86212261956e-10
14.1253600237,6.854893e-10,6.854893e-10,9.69428264922e-10
14.2069065844,4.077532e-10,4.077532e-10,5.76650105541e-10
14.2889239182,2.425459e-10,2.425459e-10,3.43011701278e-10
14.3714147431,1.442748e-10,1.442748e-10,2.04035378869e-10
14.4543817926,8.581975e-11,8.581975e-11,1.21367454369e-10
14.5378278159,8.940297e-11,8.940297e-11,1.2643489269e-10
14.6217555781,9.313579e-11,9.313579e-11,1.3171389736e-10
14.7061678604,9.702447e-11,9.702447e-11,1.37213321356e-10
14.7910674599,1.010755e-10,1.010755e-10,1.42942342924e-10
14.8764571899,1.145387e-10,1.145387e-10,1.61982182957e-10
14.9623398801,1.297953e-10,1.297953e-10,1.83558273592e-10
15.0487183762,1.47084e-10,1.47084e-10,2.08008187608e-10
15.1355955406,1.666756e-10,1.666756e-10,2.35714894037e-10
15.2229742522,2.057872e-10,2.057872e-10,2.91027049203e-10
15.3108574064,2.540765e-10,2.540765e-10,3.5931843218e-10
15.3992479154,3.136973e-10,3.136973e-10,4.4363497614e-10
15.4881487081,3.873086e-10,3.873086e-10,5.47737074944e-10
15.5775627305,2.546753e-10,2.546753e-10,3.60165263261e-10
15.6674929455,1.674621e-10,1.674621e-10,2.36827173003e-10
15.757942333,1.101149e-10,1.101149e-10,1.55725984999e-10
15.8489138904,7.240619e-11,7.240619e-11,1.02397815898e-10
15.9404106321,8.549307e-11,8.549307e-11,1.20905459083e-10
16.03243559,1.009453e-10,1.009453e-10,1.42758212318e-10
16.1249918136,1.191904e-10,1.191904e-10,1.68560680185e-10
16.2180823699,1.407332e-10,1.407332e-10,1.99026800116e-10
16.3117103437,1.393636e-10,1.393636e-10,1.97089893221e-10
16.4058788374,1.380074e-10,1.380074e-10,1.95171936788e-10
16.5005909715,1.366644e-10,1.366644e-10,1.93272647974e-10
16.5958498845,1.353344e-10,1.353344e-10,1.91391743936e-10
16.6916587331,1.190226e-10,1.190226e-10,1.68323375149e-10
16.7880206919,1.046768e-10,1.046768e-10,1.48035350226e-10
16.8849389541,9.206008e-11,9.206008e-11,1.30192613689e-10
16.9824167314,8.096408e-11,8.096408e-11,1.14500500001e-10
17.0804572538,9.708813e-11,9.708813e-11,1.37303350191e-10
17.17906377,1.164233e-10,1.164233e-10,1.64647409836e-10
17.2782395477,1.39609e-10,1.39609e-10,1.97436941229e-10
17.3779878732,1.674123e-10,1.674123e-10,2.36756745168e-10
17.4783120518,1.953244e-10,1.953244e-10,2.76230415542e-10
17.5792154079,2.278903e-10,2.278903e-10,3.22285552993e-10
17.6807012853,2.658858e-10,2.658858e-10,3.76019304402e-10
17.7827730468,3.102162e-10,3.102162e-10,4.38711957308e-10
17.8854340747,1.426397e-10,1.426397e-10,2.01722998273e-10
17.988687771,6.55868e-11,6.55868e-11,9.27537420727e-11
18.0925375572,3.01573e-11,3.01573e-11,4.26488626646e-11
18.1969868745,1.386655e-11,1.386655e-11,1.96102630733e-11
18.302039184,2.365427e-11,2.365427e-11,3.3452189442e-11
18.4076979669,4.035065e-11,4.035065e-11,5.70644364806e-11
18.5139667243,6.883219e-11,6.883219e-11,9.73434166258e-11
18.6208489778,1.174175e-10,1.174175e-10,1.6605342096e-10
18.7283482689,1.787402e-10,1.787402e-10,2.52776814981e-10
18.83646816,2.720893e-10,2.720893e-10,3.84792378237e-10
18.9452122338,4.14191e-10,4.14191e-10,5.85754529613e-10
19.0545840938,6.305073e-10,6.305073e-10,8.91671974835e-10
19.1645873641,5.013349e-10,5.013349e-10,7.08994614871e-10
19.27522569,3.986261e-10,3.986261e-10,5.63742436936e-10
19.3865027376,3.169593e-10,3.169593e-10,4.4824814078e-10
19.4984221944,2.520237e-10,2.520237e-10,3.56415334579e-10
19.610987769,2.118986e-10,2.118986e-10,2.99669873968e-10
19.7242031915,1.781619e-10,1.781619e-10,2.51958975278e-10
19.8380722135,1.497965e-10,1.497965e-10,2.11844241896e-10
19.9525986083,1.259472e-10,1.259472e-10,1.78116238383e-10
20.0677861709,1.460065e-10,1.460065e-10,2.06484372495e-10
20.1836387183,1.692607e-10,1.692607e-10,2.39370777517e-10
20.3001600895,1.962186e-10,1.962186e-10,2.7749500531e-10
20.4173541456,2.274699e-10,2.274699e-10,3.21691017612e-10
20.5352247701,2.410693e-10,2.410693e-10,3.40923473532e-10
20.6537758689,2.554817e-10,2.554817e-10,3.61305685078e-10
20.7730113704,2.707558e-10,2.707558e-10,3.82906524451e-10
20.8929352257,2.869431e-10,2.869431e-10,4.05798823649e-10
21.0135514086,2.881081e-10,2.881081e-10,4.0744638245e-10
21.1348639161,2.892778e-10,2.892778e-10,4.09100588053e-10
21.2568767681,2.904522e-10,2.904522e-10,4.10761440461e-10
21.3795940077,2.916314e-10,2.916314e-10,4.12429081094e-10
21.5030197013,2.719059e-10,2.719059e-10,3.84533011469e-10
21.627157939,2.535147e-10,2.535147e-10,3.58523927001e-10
21.7520128342,2.363673e-10,2.363673e-10,3.34273841362e-10
21.8775885244,2.203797e-10,2.203797e-10,3.11663960612e-10
22.0038891706,2.423117e-10,2.423117e-10,3.42680492462e-10
22.1309189581,2.664264e-10,2.664264e-10,3.76783828254e-10
22.2586820963,2.929409e-10,2.929409e-10,4.14280993754e-10
22.3871828188,3.220942e-10,3.220942e-10,4.55509986002e-10
22.5164253838,3.418811e-10,3.418811e-10,4.83492888339e-10
22.646414074,3.628836e-10,3.628836e-10,5.13194908683e-10
22.7771531967,3.851763e-10,3.851763e-10,5.44721547365e-10
22.9086470844,4.088385e-10,4.088385e-10,5.7818495152e-10
23.0409000942,4.022277e-10,4.022277e-10,5.68835868502e-10
23.1739166087,3.957238e-10,3.957238e-10,5.59637964914e-10
23.3077010356,3.89325e-10,3.89325e-10,5.50588695171e-10
23.4422578082,3.830297e-10,3.830297e-10,5.41685796532e-10
23.5775913851,4.208024e-10,4.208024e-10,5.95104461159e-10
23.713706251,4.623001e-10,4.623001e-10,6.53791071306e-10
23.8506069163,5.078901e-10,5.078901e-10,7.18265067615e-10
23.9882979174,5.579761e-10,5.579761e-10,7.890973681e-10
24.126783817,5.66626e-10,5.66626e-10,8.01330173993e-10
24.2660692042,5.754099e-10,5.754099e-10,8.13752484504e-10
24.4061586943,5.8433e-10,5.8433e-10,8.26367410901e-10
24.5470569295,5.933882e-10,5.933882e-10,8.39177640192e-10
24.6887685789,5.872762e-10,5.872762e-10,8.30533966899e-10
24.8312983381,5.812272e-10,5.812272e-10,8.2197938906e-10
24.9746509303,5.752404e-10,5.752404e-10,8.13512775305e-10
25.1188311058,5.693155e-10,5.693155e-10,8.05133701369e-10
25.2638436421,5.236446e-10,5.236446e-10,7.40545295183e-10
25.4096933446,4.816374e-10,4.816374e-10,6.81138143226e-10
25.5563850463,4.43e-10,4.43e-10,6.26496608131e-10
25.7039236081,4.074621e-10,4.074621e-10,5.76238427973e-10
25.8523139189,4.130757e-10,4.130757e-10,5.84177257227e-10
26.001560896,4.187667e-10,4.187667e-10,5.9222554661e-10
26.151669485,4.24536e-10,4.24536e-10,6.00384568916e-10
26.30264466,4.303849e-10,4.303849e-10,6.08656162621e-10
26.4544914238,5.204008e-10,5.204008e-10,7.3595786923e-10
26.6072148082,6.292437e-10,6.292437e-10,8.89884974578e-10
26.760819874,7.608513e-10,7.608513e-10,1.07600622741e-09
26.9153117111,9.199845e-10,9.199845e-10,1.30105455707e-09
27.070695439,9.521059e-10,9.521059e-10,1.3464810766e-09
27.2269762066,9.853489e-10,9.853489e-10,1.39349377805e-09
27.3841591925,1.019752e-09,1.019752e-09,1.44214710866e-09
27.5422496054,1.055357e-09,1.055357e-09,1.49250018255e-09
27.7012526838,9.983214e-10,9.983214e-10,1.41183966349e-09
27.8611736966,9.443679e-10,9.443679e-10,1.33553789205e-09
28.0220179431,8.933304e-10,8.933304e-10,1.26335996736e-09
28.1837907532,8.45051e-10,8.45051e-10,1.1950825851e-09
28.3464974876,9.043756e-10,9.043756e-10,1.278980239e-09
28.5101435378,9.678649e-10,9.678649e-10,1.36876766812e-09
28.6747343267,1.035811e-09,1.035811e-09,1.46485796426e-09
28.8402753081,1.108528e-09,1.108528e-09,1.56769533187e-09
29.0067719676,1.277414e-09,1.277414e-09,1.80653620357e-09
29.1742298225,1.472031e-09,1.472031e-09,2.08176620443e-09
29.3426544217,1.696299e-09,1.696299e-09,2.39892905164e-09
29.5120513464,1.954734e-09,1.954734e-09,2.76441133363e-09
29.6824262098,1.791738e-09,1.791738e-09,2.53390017982e-09
29.8537846576,1.642333e-09,1.642333e-09,2.32260960253e-09
30.0261323681,1.505387e-09,1.505387e-09,2.12893871202e-09
30.1994750524,1.37986e-09,1.37986e-09,1.95141672618e-09
30.3738184546,1.419649e-09,1.419649e-09,2.00768686961e-09
30.5491683518,1.460585e-09,1.460585e-09,2.065579116e-09
30.7255305546,1.502702e-09,1.502702e-09,2.12514154861e-09
30.9029109071,1.546034e-09,1.546034e-09,2.18642225069e-09
31.0813152871,1.684975e-09,1.684975e-09,2.38291449726e-09
31.2607496065,1.836404e-09,1.836404e-09,2.5970674428e-09
31.441219811,2.001442e-09,2.001442e-09,2.8304664207e-09
31.622731881,2.181311e-09,2.181311e-09,3.08483959995e-09
31.8052918312,2.285973e-09,2.285973e-09,3.23285401982e-09
31.9889057111,2.395657e-09,2.395657e-09,3.38797062019e-09
32.1735796051,2.510605e-09,2.510605e-09,3.55053164076e-09
32.3593196326,2.631066e-09,2.631066e-09,3.7208892207e-09
32.5461319486,2.660197e-09,2.660197e-09,3.76208667598e-09
32.7340227434,2.689651e-09,2.689651e-09,3.80374092225e-09
32.9229982432,2.71943e-09,2.71943e-09,3.84585478792e-09
33.11306471,2.749539e-09,2.749539e-09,3.88843534407e-09
33.3042284421,2.955278e-09,2.955278e-09,4.17939422818e-09
33.496495774,3.176412e-09,3.176412e-09,4.49212493008e-09
33.6898730769,3.414093e-09,3.414093e-09,4.8282566238e-09
33.8843667586,3.669557e-09,3.669557e-09,5.1895372773e-09
34.0799832642,3.137731e-09,3.137731e-09,4.43742173528e-09
34.2767290758,2.682982e-09,2.682982e-09,3.794309532e-09
34.4746107129,2.29414e-09,2.29414e-09,3.24440390198e-09
34.6736347326,1.961652e-09,1.961652e-09,2.77419486306e-09
34.8738077301,2.113477e-09,2.113477e-09,2.98890783716e-09
35.0751363385,2.277053e-09,2.277053e-09,3.22023923484e-09
35.2776272292,2.45329e-09,2.45329e-09,3.46947599043e-09
35.481287112,2.643166e-09,2.643166e-09,3.7380012048e-09
35.6861227357,3.129485e-09,3.129485e-09,4.42576013024e-09
35.8921408879,3.705283e-09,3.705283e-09,5.24006147103e-09
36.0993483954,4.387022e-09,4.387022e-09,6.20418601083e-09
36.3077521244,5.194196e-09,5.194196e-09,7.34570242882e-09
36.5173589808,4.779386e-09,4.779386e-09,6.75907250102e-09
36.7281759103,4.397702e-09,4.397702e-09,6.21928981168e-09
36.9402098987,4.046499e-09,4.046499e-09,5.72261376593e-09
37.1534679722,3.723343e-09,3.723343e-09,5.26560216797e-09
37.3679571975,4.660045e-09,4.660045e-09,6.59029884027e-09
37.5836846821,5.832397e-09,5.832397e-09,8.24825493854e-09
37.8006575745,7.299684e-09,7.299684e-09,1.03233121138e-08
38.0188830647,9.136103e-09,9.136103e-09,1.29204007698e-08
38.2383683838,9.88895e-09,9.88895e-09,1.39850872076e-08
38.459120805,1.070383e-08,1.070383e-08,1.51375015553e-08
38.6811476434,1.158587e-08,1.158587e-08,1.63848944859e-08
38.9044562561,1.254058e-08,1.254058e-08,1.7735058316e-08
39.129054043,1.235534e-08,1.235534e-08,1.74730893957e-08
39.3549484466,1.217283e-08,1.217283e-08,1.72149812785e-08
39.5821469523,1.199302e-08,1.199302e-08,1.69606915378e-08
39.8106570887,1.181586e-08,1.181586e-08,1.67101494631e-08
40.040486428,1.499478e-08,1.499478e-08,2.12058212408e-08
40.2716425861,1.902896e-08,1.902896e-08,2.69110133099e-08
40.5041332226,2.414848e-08,2.414848e-08,3.41511079267e-08
40.7379660418,3.064535e-08,3.064535e-08,4.33390695937e-08
40.9731487919,3.414083e-08,3.414083e-08,4.82824248167e-08
41.2096892664,3.803501e-08,3.803501e-08,5.3789626987e-08
41.4475953034,4.237337e-08,4.237337e-08,5.99249945375e-08
41.6868747863,4.720657e-08,4.720657e-08,6.67601715271e-08
41.9275356443,6.044978e-08,6.044978e-08,8.54888987185e-08
42.169585852,7.74082e-08,7.74082e-08,1.09471726279e-07
42.4130334302,9.912409e-08,9.912409e-08,1.40182632436e-07
42.6578864461,1.269321e-07,1.269321e-07,1.7950909732e-07
42.9041530132,1.540271e-07,1.540271e-07,2.17827213793e-07
43.1518412923,1.869059e-07,1.869059e-07,2.64324858668e-07
43.4009594908,2.268029e-07,2.268029e-07,3.20747737166e-07
43.6515158637,2.752164e-07,2.752164e-07,3.89214765467e-07
43.9035187138,3.109944e-07,3.109944e-07,4.39812498302e-07
44.1569763917,3.514234e-07,3.514234e-07,4.96987738415e-07
44.4118972961,3.971082e-07,3.971082e-07,5.6159580217e-07
44.6682898744,4.487318e-07,4.487318e-07,6.34602597428e-07
44.9261626225,7.931171e-07,7.931171e-07,1.12163695937e-06
45.1855240857,1.401806e-06,1.401806e-06,1.98245305702e-06
45.4463828584,2.47764e-06,2.47764e-06,3.50391209068e-06
45.7087475846,4.37914e-06,4.37914e-06,6.19303917953e-06
45.9726269583,4.709038e-06,4.709038e-06,6.65958540533e-06
46.2380297236,5.063789e-06,5.063789e-06,7.1612790808e-06
46.5049646752,5.445265e-06,5.445265e-06,7.70076761372e-06
46.7734406585,5.855481e-06,5.855481e-06,8.28090064442e-06
47.0434665699,6.189177e-06,6.189177e-06,8.75281805333e-06
47.3150513572,6.541889e-06,6.541889e-06,9.25162814734e-06
47.5882040201,6.914701e-06,6.914701e-06,9.77886393395e-06
47.8629336098,7.30876e-06,7.30876e-06,1.03361475161e-05
48.1392492302,4.684374e-06,4.684374e-06,6.62470524203e-06
48.4171600373,3.002337e-06,3.002337e-06,4.24594570421e-06
48.6966752405,1.924276e-06,1.924276e-06,2.72133721695e-06
48.9778041018,1.233318e-06,1.233318e-06,1.74417504232e-06
49.2605559372,1.025615e-06,1.025615e-06,1.45043864277e-06
49.544940116,8.528914e-07,8.528914e-07,1.20617058511e-06
49.830966062,7.09256e-07,7.09256e-07,1.00303945439e-06
50.1186432531,5.898102e-07,5.898102e-07,8.34117584066e-07
50.4079812221,6.043161e-07,6.043161e-07,8.5463202458e-07
50.6989895567,6.191789e-07,6.191789e-07,8.75651197915e-07
50.9916779002,6.344071e-07,6.344071e-07,8.97187124886e-07
51.2860559511,6.500097e-07,6.500097e-07,9.19252533414e-07
51.5821334645,7.014705e-07,7.014705e-07,9.92029094705e-07
51.8799202513,7.570054e-07,7.570054e-07,1.07056730347e-06
52.1794261793,8.16937e-07,8.16937e-07,1.155323385e-06
52.4806611732,8.816133e-07,8.816133e-07,1.24678948563e-06
52.783635215,9.164875e-07,9.164875e-07,1.29610905225e-06
53.0883583443,9.527412e-07,9.527412e-07,1.34737952647e-06
53.3948406587,9.90429e-07,9.90429e-07,1.40067812437e-06
53.7030923141,1.029607e-06,1.029607e-06,1.45608418331e-06
54.0131235251,1.099425e-06,1.099425e-06,1.55482174581e-06
54.324944565,1.173977e-06,1.173977e-06,1.66025419531e-06
54.6385657668,1.253584e-06,1.253584e-06,1.77283549437e-06
54.9539975227,1.338589e-06,1.338589e-06,1.89305071824e-06
55.2712502853,1.4717e-06,1.4717e-06,2.08129809974e-06
55.5903345674,1.618048e-06,1.618048e-06,2.28826542617e-06
55.9112609424,1.778949e-06,1.778949e-06,2.51581380257e-06
56.2340400449,1.95585e-06,1.95585e-06,2.76598959597e-06
56.5586825707,2.177941e-06,2.177941e-06,3.08007370025e-06
56.8851992775,2.42525e-06,2.42525e-06,3.42982144215e-06
57.213600985,2.700642e-06,2.700642e-06,3.81928454351e-06
57.5438985756,3.007304e-06,3.007304e-06,4.25297010298e-06
57.8761029941,3.308022e-06,3.308022e-06,4.67824957703e-06
58.210225249,3.638811e-06,3.638811e-06,5.14605586711e-06
58.5462764119,4.002676e-06,4.002676e-06,5.66063868499e-06
58.8842676185,4.402929e-06,4.402929e-06,6.22668190597e-06
59.2242100689,5.395621e-06,5.395621e-06,7.63056039563e-06
59.5661150277,6.612126e-06,6.612126e-06,9.35095826532e-06
59.9099938246,8.102908e-06,8.102908e-06,1.14592423883e-05
60.2558578547,9.929808e-06,9.929808e-06,1.40428691454e-05
60.6037185787,1.200851e-05,1.200851e-05,1.69825977059e-05
60.9535875239,1.452237e-05,1.452237e-05,2.05377326118e-05
61.3054762837,1.756248e-05,1.756248e-05,2.48370974049e-05
61.6593965186,2.123901e-05,2.123901e-05,3.00364959934e-05
62.0153599566,2.574778e-05,2.574778e-05,3.6412859677e-05
62.3733783931,3.121371e-05,3.121371e-05,4.4142852014e-05
62.7334636917,3.783998e-05,3.783998e-05,5.35138129159e-05
63.0956277846,4.587294e-05,4.587294e-05,6.48741338939e-05
63.4598826729,6.183392e-05,6.183392e-05,8.74463682787e-05
63.8262404266,8.334836e-05,8.334836e-05,0.000117872381114
64.194713186,0.0001123485,0.0001123485,0.000158884772412
64.5653131609,0.0001514389,0.0001514389,0.000214166946251
64.938052632,0.0001879362,0.0001879362,0.000265781922901
65.3129439507,0.0002332294,0.0002332294,0.000329836180624
65.6899995397,0.0002894383,0.0002894383,0.00040932756933
66.0692318935,0.0003591938,0.0003591938,0.00050797674348
66.4506535786,0.0004132752,0.0004132752,0.000584459392832
66.8342772344,0.0004754993,0.0004754993,0.000672457558959
67.2201155727,0.0005470919,0.0005470919,0.000773704784844
67.6081813792,0.0006294642,0.0006294642,0.000890196808668
67.9984875132,0.0006990428,0.0006990428,0.000988595808439
68.3910469082,0.0007763124,0.0007763124,0.00109787152472
68.7858725723,0.0008621232,0.0008621232,0.00121922632188
69.182977589,0.0009574192,0.0009574192,0.00135399521752
69.5823751171,0.001044115,0.001044115,0.00147660159368
69.9840783913,0.001138661,0.001138661,0.00161030982915
70.3881007229,0.001241768,0.001241768,0.00175612514692
70.7944554999,0.001354211,0.001354211,0.00191514356251
71.2031561878,0.001372873,0.001372873,0.00194153561602
71.6142163295,0.001391792,0.001391792,0.0019682911224
72.0276495463,0.001410972,0.001410972,0.00199541573853
72.4434695382,0.001430416,0.001430416,0.00202291370704
72.8616900841,0.001318382,0.001318382,0.00186447370479
73.2823250427,0.001215123,0.001215123,0.00171844342655
73.7053883523,0.001119951,0.001119951,0.00158384989339
74.1308940322,0.001032233,0.001032233,0.00145979790813
74.5588561821,0.0007105391,0.0007105391,0.00100485403182
74.9892889835,0.0004891003,0.0004891003,0.000691692277621
75.4222066996,0.0003366728,0.0003366728,0.000476127239842
75.8576236759,0.000231749,0.000231749,0.000327742578866
76.2955543409,0.0001784426,0.0001784426,0.000252355945025
76.7360132062,0.0001373976,0.0001373976,0.000194309549358
77.1790148672,0.0001057937,0.0001057937,0.000149614885354
77.6245740037,8.145923e-05,8.145923e-05,0.000115200747846
78.0727053801,6.624731e-05,6.624731e-05,9.36878442727e-05
78.5234238462,5.387611e-05,5.387611e-05,7.61923254499e-05
78.9767443373,4.381513e-05,4.381513e-05,6.19639510831e-05
79.4326818752,3.563298e-05,3.563298e-05,5.03926435838e-05
79.8912515681,3.105441e-05,3.105441e-05,4.39175677935e-05
80.3524686117,2.706416e-05,2.706416e-05,3.82745021262e-05
80.8163482892,2.358663e-05,2.358663e-05,3.33565320367e-05
81.2829059723,2.055593e-05,2.055593e-05,2.90704749932e-05
81.7521571212,1.791436e-05,1.791436e-05,2.53347308732e-05
82.2241172855,1.561225e-05,1.561225e-05,2.20790556892e-05
82.6988021044,1.360597e-05,1.360597e-05,1.92417473032e-05
83.1762273076,1.185752e-05,1.185752e-05,1.67690656001e-05
83.6564087154,1.008517e-05,1.008517e-05,1.42625841928e-05
84.1393622397,8.57773e-06,8.57773e-06,1.21307421004e-05
84.625103884,7.295611e-06,7.295611e-06,1.0317552022e-05
85.1136497443,6.20513e-06,6.20513e-06,8.77537900229e-06
85.6050160094,5.290996e-06,5.290996e-06,7.48259830166e-06
86.0992189619,4.511531e-06,4.511531e-06,6.38026832727e-06
86.5962749779,3.846897e-06,3.846897e-06,5.44033391045e-06
87.0962005286,3.280176e-06,3.280176e-06,4.63886938617e-06
87.5990121797,2.866679e-06,2.866679e-06,4.05409632077e-06
88.1047265931,2.505306e-06,2.505306e-06,3.54303772309e-06
88.6133605264,2.189488e-06,2.189488e-06,3.09640362425e-06
89.1249308343,1.913483e-06,1.913483e-06,2.70607360997e-06
89.6394544686,1.718308e-06,1.718308e-06,2.43005447793e-06
90.1569484791,1.543042e-06,1.543042e-06,2.18219092371e-06
90.6774300139,1.385652e-06,1.385652e-06,1.95960785113e-06
91.2009163202,1.244316e-06,1.244316e-06,1.75972856308e-06
91.7274247448,1.019779e-06,1.019779e-06,1.44218529242e-06
92.2569727344,8.357599e-07,8.357599e-07,1.18194298547e-06
92.7895778367,6.849469e-07,6.849469e-07,9.68661195485e-07
93.3252577005,5.613483e-07,5.613483e-07,7.93866379075e-07
93.8640300768,5.511239e-07,5.511239e-07,7.79406893928e-07
94.4059128186,5.410857e-07,5.410857e-07,7.65210735346e-07
94.9509238824,5.312303e-07,5.312303e-07,7.51273095004e-07
95.4990813282,5.215543e-07,5.215543e-07,7.37589164574e-07
96.0504033201,6.708492e-07,6.708492e-07,9.48724036947e-07
96.6049081274,8.628799e-07,8.628799e-07,1.22029645728e-06
97.1626141246,1.109879e-06,1.109879e-06,1.56960593439e-06
97.7235397923,1.427582e-06,1.427582e-06,2.0189058258e-06
98.287703718,1.711375e-06,1.711375e-06,2.42024973531e-06
98.8551245962,2.051584e-06,2.051584e-06,2.90137791715e-06
99.4258212296,2.459424e-06,2.459424e-06,3.47815077643e-06
99.9998125293,2.948339e-06,2.948339e-06,4.16958100027e-06
100.577117516,3.559684e-06,3.559684e-06,5.03415339056e-06
101.157755319,4.297793e-06,4.297793e-06,6.07799714887e-06
101.741745179,5.18895e-06,5.18895e-06,7.33828346448e-06
102.329106448,6.26489e-06,6.26489e-06,8.85989240478e-06
102.91985859,6.841631e-06,6.841631e-06,9.67552734895e-06
103.514021179,7.471467e-06,7.471467e-06,1.05662499622e-05
104.111613905,8.159286e-06,8.159286e-06,1.15389729205e-05
104.71265657,8.910423e-06,8.910423e-06,1.26012410531e-05
105.317169091,8.409128e-06,8.409128e-06,1.18923028653e-05
105.9251715,7.936034e-06,7.936034e-06,1.12232469143e-05
106.536683943,7.489557e-06,7.489557e-06,1.05918330856e-05
107.151726685,7.068199e-06,7.068199e-06,9.99594288735e-06
107.770320105,9.102767e-06,9.102767e-06,1.28732565465e-05
108.392484703,1.172298e-05,1.172298e-05,1.65787973074e-05
109.018241096,1.509742e-05,1.509742e-05,2.13509761208e-05
109.647610017,1.94432e-05,1.94432e-05,2.74968371359e-05
110.280612324,2.122964e-05,2.122964e-05,3.00232448123e-05
110.917268991,2.318023e-05,2.318023e-05,3.27817956449e-05
111.557601116,2.531004e-05,2.531004e-05,3.57938018322e-05
112.201629918,2.763553e-05,2.763553e-05,3.90825413294e-05
112.849376736,3.054526e-05,3.054526e-05,4.31975209582e-05
113.500863036,3.376135e-05,3.376135e-05,4.7745759054e-05
114.156110407,3.731605e-05,3.731605e-05,5.27728640042e-05
114.81514056,4.124504e-05,4.124504e-05,5.83292949486e-05
115.477975334,6.075213e-05,6.075213e-05,8.59164861891e-05
116.144636693,8.948521e-05,8.948521e-05,0.000126551197614
116.815146729,0.0001318078,0.0001318078,0.000186404378387
117.48952766,0.000194147,0.000194147,0.000274565320494
118.167801833,0.0003357734,0.0003357734,0.000474855296164
118.849991724,0.0005807134,0.0005807134,0.000821252766132
119.536119939,0.001004332,0.001004332,0.00142033993553
120.226209214,0.001736973,0.001736973,0.00245645077408
120.920282416,0.002482127,0.002482127,0.00351025766693
121.618362544,0.003546949,0.003546949,0.00501614338085
122.320472732,0.005068574,0.005068574,0.00716804609269
123.026636244,0.007242968,0.007242968,0.0102431035774
123.736876481,0.01136248,0.01136248,0.0160689733182
124.451216978,0.017825,0.017825,0.0252083567493
125.169681406,0.02796314,0.02796314,0.0395458518345
125.892293573,0.04386745,0.04386745,0.0620379427367
126.619077423,0.03138507,0.03138507,0.04438519165
127.350057041,0.02245452,0.02245452,0.0317554867206
128.085256649,0.01606514,0.01606514,0.0227195388694
128.824700609,0.01149384,0.01149384,0.0162547444117
129.568413423,0.007519899,0.007519899,0.0106347431535
130.316419737,0.004919929,0.004919929,0.00695783031771
131.068744336,0.003218887,0.003218887,0.00455219365115
131.825412151,0.002105972,0.002105972,0.00297829416438
132.586448256,0.001948551,0.001948551,0.00275566725118
133.351877867,0.001802897,0.001802897,0.00254968138896
134.121726351,0.001668131,0.001668131,0.00235909348401
134.896019216,0.001543439,0.001543439,0.0021827523665
135.674782122,0.001313634,0.001313634,0.00185775901879
136.458040872,0.001118046,0.001118046,0.00158115581656
137.245821423,0.0009515784,0.0009515784,0.00134573507894
138.038149879,0.0008098967,0.0008098967,0.00114536689726
138.835052496,0.0007617637,0.0007617637,0.00107729655586
139.636555679,0.0007164911,0.0007164911,0.00101327143094
140.442685989,0.0006739092,0.0006739092,0.000953051530448
141.253470138,0.0006338579,0.0006338579,0.000896410438797
142.068934993,0.0006240222,0.0006240222,0.000882500658462
142.889107576,0.0006143391,0.0006143391,0.000868806687116
143.714015066,0.0006048062,0.0006048062,0.000855325130647
144.543684796,0.0005954213,0.0005954213,0.000842052877786
145.37814426,0.0005819953,0.0005819953,0.000823065646497
146.21742111,0.0005688721,0.0005688721,0.000804506639076
147.061543155,0.0005560447,0.0005560447,0.000786365956026
147.910538368,0.0005435068,0.0005435068,0.000768634687802
148.764434882,0.0005400942,0.0005400942,0.000763808542599
149.623260993,0.0005367032,0.0005367032,0.000759012944409
150.487045158,0.0005333333,0.0005333333,0.000754247186125
151.355816003,0.0005299846,0.0005299846,0.000749511409169
152.229602313,0.0005421431,0.0005421431,0.000766706124767
153.108433046,0.0005545806,0.0005545806,0.000784295405949
153.992337321,0.0005673034,0.0005673034,0.00080228816226
154.88134443,0.000580318,0.000580318,0.000820693586089
155.77548383,0.000397691,0.000397691,0.000562420005834
156.674785152,0.0002725371,0.0002725371,0.00038542566307
157.579278194,0.0001867692,0.0001867692,0.000264131535674
158.48899293,0.0001279926,0.0001279926,0.000181008870803
159.403959505,0.000103761,0.000103761,0.000146740213445
160.324208236,8.411697e-05,8.411697e-05,0.0001189593598
161.24976962,6.819192e-05,6.819192e-05,9.64379381083e-05
162.180674325,5.528179e-05,5.528179e-05,7.81802571703e-05
163.1169532,0.0001904643,0.0001904643,0.000269357196208
164.05863727,0.0006562136,0.0006562136,0.000928026172934
165.005757739,0.002260876,0.002260876,0.00319736150204
165.958345992,0.007789484,0.007789484,0.0110159939167
166.916433595,0.02443057,0.02443057,0.0345500434305
167.880052295,0.07662286,0.07662286,0.1083610878
168.849234025,0.2403163,0.2403163,0.339858570719
169.8240109,0.7537169,0.7537169,1.06591666217
170.804415221,0.8920614,0.8920614,1.26156533035
171.790479475,1.055799,1.055799,1.49312526494
172.782236339,1.249591,1.249591,1.76718853962
173.779718674,1.478952,1.478952,2.0915539765
174.782959536,1.344457,1.344457,1.90134932343
175.791992169,1.222192,1.222192,1.72844050222
176.806850008,1.111047,1.111047,1.57125773583
177.827566682,1.010009,1.010009,1.42836842592
178.854176016,0.4835474,0.4835474,0.68383929113
179.886712028,0.2315011,0.2315011,0.327391995324
180.925208934,0.1108325,0.1108325,0.156740824652
181.969701144,0.05306166,0.05306166,0.075040519214
183.020223272,0.09787278,0.09787278,0.138413012863
184.076810128,0.1805274,0.1805274,0.25530429746
185.139496723,0.3329846,0.3329846,0.470911337381
186.208318273,0.6141941,0.6141941,0.86860162615
187.283310195,0.3645432,0.3645432,0.515541937511
188.36450811,0.2163677,0.2163677,0.305990135799
189.451947847,0.1284209,0.1284209,0.181614578472
190.545665439,0.07622172,0.07622172,0.107793790171
191.645697129,0.03714836,0.03714836,0.0525357145319
192.752079368,0.01810508,0.01810508,0.0256044496838
193.86484882,0.008823913,0.008823913,0.0124788974378
194.984042357,0.00430053,0.00430053,0.00608186785139
196.109697066,0.002069422,0.002069422,0.00292660465867
197.241850248,0.0009958087,0.0009958087,0.00140828616907
198.38053942,0.0004791847,0.0004791847,0.000677669501622
199.525802313,0.0002305843,0.0002305843,0.00032609544433
200.677676878,0.000812042,0.000812042,0.00114840080962
201.836201285,0.002859745,0.002859745,0.00404429016393
203.001413923,0.01007108,0.01007108,0.0142426579237
204.173353405,0.03546707,0.03546707,0.0501580114116
205.352058565,0.03792506,0.03792506,0.0536341342058
206.537568461,0.0405534,0.0405534,0.0573511682803
207.729922378,0.04336389,0.04336389,0.0613258013553
208.929159826,0.04636918,0.04636918,0.0655759232321
210.135320544,0.06532176,0.06532176,0.0923789189101
211.348444502,0.09202087,0.09202087,0.130137162375
212.568571898,0.1296328,0.1296328,0.183328463888
213.795743164,0.1826178,0.1826178,0.258260569491
215.029998963,0.1418627,0.1418627,0.200624154335
216.271380197,0.1102029,0.1102029,0.155850435793
217.519927999,0.08560872,0.08560872,0.121069012881
218.775683744,0.06650323,0.06650323,0.0940497698076
220.038689043,0.04550148,0.04550148,0.064348810124
221.308985748,0.03113209,0.03113209,0.044027423903
222.586615953,0.02130056,0.02130056,0.0301235408381
223.871621995,0.01457383,0.01457383,0.0206105080417
225.164046454,0.01120827,0.01120827,0.0158508874447
226.463932159,0.008619923,0.008619923,0.0121904120132
227.771322182,0.006629308,0.006629308,0.00937525728275
229.086259848,0.005098389,0.005098389,0.00721021087005
230.408788728,0.00415281,0.00415281,0.00587296022396
231.738952648,0.003382605,0.003382605,0.00478372586715
233.076795685,0.002755247,0.002755247,0.00389650767509
234.422362171,0.002244242,0.002244242,0.00317383747365
235.775696694,0.001935358,0.001935358,0.00273700953165
237.136844099,0.001668988,0.001668988,0.00236030546504
238.505849491,0.001439278,0.001439278,0.00203544646763
239.882758234,0.001241185,0.001241185,0.00175530066041
241.267615955,0.001092131,0.001092131,0.00154450647209
242.660468543,0.0009609773,0.0009609773,0.00135902713079
244.061362154,0.0008455736,0.0008455736,0.0011958216531
245.470343209,0.0007440287,0.0007440287,0.00105221547833
246.887458397,0.0006657026,0.0006657026,0.000941445645427
248.312754677,0.0005956221,0.0005956221,0.000842336851869
249.746279278,0.0005329192,0.0005329192,0.000753661560289
251.188079705,0.0004768172,0.0004768172,0.000674321351013
252.638203732,0.0004362536,0.0004362536,0.000616955757754
254.096699414,0.0003991408,0.0003991408,0.000564470332656
255.56361508,0.0003651853,0.0003651853,0.000516450004039
257.038999339,0.0003341183,0.0003341183,0.000472514631297
258.522901081,0.000312945,0.000312945,0.000442571063277
260.015369477,0.0002931135,0.0002931135,0.000414525087015
261.516453985,0.0002745388,0.0002745388,0.000388256494358
263.026204344,0.000257141,0.000257141,0.000363652289642
264.544670583,0.0002468323,0.0002468323,0.000349073586292
266.071903021,0.0002369369,0.0002369369,0.000335079377407
267.607952264,0.0002274382,0.0002274382,0.000321646187042
269.152869212,0.0002183203,0.0002183203,0.000308751529201
270.70670506,0.0002132343,0.0002132343,0.000301558839023
272.269511296,0.0002082669,0.0002082669,0.000294533874573
273.841339708,0.0002034152,0.0002034152,0.000287672534633
275.42224238,0.0001986765,0.0001986765,0.000280971000825
277.0122717,0.0002087062,0.0002087062,0.000295155138591
278.611480355,0.0002192422,0.0002192422,0.000310055292685
280.219921339,0.0002303101,0.0002303101,0.000325707666972
281.83764795,0.0002419367,0.0002419367,0.000342150162376
283.464713795,0.0001941862,0.0001941862,0.000274620757666
285.10117279,0.0001558601,0.0001558601,0.000220419467253
286.747079163,0.0001250983,0.0001250983,0.00017691571249
288.402487452,0.0001004079,0.0001004079,0.000141998213949
290.067452514,0.0001041992,0.0001041992,0.000147359921828
291.74202952,0.0001081336,0.0001081336,0.000152924003668
293.426273962,0.0001122165,0.0001122165,0.000158698096222
295.120241648,0.0001164536,0.0001164536,0.000164690260507
296.823988713,0.0001372826,0.0001372826,0.000194146914798
298.537571612,0.0001618371,0.0001618371,0.000228872221715
300.26104713,0.0001907834,0.0001907834,0.000269808471756
301.994472377,0.0002249071,0.0002249071,0.000318066671094
303.737904793,0.0002813675,0.0002813675,0.000397913734511
305.49140215,0.0003520015,0.0003520015,0.000497805295276
307.255022553,0.0004403674,0.0004403674,0.000622773549507
309.028824445,0.0005509165,0.0005509165,0.000779113586035
310.812866602,0.0003459967,0.0003459967,0.000489313225676
312.607208143,0.0002172992,0.0002172992,0.000307307475733
314.411908526,0.0001364722,0.0001364722,0.000193000836127
316.227027554,8.57097e-05,8.57097e-05,0.000121211820167
318.052625375,5.092982e-05,5.092982e-05,7.20256421732e-05
319.888762483,3.026316e-05,3.026316e-05,4.27985713123e-05
321.735499721,1.798276e-05,1.798276e-05,2.54314630809e-05
323.592898286,1.068559e-05,1.068559e-05,1.51117063e-05
325.461019725,8.780365e-06,8.780365e-06,1.24173112656e-05
327.339925943,7.21484e-06,7.21484e-06,1.02033245784e-05
329.2296792,5.928447e-06,5.928447e-06,8.38409015121e-06
331.130342118,4.871414e-06,4.871414e-06,6.88921974673e-06
333.041977678,1.011082e-05,1.011082e-05,1.42988587707e-05
334.964649226,2.098542e-05,2.098542e-05,2.96778655761e-05
336.898420474,4.355609e-05,4.355609e-05,6.15976132019e-05
338.8433555,9.040254e-05,9.040254e-05,0.000127848498141
340.799518754,0.0001978961,0.0001978961,0.000279867348561
342.766975058,0.0004332055,0.0004332055,0.000612645093395
344.745789606,0.0009483107,0.0009483107,0.00134111385328
346.73602797,0.002075905,0.002075905,0.0029357730052
348.737756102,0.001058751,0.001058751,0.00149730002338
350.751040331,0.0005399827,0.0005399827,0.000763650857787
352.775947373,0.0002754013,0.0002754013,0.000389476253555
354.812544325,0.0001404598,0.0001404598,0.000198640154128
356.860898676,8.198514e-05,8.198514e-05,0.000115944496901
358.9210783,4.785399e-05,4.785399e-05,6.76757616717e-05
360.993151467,2.793194e-05,2.793194e-05,3.95017283714e-05
363.077186837,1.630362e-05,1.630362e-05,2.30568005198e-05
365.173253471,1.884817e-05,1.884817e-05,2.66553376399e-05
367.281420824,2.178985e-05,2.178985e-05,3.08155013921e-05
369.401758755,2.519065e-05,2.519065e-05,3.5624958875e-05
371.534337526,2.912223e-05,2.912223e-05,4.11850526325e-05
373.679227803,2.560776e-05,2.560776e-05,3.6214841494e-05
375.836500662,2.251741e-05,2.251741e-05,3.18444266115e-05
378.006227589,1.980001e-05,1.980001e-05,2.80014426771e-05
380.18848048,1.741054e-05,1.741054e-05,2.46222217962e-05
382.38333165,1.810376e-05,1.810376e-05,2.56025829219e-05
384.590853829,1.882458e-05,1.882458e-05,2.6621976342e-05
386.811120167,1.957409e-05,1.957409e-05,2.76819435491e-05
389.044204238,2.035346e-05,2.035346e-05,2.87841391732e-05
391.290180039,2.226327e-05,2.226327e-05,3.14850183768e-05
393.549121994,2.435228e-05,2.435228e-05,3.44393246507e-05
395.821104958,2.66373e-05,2.66373e-05,3.7670830925e-05
398.106204217,2.913672e-05,2.913672e-05,4.12055445871e-05
400.404495494,6.433394e-05,6.433394e-05,9.09819304689e-05
402.716054945,0.0001420495,0.0001420495,0.000200888329428
405.04095917,0.0003136456,0.0003136456,0.000443561861299
407.379285207,0.0006925301,0.0006925301,0.000979385459772
409.731110543,0.0007502544,0.0007502544,0.00106101994771
412.096513109,0.0008127901,0.0008127901,0.00114945878278
414.475571287,0.0008805385,0.0008805385,0.00124526948889
416.868363913,0.0009539336,0.0009539336,0.00134906583472
419.274970276,0.001519332,0.001519332,0.00214865992015
421.695470124,0.002419843,0.002419843,0.00342217478941
424.129943664,0.003854088,0.003854088,0.00545050352018
426.578471567,0.006138413,0.006138413,0.00868102691605
429.041134971,0.008837571,0.008837571,0.0124982127666
431.51801548,0.01272359,0.01272359,0.0179938735401
434.00919517,0.01831836,0.01831836,0.0259060731524
436.514756592,0.02637322,0.02637322,0.0372973654074
439.034782772,0.02618677,0.02618677,0.0370336852887
441.569357216,0.02600163,0.02600163,0.0367718577898
444.118563912,0.0258178,0.0258178,0.0365118829106
446.682487334,0.02563528,0.02563528,0.0362537606512
449.26121244,0.02493506,0.02493506,0.0352635000306
451.854824684,0.02425395,0.02425395,0.0343002650311
454.463410008,0.02359146,0.02359146,0.0333633626882
457.087054853,0.02294706,0.02294706,0.0324520434686
459.72584616,0.02097457,0.02097457,0.0296625213589
462.379871368,0.01917164,0.01917164,0.0271127933009
465.049218426,0.01752368,0.01752368,0.0247822259187
467.733975785,0.01601738,0.01601738,0.0226519960297
470.434232413,0.0127944,0.0127944,0.0180940140024
473.150077785,0.01021995,0.01021995,0.0144531918968
475.881601898,0.008163517,0.008163517,0.0115449564581
478.628895265,0.006520877,0.006520877,0.00922191269197
481.392048923,0.005778973,0.005778973,0.00817270199319
484.171154435,0.005121479,0.005121479,0.00724286506121
486.966303892,0.004538789,0.004538789,0.00641881696055
489.777589916,0.004022394,0.004022394,0.00568852414801
492.605105665,0.003670951,0.003670951,0.00519150869101
495.448944835,0.003350215,0.003350215,0.00473791948987
498.30920166,0.003057501,0.003057501,0.00432395938117
501.185970921,0.002790363,0.002790363,0.00394616919854
504.079347946,0.003273354,0.003273354,0.00462922162125
506.989428613,0.003839949,0.003839949,0.00543050795462
509.916309351,0.004504616,0.004504616,0.00637048904048
512.86008715,0.005284335,0.005284335,0.00747317822512
515.820859556,0.00476478,0.00476478,0.00673841649772
518.798724681,0.004296309,0.004296309,0.00607589845595
521.793781203,0.003873898,0.003873898,0.00547851909085
524.806128367,0.003493017,0.003493017,0.004939872015
527.835865994,0.00585285,0.00585285,0.00827717984854
530.883094481,0.009806953,0.009806953,0.0138691259382
533.947914803,0.01643239,0.01643239,0.0232389088002
537.030428518,0.0275339,0.0275339,0.038938814805
540.130737772,0.02309808,0.02309808,0.0326656180008
543.248945299,0.01937689,0.01937689,0.0274030606346
546.385154428,0.01625519,0.01625519,0.022988310157
549.539469082,0.01363642,0.01363642,0.0192848101062
552.711993787,0.01356763,0.01356763,0.0191875263553
555.902833669,0.01349918,0.01349918,0.0190907234369
559.112094463,0.01343109,0.01343109,0.0189944296355
562.339882514,0.01336333,0.01336333,0.0188986025245
565.586304782,0.0136066,0.0136066,0.0192426382578
568.851468843,0.0138543,0.0138543,0.0195929389572
572.135482894,0.01410651,0.01410651,0.0199496177598
575.438455757,0.01436331,0.01436331,0.0203127878026
578.760496883,0.007674762,0.007674762,0.0108537525084
582.101716354,0.004100864,0.004100864,0.00579949748625
585.462224888,0.002191219,0.002191219,0.00309885162793
588.842133841,0.001170836,0.001170836,0.00165581215051
592.241555215,0.000846148,0.000846148,0.00119663397737
595.660601653,0.0006115002,0.0006115002,0.000864791876234
599.099386455,0.0004419233,0.0004419233,0.000624973924389
602.55802357,0.0003193723,0.0003193723,0.000451660638106
606.036627607,0.0002020615,0.0002020615,0.000285758113733
609.535313836,0.000127841,0.000127841,0.000180794476027
613.054198193,8.088283e-05,8.088283e-05,0.000114385595149
616.593397283,5.117324e-05,5.117324e-05,7.23698900386e-05
620.153028384,8.305842e-05,8.305842e-05,0.000117462344033
623.733209451,0.0001348107,0.0001348107,0.000190651120293
627.334059121,0.000218809,0.000218809,0.000309442655369
630.955696715,0.0003551451,0.0003551451,0.00050225101703
634.598242242,0.0003821232,0.0003821232,0.000540403811937
638.261816405,0.0004111506,0.0004111506,0.000581454754698
641.946540605,0.0004423831,0.0004423831,0.000625624179785
645.652536941,0.0004759881,0.0004759881,0.000673148826548
649.379928219,0.0004638413,0.0004638413,0.000655970657249
653.128837952,0.0004520045,0.0004520045,0.000639230894154
656.89939037,0.0004404698,0.0004404698,0.000622918364976
660.691710415,0.0004292296,0.0004292296,0.000607022321692
664.505923754,0.0001956221,0.0001956221,0.00027665142692
668.342156778,8.915507e-05,8.915507e-05,0.000126084309148
672.200536608,4.063257e-05,4.063257e-05,5.74631315681e-05
676.081191098,1.851835e-05,1.851835e-05,2.61889017228e-05
679.984248843,2.034309e-05,2.034309e-05,2.87694737786e-05
683.909839177,2.234763e-05,2.234763e-05,3.16043214329e-05
687.858092182,2.454969e-05,2.454969e-05,3.47185045501e-05
691.829138692,2.696875e-05,2.696875e-05,3.81395720102e-05
695.823110294,4.381996e-05,4.381996e-05,6.19707817346e-05
699.840139336,7.120051e-05,7.120051e-05,0.00010069272689
703.880358931,0.0001156896,0.0001156896,0.000163609801346
707.943902959,0.0001879774,0.0001879774,0.0002658401885
712.030906073,0.0002296823,0.0002296823,0.000324819823697
716.141503704,0.0002806399,0.0002806399,0.000396884752723
720.275832064,0.0003429031,0.0003429031,0.0004849382146
724.434028153,0.00041898,0.00041898,0.000592527198363
728.616229761,0.0005214023,0.0005214023,0.000737374204113
732.822575472,0.0006488626,0.0006488626,0.000917630289037
737.053204672,0.0008074812,0.0008074812,0.0011419508644
741.308257551,0.001004875,0.001004875,0.00142110785349
745.587875109,0.000919824,0.000919824,0.0013008275758
749.892199159,0.0008419714,0.0008419714,0.00119072737301
754.221372332,0.0007707081,0.0007707081,0.00108994584765
758.575538085,0.0007054764,0.0007054764,0.000997694292814
762.954840701,0.0005952055,0.0005952055,0.000841747690499
767.359425297,0.0005021706,0.0005021706,0.000710176473145
771.789437827,0.0004236778,0.0004236778,0.000599170890836
776.245025089,0.0003574539,0.0003574539,0.000505516153303
780.726334726,0.0001532781,0.0001532781,0.000216767967835
785.233515235,6.572647e-05,6.572647e-05,9.29512652809e-05
789.766715971,2.818386e-05,2.818386e-05,3.9857997052e-05
794.32608715,1.208539e-05,1.208539e-05,1.70913224446e-05
798.911779856,1.410073e-05,1.410073e-05,1.99414436054e-05
803.523946043,1.645215e-05,1.645215e-05,2.32668536602e-05
808.162738546,1.919569e-05,1.919569e-05,2.71468051371e-05
812.82831108,2.239674e-05,2.239674e-05,3.16737734609e-05
817.520818247,1.743913e-05,1.743913e-05,2.4662654162e-05
822.240415543,1.35789e-05,1.35789e-05,1.92034645421e-05
826.98725936,1.057316e-05,1.057316e-05,1.49527062691e-05
831.761506995,8.232742e-06,8.232742e-06,1.16428553919e-05
836.563316651,7.777056e-06,7.777056e-06,1.09984180705e-05
841.392847445,7.346594e-06,7.346594e-06,1.0389652872e-05
846.250259414,6.939957e-06,6.939957e-06,9.81458131169e-06
851.135713517,6.555827e-06,6.555827e-06,9.27133945597e-06
856.049371643,6.412278e-06,6.412278e-06,9.06833051331e-06
860.991396616,6.271872e-06,6.271872e-06,8.86976644387e-06
865.961952199,6.13454e-06,6.13454e-06,8.67554966692e-06
870.9612031,6.000215e-06,6.000215e-06,8.48558543015e-06
875.989314981,8.992683e-06,8.992683e-06,1.27175742607e-05
881.046454456,1.347758e-05,1.347758e-05,1.9060176424e-05
886.132789105,2.01992e-05,2.01992e-05,2.85659825891e-05
891.248487472,3.02731e-05,3.02731e-05,4.28126285951e-05
896.393719077,5.527786e-05,5.527786e-05,7.8174699311e-05
901.568654415,0.0001009359,0.0001009359,0.00014274491871
906.77346497,0.0001843061,0.0001843061,0.000260648186248
912.008323211,0.0003365381,0.0003365381,0.000475936745275
917.273402607,0.000320542,0.000320542,0.00045331484371
922.568877626,0.0003053063,0.0003053063,0.000431768310138
927.894923743,0.0002907947,0.0002907947,0.000411245808606
933.251717448,0.0002769729,0.0002769729,0.00039169883159
938.639436248,0.0002281817,0.0002281817,0.000322697654825
944.058258676,0.0001879856,0.0001879856,0.000265851785051
949.508364294,0.0001548703,0.0001548703,0.000219019678669
954.989933703,0.0001275885,0.0001275885,0.000180437387103
960.503148545,0.00013176,0.00013176,0.000186336778978
966.04819151,0.0001360678,0.0001360678,0.000192428928162
971.625246345,0.0001405164,0.0001405164,0.000198720198616
977.234497856,0.0001451105,0.0001451105,0.000205217237143
982.876131917,0.0001195699,0.0001195699,0.000169097374232
988.550335473,9.852462e-05,9.852462e-05,0.000139334853832
994.257296551,8.118349e-05,8.118349e-05,0.000114810792599
999.997204261,6.689454e-05,6.689454e-05,9.46031657167e-05
