Hz,real,imaginary,V^2 (rms) 
9.99999046326,1.029495,-0.06005339,-3.34013695007
10.0577210151,1.032211,-0.05400286,-2.99636946626
10.1157848488,1.034898,-0.04792216,-2.65259879901
10.1741838887,1.037555,-0.04181137,-2.30882600368
10.2329200697,1.040181,-0.0356706,-1.96505268983
10.2919953382,1.040331,-0.03622144,-1.99508604812
10.3514116519,1.04048,-0.03677244,-2.02512040061
10.4111709795,1.040629,-0.0373236,-2.05515384311
10.4712753014,1.040777,-0.03787497,-2.0851911111
10.5317266092,1.040069,-0.03983114,-2.1942760325
10.592526906,1.039358,-0.04178474,-2.30335876312
10.6536782067,1.038644,-0.04373581,-2.41244168741
10.7151825375,1.037926,-0.04568433,-2.52152631574
10.7770419365,1.039315,-0.04367616,-2.40760173988
10.8392584537,1.040703,-0.04166273,-2.29367524128
10.9018341505,1.042087,-0.03964403,-2.17975304707
10.9647711006,1.04347,-0.03762005,-2.06582818089
11.0280713896,1.043448,-0.03540134,-1.94412953152
11.091737115,1.043421,-0.03318291,-1.82243231008
11.1557703865,1.043389,-0.03096475,-1.70073532053
11.2201733259,1.043352,-0.02874686,-1.57903791484
11.2849480674,1.044976,-0.03170905,-1.73894773383
11.3500967575,1.046595,-0.03468061,-1.89885607291
11.4156215548,1.048207,-0.03766156,-2.0587676237
11.4815246308,1.049815,-0.04065188,-2.21867550998
11.5478081693,1.050334,-0.04082023,-2.22675465287
11.6144743666,1.050853,-0.04098874,-2.23483444192
11.681525432,1.051373,-0.0411574,-2.24291220016
11.7489635872,1.051894,-0.04132623,-2.25098899543
11.816791067,1.053248,-0.04225468,-2.29855127251
11.8850101189,1.054603,-0.04318548,-2.34611356821
11.9536230036,1.055959,-0.04411862,-2.39367512743
12.0226319946,1.057317,-0.04505416,-2.44123668102
12.0920393787,1.059281,-0.04408639,-2.38443586536
12.1618474559,1.061247,-0.04311491,-2.32763617487
12.2320585393,1.063215,-0.04213972,-2.27083801026
12.3026749556,1.065187,-0.04116078,-2.21403546773
12.3736990447,1.066431,-0.03986935,-2.14213598321
12.4451331602,1.067675,-0.0385749,-2.07023538947
12.5169796691,1.068918,-0.03727744,-1.9983362973
12.5892409524,1.070163,-0.035977,-1.92643491351
12.6619194044,1.072169,-0.03840304,-2.0523886052
12.7350174335,1.074174,-0.04083822,-2.17834124655
12.808537462,1.076177,-0.04328258,-2.30429612954
12.8824819261,1.078179,-0.04573605,-2.4302466362
12.956853276,1.079523,-0.04420774,-2.34620889206
13.0316539763,1.080867,-0.04267564,-2.26216939313
13.1068865055,1.082209,-0.04113976,-2.17813302118
13.1825533567,1.08355,-0.03960008,-2.09409663938
13.2586570372,1.084336,-0.04119029,-2.17653205183
13.3352000689,1.085119,-0.04278287,-2.25897030268
13.4121849882,1.085901,-0.04437781,-2.34140687143
13.489614346,1.086681,-0.04597513,-2.42384490811
13.5674907083,1.086082,-0.04718935,-2.48915057098
13.6458166555,1.085483,-0.04840227,-2.55445331636
13.7245947832,1.084882,-0.0496139,-2.61975833068
13.8038277017,1.084282,-0.05082426,-2.68505945571
13.8835180367,1.084407,-0.04931089,-2.60491954357
13.9636684289,1.084529,-0.04779726,-2.52478117676
14.0442815341,1.08465,-0.04628337,-2.44463949975
14.1253600237,1.084768,-0.04476921,-2.36449842952
14.2069065844,1.084972,-0.04519486,-2.3865051158
14.2889239182,1.085176,-0.04562066,-2.40851073451
14.3714147431,1.08538,-0.04604662,-2.43051580665
14.4543817926,1.085585,-0.0464728,-2.45252123179
14.5378278159,1.08596,-0.04661303,-2.45906415167
14.6217555781,1.086334,-0.04675337,-2.46561055103
14.7061678604,1.086709,-0.0468938,-2.47215484678
14.7910674599,1.087085,-0.04703439,-2.47870070726
14.8764571899,1.086738,-0.04588544,-2.41899526466
14.9623398801,1.08639,-0.04473727,-2.35928968201
15.0487183762,1.086041,-0.04358987,-2.29958340248
15.1355955406,1.085691,-0.04244325,-2.23987692256
15.2229742522,1.085765,-0.04165221,-2.19802263828
15.3108574064,1.085839,-0.04086108,-2.15616696983
15.3992479154,1.085912,-0.04006986,-2.11431190687
15.4881487081,1.085983,-0.03927851,-2.07245717612
15.5775627305,1.086076,-0.03849582,-2.0310211245
15.6674929455,1.086168,-0.03771301,-1.98958555042
15.757942333,1.08626,-0.03693009,-1.94814911734
15.8489138904,1.086351,-0.03614704,-1.90671256796
15.9404106321,1.086807,-0.03591638,-1.89376008416
16.03243559,1.087264,-0.03568552,-1.8808060097
16.1249918136,1.087721,-0.03545446,-1.86785209932
16.2180823699,1.088178,-0.03522321,-1.85489888015
16.3117103437,1.088999,-0.03410951,-1.79493569353
16.4058788374,1.089818,-0.03299414,-1.73497435104
16.5005909715,1.090637,-0.03187711,-1.675012097
16.5958498845,1.091457,-0.03075845,-1.61504915177
16.6916587331,1.092159,-0.03066694,-1.60921225776
16.7880206919,1.092862,-0.03057529,-1.60337402493
16.8849389541,1.093565,-0.03048352,-1.59753697959
16.9824167314,1.094269,-0.03039163,-1.59169966571
17.0804572538,1.094822,-0.03075762,-1.6100443927
17.17906377,1.095374,-0.03112398,-1.62839110128
17.2782395477,1.095927,-0.03149071,-1.64673683073
17.3779878732,1.09648,-0.03185781,-1.66508304586
17.4783120518,1.097316,-0.03067086,-1.60185809429
17.5792154079,1.09815,-0.02948213,-1.53863546649
17.6807012853,1.098984,-0.0282916,-1.47541123126
17.7827730468,1.099816,-0.02709926,-1.41218758373
17.8854340747,1.100136,-0.02707698,-1.41061674076
17.988687771,1.100457,-0.02705468,-1.40904448814
18.0925375572,1.100777,-0.02703236,-1.40747338756
18.1969868745,1.101097,-0.02701001,-1.40590163716
18.302039184,1.101686,-0.02677281,-1.39281524071
18.4076979669,1.102274,-0.02653534,-1.37972990247
18.5139667243,1.102863,-0.0262976,-1.3666431089
18.6208489778,1.103453,-0.02605965,-1.35355801428
18.7283482689,1.104254,-0.02589013,-1.34378115994
18.83646816,1.105057,-0.02572035,-1.33400250738
18.9452122338,1.105859,-0.02555032,-1.32422622314
19.0545840938,1.106663,-0.02538003,-1.31444819625
19.1645873641,1.106817,-0.02526374,-1.30824556976
19.27522569,1.106972,-0.02514741,-1.30204139228
19.3865027376,1.107127,-0.02503105,-1.29583736896
19.4984221944,1.107283,-0.02491468,-1.28963337046
19.610987769,1.107993,-0.02496067,-1.29118545926
19.7242031915,1.108704,-0.02500671,-1.2927369766
19.8380722135,1.109415,-0.0250528,-1.29428908563
19.9525986083,1.110128,-0.02509895,-1.29583996753
20.0677861709,1.111343,-0.02509044,-1.29398500833
20.1836387183,1.112559,-0.02508188,-1.29213036198
20.3001600895,1.113777,-0.02507327,-1.29027487438
20.4173541456,1.114995,-0.0250646,-1.28842035468
20.5352247701,1.11659,-0.02499497,-1.28300756762
20.6537758689,1.118187,-0.02492511,-1.27759612989
20.7730113704,1.119786,-0.02485498,-1.27218401803
20.8929352257,1.121388,-0.02478462,-1.26677217838
21.0135514086,1.123481,-0.02494157,-1.27241734371
21.1348639161,1.125577,-0.02509903,-1.27806404598
21.2568767681,1.127677,-0.02525699,-1.2837105852
21.3795940077,1.129781,-0.02541546,-1.28935740919
21.5030197013,1.131469,-0.02622893,-1.32862676454
21.627157939,1.133157,-0.02704479,-1.36789872161
21.7520128342,1.134849,-0.02786304,-1.4071682682
21.8775885244,1.136542,-0.02868368,-1.44643877443
22.0038891706,1.13766,-0.02966956,-1.49466217158
22.1309189581,1.138779,-0.03065737,-1.54288450165
22.2586820963,1.139898,-0.03164712,-1.59110746404
22.3871828188,1.141018,-0.03263883,-1.63933055
22.5164253838,1.141391,-0.03553302,-1.78402235573
22.646414074,1.141757,-0.03842931,-1.9287140424
22.7771531967,1.142116,-0.04132768,-2.07340539657
22.9086470844,1.142467,-0.04422811,-2.2180981421
23.0409000942,1.142817,-0.04552654,-2.28244975995
23.1739166087,1.143165,-0.0468258,-2.34680187568
23.3077010356,1.143512,-0.04812592,-2.41115405327
23.4422578082,1.143857,-0.04942683,-2.47550495296
23.5775913851,1.139767,-0.05023376,-2.52488438647
23.713706251,1.135691,-0.05103431,-2.57426261639
23.8506069163,1.131629,-0.05182853,-2.62364029192
23.9882979174,1.12758,-0.05261645,-2.67301942478
24.126783817,1.126602,-0.05230197,-2.6593694468
24.2660692042,1.125624,-0.05198797,-2.64571983964
24.4061586943,1.124647,-0.05167448,-2.63206979549
24.5470569295,1.123671,-0.05136154,-2.61842138835
24.6887685789,1.121066,-0.04724816,-2.41456907024
24.8312983381,1.118453,-0.04315422,-2.21071630889
24.9746509303,1.115832,-0.0390797,-2.00686330088
25.1188311058,1.113202,-0.03502456,-1.80301078256
25.2638436421,1.113611,-0.03449007,-1.77486210179
25.4096933446,1.114021,-0.03395521,-1.74671264608
25.5563850463,1.11443,-0.03341994,-1.71856353132
25.7039236081,1.114838,-0.03288431,-1.69041726286
25.8523139189,1.117376,-0.0317348,-1.62765573685
26.001560896,1.119917,-0.03057993,-1.56489645294
26.151669485,1.122464,-0.02941968,-1.50213499026
26.30264466,1.125015,-0.02825404,-1.43937454132
26.4544914238,1.125211,-0.02819763,-1.43625187401
26.6072148082,1.125408,-0.0281412,-1.43312799485
26.760819874,1.125605,-0.02808475,-1.43000418272
26.9153117111,1.125803,-0.0280283,-1.42688018844
27.070695439,1.129965,-0.03731743,-1.89248208105
27.2269762066,1.134068,-0.04667673,-2.35808321668
27.3841591925,1.138111,-0.05610599,-2.82368354347
27.5422496054,1.142092,-0.065605,-3.28928656802
27.7012526838,1.12817,-0.05544088,-2.81481066809
27.8611736966,1.114341,-0.04551921,-2.34033529686
28.0220179431,1.100606,-0.03583617,-1.8658604657
28.1837907532,1.086965,-0.02638796,-1.39138660224
28.3464974876,1.090885,-0.02444758,-1.28447918696
28.5101435378,1.094816,-0.02249296,-1.17757137159
28.6747343267,1.098757,-0.02052402,-1.07066382225
28.8402753081,1.10271,-0.01854069,-0.963754716081
29.0067719676,1.103451,-0.01767434,-0.918112443715
29.1742298225,1.104194,-0.01680681,-0.872467442304
29.3426544217,1.104935,-0.01593812,-0.826824050769
29.5120513464,1.105678,-0.01506827,-0.781179248255
29.6824262098,1.109515,-0.01046848,-0.540854465569
29.8537846576,1.113346,-0.005836849,-0.300529551526
30.0261323681,1.11717,-0.001173294,-0.0602046841492
30.1994750524,1.120989,0.003522252,0.180119403989
30.3738184546,1.124238,-0.00143114,-0.0729737193516
30.5491683518,1.127475,-0.006413213,-0.326067051745
30.7255305546,1.130699,-0.01142399,-0.579160435828
30.9029109071,1.133909,-0.01646348,-0.832253787572
31.0813152871,1.133499,-0.01635334,-0.826985799602
31.2607496065,1.133089,-0.01624329,-0.821718537595
31.441219811,1.132679,-0.01613332,-0.816451496451
31.622731881,1.132269,-0.01602344,-0.811185182699
31.8052918312,1.133524,-0.01532811,-0.775129518777
31.9889057111,1.134779,-0.01463124,-0.739075212315
32.1735796051,1.136036,-0.0139328,-0.703019534254
32.3593196326,1.137294,-0.01323281,-0.666964300251
32.5461319486,1.137549,-0.0150047,-0.756092404975
32.7340227434,1.137802,-0.01677742,-0.845220200051
32.9229982432,1.138053,-0.01855097,-0.934347722019
33.11306471,1.1383,-0.02032533,-1.02347579796
33.3042284421,1.138617,-0.01978998,-0.996246531626
33.496495774,1.138934,-0.01925434,-0.96901738141
33.6898730769,1.139251,-0.0187184,-0.9417878561
33.8843667586,1.139569,-0.01818218,-0.914558171338
34.0799832642,1.140364,-0.01804211,-0.906881310341
34.2767290758,1.14116,-0.01790183,-0.899203778843
34.4746107129,1.141957,-0.01776134,-0.891525598615
34.6736347326,1.142755,-0.01762066,-0.883847794408
34.8738077301,1.143779,-0.01826417,-0.91530064932
35.0751363385,1.144804,-0.01890882,-0.946752928791
35.2776272292,1.14583,-0.01955462,-0.978205031764
35.481287112,1.146856,-0.02020156,-1.00965723647
35.6861227357,1.147525,-0.01840534,-0.91936360744
35.8921408879,1.148193,-0.01660706,-0.829068539328
36.0993483954,1.148857,-0.01480674,-0.738775165798
36.3077521244,1.149519,-0.01300436,-0.648480857255
36.5173589808,1.150713,-0.01364134,-0.679536091594
36.7281759103,1.151908,-0.01427962,-0.710590616151
36.9402098987,1.153104,-0.01491923,-0.741645824049
37.1534679722,1.154301,-0.01556015,-0.772700619833
37.3679571975,1.156432,-0.01586604,-0.786437210094
37.5836846821,1.158568,-0.01617299,-0.800172162756
37.8006575745,1.160707,-0.01648104,-0.81390868468
38.0188830647,1.162851,-0.01679018,-0.827644742627
38.2383683838,1.163486,-0.01755032,-0.864636965578
38.459120805,1.164121,-0.0183113,-0.901629466743
38.6811476434,1.164756,-0.01907311,-0.938621721611
38.9044562561,1.16539,-0.01983577,-0.975615519039
39.129054043,1.167354,-0.01895357,-0.930664496199
39.3549484466,1.16932,-0.01806837,-0.885714782869
39.5821469523,1.171289,-0.01718014,-0.840764466726
39.8106570887,1.173261,-0.01628887,-0.79581345692
40.040486428,1.1741,-0.01568009,-0.765526981766
40.2716425861,1.17494,-0.01507042,-0.735239292701
40.5041332226,1.175781,-0.01445987,-0.704950973032
40.7379660418,1.176622,-0.01384845,-0.674663177821
40.9731487919,1.181042,-0.01387334,-0.673346443407
41.2096892664,1.185479,-0.01389821,-0.672028923911
41.4475953034,1.189934,-0.01392308,-0.670711084337
41.6868747863,1.194404,-0.01394795,-0.669394669011
41.9275356443,1.19671,-0.01317343,-0.631008578888
42.169585852,1.199019,-0.01239588,-0.592623246487
42.4130334302,1.201332,-0.01161527,-0.554237093497
42.6578864461,1.20365,-0.01083163,-0.515851538802
42.9041530132,1.204797,-0.007069447,-0.336363945646
43.1518412923,1.205933,-0.00330019,-0.156876372047
43.4009594908,1.207059,0.0004761117,0.022611178056
43.6515158637,1.208174,0.004259436,0.202098769573
43.9035187138,1.222147,0.008602763,0.403506185751
44.1569763917,1.236266,0.01304604,0.604913834514
44.4118972961,1.250532,0.01759093,0.806321435429
44.6682898744,1.264947,0.02223914,1.00772904583
44.9261626225,1.301278,0.00573798,0.252772011803
45.1855240857,1.33842,-0.01172532,-0.502185343433
45.4463828584,1.376384,-0.03018914,-1.25714204989
45.7087475846,1.415179,-0.04969313,-2.01209939926
45.9726269583,1.427994,-0.0846907,-3.39581309782
46.2380297236,1.440082,-0.1203476,-4.77952884428
46.5049646752,1.451421,-0.1566527,-6.16324489751
46.7734406585,1.461988,-0.1935942,-7.54696043974
47.0434665699,1.457263,-0.2232089,-8.71272755029
47.3150513572,1.451939,-0.2527117,-9.87849716836
47.5882040201,1.446018,-0.2820902,-11.0442621577
47.8629336098,1.439502,-0.3113324,-12.2100323804
48.1392492302,1.417285,-0.3512565,-13.926635617
48.4171600373,1.394082,-0.3901612,-15.643249563
48.6966752405,1.369934,-0.4280264,-17.3598542303
48.9778041018,1.344879,-0.4648336,-19.0764728836
49.2605559372,1.298951,-0.4974176,-20.964366146
49.544940116,1.253032,-0.5277733,-22.8522642699
49.830966062,1.207192,-0.555952,-24.7401822282
50.1186432531,1.161502,-0.5820061,-26.6280593599
50.4079812221,1.11192,-0.5626849,-26.8552146682
50.6989895567,1.064434,-0.5439631,-27.0823551528
50.9916779002,1.018956,-0.5258244,-27.3094928535
51.2860559511,0.9754013,-0.5082523,-27.5366254481
51.5821334645,0.9494427,-0.4721209,-26.4527811585
51.8799202513,0.9237631,-0.4377674,-25.3689349158
52.1794261793,0.8983847,-0.4051226,-24.2850946269
52.4806611732,0.8733266,-0.3741189,-23.201266034
52.783635215,0.869815,-0.3480591,-21.8200290676
53.0883583443,0.8657342,-0.3224527,-20.4387891959
53.3948406587,0.8611029,-0.297307,-19.0575623842
53.7030923141,0.8559402,-0.2726284,-17.6763339828
54.0131235251,0.86401,-0.2468803,-15.954728833
54.324944565,0.8713048,-0.2208935,-14.2331378083
54.6385657668,0.8778182,-0.1946912,-12.5115431164
54.9539975227,0.8835436,-0.1682968,-10.7899419328
55.2712502853,0.8878878,-0.1549743,-9.90584046247
55.5903345674,0.8920346,-0.1415584,-9.0217412288
55.9112609424,0.8959826,-0.1280519,-8.13763602968
56.2340400449,0.8997296,-0.1144579,-7.25354175213
56.5586825707,0.9091762,-0.1062877,-6.6713072387
56.8851992775,0.9186259,-0.09794553,-6.08907224369
57.213600985,0.9280771,-0.08942978,-5.50683615262
57.5438985756,0.937528,-0.08073889,-4.92460243696
57.8761029941,0.9540831,-0.07768087,-4.65708127491
58.210225249,0.9709094,-0.07449152,-4.38956007242
58.5462764119,0.9880107,-0.07116728,-4.12203955761
58.8842676185,1.005391,-0.06770448,-3.85451790618
59.2242100689,1.003745,-0.05977987,-3.41005774088
59.5661150277,1.002042,-0.05188508,-2.96559433711
59.9099938246,1.000282,-0.04402051,-2.52113057962
60.2558578547,0.9984645,-0.03618655,-2.0766694233
60.6037185787,0.9869951,-0.03870154,-2.24664096513
60.9535875239,0.975649,-0.04115429,-2.41661234015
61.3054762837,0.9644245,-0.04354585,-2.5865836053
61.6593965186,0.9533213,-0.04587733,-2.75655569628
62.0153599566,0.9585897,-0.03750397,-2.24164015341
62.3733783931,0.9638091,-0.02904041,-1.72672510071
62.7334636917,0.9689787,-0.02048663,-1.21180977755
63.0956277846,0.9740976,-0.0118426,-0.69689291417
63.4598826729,0.9788502,-0.008769961,-0.513585395017
63.8262404266,0.983616,-0.005667177,-0.330277694154
64.194713186,0.9883946,-0.002534064,-0.146970144318
64.5653131609,0.9931866,0.0006295642,0.0363372428527
64.938052632,0.9959727,0.006806522,0.3917544282
65.3129439507,0.9987286,0.01301816,0.747171642908
65.6899995397,1.001453,0.01926437,1.10258869655
66.0692318935,1.004147,0.02554507,1.45800494712
66.4506535786,1.008473,0.02955249,1.67937773975
66.8342772344,1.012803,0.03359433,1.90074853214
67.2201155727,1.017136,0.03767078,2.12212025978
67.6081813792,1.021473,0.04178201,2.34349084777
67.9984875132,1.032632,0.04495526,2.49404134674
68.3910469082,1.043905,0.04819315,2.64459356765
68.7858725723,1.055295,0.05149668,2.7951417484
69.182977589,1.066801,0.0548669,2.94569227799
69.5823751171,1.07476,0.05158813,2.74946342512
69.9840783913,1.082764,0.04825803,2.55323812941
70.3881007229,1.090816,0.04487608,2.3570100655
70.7944554999,1.098916,0.04144173,2.16077967497
71.2031561878,1.09799,0.03393564,1.77117831945
71.6142163295,1.097013,0.02644408,1.38157812074
72.0276495463,1.095988,0.01896738,0.99197573985
72.4434695382,1.094912,0.01150587,0.602375249088
72.8616900841,1.092414,0.009893844,0.519169037648
73.2823250427,1.089919,0.008289142,0.435963208403
73.7053883523,1.087427,0.006691732,0.35275713157
74.1308940322,1.08494,0.005101603,0.269550780905
74.5588561821,1.079708,0.008172108,0.433872717883
74.9892889835,1.074492,0.01121291,0.598194261844
75.4222066996,1.069293,0.01422423,0.762516567716
75.8576236759,1.064111,0.01720622,0.926837400991
76.2955543409,1.070884,0.02919028,1.56218031757
76.7360132062,1.077568,0.04132833,2.19752192821
77.1790148672,1.08416,0.05362041,2.83286496643
77.6245740037,1.090657,0.06606646,3.46820976712
78.0727053801,1.066579,0.01975902,1.06185582474
78.5234238462,1.041195,-0.02442468,-1.34449757006
78.9767443373,1.014624,-0.06648327,-3.75085002525
79.4326818752,0.986982,-0.1064203,-6.1572031957
79.8912515681,1.101132,-0.06440021,-3.34885477082
80.3524686117,1.225528,-0.01155563,-0.540505822074
80.8163482892,1.360707,0.05385942,2.26784441629
81.2829059723,1.507168,0.1338117,5.07619209627
81.7521571212,1.44091,0.04551259,1.81006089734
82.2241172855,1.373093,-0.03488455,-1.45607121312
82.6988021044,1.304223,-0.1076806,-4.7222019936
83.1762273076,1.234762,-0.1731891,-7.98833303825
83.6564087154,1.229291,-0.1761638,-8.15939592547
84.1393622397,1.223834,-0.1791103,-8.33045293606
84.625103884,1.218389,-0.1820287,-8.50151520002
85.1136497443,1.212958,-0.1849192,-8.672571625
85.6050160094,1.182464,-0.1751564,-8.43013079085
86.0992189619,1.152716,-0.1657709,-8.18769096043
86.5962749779,1.123697,-0.1567496,-7.94523250759
87.0962005286,1.095388,-0.1480806,-7.70279194367
87.5990121797,1.107685,-0.1220446,-6.29067052169
88.1047265931,1.119433,-0.0954984,-4.87854814662
88.6133605264,1.130613,-0.0684516,-3.46643199278
89.1249308343,1.14121,-0.0409143,-2.05431219754
89.6394544686,1.151987,-0.05031616,-2.50222767022
90.1569484791,1.162796,-0.05989452,-2.95014097806
90.6774300139,1.173634,-0.06965132,-3.39805525101
91.2009163202,1.1845,-0.07958852,-3.84597027534
91.7274247448,1.190181,-0.08675943,-4.1713731812
92.2569727344,1.19585,-0.09399991,-4.49677859923
92.7895778367,1.201507,-0.1013102,-4.82218248511
93.3252577005,1.207152,-0.1086907,-5.14758796454
93.8640300768,1.211537,-0.1084729,-5.11883313113
94.4059128186,1.215938,-0.1082522,-5.09008086726
94.9509238824,1.220355,-0.1080285,-5.06132760288
95.4990813282,1.224788,-0.1078017,-5.03256981818
96.0504033201,1.226788,-0.1102714,-5.13890592752
96.6049081274,1.228787,-0.1127493,-5.24524420634
97.1626141246,1.230785,-0.1152354,-5.35158397873
97.7235397923,1.232782,-0.1177297,-5.45792456831
98.287703718,1.236851,-0.1197456,-5.53265536118
98.8551245962,1.240931,-0.1217737,-5.60738621313
99.4258212296,1.245023,-0.1238141,-5.68211472224
99.9998125293,1.249127,-0.1258668,-5.75683831134
100.577117516,1.256577,-0.1258467,-5.72202628786
101.157755319,1.264071,-0.125822,-5.6872172188
101.741745179,1.271609,-0.1257926,-5.65241015419
102.329106448,1.279192,-0.1257584,-5.61759980185
102.91985859,1.292848,-0.1266213,-5.59653573299
103.514021179,1.306648,-0.1274883,-5.57547808075
104.111613905,1.320596,-0.1283594,-5.55441677397
104.71265657,1.334693,-0.1292346,-5.5333547719
105.317169091,1.355619,-0.1401419,-5.90518095178
105.9251715,1.376815,-0.151365,-6.2770000662
106.536683943,1.398282,-0.162911,-6.64882511198
107.151726685,1.420023,-0.174787,-7.02065466692
107.770320105,1.460119,-0.1893,-7.3907669021
108.392484703,1.501283,-0.204501,-7.76087951091
109.018241096,1.543542,-0.2204172,-8.13099409291
109.647610017,1.586925,-0.2370767,-8.50110189695
110.280612324,1.69769,-0.2835333,-9.48633892242
110.917268991,1.815636,-0.3354024,-10.4715669666
111.557601116,1.941183,-0.3932093,-11.4567994208
112.201629918,2.074772,-0.4575246,-12.4420328243
112.849376736,1.910131,-1.109337,-30.1618058661
113.500863036,1.540917,-1.702814,-47.8815773982
114.156110407,0.9875449,-2.173814,-65.6013695196
114.81514056,0.2905241,-2.465269,-83.3211147655
115.477975334,0.3049243,-1.84381,-80.6504583611
116.144636693,0.2939644,-1.37594,-77.9798108753
116.815146729,0.2693178,-1.024464,-75.3091569947
117.48952766,0.2384591,-0.7610015,-72.6384915435
118.167801833,0.3000976,-0.675146,-66.0686869686
118.849991724,0.3477324,-0.5895962,-59.4988842361
119.536119939,0.3825107,-0.5058111,-52.9290832837
120.226209214,0.4056428,-0.4250124,-46.3593094529
120.920282416,0.4685238,-0.3582525,-37.4219816218
121.618362544,0.5204762,-0.2822455,-28.4846736416
122.320472732,0.5601498,-0.1987715,-19.5473520543
123.026636244,0.5864819,-0.1098065,-10.6100411434
123.736876481,0.6249334,-0.1219707,-11.0494099921
124.451216978,0.6658655,-0.1352656,-11.4887800785
125.169681406,0.7094349,-0.1497872,-11.9281471427
125.892293573,0.7558089,-0.1656395,-12.3675148248
126.619077423,0.7769502,-0.1548288,-11.2758468391
127.350057041,0.7983821,-0.1433496,-10.184167289
128.085256649,0.820098,-0.1311806,-9.09249674036
128.824700609,0.8420914,-0.1182996,-8.0008114712
129.568413423,0.8603855,-0.1134282,-7.51404023843
130.316419737,0.8790127,-0.1082983,-7.02726340547
131.068744336,0.8979775,-0.1029019,-6.54049383582
131.825412151,0.9172843,-0.09723036,-6.05371731601
132.586448256,0.9387558,-0.08990531,-5.47334756491
133.351877867,0.9606307,-0.08219458,-4.89297607758
134.121726351,0.9829138,-0.07408543,-4.31260637157
134.896019216,1.00561,-0.06556471,-3.73223660232
135.674782122,1.019334,-0.07965146,-4.47031872122
136.458040872,1.033073,-0.09412177,-5.20840291354
137.245821423,1.046821,-0.1089814,-5.94649603476
138.038149879,1.060576,-0.1242359,-6.68456966226
138.835052496,1.071776,-0.1206964,-6.42846494342
139.636555679,1.083073,-0.1170707,-6.17234871744
140.442685989,1.094467,-0.1133578,-5.91624029899
141.253470138,1.105958,-0.109556,-5.66012261166
142.068934993,1.123081,-0.1122808,-5.71210996683
142.889107576,1.140469,-0.1150639,-5.76409778723
143.714015066,1.158124,-0.1179062,-5.81608397765
144.543684796,1.176051,-0.1208092,-5.86808027588
145.37814426,1.185011,-0.1148238,-5.53730815432
146.21742111,1.193999,-0.1087444,-5.20654102194
147.061543155,1.203014,-0.10257,-4.87577297743
147.910538368,1.212057,-0.09629993,-4.54500575147
148.764434882,1.260336,-0.2050199,-9.24410824028
149.623260993,1.301519,-0.3229647,-13.9432064451
150.487045158,1.334481,-0.4499548,-18.6423160666
151.355816003,1.358062,-0.5857054,-23.3414184516
152.229602313,1.334559,-0.4675817,-19.3184277299
153.108433046,1.304224,-0.3564937,-15.2954259119
153.992337321,1.267842,-0.252574,-11.2724305054
154.88134443,1.226174,-0.1558967,-7.24942926411
155.77548383,1.391995,-0.1406436,-5.77236536481
156.674785152,1.579181,-0.1185485,-4.29529682628
157.579278194,1.790342,-0.08808868,-2.81823284533
158.48899293,2.02839,-0.04746468,-1.34116652074
159.403959505,1.926752,-0.1479071,-4.39192739217
160.324208236,1.824997,-0.2382863,-7.44268890791
161.24976962,1.723642,-0.3190888,-10.4934490188
162.180674325,1.623151,-0.3908033,-13.544214997
163.1169532,1.701587,-0.3760521,-12.4684227692
164.05863727,1.783155,-0.3591214,-11.3926303795
165.005757739,1.867948,-0.3398548,-10.3168429627
165.958345992,1.956063,-0.3180874,-9.24105366313
166.916433595,2.260666,-0.9504315,-22.8144739923
167.880052295,2.443528,-1.799513,-36.3878830241
168.849234025,2.417028,-2.873975,-49.9613173377
169.8240109,2.07327,-4.158778,-63.5346393792
170.804415221,0.5279509,-3.014143,-80.1055877488
171.790479475,-0.232566,-2.001586,-96.6765388623
172.782236339,-0.5225204,-1.219715,-113.247485102
173.779718674,-0.558766,-0.67178,-129.818457741
174.782959536,0.02461516,-0.9524979,-88.5645477432
175.791992169,0.7047788,-0.7634045,-47.3106346593
176.806850008,1.126639,-0.1194813,-6.05672353158
177.827566682,1.009776,0.7117726,35.1971512268
178.854176016,1.087693,0.4165772,20.9670457469
179.886712028,1.090522,0.1287538,6.73693875852
180.925208934,1.026436,-0.1349389,-7.49315587327
181.969701144,0.9067882,-0.3610788,-21.7232274475
183.020223272,1.049821,-0.3041084,-16.1632506433
184.076810128,1.203061,-0.2251011,-10.6032750436
185.139496723,1.365288,-0.1204255,-5.04329681009
186.208318273,1.534749,0.01383322,0.516674492453
187.283310195,1.580024,-0.00282387,-0.102452700549
188.36450811,1.626444,-0.02047404,-0.72157977408
189.451947847,1.674033,-0.03915923,-1.34070673229
190.545665439,1.722813,-0.05892288,-1.95983464384
191.645697129,1.777576,-0.04904819,-1.5813481062
192.752079368,1.834,-0.0384889,-1.20286054279
193.86484882,1.892133,-0.02721213,-0.824373066572
194.984042357,1.952025,-0.0151836,-0.445885631027
196.109697066,2.204545,0.3100712,8.01024391111
197.241850248,2.434885,0.7193056,16.4663662595
198.38053942,2.626124,1.219556,24.9225032107
199.525802313,2.758003,1.815924,33.3786231682
200.677676878,2.745313,0.8702341,17.5969647617
201.836201285,2.510457,0.07952513,1.81530353803
203.001413923,2.12588,-0.528437,-13.9663624269
204.173353405,1.658968,-0.9475216,-29.7479814798
205.352058565,1.975204,-0.76498,-21.1817074946
206.537568461,2.291777,-0.5126528,-12.615442067
207.729922378,2.597201,-0.1837604,-4.0491707832
208.929159826,2.877766,0.2272324,4.51707675529
210.135320544,2.723916,-0.9139184,-18.5568532844
211.348444502,2.138106,-1.898945,-41.6307789712
212.568571898,1.217599,-2.572586,-64.704717065
213.795743164,0.1120002,-2.830578,-87.7786048604
215.029998963,0.8326338,-2.922123,-74.1331360996
216.271380197,1.606939,-2.835289,-60.4876725405
217.519927999,2.392072,-2.548944,-46.8422161969
218.775683744,3.138034,-2.051905,-33.1967931979
220.038689043,2.74788,-1.586344,-30.0129436657
221.308985748,2.396347,-1.211296,-26.8291055315
222.586615953,2.081701,-0.9109122,-23.6452461263
223.871621995,1.801728,-0.6718847,-20.4614260495
225.164046454,1.99727,-0.5612747,-15.7044366458
226.463932159,2.197621,-0.4248621,-10.9474514722
227.771322182,2.400836,-0.2602769,-6.19046367923
229.086259848,2.604611,-0.06514497,-1.43347571251
230.408788728,2.821475,-0.1242131,-2.5220501251
231.738952648,3.05529,-0.1926934,-3.6106253045
233.076795685,3.307284,-0.2717233,-4.699199854
234.422362171,3.57876,-0.3625606,-5.78777527798
235.775696694,3.720871,-0.5997995,-9.16187414613
237.136844099,3.854891,-0.8566998,-12.5359752785
238.505849491,3.979235,-1.133666,-15.9100779631
239.882758234,4.092223,-1.431024,-19.2841789975
241.267615955,3.137637,-2.321711,-36.5182979011
242.660468543,2.079248,-2.833159,-53.75240195
244.061362154,1.032704,-2.990799,-70.9865171614
245.470343209,0.09068064,-2.847332,-88.2206085871
246.887458397,2.149674,-4.166268,-62.7393785632
248.312754677,6.142192,-4.668813,-37.2581394394
249.746279278,12.42973,-2.590127,-11.7769096273
251.188079705,20.30047,4.947705,13.7042403354
252.638203732,15.76651,-0.03028241,-0.110102501859
254.096699414,11.54771,-2.861489,-13.9244485521
255.56361508,7.946467,-4.176364,-27.7387885035
257.038999339,5.070809,-4.491334,-41.5531278512
258.522901081,4.518546,-2.755064,-31.3875587189
260.015369477,3.854554,-1.495952,-21.2219862254
261.516453985,3.1704,-0.6191823,-11.0564276401
263.026204344,2.523432,-0.03921948,-0.89087775889
264.544670583,1.841075,-0.3183151,-9.8142291263
266.071903021,1.309982,-0.44412,-18.7375742711
267.607952264,0.9071139,-0.4751737,-27.6609300647
269.152869212,0.6089023,-0.4516457,-36.5842625165
270.70670506,0.618774,-0.6285442,-45.4718389507
272.269511296,0.5983406,-0.8336574,-54.359434561
273.841339708,0.538004,-1.065757,-63.2469965508
275.42224238,0.4269509,-1.321708,-72.1345731617
277.0122717,0.5896729,-1.711042,-71.0206216883
278.611480355,0.8115162,-2.214125,-69.9066557725
280.219921339,1.113259,-2.863899,-68.792702709
281.83764795,1.522806,-3.702752,-67.6787432764
283.464713795,0.6071597,-3.239944,-79.4262447179
285.10117279,-0.05340511,-2.71346,-91.1737456199
286.747079163,-0.4976792,-2.178384,-102.921250473
288.402487452,-0.7661611,-1.672621,-114.668762711
290.067452514,-0.0654227,-1.760954,-92.1743941821
291.74202952,0.5871071,-1.582462,-69.6800350551
293.426273962,1.099237,-1.18548,-47.1856833724
295.120241648,1.40708,-0.6465551,-24.6913603934
296.823988713,1.718053,-0.7654232,-24.0260034911
298.537571612,2.097414,-0.9054078,-23.3606451855
300.26104713,2.560133,-1.070075,-22.695278687
301.994472377,3.124441,-1.263544,-22.0298923916
303.737904793,3.369058,-1.126753,-18.5014560975
305.49140215,3.617545,-0.966977,-14.9729874588
307.255022553,3.86861,-0.7827705,-11.4445340797
309.028824445,4.120803,-0.5726937,-7.9160858039
310.812866602,4.612197,-0.4512476,-5.59074780856
312.607208143,5.153617,-0.2938852,-3.26541467703
314.411908526,5.749091,-0.09428881,-0.940080175225
316.227027554,6.402822,0.1547542,1.38525372492
318.052625375,5.652133,-1.045741,-10.4874796679
319.888762483,4.771253,-1.96159,-22.3602131918
321.735499721,3.828556,-2.603406,-34.2329331506
323.592898286,2.88214,-2.993136,-46.1056795189
325.461019725,2.875163,-2.560572,-41.7088690051
327.339925943,2.838006,-2.161445,-37.3120649675
329.2296792,2.775341,-1.795351,-32.9152659918
331.130342118,2.691457,-1.461584,-28.518437581
333.041977678,2.443016,-1.044593,-23.1624884913
334.964649226,2.194676,-0.704528,-17.8065331615
336.898420474,1.952652,-0.4308999,-12.4505702084
338.8433555,1.721461,-0.2141455,-7.0946226952
340.799518754,1.653955,-0.2193484,-7.55834452178
342.766975058,1.588989,-0.2238272,-8.02207680466
344.745789606,1.526474,-0.2276293,-8.48580537566
346.73602797,1.46632,-0.2307996,-8.94953643899
348.737756102,0.7111813,-0.9582964,-53.4468462818
350.751040331,-0.1317733,-0.9503099,-97.9441465734
352.775947373,-0.6108493,-0.4709401,-142.441442173
354.812544325,-0.6156772,0.07389404,173.243881781
356.860898676,-0.8773669,0.1702398,169.104800031
358.9210783,-1.243535,0.3359485,164.965722457
360.993151467,-1.752678,0.6122309,160.826627393
363.077186837,-2.455858,1.062331,156.687562953
365.173253471,-3.091954,1.095587,160.570393024
367.281420824,-3.872733,1.083484,164.453214836
369.401758755,-4.826716,1.003896,168.336048889
371.534337526,-5.986949,0.8273967,172.218868729
373.679227803,-5.71358,0.8086761,172.031317259
375.836500662,-5.452634,0.7899483,171.84376596
378.006227589,-5.203549,0.7712523,171.65621607
380.18848048,-4.965787,0.7526229,171.468674442
382.38333165,-5.126742,0.4973058,174.547999874
384.590853829,-5.277513,0.226981,177.627328241
386.811120167,-5.417027,-0.05815164,-179.475941618
389.044204238,-5.544198,-0.3578275,-176.396626494
391.290180039,-5.346097,-0.7313567,-172.297525711
393.549121994,-5.128268,-1.079466,-168.198423372
395.821104958,-4.89309,-1.401581,-164.099314069
398.106204217,-4.642911,-1.697308,-160.000227887
400.404495494,-4.59662,-1.262253,-164.72832302
402.716054945,-4.517571,-0.8478469,-169.456421878
405.04095917,-4.408687,-0.4558876,-174.184522162
407.379285207,-4.272914,-0.08787055,-178.912605246
409.731110543,-4.113458,-0.1185223,-178.440037632
412.096513109,-3.959683,-0.1467696,-177.96746849
414.475571287,-3.811397,-0.1727466,-177.494901841
416.868363913,-3.668416,-0.1965811,-177.02234131
419.274970276,-3.629298,-0.2689479,-175.851011203
421.695470124,-3.589089,-0.3398296,-174.679682014
424.129943664,-3.547832,-0.4092186,-173.5083536
426.578471567,-3.505567,-0.4771087,-172.337014973
429.041134971,-3.494487,-0.4639797,-172.524265815
431.51801548,-3.483404,-0.4509341,-172.711515836
434.00919517,-3.472318,-0.4379717,-172.898762996
436.514756592,-3.461232,-0.4250932,-173.085996618
439.034782772,-3.35863,-0.4396644,-172.629569378
441.569357216,-3.258859,-0.4530241,-172.173139635
444.118563912,-3.161849,-0.4652286,-171.716718346
446.682487334,-3.067527,-0.4763322,-171.260302412
449.26121244,-3.307741,-0.622919,-169.420766439
451.854824684,-3.562963,-0.7901331,-167.581228619
454.463410008,-3.833733,-0.9802236,-165.741688858
457.087054853,-4.120557,-1.195646,-163.902153645
459.72584616,-4.165919,-0.9096121,-167.768051674
462.379871368,-4.191745,-0.6229505,-171.633945677
465.049218426,-4.198154,-0.3369737,-175.499842903
467.733975785,-4.185359,-0.05297761,-179.365728625
470.434232413,-4.119855,-0.05871847,-179.274328344
473.150077785,-4.055367,-0.06426679,-179.182928263
475.881601898,-3.991877,-0.06962715,-179.091528181
478.628895265,-3.929374,-0.07480444,-179.000123609
481.392048923,-3.854302,0.1981265,177.147164433
484.171154435,-3.761913,0.4602988,173.111858998
486.966303892,-3.653301,0.7107364,169.076547437
489.777589916,-3.529608,0.9485582,165.041230714
492.605105665,-4.098294,0.4365501,174.007997903
495.448944835,-4.64181,-0.2336821,-177.207835145
498.30920166,-5.129495,-1.07574,-168.241067293
501.185970921,-5.524808,-2.099387,-159.274317125
504.079347946,-6.058257,-1.645006,-164.892277719
506.989428613,-6.574927,-1.109257,-170.510237863
509.916309351,-7.0654,-0.489239,-176.1282035
512.86008715,-7.519425,0.2171341,178.43642211
515.820859556,-8.319277,0.7059988,175.238168698
518.798724681,-9.175383,1.297241,172.039917815
521.793781203,-10.08749,2.005415,168.841668661
524.806128367,-11.05443,2.846635,165.643429273
527.835865994,-12.69608,7.633391,149.059599101
530.883094481,-12.96587,14.19515,132.475779571
533.947914803,-10.87211,22.45684,115.891934317
537.030428518,-5.209123,31.95791,99.3081113614
540.130737772,4.088288,22.91418,79.9244003201
543.248945299,8.236643,14.56415,60.5406955712
546.385154428,9.058633,7.912415,41.1569981244
549.539469082,8.029855,3.205582,21.7733155778
552.711993787,6.971614,2.468547,19.5082029055
555.902833669,6.042205,1.874346,17.2430987856
559.112094463,5.22774,1.397874,14.9779884421
562.339882514,4.5155,1.018145,12.7128824405
565.586304782,3.844336,0.9417447,13.7716285659
568.851468843,3.271748,0.8658293,14.8303709932
572.135482894,2.783427,0.7918852,15.8891119327
575.438455757,2.367116,0.7209571,16.9478561012
578.760496883,2.085616,0.7020272,18.6128874441
582.101716354,1.835866,0.6779293,20.2779298183
585.462224888,1.614475,0.6500572,21.9429643647
588.842133841,1.41839,0.619562,23.6079874202
592.241555215,0.9700252,0.4254746,23.6953362301
595.660601653,0.6633905,0.2921839,23.7826825837
599.099386455,0.4536851,0.200647,23.8700148291
602.55802357,0.3102691,0.1377853,23.9573491014
606.036627607,0.2388979,0.3522852,55.885653529
609.535313836,0.0207714,0.533274,87.8139343226
613.054198193,-0.3313367,0.5813306,119.742226965
616.593397283,-0.7379359,0.399107,151.67048961
620.153028384,-0.5831009,0.5211052,138.283604183
623.733209451,-0.416374,0.5983392,124.896712879
627.334059121,-0.2485193,0.6324142,111.509828653
630.955696715,-0.08895145,0.6271065,98.1229645678
634.598242242,0.2477531,0.7473491,71.695512949
638.261816405,0.6891004,0.6950217,45.2680598887
641.946540605,1.151517,0.3927051,18.8406126639
645.652536941,1.499151,-0.199575,-7.58678074743
649.379928219,1.58156,0.8730019,28.9128214896
653.128837952,0.8989774,1.96166,65.4124150156
656.89939037,-0.5297452,2.522474,101.912002388
660.691710415,-2.300212,2.046435,138.411563464
664.505923754,-2.071173,1.605693,142.28722263
668.342156778,-1.851314,1.244557,146.162892989
672.200536608,-1.643827,0.9504989,150.038566113
676.081191098,-1.450706,0.7126983,153.914209153
679.984248843,-1.725695,0.7129329,157.633023709
683.909839177,-2.04271,0.6926097,161.351843789
687.858092182,-2.406632,0.6454412,165.070665767
691.829138692,-2.822615,0.5638109,168.789536144
695.823110294,-2.623831,0.7854722,163.417205682
699.840139336,-2.415773,0.9777647,158.044876948
703.880358931,-2.201543,1.141409,152.672526712
707.943902959,-1.984019,1.277361,147.300228306
712.030906073,-1.787205,1.041807,149.836970242
716.141503704,-1.605693,0.8431347,152.37369377
720.275832064,-1.439015,0.6761704,154.910443498
724.434028153,-1.286557,0.5364026,157.447160384
728.616229761,-1.109772,0.2535058,167.217443161
732.822575472,-0.9283022,0.05030737,176.987736256
737.053204672,-0.7541019,-0.08809759,-173.424571291
741.308257551,-0.5947274,-0.1753614,-163.654279045
745.587875109,-0.8056273,0.02569147,178.263827674
749.892199159,-0.9841205,0.3597822,159.999329959
754.221372332,-1.068431,0.8449174,141.734834713
758.575538085,-0.9749607,1.478172,123.47031585
762.954840701,-0.4647472,1.601505,106.236270756
767.359425297,0.02858333,1.570156,89.0022154833
771.789437827,0.4635903,1.40438,71.7681625561
776.245025089,0.808646,1.133951,54.5341233307
780.726334726,0.05157783,1.078502,87.3062571664
785.233515235,-0.4187557,0.7247942,120.078395594
789.766715971,-0.5770382,0.2969007,152.850526402
794.32608715,-0.5007531,-0.04846845,-174.559993896
798.911779856,-0.7091948,0.05143028,175.941408393
803.523946043,-0.9758772,0.2401332,166.260215504
808.162738546,-1.302607,0.5663994,156.579017973
812.82831108,-1.68032,1.098593,146.897816937
817.520818247,-1.006303,1.775589,119.602735046
822.240415543,-0.08184819,2.073202,92.3076088832
826.98725936,0.8921004,1.911333,65.0124958643
831.761506995,1.696661,1.31125,37.7174585741
836.563316651,1.577449,1.306738,39.6580085248
841.392847445,1.463779,1.298574,41.5985398218
846.250259414,1.355521,1.287106,43.53907264
851.135713517,1.252534,1.272657,45.479631031
856.049371643,1.403122,0.8817841,32.1633814832
860.991396616,1.455613,0.4965973,18.8471559651
865.961952199,1.420725,0.1375039,5.53091878968
870.9612031,1.312495,-0.1793545,-7.78530832469
875.989314981,1.2417,-0.1012555,-4.66428323117
881.046454456,1.171221,-0.03153851,-1.54326405334
886.132789105,1.101469,0.03032346,1.5777553114
891.248487472,1.032801,0.08484609,4.69876676896
896.393719077,0.9095651,0.09556742,6.00106572178
901.568654415,0.8006161,0.1025565,7.30336539024
906.77346497,0.7043477,0.1065389,8.60566101872
912.008323211,0.6193284,0.1081228,9.90795780905
917.273402607,0.5850654,0.08095463,7.88190539334
922.568877626,0.5519947,0.05658435,5.85585028236
927.894923743,0.5201362,0.0348014,3.82979629707
933.251717448,0.489502,0.0154074,1.80374186178
938.639436248,0.5272697,0.3055721,30.1091266231
944.058258676,0.3975248,0.6457854,58.4144927036
949.508364294,0.05471533,0.9420448,86.7198757336
954.989933703,-0.4956306,1.064486,115.025261592
960.503148545,0.0359043,1.186896,88.3120679281
966.04819151,0.571731,1.055969,61.5988807199
971.625246345,0.9963263,0.6942204,34.8857041753
977.234497856,1.215551,0.1744802,8.17258460791
982.876131917,0.9586474,-0.2146483,-12.6271891556
988.550335473,0.6560217,-0.4327311,-33.4269576979
994.257296551,0.367767,-0.5099074,-54.2267378427
999.997204261,0.1302693,-0.4857805,-75.0265023447
