#I+1.668000E+03
+1.000000E+00
+8.010000E+02
+8.010000E+02
+1.000000E+01
+2.000000E+00
+3.000000E+00
+0.000000E+00
+1.000000E+00
+2.000000E+00
+5.000000E+00
+1.000000E+00
+2.497000E+03
-1.092400E+04
+2.025600E+04
-1.299100E+04
-1.119200E+04
+0.000000E+00
+0.000000E+00
+0.000000E+00
+0.000000E+00
+0.000000E+00
+0.000000E+00
+0.000000E+00
+0.000000E+00
+0.000000E+00
+0.000000E+00
+0.000000E+00
+0.000000E+00
+0.000000E+00
+0.000000E+00
+0.000000E+00
+0.000000E+00
+0.000000E+00
+0.000000E+00
+0.000000E+00
+1.000000E+00
+1.000000E+00
+1.000000E+00
+0.000000E+00
+0.000000E+00
+1.000000E+00
+0.000000E+00
+1.000000E+00
+2.000000E+00
+3.000000E+00
+4.500000E+01
+4.500000E+01
+0.000000E+00
+0.000000E+00
+2.000000E+00
+0.000000E+00
+0.000000E+00
+0.000000E+00
+8.000000E+02
+0.000000E+00
+2.499999E-03
+7.943291E+00
+0.000000E+00
+0.000000E+00
+0.000000E+00
+1.000000E+00
+1.000000E+00
+0.000000E+00
+0.000000E+00
+9.9999904632568339E+00
+9.9999904632568339E+00
+1.118180E+00
-1.922874E-02
+1.230177E+00
+3.172030E-02
+1.350890E+00
+9.302531E-02
+1.255227E+00
+3.388467E-02
+1.164304E+00
-1.720624E-02
+1.088750E+00
-4.284154E-03
+1.017979E+00
+7.031544E-03
+1.032009E+00
+1.335422E-02
+1.046193E+00
+1.985010E-02
+1.070164E+00
-4.839712E-02
+1.090173E+00
-1.196965E-01
+1.076020E+00
+4.210788E-03
+1.048483E+00
+1.234313E-01
+1.013621E+00
+6.828456E-02
+9.774676E-01
+1.695706E-02
+1.108770E+00
+4.987928E-03
+1.257502E+00
-1.049919E-02
+1.141632E+00
+1.980441E-02
+1.035754E+00
+4.460690E-02
+1.065343E+00
+2.868000E-02
+1.095493E+00
+1.181897E-02
+1.089423E+00
-1.325683E-02
+1.082815E+00
-3.804895E-02
+1.109148E+00
-5.297425E-02
+1.135939E+00
-6.860934E-02
+1.135163E+00
-2.296793E-02
+1.132564E+00
+2.250099E-02
+1.093200E+00
+1.418635E-02
+1.055154E+00
+6.423493E-03
+1.045547E+00
-1.655402E-02
+1.035531E+00
-3.911070E-02
+1.063324E+00
-1.586053E-02
+1.091293E+00
+8.644352E-03
+1.084964E+00
-1.773664E-02
+1.078037E+00
-4.380692E-02
+1.066177E+00
-3.602538E-02
+1.054398E+00
-2.841177E-02
+1.081140E+00
+4.015741E-04
+1.107734E+00
+3.067247E-02
+1.085366E+00
+1.309566E-02
+1.063190E+00
-3.776633E-03
+1.066198E+00
+5.729239E-03
+1.069128E+00
+1.528861E-02
+1.079209E+00
+5.275042E-03
+1.089287E+00
-4.927333E-03
+1.084871E+00
+4.844555E-03
+1.080384E+00
+1.453688E-02
+1.065447E+00
+1.038236E-02
+1.050702E+00
+6.340141E-03
+1.059923E+00
-1.074920E-02
+1.068947E+00
-2.813733E-02
+1.047869E+00
-2.635743E-03
+1.026625E+00
+2.185579E-02
+1.028908E+00
+1.723701E-02
+1.031173E+00
+1.259804E-02
+1.039783E+00
-4.278035E-03
+1.048184E+00
-2.143337E-02
+1.050184E+00
-7.123145E-03
+1.051992E+00
+7.237754E-03
+1.054137E+00
+1.079248E-02
+1.056276E+00
+1.436175E-02
+1.069304E+00
+1.289584E-02
+1.082489E+00
+1.139161E-02
+1.076656E+00
+1.227932E-03
+1.070760E+00
-8.825546E-03
+1.073423E+00
-1.080679E-02
+1.076089E+00
-1.279786E-02
+1.065401E+00
-1.971463E-03
+1.054714E+00
+8.639893E-03
+1.058178E+00
+2.726546E-03
+1.061619E+00
-3.225459E-03
+1.063014E+00
-6.071103E-03
+1.064403E+00
-8.924240E-03
+1.063587E+00
-6.183316E-03
+1.062765E+00
-3.446649E-03
+1.059026E+00
+3.199047E-03
+1.055259E+00
+9.797892E-03
+1.057880E+00
-6.099971E-04
+1.060404E+00
-1.106869E-02
+1.064803E+00
-6.855962E-03
+1.069203E+00
-2.608265E-03
+1.065304E+00
+1.813486E-03
+1.061401E+00
+6.202978E-03
+1.063009E+00
+3.416672E-03
+1.064611E+00
+6.219585E-04
+1.060969E+00
+2.932638E-03
+1.057333E+00
+5.227502E-03
+1.060179E+00
+1.972099E-03
+1.063022E+00
-1.300812E-03
+1.064594E+00
-5.731155E-04
+1.066168E+00
+1.567349E-04
+1.065653E+00
+1.468224E-03
+1.065136E+00
+2.778444E-03
+1.066363E+00
+8.049061E-04
+1.067588E+00
-1.173176E-03
+1.068056E+00
-2.668694E-03
+1.068522E+00
-4.165524E-03
+1.066778E+00
-2.089896E-03
+1.065033E+00
-2.105040E-05
+1.065004E+00
+1.623846E-04
+1.064975E+00
+3.458097E-04
+1.063287E+00
+5.310323E-04
+1.061601E+00
+7.156670E-04
+1.062701E+00
+2.232814E-04
+1.063802E+00
-2.701256E-04
+1.064460E+00
-1.138567E-03
+1.065117E+00
-2.008083E-03
+1.065519E+00
-1.054093E-03
+1.065920E+00
-9.938375E-05
+1.065483E+00
-9.924404E-04
+1.065046E+00
-1.884764E-03
+1.064578E+00
-2.211430E-03
+1.064111E+00
-2.537808E-03
+1.063722E+00
-2.018155E-03
+1.063332E+00
-1.498882E-03
+1.064625E+00
-2.249479E-03
+1.065920E+00
-3.001902E-03
+1.064429E+00
-2.593990E-03
+1.062941E+00
-2.187214E-03
+1.065283E+00
-3.250568E-03
+1.067628E+00
-4.318598E-03
+1.066578E+00
-4.051209E-03
+1.065528E+00
-3.784341E-03
+1.066523E+00
-3.415004E-03
+1.067519E+00
-3.044974E-03
+1.068585E+00
-3.066496E-03
+1.069652E+00
-3.088059E-03
+1.069545E+00
-3.595467E-03
+1.069437E+00
-4.102775E-03
+1.069593E+00
-4.651903E-03
+1.069749E+00
-5.201195E-03
+1.070781E+00
-5.185579E-03
+1.071815E+00
-5.169929E-03
+1.070429E+00
-5.309663E-03
+1.069044E+00
-5.449030E-03
+1.070085E+00
-6.337569E-03
+1.071126E+00
-7.227833E-03
+1.071802E+00
-7.236262E-03
+1.072479E+00
-7.244700E-03
+1.072452E+00
-6.324518E-03
+1.072425E+00
-5.404386E-03
+1.072423E+00
-6.681453E-03
+1.072419E+00
-7.958526E-03
+1.073906E+00
-8.492341E-03
+1.075394E+00
-9.027625E-03
+1.076636E+00
-1.006353E-02
+1.077878E+00
-1.110182E-02
+1.079098E+00
-1.111810E-02
+1.080319E+00
-1.113441E-02
+1.080546E+00
-1.219810E-02
+1.080773E+00
-1.326224E-02
+1.080381E+00
-1.459940E-02
+1.079989E+00
-1.593561E-02
+1.082541E+00
-1.670099E-02
+1.085099E+00
-1.746990E-02
+1.083836E+00
-1.912637E-02
+1.082572E+00
-2.077901E-02
+1.083164E+00
-2.225330E-02
+1.083754E+00
-2.372923E-02
+1.086438E+00
-2.505592E-02
+1.089128E+00
-2.638907E-02
+1.087084E+00
-2.923748E-02
+1.085037E+00
-3.207531E-02
+1.083915E+00
-3.522000E-02
+1.082786E+00
-3.835844E-02
+1.082756E+00
-4.347322E-02
+1.082703E+00
-4.858860E-02
+1.080924E+00
-4.985368E-02
+1.079146E+00
-5.111454E-02
+1.075202E+00
-5.596554E-02
+1.071249E+00
-6.078153E-02
+1.065098E+00
-6.288452E-02
+1.058978E+00
-6.496169E-02
+1.051957E+00
-6.452511E-02
+1.044982E+00
-6.409152E-02
+1.040734E+00
-6.235746E-02
+1.036500E+00
-6.063659E-02
+1.031530E+00
-5.482005E-02
+1.026553E+00
-4.905965E-02
+1.024314E+00
-4.645472E-02
+1.022073E+00
-4.386123E-02
+1.020754E+00
-3.785641E-02
+1.019401E+00
-3.186847E-02
+1.021114E+00
-2.791185E-02
+1.022814E+00
-2.394233E-02
+1.023274E+00
-2.230958E-02
+1.023732E+00
-2.067543E-02
+1.025665E+00
-1.793000E-02
+1.027593E+00
-1.517429E-02
+1.028399E+00
-1.444754E-02
+1.029204E+00
-1.371964E-02
+1.030242E+00
-1.213461E-02
+1.031278E+00
-1.054640E-02
+1.031035E+00
-1.033731E-02
+1.030791E+00
-1.012831E-02
+1.033072E+00
-9.142907E-03
+1.035358E+00
-8.153094E-03
+1.035797E+00
-7.296494E-03
+1.036236E+00
-6.439175E-03
+1.037262E+00
-6.527471E-03
+1.038288E+00
-6.615940E-03
+1.037696E+00
-5.637660E-03
+1.037102E+00
-4.660501E-03
+1.039145E+00
-4.728449E-03
+1.041192E+00
-4.796647E-03
+1.043241E+00
-4.105949E-03
+1.045294E+00
-3.412515E-03
+1.045494E+00
-3.111817E-03
+1.045696E+00
-2.811006E-03
+1.046468E+00
-3.144849E-03
+1.047241E+00
-3.479185E-03
+1.047696E+00
-3.404724E-03
+1.048150E+00
-3.330200E-03
+1.049031E+00
-2.959051E-03
+1.049914E+00
-2.587276E-03
+1.049485E+00
-9.995762E-04
+1.049054E+00
+5.868220E-04
+1.049624E+00
-8.601981E-04
+1.050191E+00
-2.308789E-03
+1.051010E+00
-1.680601E-03
+1.051828E+00
-1.051433E-03
+1.053086E+00
-1.042154E-03
+1.054344E+00
-1.032851E-03
+1.054099E+00
-1.342487E-03
+1.053854E+00
-1.651981E-03
+1.055888E+00
-1.812182E-03
+1.057926E+00
-1.972996E-03
+1.058359E+00
-7.347049E-04
+1.058789E+00
+5.045953E-04
+1.058947E+00
+7.278329E-04
+1.059106E+00
+9.511370E-04
+1.060799E+00
+4.792327E-04
+1.062495E+00
+5.817606E-06
+1.063117E+00
+9.860007E-04
+1.063740E+00
+1.967333E-03
+1.064660E+00
+2.366843E-03
+1.065582E+00
+2.767045E-03
+1.067147E+00
+1.744587E-03
+1.068714E+00
+7.191213E-04
+1.071345E+00
+1.282767E-03
+1.073981E+00
+1.849181E-03
+1.076175E+00
+7.567058E-04
+1.078374E+00
-3.402410E-04
+1.078202E+00
+6.143578E-04
+1.078031E+00
+1.568653E-03
+1.082810E+00
+2.456230E-04
+1.087609E+00
-1.089166E-03
+1.091292E+00
-1.543818E-03
+1.094988E+00
-2.001537E-03
+1.095509E+00
-2.165768E-03
+1.096032E+00
-2.330155E-03
+1.103028E+00
-7.076609E-03
+1.110048E+00
-1.188360E-02
+1.114397E+00
-1.460389E-02
+1.118756E+00
-1.734537E-02
+1.128724E+00
-2.193600E-02
+1.138763E+00
-2.660732E-02
+1.142077E+00
-3.564393E-02
+1.145332E+00
-4.473457E-02
+1.152092E+00
-5.785332E-02
+1.158749E+00
-7.113104E-02
+1.162612E+00
-1.010749E-01
+1.165729E+00
-1.312644E-01
+1.150569E+00
-1.577667E-01
+1.134933E+00
-1.836334E-01
+1.073738E+00
-1.866673E-01
+1.015700E+00
-1.888634E-01
+9.998840E-01
-1.650675E-01
+9.839002E-01
-1.420437E-01
+9.767743E-01
-1.334453E-01
+9.696427E-01
-1.249721E-01
+9.670764E-01
-1.080577E-01
+9.642378E-01
-9.126793E-02
+9.688192E-01
-7.868962E-02
+9.732483E-01
-6.600617E-02
+9.747165E-01
-6.027851E-02
+9.761520E-01
-5.453577E-02
+9.800707E-01
-4.919111E-02
+9.839736E-01
-4.380446E-02
+9.875706E-01
-4.082672E-02
+9.911712E-01
-3.782708E-02
+9.912878E-01
-3.543922E-02
+9.913984E-01
-3.305101E-02
+9.943618E-01
-3.036789E-02
+9.973260E-01
-2.766870E-02
+9.973110E-01
-2.607481E-02
+9.972933E-01
-2.448105E-02
+9.999250E-01
-2.375887E-02
+1.002564E+00
-2.303275E-02
+1.002107E+00
-2.181083E-02
+1.001650E+00
-2.059003E-02
+1.002886E+00
-1.835743E-02
+1.004119E+00
-1.611939E-02
+1.005990E+00
-1.628169E-02
+1.007866E+00
-1.644454E-02
+1.007434E+00
-1.584808E-02
+1.007001E+00
-1.525214E-02
+1.007729E+00
-1.411430E-02
+1.008455E+00
-1.297484E-02
+1.010042E+00
-1.275899E-02
+1.011631E+00
-1.254244E-02
+1.011715E+00
-1.113669E-02
+1.011797E+00
-9.730747E-03
+1.012451E+00
-9.131422E-03
+1.013107E+00
-8.531323E-03
+1.015084E+00
-7.798309E-03
+1.017066E+00
-7.062408E-03
+1.017759E+00
-7.436636E-03
+1.018452E+00
-7.811378E-03
+1.018790E+00
-7.702579E-03
+1.019129E+00
-7.593711E-03
+1.019820E+00
-7.223123E-03
+1.020512E+00
-6.852026E-03
+1.020325E+00
-6.421789E-03
+1.020138E+00
-5.991711E-03
+1.020923E+00
-5.764705E-03
+1.021711E+00
-5.537351E-03
+1.022570E+00
-4.383759E-03
+1.023428E+00
-3.228229E-03
+1.024309E+00
-3.467658E-03
+1.025192E+00
-3.707501E-03
+1.025050E+00
-3.625324E-03
+1.024909E+00
-3.543172E-03
+1.025696E+00
-3.126959E-03
+1.026484E+00
-2.710107E-03
+1.026571E+00
-2.790807E-03
+1.026658E+00
-2.871522E-03
+1.027502E+00
-2.767734E-03
+1.028348E+00
-2.663774E-03
+1.028699E+00
-2.461591E-03
+1.029051E+00
-2.259273E-03
+1.029423E+00
-2.493166E-03
+1.029796E+00
-2.727227E-03
+1.031014E+00
-2.708016E-03
+1.032234E+00
-2.688755E-03
+1.033021E+00
-2.795240E-03
+1.033808E+00
-2.901887E-03
+1.035132E+00
-2.645376E-03
+1.036457E+00
-2.388204E-03
+1.037416E+00
-2.946386E-03
+1.038374E+00
-3.505599E-03
+1.042879E+00
-3.854717E-03
+1.047403E+00
-4.206798E-03
+1.046382E+00
-7.852120E-03
+1.045349E+00
-1.149038E-02
+1.045407E+00
-1.601174E-02
+1.045445E+00
-2.053379E-02
+1.041738E+00
-2.327146E-02
+1.038037E+00
-2.598961E-02
+1.031967E+00
-2.723287E-02
+1.025930E+00
-2.846074E-02
+1.021152E+00
-2.516317E-02
+1.016386E+00
-2.189597E-02
+1.013485E+00
-1.848267E-02
+1.010581E+00
-1.508890E-02
+1.010782E+00
-1.007835E-02
+1.010960E+00
-5.066168E-03
+1.013872E+00
-2.459886E-03
+1.016786E+00
+1.614228E-04
+1.018091E+00
+2.121251E-03
+1.019393E+00
+4.086108E-03
+1.021095E+00
+4.473804E-03
+1.022800E+00
+4.862786E-03
+1.022588E+00
+4.450775E-03
+1.022375E+00
+4.038933E-03
+1.023715E+00
+4.434937E-03
+1.025057E+00
+4.831971E-03
+1.025713E+00
+5.141622E-03
+1.026369E+00
+5.451671E-03
+1.026778E+00
+6.154967E-03
+1.027186E+00
+6.858825E-03
+1.028630E+00
+6.819387E-03
+1.030078E+00
+6.779826E-03
+1.031592E+00
+5.070905E-03
+1.033105E+00
+3.356968E-03
+1.031852E+00
+1.503334E-03
+1.030597E+00
-3.458000E-04
+1.029399E+00
-1.319968E-04
+1.028201E+00
+8.130948E-05
+1.027315E+00
+3.390501E-05
+1.026431E+00
-1.341783E-05
+1.026005E+00
+4.430921E-04
+1.025581E+00
+8.992244E-04
+1.024789E+00
+7.694050E-04
+1.023998E+00
+6.397859E-04
+1.023167E+00
+6.969840E-04
+1.022337E+00
+7.540885E-04
+1.021411E+00
+9.200579E-04
+1.020486E+00
+1.085726E-03
+1.019400E+00
+1.306258E-03
+1.018316E+00
+1.526321E-03
+1.017227E+00
+1.712651E-03
+1.016139E+00
+1.898581E-03
+1.014663E+00
+2.279514E-03
+1.013189E+00
+2.659335E-03
+1.011687E+00
+3.056039E-03
+1.010188E+00
+3.451560E-03
+1.008452E+00
+3.911606E-03
+1.006718E+00
+4.370063E-03
+1.004513E+00
+5.015207E-03
+1.002313E+00
+5.657506E-03
+9.998034E-01
+6.551654E-03
+9.972993E-01
+7.441291E-03
+9.945358E-01
+8.578790E-03
+9.917787E-01
+9.709945E-03
+9.885333E-01
+1.120593E-02
+9.852961E-01
+1.269204E-02
+9.810525E-01
+1.436714E-02
+9.768237E-01
+1.602760E-02
+9.713322E-01
+1.891723E-02
+9.658621E-01
+2.177402E-02
+9.597000E-01
+2.667636E-02
+9.535509E-01
+3.151586E-02
+9.453334E-01
+3.789628E-02
+9.371403E-01
+4.416592E-02
+9.282013E-01
+5.482406E-02
+9.192172E-01
+6.528099E-02
+9.112352E-01
+8.084993E-02
+9.030405E-01
+9.616359E-02
+8.993612E-01
+1.215926E-01
+8.949669E-01
+1.468906E-01
+8.997174E-01
+1.787818E-01
+9.034403E-01
+2.111804E-01
+9.269742E-01
+2.522346E-01
+9.497944E-01
+2.955946E-01
+9.986976E-01
+3.203571E-01
+1.050031E+00
+3.469130E-01
+1.113673E+00
+3.354910E-01
+1.180268E+00
+3.217090E-01
+1.211590E+00
+2.740816E-01
+1.241256E+00
+2.243779E-01
+1.245517E+00
+1.823884E-01
+1.248365E+00
+1.403658E-01
+1.236391E+00
+1.130090E-01
+1.223996E+00
+8.622418E-02
+1.195953E+00
+8.421437E-02
+1.168553E+00
+8.225141E-02
+1.161391E+00
+8.433942E-02
+1.154268E+00
+8.639921E-02
+1.157654E+00
+8.910109E-02
+1.161045E+00
+9.181850E-02
+1.165913E+00
+8.957990E-02
+1.170796E+00
+8.732139E-02
+1.175571E+00
+8.115442E-02
+1.180329E+00
+7.493834E-02
+1.179341E+00
+6.725566E-02
+1.178306E+00
+5.958892E-02
+1.176537E+00
+5.321229E-02
+1.174738E+00
+4.685635E-02
+1.171243E+00
+4.120483E-02
+1.167732E+00
+3.558760E-02
+1.163962E+00
+3.137990E-02
+1.160189E+00
+2.719944E-02
+1.155406E+00
+2.397123E-02
+1.150635E+00
+2.076938E-02
+1.145723E+00
+1.843020E-02
+1.140826E+00
+1.611069E-02
+1.135772E+00
+1.429285E-02
+1.130738E+00
+1.249083E-02
+1.125536E+00
+1.178429E-02
+1.120358E+00
+1.108399E-02
+1.114575E+00
+1.126593E-02
+1.108824E+00
+1.144570E-02
+1.102768E+00
+1.174449E-02
+1.096745E+00
+1.203969E-02
+1.087888E+00
+1.258233E-02
+1.079102E+00
+1.311543E-02
+1.069829E+00
+1.321985E-02
+1.060636E+00
+1.332152E-02
+1.046924E+00
+1.945725E-02
+1.033352E+00
+2.543256E-02
+1.018359E+00
+3.783972E-02
+1.003426E+00
+4.988537E-02
+9.876483E-01
+7.900397E-02
+9.712299E-01
+1.072387E-01
+9.633275E-01
+1.557417E-01
+9.530097E-01
+2.037220E-01
+9.962097E-01
+2.664192E-01
+1.038500E+00
+3.349952E-01
+1.133383E+00
+3.521275E-01
+1.236776E+00
+3.696451E-01
+1.266020E+00
+2.739035E-01
+1.287854E+00
+1.758492E-01
+1.267246E+00
+1.567757E-01
+1.246765E+00
+1.382952E-01
+1.234537E+00
+1.227970E-01
+1.222271E+00
+1.076070E-01
+1.215420E+00
+1.017764E-01
+1.208585E+00
+9.600975E-02
+1.206258E+00
+9.402959E-02
+1.203933E+00
+9.205694E-02
+1.203765E+00
+7.675822E-02
+1.203404E+00
+6.147858E-02
+1.142194E+00
-2.419933E-02
+1.078450E+00
-1.010319E-01
+1.011295E+00
+2.444420E-02
+9.352640E-01
+1.334619E-01
+9.966413E-01
+2.307386E-01
+1.053836E+00
+3.413798E-01
+1.174060E+00
+3.245359E-01
+1.305327E+00
+3.002718E-01
+1.291275E+00
+2.241406E-01
+1.273508E+00
+1.505031E-01
+1.238711E+00
+1.472093E-01
+1.204864E+00
+1.439832E-01
+1.192429E+00
+1.892430E-01
+1.178335E+00
+2.337671E-01
+1.246213E+00
+2.286511E-01
+1.317719E+00
+2.222261E-01
+1.315777E+00
+1.708921E-01
+1.311919E+00
+1.200328E-01
+1.296071E+00
+9.378932E-02
+1.279949E+00
+6.820498E-02
+1.260817E+00
+6.952552E-02
+1.241968E+00
+7.079162E-02
+1.232903E+00
+6.614117E-02
+1.223891E+00
+6.155565E-02
+1.210765E+00
+5.817788E-02
+1.197774E+00
+5.486578E-02
+1.173881E+00
+4.508450E-02
+1.150403E+00
+3.567449E-02
+1.121192E+00
+4.870107E-02
+1.092555E+00
+6.104835E-02
+1.068940E+00
+7.205205E-02
+1.045697E+00
+8.255933E-02
+1.017185E+00
+9.740056E-02
+9.891728E-01
+1.113930E-01
+9.579216E-01
+1.350266E-01
+9.269217E-01
+1.571386E-01
+8.959921E-01
+1.949147E-01
+8.641537E-01
+2.303239E-01
+8.376654E-01
+3.028728E-01
+8.051416E-01
+3.725829E-01
+7.598985E-01
+4.366552E-01
+7.098056E-01
+4.957710E-01
+5.945202E-01
+6.314093E-01
+4.537155E-01
+7.408115E-01
+4.470189E-01
+1.066552E+00
+3.722734E-01
+1.493784E+00
+5.826801E-01
+1.873368E+00
+8.780878E-01
+2.340953E+00
+1.603553E+00
+2.493512E+00
+2.482569E+00
+2.488785E+00
+2.774722E+00
+1.857352E+00
+2.929613E+00
+1.214909E+00
+2.877173E+00
+9.126552E-01
+2.802755E+00
+6.303371E-01
+2.699152E+00
+4.446451E-01
+2.590424E+00
+2.738339E-01
+2.508736E+00
+1.992322E-01
+2.427963E+00
+1.292387E-01
+2.376871E+00
+8.494760E-02
+2.326144E+00
+4.250111E-02
+2.290397E+00
+2.505662E-02
+2.255078E+00
+8.140458E-03
+2.230891E+00
-1.438804E-03
+2.206925E+00
-1.081338E-02
+2.190324E+00
-1.726694E-02
+2.173827E+00
-2.362288E-02
+2.157267E+00
-3.082048E-02
+2.140808E+00
-3.790731E-02
+2.120328E+00
-5.604031E-02
+2.099887E+00
-7.382582E-02
+2.120898E+00
-2.230453E-03
+2.139631E+00
+7.071750E-02
+2.381339E+00
-7.145663E-02
+2.639826E+00
-2.463074E-01
+2.275784E+00
-4.259046E-01
+1.944816E+00
-5.528814E-01
+1.900359E+00
-3.778204E-01
+1.844366E+00
-2.140420E-01
+1.868876E+00
-1.698518E-01
+1.892528E+00
-1.245866E-01
+1.912476E+00
-1.080493E-01
+1.932468E+00
-9.116070E-02
+1.951577E+00
-8.338721E-02
+1.970836E+00
-7.545288E-02
+1.986635E+00
-6.614919E-02
+2.002510E+00
-5.669337E-02
+2.020416E+00
-5.234734E-02
+2.038471E+00
-4.791941E-02
+2.052956E+00
-4.302853E-02
+2.067532E+00
-3.806602E-02
+2.078164E+00
-3.370196E-02
+2.088840E+00
-2.929220E-02
+2.092664E+00
-1.734384E-02
+2.096427E+00
-5.352595E-03
+2.084684E+00
+3.019524E-02
+2.072404E+00
+6.534348E-02
+2.109745E+00
+2.106095E-01
+2.137750E+00
+3.614046E-01
+2.512923E+00
+4.628695E-01
+2.953279E+00
+5.889283E-01
+2.977162E+00
+2.299475E-01
+2.958150E+00
-1.262855E-01
+2.980551E+00
-1.551031E-01
+3.002861E+00
-1.843613E-01
+3.040546E+00
-2.790474E-01
+3.075873E+00
-3.762546E-01
+3.143033E+00
-4.819155E-01
+3.208619E+00
-5.923833E-01
+3.188991E+00
-7.755133E-01
+3.158971E+00
-9.583210E-01
+3.199208E+00
-1.053082E+00
+3.237982E+00
-1.150701E+00
+3.284829E+00
-1.833759E+00
+3.210578E+00
-2.579616E+00
+1.974596E+00
-2.349228E+00
+1.104329E+00
-2.002384E+00
+1.204241E+00
-1.283942E+00
+1.142280E+00
-7.290136E-01
+1.400533E+00
-5.997509E-01
+1.663375E+00
-4.091114E-01
+1.770206E+00
-4.019762E-01
+1.883266E+00
-3.923923E-01
+2.017795E+00
-4.190614E-01
+2.161933E+00
-4.475383E-01
+2.189158E+00
-6.037971E-01
+2.206663E+00
-7.660037E-01
+2.092082E+00
-6.876949E-01
+1.982850E+00
-6.156617E-01
+2.020938E+00
-5.629374E-01
+2.057843E+00
-5.085553E-01
+2.069765E+00
-4.261433E-01
+2.078420E+00
-3.435838E-01
+2.113860E+00
-3.041268E-01
+2.148942E+00
-2.633832E-01
+2.195161E+00
-2.555739E-01
+2.242291E+00
-2.473171E-01
+2.302389E+00
-2.715383E-01
+2.363963E+00
-2.968953E-01
+2.404328E+00
-3.781303E-01
+2.442968E+00
-4.623563E-01
+2.314436E+00
-6.270698E-01
+2.178545E+00
-7.758447E-01
+1.931282E+00
-4.940074E-01
+1.696786E+00
-2.715997E-01
+1.838517E+00
-8.734293E-02
+1.967479E+00
+1.256514E-01
+2.097662E+00
+1.748316E-01
+2.235614E+00
+2.300238E-01
+2.282533E+00
+2.359132E-01
+2.330435E+00
+2.419485E-01
+2.293699E+00
+2.904124E-01
+2.256381E+00
+3.374085E-01
+2.167758E+00
+6.242038E-01
+2.043591E+00
+8.937861E-01
+2.171964E+00
+1.005520E+00
+2.307132E+00
+1.128321E+00
+2.040408E+00
+1.281295E+00
+1.776425E+00
+1.397558E+00
+1.555702E+00
+2.394642E+00
+8.858224E-01
+3.497313E+00
+3.032712E+00
+5.411563E+00
+7.452409E+00
+7.631341E+00
+9.000963E+00
+4.746131E+00
+9.561979E+00
+1.673125E+00
+9.855108E+00
-2.900945E+00
+7.986291E+00
-7.377166E+00
+4.574420E+00
-3.748721E+00
+2.604792E+00
-1.888290E+00
+3.363103E+00
-1.587410E+00
+4.160096E+00
-1.083305E+00
+4.732751E+00
-1.447068E+00
+5.373864E+00
-1.893151E+00
+5.387137E+00
-3.162185E+00
+5.135810E+00
-4.530704E+00
+2.591916E+00
-4.358636E+00
+8.379408E-01
-3.660179E+00
+2.984313E+00
-2.739540E+00
+4.328139E+00
-6.080788E-01
+4.102483E+00
-7.711376E-01
+3.879998E+00
-9.167482E-01
+2.581536E+00
+6.515409E-01
+1.329151E+00
+1.181044E+00
+1.751374E+00
+3.050791E+00
+1.368619E+00
+6.823722E+00
+6.166799E+00
+1.046877E+01
+1.616796E+01
+1.373057E+01
+1.836554E+01
+5.832738E+00
+1.743592E+01
-1.556308E+00
+1.619303E+01
-5.244138E+00
+1.421763E+01
-8.471587E+00
+9.244669E+00
-8.357286E+00
+5.589852E+00
-7.537530E+00
+5.183106E+00
-5.256894E+00
+4.615499E+00
-3.525069E+00
+5.755651E+00
-2.892970E+00
+6.868367E+00
-1.969532E+00
+6.020949E+00
-3.149956E+00
+5.005504E+00
-4.087281E+00
+3.652489E+00
-2.434518E+00
+2.629213E+00
-1.406006E+00
+2.180218E+00
-6.794538E-01
+1.737912E+00
-1.974743E-01
+8.496014E-01
+8.370338E-01
-7.976444E-02
+8.093265E-01
+2.564562E-02
+1.763164E+00
+4.855141E-01
+3.792491E+00
+6.952871E-01
+3.291265E+00
+8.436237E-01
+2.836812E+00
+8.768488E-01
+2.384066E+00
+8.806947E-01
+1.994450E+00
+3.345755E-02
+1.703848E+00
-4.898253E-01
+1.238733E+00
-4.805375E-01
+1.087752E+00
-4.669388E-01
+9.533979E-01
-4.575937E-01
+7.487498E-01
-4.341678E-01
+5.810424E-01
-5.006777E-01
+2.943808E-01
-4.609112E-01
+6.212074E-02
-1.575253E-01
-1.513154E-01
+9.604579E-03
-1.021354E-01
+4.708719E-01
-1.350162E-01
+1.419724E+00
+1.858856E+00
-1.481521E+00
+1.416350E+00
-1.376896E+00
-1.153219E+00
-9.365848E-01
-9.871928E-01
-6.195320E-01
-8.241175E-01
-4.477287E-01
-9.338347E-01
-2.568846E-01
-1.008029E+00
-6.072837E-01
-5.094022E-01
-6.022934E-01
-4.505575E-02
-4.596059E-01
+2.954039E-02
-3.439755E-01
+7.081579E-02
-3.077669E-01
+9.692793E-02
-2.722273E-01
+1.174050E-01
-2.581564E-01
+1.298644E-01
-2.437496E-01
+1.411807E-01
-2.492070E-01
+1.578984E-01
-2.542220E-01
+1.756210E-01
-2.803809E-01
+2.102584E-01
-3.085006E-01
+2.506692E-01
-3.342685E-01
+2.962194E-01
-3.610062E-01
+3.485915E-01
-3.063812E-01
+3.585097E-01
-2.543927E-01
+3.628806E-01
-2.976889E-01
+3.731881E-01
-3.449245E-01
+3.813847E-01
-4.071555E-01
+4.875315E-01
-4.787956E-01
+6.215759E-01
-4.132028E-01
+7.967208E-01
-3.038985E-01
+9.806245E-01
-1.150613E-01
+9.779192E-01
+6.254630E-02
+9.423371E-01
+5.572801E-02
+8.076347E-01
+4.958122E-02
+6.921826E-01
-1.040086E-02
+7.001408E-01
-7.139097E-02
+7.029203E-01
-2.254532E-01
+9.202796E-01
-4.704588E-01
+1.180321E+00
-5.334305E-01
+9.393507E-01
-5.584496E-01
+7.290891E-01
-5.088810E-01
+4.453008E-01
-4.319353E-01
+2.476336E-01
-4.490905E-01
+4.161369E-02
-3.857407E-01
-1.346166E-01
-6.439387E-01
+2.392774E-02
-9.320830E-01
+4.051679E-01
-8.177806E-01
+3.147410E-01
-7.159976E-01
+2.410504E-01
-7.733792E-01
+1.919350E-01
-8.294839E-01
+1.353770E-01
-8.598377E-01
+1.675827E-01
-8.904304E-01
+2.021065E-01
-8.769995E-01
+2.442264E-01
-8.615922E-01
+2.855241E-01
-8.723430E-01
+3.150317E-01
-8.825241E-01
+3.454645E-01
-9.744421E-01
+2.659119E-01
-1.062819E+00
+1.711743E-01
-8.686220E-01
+2.181164E-01
-7.042977E-01
+2.430931E-01
-7.293829E-01
+3.433107E-01
-7.447261E-01
+4.540296E-01
-4.797346E-01
+5.714766E-01
-2.328320E-01
+5.943144E-01
-1.995147E-01
+3.300779E-01
-1.526148E-01
+1.761340E-01
-1.976169E-01
+1.163774E-01
-2.208348E-01
+4.652105E-02
-1.979885E-01
+4.176737E-02
-1.775059E-01
+3.749936E-02
-1.242650E-01
-5.669733E-02
-4.988670E-02
-8.992209E-02
+9.665621E-03
-2.644014E-01
+3.728186E-01
-5.695602E-01
-4.839272E-02
-1.045884E+00
-1.002601E+00
-1.260171E+00
-1.367358E+00
-1.065290E+00
-1.699785E+00
-7.692455E-01
-1.730083E+00
-3.515607E-01
-1.670047E+00
+4.013381E-02
-1.656960E+00
-5.411143E-02
-1.638696E+00
-1.467554E-01
-1.779653E+00
-8.518912E-02
-1.929403E+00
-1.224365E-02
-2.176981E+00
+1.225599E-01
-2.446693E+00
+2.920994E-01
-3.060574E+00
+8.233999E-01
-3.743947E+00
+1.613013E+00
