Hz,real,imaginary,unitless (peak only)
9.999990,-1.167033E+0,-1.554235E+0,1.943608E+0
10.057721,-1.051449E+0,-3.798750E-1,1.117967E+0
10.115785,-6.256281E-1,1.486970E-1,6.430562E-1
10.174184,-5.875691E-1,-9.628473E-3,5.876480E-1
10.232920,-5.181109E-1,-1.412282E-1,5.370143E-1
10.291995,-7.077607E-1,-1.801983E-1,7.303401E-1
10.351412,-9.665393E-1,-2.288545E-1,9.932636E-1
10.411171,-9.232961E-1,3.311004E-1,9.808686E-1
10.471275,-5.859362E-1,7.713102E-1,9.686282E-1
10.531727,-6.042360E-1,4.287855E-1,7.409171E-1
10.592527,-5.391699E-1,1.746059E-1,5.667375E-1
10.653678,-5.409769E-1,1.189360E-1,5.538969E-1
10.715183,-5.374776E-1,6.461124E-2,5.413472E-1
10.777042,-5.035259E-1,-1.834856E-2,5.038601E-1
10.839258,-4.603074E-1,-8.971329E-2,4.689684E-1
10.901834,-4.793721E-1,-1.584884E-1,5.048922E-1
10.964771,-4.903675E-1,-2.345337E-1,5.435682E-1
11.028071,-6.496033E-1,-1.085779E-1,6.586149E-1
11.091737,-7.927495E-1,9.148572E-2,7.980109E-1
11.155770,-8.170732E-1,-1.813541E-1,8.369575E-1
11.220173,-7.475575E-1,-4.601069E-1,8.778044E-1
11.284948,-7.039322E-1,-1.732086E-1,7.249288E-1
11.350097,-5.972447E-1,4.139087E-2,5.986772E-1
11.415622,-6.982819E-1,-8.822308E-2,7.038330E-1
11.481525,-7.853109E-1,-2.607203E-1,8.274589E-1
11.547808,-7.621936E-1,-1.358536E-1,7.742062E-1
11.614474,-7.240042E-1,-2.334226E-2,7.243804E-1
11.681525,-8.140489E-1,2.651548E-1,8.561441E-1
11.748964,-7.981304E-1,6.219958E-1,1.011875E+0
11.816791,-8.404795E-1,2.627372E-1,8.805888E-1
11.885010,-7.651333E-1,-4.292410E-2,7.663364E-1
11.953623,-7.144019E-1,-1.080067E-2,7.144835E-1
12.022632,-6.659175E-1,1.718919E-2,6.661393E-1
12.092039,-6.966661E-1,-6.198094E-2,6.994178E-1
12.161847,-7.192389E-1,-1.482514E-1,7.343590E-1
12.232059,-6.517340E-1,-9.636991E-2,6.588204E-1
12.302675,-5.886425E-1,-5.331754E-2,5.910522E-1
12.373699,-7.506594E-1,-1.474327E-1,7.650006E-1
12.445133,-9.466361E-1,-2.902798E-1,9.901425E-1
12.516980,-7.163142E-1,-8.568363E-2,7.214206E-1
12.589241,-5.247008E-1,3.122326E-2,5.256290E-1
12.661919,-5.349323E-1,5.011920E-2,5.372751E-1
12.735017,-5.447282E-1,6.977810E-2,5.491792E-1
12.808537,-5.645794E-1,-8.397488E-3,5.646418E-1
12.882482,-5.733865E-1,-9.085609E-2,5.805402E-1
12.956853,-6.370255E-1,-1.066331E-1,6.458886E-1
13.031654,-7.076722E-1,-1.248020E-1,7.185927E-1
13.106887,-5.738248E-1,-1.061734E-1,5.835646E-1
13.182553,-4.652589E-1,-9.013279E-2,4.739090E-1
13.258657,-4.864215E-1,-1.046114E-1,4.975434E-1
13.335200,-5.083236E-1,-1.202637E-1,5.223564E-1
13.412185,-5.305337E-1,-1.154829E-1,5.429570E-1
13.489614,-5.535268E-1,-1.100992E-1,5.643702E-1
13.567491,-5.473462E-1,-1.212993E-1,5.606259E-1
13.645817,-5.409662E-1,-1.322891E-1,5.569065E-1
13.724595,-5.604128E-1,-1.490670E-1,5.798995E-1
13.803828,-5.803062E-1,-1.669419E-1,6.038418E-1
13.883518,-5.710751E-1,-1.445207E-1,5.890781E-1
13.963668,-5.613691E-1,-1.229497E-1,5.746755E-1
14.044282,-5.435440E-1,-1.110457E-1,5.547713E-1
14.125360,-5.261759E-1,-9.979750E-2,5.355564E-1
14.206907,-4.876656E-1,-1.469775E-1,5.093330E-1
14.288924,-4.465279E-1,-1.877498E-1,4.843936E-1
14.371415,-4.837207E-1,-1.321578E-1,5.014493E-1
14.454382,-5.143558E-1,-7.006226E-2,5.191056E-1
14.537828,-4.973645E-1,-4.793831E-2,4.996694E-1
14.621756,-4.801853E-1,-2.730161E-2,4.809608E-1
14.706168,-4.837663E-1,-5.131870E-2,4.864807E-1
14.791067,-4.861967E-1,-7.575934E-2,4.920637E-1
14.876457,-4.439936E-1,-9.656362E-2,4.543730E-1
14.962340,-4.039485E-1,-1.134201E-1,4.195694E-1
15.048718,-4.051445E-1,-1.166186E-1,4.215945E-1
15.135596,-4.063253E-1,-1.198403E-1,4.236295E-1
15.222974,-4.496103E-1,-1.005594E-1,4.607186E-1
15.310857,-4.951811E-1,-7.649650E-2,5.010549E-1
15.399248,-4.594440E-1,-5.503736E-2,4.627288E-1
15.488149,-4.257849E-1,-3.635456E-2,4.273341E-1
15.577563,-4.409527E-1,-6.376062E-2,4.455387E-1
15.667493,-4.550715E-1,-9.320892E-2,4.645191E-1
15.757942,-4.580196E-1,-6.874241E-2,4.631495E-1
15.848914,-4.596613E-1,-4.422656E-2,4.617840E-1
15.940411,-4.509308E-1,-7.539408E-2,4.571902E-1
16.032436,-4.401578E-1,-1.055741E-1,4.526420E-1
16.124992,-4.345056E-1,-7.657005E-2,4.412007E-1
16.218082,-4.272838E-1,-4.868729E-2,4.300487E-1
16.311710,-4.286661E-1,-4.068326E-2,4.305923E-1
16.405879,-4.298987E-1,-3.264450E-2,4.311364E-1
16.500591,-4.262511E-1,-2.704455E-2,4.271082E-1
16.595850,-4.225689E-1,-2.154237E-2,4.231177E-1
16.691659,-4.216743E-1,-1.011443E-2,4.217956E-1
16.788021,-4.204761E-1,1.249805E-3,4.204780E-1
16.884939,-4.063577E-1,7.252281E-3,4.064224E-1
16.982417,-3.926261E-1,1.285047E-2,3.928363E-1
17.080457,-3.565295E-1,2.391562E-2,3.573307E-1
17.179064,-3.233700E-1,3.285008E-2,3.250343E-1
17.278240,-3.059236E-1,2.958756E-2,3.073511E-1
17.377988,-2.894116E-1,2.658213E-2,2.906298E-1
17.478312,-2.738430E-1,1.216205E-2,2.741129E-1
17.579215,-2.585339E-1,-7.304418E-4,2.585349E-1
17.680701,-2.526771E-1,-1.697810E-2,2.532469E-1
17.782773,-2.459296E-1,-3.249206E-2,2.480667E-1
17.885434,-2.517144E-1,-3.605317E-2,2.542832E-1
17.988688,-2.576041E-1,-3.976803E-2,2.606557E-1
18.092538,-2.570282E-1,-4.094612E-2,2.602692E-1
18.196987,-2.564474E-1,-4.211963E-2,2.598833E-1
18.302039,-2.561732E-1,-4.140229E-2,2.594973E-1
18.407698,-2.558975E-1,-4.068673E-2,2.591118E-1
18.513967,-2.595376E-1,-4.518538E-2,2.634416E-1
18.620849,-2.631713E-1,-4.981305E-2,2.678441E-1
18.728348,-2.600695E-1,-4.594304E-2,2.640964E-1
18.836468,-2.569645E-1,-4.216484E-2,2.604009E-1
18.945212,-2.542509E-1,-3.084794E-2,2.561154E-1
19.054584,-2.511179E-1,-1.983881E-2,2.519003E-1
19.164587,-2.489264E-1,-2.006340E-2,2.497336E-1
19.275226,-2.467536E-1,-2.028272E-2,2.475858E-1
19.386503,-2.381944E-1,-1.832118E-2,2.388980E-1
19.498422,-2.299257E-1,-1.647175E-2,2.305150E-1
19.610988,-2.225030E-1,-1.817166E-2,2.232438E-1
19.724203,-2.152983E-1,-1.974623E-2,2.162019E-1
19.838072,-2.075022E-1,-2.366255E-2,2.088470E-1
19.952599,-1.998893E-1,-2.727838E-2,2.017420E-1
20.067786,-1.980362E-1,-2.701270E-2,1.998700E-1
20.183639,-1.962004E-1,-2.674961E-2,1.980155E-1
20.300160,-1.960704E-1,-2.953231E-2,1.982820E-1
20.417354,-1.959012E-1,-3.231669E-2,1.985489E-1
20.535225,-1.889772E-1,-3.105951E-2,1.915126E-1
20.653776,-1.822979E-1,-2.985087E-2,1.847257E-1
20.773011,-1.808095E-1,-2.948757E-2,1.831982E-1
20.892935,-1.793333E-1,-2.912823E-2,1.816835E-1
21.013551,-1.784561E-1,-3.075280E-2,1.810865E-1
21.134864,-1.775662E-1,-3.236350E-2,1.804914E-1
21.256877,-1.769197E-1,-3.281469E-2,1.799372E-1
21.379594,-1.762739E-1,-3.326251E-2,1.793847E-1
21.503020,-1.738439E-1,-3.233171E-2,1.768249E-1
21.627158,-1.714461E-1,-3.142049E-2,1.743015E-1
21.752013,-1.695519E-1,-3.269451E-2,1.726754E-1
21.877589,-1.676639E-1,-3.393926E-2,1.710645E-1
22.003889,-1.677163E-1,-3.178173E-2,1.707010E-1
22.130919,-1.677418E-1,-2.962830E-2,1.703383E-1
22.258682,-1.671810E-1,-2.896206E-2,1.696711E-1
22.387183,-1.666202E-1,-2.830024E-2,1.690065E-1
22.516425,-1.631890E-1,-2.879209E-2,1.657095E-1
22.646414,-1.598218E-1,-2.925286E-2,1.624769E-1
22.777153,-1.573583E-1,-2.631174E-2,1.595429E-1
22.908647,-1.548952E-1,-2.346122E-2,1.566619E-1
23.040900,-1.550363E-1,-2.533105E-2,1.570921E-1
23.173917,-1.551560E-1,-2.720756E-2,1.575234E-1
23.307701,-1.546717E-1,-2.659002E-2,1.569406E-1
23.442258,-1.541871E-1,-2.597643E-2,1.563600E-1
23.577591,-1.536910E-1,-2.498289E-2,1.557083E-1
23.713706,-1.531912E-1,-2.399630E-2,1.550592E-1
23.850607,-1.527298E-1,-2.194142E-2,1.542978E-1
23.988298,-1.522448E-1,-1.990264E-2,1.535402E-1
24.126784,-1.484723E-1,-1.787737E-2,1.495447E-1
24.266069,-1.447781E-1,-1.594221E-2,1.456532E-1
24.406159,-1.473704E-1,-1.479961E-2,1.481117E-1
24.547057,-1.499952E-1,-1.361252E-2,1.506116E-1
24.688769,-1.499642E-1,-1.449432E-2,1.506630E-1
24.831298,-1.499281E-1,-1.537625E-2,1.507145E-1
24.974651,-1.498681E-1,-1.152186E-2,1.503103E-1
25.118831,-1.497105E-1,-7.680534E-3,1.499074E-1
25.263844,-1.491674E-1,-7.934934E-3,1.493783E-1
25.409693,-1.486258E-1,-8.187437E-3,1.488511E-1
25.556385,-1.484427E-1,-5.519007E-3,1.485453E-1
25.703924,-1.482125E-1,-2.859697E-3,1.482401E-1
25.852314,-1.505378E-1,-1.782727E-3,1.505484E-1
26.001561,-1.528911E-1,-6.714371E-4,1.528926E-1
26.151669,-1.535523E-1,7.398667E-4,1.535541E-1
26.302645,-1.542033E-1,2.163339E-3,1.542185E-1
26.454491,-1.550997E-1,3.269973E-3,1.551342E-1
26.607215,-1.559934E-1,4.389499E-3,1.560551E-1
26.760820,-1.563476E-1,7.255248E-3,1.565158E-1
26.915312,-1.566504E-1,1.013543E-2,1.569779E-1
27.070695,-1.599192E-1,1.130149E-2,1.603180E-1
27.226976,-1.632502E-1,1.251222E-2,1.637290E-1
27.384159,-1.611162E-1,1.739799E-2,1.620528E-1
27.542250,-1.588549E-1,2.216579E-2,1.603939E-1
27.701253,-1.610457E-1,2.280312E-2,1.626521E-1
27.861174,-1.632660E-1,2.345388E-2,1.649420E-1
28.022018,-1.691091E-1,2.642395E-2,1.711611E-1
28.183791,-1.751342E-1,2.958052E-2,1.776147E-1
28.346497,-1.740519E-1,2.799586E-2,1.762891E-1
28.510144,-1.729655E-1,2.643145E-2,1.749734E-1
28.674734,-1.738421E-1,3.072702E-2,1.765368E-1
28.840275,-1.746253E-1,3.508038E-2,1.781141E-1
29.006772,-1.825043E-1,4.014542E-2,1.868675E-1
29.174230,-1.906721E-1,4.560959E-2,1.960512E-1
29.342654,-1.979105E-1,5.022419E-2,2.041838E-1
29.512051,-2.053825E-1,5.513326E-2,2.126538E-1
29.682426,-2.073710E-1,5.621334E-2,2.148550E-1
29.853785,-2.093774E-1,5.730958E-2,2.170790E-1
30.026132,-2.157556E-1,5.942439E-2,2.237895E-1
30.199475,-2.223274E-1,6.161510E-2,2.307074E-1
30.373818,-2.271634E-1,6.326021E-2,2.358073E-1
30.549168,-2.321043E-1,6.494780E-2,2.410200E-1
30.725531,-2.324370E-1,6.434594E-2,2.411791E-1
30.902911,-2.327684E-1,6.374283E-2,2.413385E-1
31.081315,-2.409191E-1,6.978025E-2,2.508212E-1
31.260750,-2.492974E-1,7.617812E-2,2.606766E-1
31.441220,-2.661663E-1,8.183037E-2,2.784613E-1
31.622732,-2.841756E-1,8.789913E-2,2.974593E-1
31.805292,-2.778494E-1,8.989419E-2,2.920295E-1
31.988906,-2.716138E-1,9.177236E-2,2.866988E-1
32.173580,-2.846268E-1,8.586098E-2,2.972953E-1
32.359320,-2.979123E-1,7.929121E-2,3.082837E-1
32.546132,-3.188984E-1,7.898839E-2,3.285352E-1
32.734023,-3.412543E-1,7.827832E-2,3.501171E-1
32.922998,-3.489287E-1,6.876142E-2,3.556394E-1
33.113065,-3.564218E-1,5.885816E-2,3.612489E-1
33.304228,-3.779429E-1,5.276940E-2,3.816090E-1
33.496496,-4.005093E-1,4.577275E-2,4.031164E-1
33.689873,-4.121793E-1,1.321413E-2,4.123911E-1
33.884367,-4.213582E-1,-2.095736E-2,4.218791E-1
34.079983,-4.304766E-1,-8.342586E-2,4.384860E-1
34.276729,-4.306877E-1,-1.490410E-1,4.557468E-1
34.474611,-4.883060E-1,-2.634626E-1,5.548471E-1
34.673635,-5.351218E-1,-4.122370E-1,6.754959E-1
34.873808,-5.700094E-1,-5.922271E-1,8.219755E-1
35.075136,-5.796772E-1,-8.151146E-1,1.000219E+0
35.277627,-6.027638E-1,-1.107205E+0,1.260646E+0
35.481287,-5.877143E-1,-1.476188E+0,1.588880E+0
35.686123,1.254911E-1,-1.949842E+0,1.953876E+0
35.892141,1.167569E+0,-2.099962E+0,2.402719E+0
36.099348,2.082181E+0,-1.365644E+0,2.490073E+0
36.307752,2.568318E+0,-2.515253E-1,2.580605E+0
36.517359,2.373319E+0,1.891619E-1,2.380846E+0
36.728176,2.124579E+0,5.576678E-1,2.196549E+0
36.940210,1.983444E+0,6.753453E-1,2.095266E+0
37.153468,1.841141E+0,7.776938E-1,1.998652E+0
37.367957,1.707156E+0,9.835919E-1,1.970237E+0
37.583685,1.551162E+0,1.168817E+0,1.942225E+0
37.800658,1.298939E+0,1.101412E+0,1.703042E+0
38.018883,1.081541E+0,1.029686E+0,1.493313E+0
38.238368,1.079414E+0,1.103353E+0,1.543542E+0
38.459121,1.074511E+0,1.179372E+0,1.595460E+0
38.681148,1.072243E+0,1.323727E+0,1.703513E+0
38.904456,1.060877E+0,1.477457E+0,1.818884E+0
39.129054,1.184611E+0,1.734862E+0,2.100726E+0
39.354948,1.320456E+0,2.035445E+0,2.426240E+0
39.582147,1.698852E+0,1.805420E+0,2.479040E+0
39.810657,2.037304E+0,1.505132E+0,2.532988E+0
40.040486,2.254538E+0,1.324423E+0,2.614773E+0
40.271643,2.457969E+0,1.115376E+0,2.699199E+0
40.504133,2.519645E+0,7.956158E-1,2.642275E+0
40.737966,2.542072E+0,4.776192E-1,2.586552E+0
40.973149,2.236091E+0,1.947593E-1,2.244557E+0
41.209689,1.947642E+0,-2.330045E-2,1.947781E+0
41.447595,1.801060E+0,-6.978150E-2,1.802411E+0
41.686875,1.664316E+0,-1.091485E-1,1.667891E+0
41.927536,1.558367E+0,-1.156965E-1,1.562656E+0
42.169586,1.459054E+0,-1.209757E-1,1.464061E+0
42.413033,1.402542E+0,-9.402974E-2,1.405690E+0
42.657886,1.347882E+0,-6.901760E-2,1.349648E+0
42.904153,1.299710E+0,-5.629734E-2,1.300929E+0
43.151841,1.253182E+0,-4.440213E-2,1.253968E+0
43.400959,1.198334E+0,-5.533084E-2,1.199611E+0
43.651516,1.145755E+0,-6.522258E-2,1.147610E+0
43.903519,1.139584E+0,-7.272856E-2,1.141902E+0
44.156976,1.133392E+0,-8.015482E-2,1.136223E+0
44.411897,1.098481E+0,-7.443823E-2,1.101000E+0
44.668290,1.064636E+0,-6.899844E-2,1.066870E+0
44.926163,1.038632E+0,-7.023002E-2,1.041004E+0
45.185524,1.013254E+0,-7.136078E-2,1.015764E+0
45.446383,9.947031E-1,-8.272575E-2,9.981372E-1
45.708748,9.763340E-1,-9.366174E-2,9.808163E-1
45.972627,9.255701E-1,-1.238373E-1,9.338178E-1
46.238030,8.761991E-1,-1.507413E-1,8.890713E-1
46.504965,8.520113E-1,-1.590128E-1,8.667228E-1
46.773441,8.283199E-1,-1.667421E-1,8.449360E-1
47.043467,7.967225E-1,-1.314986E-1,8.075015E-1
47.315051,7.653623E-1,-9.889607E-2,7.717253E-1
47.588204,7.668093E-1,-6.567945E-2,7.696170E-1
47.862934,7.668250E-1,-3.252212E-2,7.675143E-1
48.139249,7.535745E-1,-1.248717E-2,7.536780E-1
48.417160,7.400597E-1,6.844140E-3,7.400913E-1
48.696675,7.252773E-1,1.648093E-2,7.254645E-1
48.977804,7.106610E-1,2.573120E-2,7.111267E-1
49.260556,6.975719E-1,3.145698E-2,6.982808E-1
49.544940,6.846698E-1,3.696506E-2,6.856669E-1
49.830966,6.838890E-1,3.854402E-2,6.849743E-1
50.118643,6.831051E-1,4.011952E-2,6.842822E-1
50.407981,6.775380E-1,5.423718E-2,6.797054E-1
50.698990,6.717118E-1,6.813993E-2,6.751591E-1
50.991678,6.750811E-1,7.964568E-2,6.797631E-1
51.286056,6.782835E-1,9.128372E-2,6.843984E-1
51.582133,6.782630E-1,8.933093E-2,6.841204E-1
51.879920,6.782366E-1,8.737893E-2,6.838421E-1
52.179426,6.766750E-1,1.056666E-1,6.848755E-1
52.480661,6.746207E-1,1.239335E-1,6.859101E-1
52.783635,6.834332E-1,1.250188E-1,6.947738E-1
53.088358,6.923600E-1,1.261114E-1,7.037517E-1
53.394841,6.866198E-1,1.251954E-1,6.979403E-1
53.703092,6.809274E-1,1.242860E-1,6.921771E-1
54.013124,6.846987E-1,1.225595E-1,6.955812E-1
54.324945,6.884824E-1,1.208115E-1,6.990017E-1
54.638566,6.858710E-1,1.126313E-1,6.950574E-1
54.953998,6.831857E-1,1.045261E-1,6.911356E-1
55.271250,6.799198E-1,1.172054E-1,6.899479E-1
55.590335,6.764208E-1,1.297991E-1,6.887619E-1
55.911261,6.884054E-1,1.214990E-1,6.990451E-1
56.234040,7.004426E-1,1.128947E-1,7.094822E-1
56.558683,6.931552E-1,1.202440E-1,7.035075E-1
56.885199,6.858421E-1,1.274445E-1,6.975826E-1
57.213601,6.927081E-1,1.259044E-1,7.040571E-1
57.543899,6.996313E-1,1.243227E-1,7.105914E-1
57.876103,7.025050E-1,1.144392E-1,7.117651E-1
58.210225,7.052406E-1,1.044991E-1,7.129406E-1
58.546276,7.037965E-1,1.206618E-1,7.140650E-1
58.884268,7.019833E-1,1.368131E-1,7.151911E-1
59.224210,6.966277E-1,1.393686E-1,7.104321E-1
59.566115,6.912950E-1,1.418806E-1,7.057045E-1
59.909994,6.675948E-1,1.628007E-1,6.871586E-1
60.255858,6.437844E-1,1.823089E-1,6.691001E-1
60.603719,6.488286E-1,2.008312E-1,6.791993E-1
60.953588,6.534921E-1,2.197516E-1,6.894510E-1
61.305476,6.563910E-1,2.744326E-1,7.114509E-1
61.659397,6.553381E-1,3.309280E-1,7.341535E-1
62.015360,7.031175E-1,3.745169E-1,7.966412E-1
62.373378,7.539204E-1,4.229357E-1,8.644481E-1
62.733464,8.135220E-1,4.391578E-1,9.244878E-1
63.095628,8.775371E-1,4.554697E-1,9.886981E-1
63.459883,9.691807E-1,4.254621E-1,1.058456E+0
63.826240,1.064993E+0,3.870234E-1,1.133136E+0
64.194713,1.101105E+0,3.358017E-1,1.151171E+0
64.565313,1.135009E+0,2.819090E-1,1.169495E+0
64.938053,1.137591E+0,2.194398E-1,1.158563E+0
65.312944,1.136873E+0,1.575058E-1,1.147732E+0
65.690000,1.125529E+0,1.298569E-1,1.132995E+0
66.069232,1.113710E+0,1.028255E-1,1.118447E+0
66.450654,1.121136E+0,7.169892E-2,1.123426E+0
66.834277,1.127711E+0,4.023587E-2,1.128429E+0
67.220116,1.136964E+0,1.436472E-2,1.137055E+0
67.608181,1.145684E+0,-1.191200E-2,1.145746E+0
67.998488,1.206578E+0,-1.309442E-2,1.206649E+0
68.391047,1.270708E+0,-1.436887E-2,1.270789E+0
68.785873,1.339614E+0,-4.300658E-2,1.340304E+0
69.182978,1.411646E+0,-7.471476E-2,1.413622E+0
69.582375,1.450021E+0,-1.353790E-1,1.456327E+0
69.984078,1.487010E+0,-1.994149E-1,1.500322E+0
70.388101,1.581683E+0,-2.344951E-1,1.598971E+0
70.794455,1.682053E+0,-2.732784E-1,1.704108E+0
71.203156,1.712058E+0,-3.131397E-1,1.740459E+0
71.614216,1.741889E+0,-3.544516E-1,1.777586E+0
72.027650,1.770019E+0,-4.249862E-1,1.820324E+0
72.443470,1.796288E+0,-4.981777E-1,1.864090E+0
72.861690,1.796506E+0,-5.810481E-1,1.888134E+0
73.282325,1.793180E+0,-6.649217E-1,1.912489E+0
73.705388,1.747751E+0,-7.599312E-1,1.905815E+0
74.130894,1.697340E+0,-8.519742E-1,1.899164E+0
74.558856,1.606912E+0,-9.500798E-1,1.866767E+0
74.989289,1.511613E+0,-1.040178E+0,1.834923E+0
75.422207,1.386178E+0,-1.098512E+0,1.768677E+0
75.857624,1.261759E+0,-1.146467E+0,1.704823E+0
76.295554,1.139813E+0,-1.170836E+0,1.634023E+0
76.736013,1.021720E+0,-1.186993E+0,1.566162E+0
77.179015,9.263142E-1,-1.231890E+0,1.541302E+0
77.624574,8.297149E-1,-1.269789E+0,1.516836E+0
78.072705,7.649742E-1,-1.264054E+0,1.477504E+0
78.523424,7.021431E-1,-1.256293E+0,1.439193E+0
78.976744,6.031490E-1,-1.256174E+0,1.393471E+0
79.432682,5.074915E-1,-1.250119E+0,1.349202E+0
79.891252,4.499387E-1,-1.211574E+0,1.292423E+0
80.352469,3.959418E-1,-1.173013E+0,1.238034E+0
80.816348,3.779195E-1,-1.125938E+0,1.187670E+0
81.282906,3.607073E-1,-1.080749E+0,1.139354E+0
81.752157,3.043721E-1,-1.031620E+0,1.075585E+0
82.224117,2.528564E-1,-9.833959E-1,1.015384E+0
82.698802,2.175185E-1,-9.480742E-1,9.727070E-1
83.176227,1.845621E-1,-9.133638E-1,9.318243E-1
83.656409,1.686418E-1,-8.834397E-1,8.993919E-1
84.139362,1.535873E-1,-8.543936E-1,8.680884E-1
84.625104,1.537561E-1,-8.141140E-1,8.285062E-1
85.113650,1.535787E-1,-7.756712E-1,7.907289E-1
85.605016,1.086480E-1,-7.438275E-1,7.517205E-1
86.099219,6.751405E-2,-7.114400E-1,7.146363E-1
86.596275,6.599496E-2,-6.639458E-1,6.672176E-1
87.096201,6.437893E-2,-6.196097E-1,6.229453E-1
87.599012,8.730544E-2,-5.789129E-1,5.854591E-1
88.104727,1.070648E-1,-5.397111E-1,5.502281E-1
88.613361,1.235297E-1,-5.093602E-1,5.241254E-1
89.124931,1.379831E-1,-4.798148E-1,4.992610E-1
89.639454,1.475317E-1,-4.576012E-1,4.807957E-1
90.156948,1.560408E-1,-4.359269E-1,4.630130E-1
90.677430,1.767901E-1,-4.112955E-1,4.476815E-1
91.200916,1.953327E-1,-3.862785E-1,4.328579E-1
91.727425,2.067879E-1,-3.581671E-1,4.135758E-1
92.256973,2.162282E-1,-3.307428E-1,3.951524E-1
92.789578,2.338586E-1,-3.197320E-1,3.961293E-1
93.325258,2.509292E-1,-3.077821E-1,3.971087E-1
93.864030,2.637174E-1,-2.880214E-1,3.905166E-1
94.405913,2.751580E-1,-2.678995E-1,3.840339E-1
94.950924,2.926363E-1,-2.564729E-1,3.891200E-1
95.499081,3.097154E-1,-2.439834E-1,3.942734E-1
96.050403,3.273531E-1,-2.304555E-1,4.003371E-1
96.604908,3.444967E-1,-2.157760E-1,4.064939E-1
97.162614,3.635394E-1,-2.077675E-1,4.187221E-1
97.723540,3.828062E-1,-1.987334E-1,4.313184E-1
98.287704,3.996462E-1,-1.849305E-1,4.403594E-1
98.855125,4.161811E-1,-1.700719E-1,4.495900E-1
99.425821,4.408013E-1,-1.545794E-1,4.671194E-1
99.999813,4.655336E-1,-1.372082E-1,4.853325E-1
100.577118,4.883943E-1,-1.296320E-1,5.053053E-1
101.157755,5.119728E-1,-1.211003E-1,5.261002E-1
101.741745,5.390240E-1,-1.177805E-1,5.517419E-1
102.329106,5.673295E-1,-1.138131E-1,5.786330E-1
102.919859,5.882574E-1,-1.163669E-1,5.996566E-1
103.514021,6.099530E-1,-1.189552E-1,6.214443E-1
104.111614,6.297508E-1,-1.171335E-1,6.405516E-1
104.712657,6.501399E-1,-1.150782E-1,6.602461E-1
105.317169,6.689933E-1,-1.129393E-1,6.784595E-1
105.925171,6.883484E-1,-1.105876E-1,6.971751E-1
106.536684,7.087909E-1,-1.077799E-1,7.169387E-1
107.151727,7.297877E-1,-1.047164E-1,7.372622E-1
107.770320,7.513979E-1,-1.032143E-1,7.584537E-1
108.392485,7.736200E-1,-1.015355E-1,7.802547E-1
109.018241,7.974502E-1,-9.980671E-2,8.036717E-1
109.647610,8.219846E-1,-9.787895E-2,8.277916E-1
110.280612,8.460496E-1,-9.915076E-2,8.518397E-1
110.917269,8.708161E-1,-1.004135E-1,8.765863E-1
111.557601,8.949560E-1,-1.016259E-1,9.007075E-1
112.201630,9.197622E-1,-1.028285E-1,9.254924E-1
112.849377,9.450601E-1,-1.046079E-1,9.508320E-1
113.500863,9.710528E-1,-1.064075E-1,9.768654E-1
114.156110,9.960650E-1,-1.077110E-1,1.001872E+0
114.815141,1.021719E+0,-1.090113E-1,1.027518E+0
115.477975,1.048718E+0,-1.117431E-1,1.054654E+0
116.144637,1.076430E+0,-1.145433E-1,1.082507E+0
116.815147,1.103897E+0,-1.163178E-1,1.110008E+0
117.489528,1.132063E+0,-1.181084E-1,1.138207E+0
118.167802,1.162229E+0,-1.210676E-1,1.168518E+0
118.849992,1.193199E+0,-1.241007E-1,1.199635E+0
119.536120,1.224966E+0,-1.231068E-1,1.231136E+0
120.226209,1.257563E+0,-1.219735E-1,1.263464E+0
120.920282,1.289160E+0,-1.206000E-1,1.294789E+0
121.618363,1.321535E+0,-1.190819E-1,1.326889E+0
122.320473,1.383028E+0,-1.033023E-1,1.386881E+0
123.026636,1.447041E+0,-8.582713E-2,1.449584E+0
123.736876,1.490566E+0,-9.953760E-2,1.493886E+0
124.451217,1.535314E+0,-1.140003E-1,1.539541E+0
125.169681,1.585537E+0,-1.162300E-1,1.589791E+0
125.892294,1.637401E+0,-1.184836E-1,1.641682E+0
126.619077,1.696628E+0,-1.239463E-1,1.701149E+0
127.350057,1.757996E+0,-1.296493E-1,1.762770E+0
128.085257,1.824394E+0,-1.356209E-1,1.829428E+0
128.824701,1.893300E+0,-1.418587E-1,1.898607E+0
129.568413,1.969892E+0,-1.560061E-1,1.976060E+0
130.316420,2.049545E+0,-1.710686E-1,2.056672E+0
131.068744,2.131968E+0,-1.841419E-1,2.139906E+0
131.825412,2.217687E+0,-1.979916E-1,2.226508E+0
132.586448,2.317033E+0,-2.140006E-1,2.326895E+0
133.351878,2.420807E+0,-2.310484E-1,2.431808E+0
134.121726,2.539524E+0,-2.462603E-1,2.551436E+0
134.896019,2.664055E+0,-2.624093E-1,2.676947E+0
135.674782,2.808170E+0,-2.912514E-1,2.823233E+0
136.458041,2.960001E+0,-3.224540E-1,2.977513E+0
137.245821,3.135193E+0,-3.612071E-1,3.155932E+0
138.038150,3.320624E+0,-4.034317E-1,3.345041E+0
138.835052,3.535867E+0,-4.557056E-1,3.565112E+0
139.636556,3.764859E+0,-5.130860E-1,3.799661E+0
140.442686,4.037492E+0,-6.181828E-1,4.084543E+0
141.253470,4.328662E+0,-7.359742E-1,4.390783E+0
142.068935,4.672088E+0,-8.919083E-1,4.756459E+0
142.889108,5.040626E+0,-1.068317E+0,5.152593E+0
143.714015,5.453256E+0,-1.328712E+0,5.612796E+0
144.543685,5.893989E+0,-1.625785E+0,6.114105E+0
145.378144,6.434337E+0,-2.059822E+0,6.756002E+0
146.217421,7.011416E+0,-2.563309E+0,7.465287E+0
147.061543,7.716800E+0,-3.301764E+0,8.393488E+0
147.910538,8.464090E+0,-4.173488E+0,9.437098E+0
148.764435,9.412969E+0,-5.872096E+0,1.109439E+1
149.623261,1.032427E+1,-7.970075E+0,1.304272E+1
150.487045,9.108324E+0,-1.192461E+1,1.500526E+1
151.355816,6.582444E+0,-1.595890E+1,1.726311E+1
152.229602,1.670964E+0,-1.442818E+1,1.452462E+1
153.108433,-1.954256E+0,-1.206326E+1,1.222053E+1
153.992337,-1.557050E+0,-9.827425E+0,9.950009E+0
154.881344,-1.239967E+0,-8.005888E+0,8.101343E+0
155.775484,1.075658E-2,-8.147936E+0,8.147943E+0
156.674785,1.275651E+0,-8.094919E+0,8.194815E+0
157.579278,1.908491E+0,-9.616690E+0,9.804237E+0
158.488993,2.737119E+0,-1.140592E+1,1.172974E+1
159.403960,4.715263E-1,-1.442645E+1,1.443415E+1
160.324208,-3.008073E+0,-1.750554E+1,1.776211E+1
161.249770,-6.650083E+0,-1.535659E+1,1.673465E+1
162.180674,-9.505995E+0,-1.257865E+1,1.576662E+1
163.116953,-1.048188E+1,-1.015185E+1,1.459212E+1
164.058637,-1.102930E+1,-7.793725E+0,1.350510E+1
165.005758,-1.102683E+1,-6.626140E+0,1.286455E+1
165.958346,-1.094216E+1,-5.517161E+0,1.225438E+1
166.916434,-1.407096E+1,-4.273971E+0,1.470574E+1
167.880052,-1.751462E+1,-2.161067E+0,1.764744E+1
168.849234,-1.889598E+1,1.286091E+0,1.893970E+1
169.824011,-1.965030E+1,5.199624E+0,2.032659E+1
170.804415,-1.990065E+1,1.244746E+1,2.347286E+1
171.790479,-1.770129E+1,2.052819E+1,2.710613E+1
172.782236,-7.720294E+0,1.914035E+1,2.063870E+1
173.779719,-8.669673E-1,1.569044E+1,1.571437E+1
174.782960,-1.737781E-1,1.120251E+1,1.120386E+1
175.791992,1.930967E-1,7.985665E+0,7.987999E+0
176.806850,-5.369071E-1,5.687001E+0,5.712289E+0
177.827567,-8.612698E-1,3.993082E+0,4.084910E+0
178.854176,-1.006437E+0,2.947510E+0,3.114600E+0
179.886712,-1.023623E+0,2.142835E+0,2.374773E+0
180.925209,-2.234664E+0,9.322067E-1,2.421308E+0
181.969701,-2.331732E+0,-8.110229E-1,2.468751E+0
183.020223,-3.936083E+0,-1.729552E+0,4.299314E+0
184.076810,-6.594594E+0,-3.545414E+0,7.487231E+0
185.139497,-8.421263E+0,-1.688062E+0,8.588785E+0
186.208318,-9.805495E+0,9.603673E-1,9.852413E+0
187.283310,-1.145853E+1,3.656714E+0,1.202786E+1
188.364508,-1.274139E+1,7.298436E+0,1.468367E+1
189.451948,-4.371795E+0,1.823242E+1,1.874923E+1
190.545665,1.311852E+1,2.002620E+1,2.394043E+1
191.645697,1.195893E+1,1.464099E+0,1.204822E+1
192.752079,4.447947E+0,-4.120688E+0,6.063357E+0
193.864849,2.184291E+0,-2.432841E+0,3.269532E+0
194.984042,1.052394E+0,-1.414467E+0,1.763023E+0
196.109697,3.030276E-1,-4.800447E-1,5.676871E-1
197.241850,8.546151E-2,-1.615849E-1,1.827932E-1
198.380539,3.214188E-1,6.915943E-2,3.287751E-1
199.525802,3.700579E-2,5.901817E-1,5.913407E-1
200.677677,1.191490E-1,5.049380E-1,5.188052E-1
201.836201,1.776012E-1,4.190881E-1,4.551670E-1
203.001414,8.723684E-2,2.609020E-1,2.751002E-1
204.173353,4.025256E-2,1.613229E-1,1.662689E-1
205.352059,-1.133393E-2,1.994325E-1,1.997543E-1
206.537568,-8.410476E-2,2.247632E-1,2.399836E-1
207.729922,-1.255096E-1,2.594898E-1,2.882492E-1
208.929160,-1.788796E-1,2.964318E-1,3.462221E-1
210.135321,-1.834008E-1,2.747367E-1,3.303273E-1
211.348445,-1.867650E-1,2.538623E-1,3.151622E-1
212.568572,-1.789785E-1,2.310398E-1,2.922545E-1
213.795743,-1.712351E-1,2.100618E-1,2.710118E-1
215.029999,-2.337450E-1,1.492679E-1,2.773403E-1
216.271380,-2.750106E-1,7.014935E-2,2.838164E-1
217.519928,-3.398650E-1,7.601492E-2,3.482621E-1
218.775684,-4.196244E-1,8.084498E-2,4.273413E-1
220.038689,-4.405531E-1,8.093511E-2,4.479258E-1
221.308986,-4.624899E-1,8.084007E-2,4.695019E-1
222.586616,-4.838282E-1,8.422835E-2,4.911050E-1
223.871622,-5.061509E-1,8.775716E-2,5.137023E-1
225.164046,-5.271687E-1,8.150442E-2,5.334321E-1
226.463932,-5.488716E-1,7.461362E-2,5.539199E-1
227.771322,-5.595256E-1,7.459329E-2,5.644759E-1
229.086260,-5.703825E-1,7.454462E-2,5.752331E-1
230.408789,-5.796939E-1,7.504828E-2,5.845317E-1
231.738953,-5.891565E-1,7.554854E-2,5.939806E-1
233.076796,-6.013070E-1,7.515664E-2,6.059857E-1
234.422362,-6.137019E-1,7.471751E-2,6.182336E-1
235.775697,-6.253783E-1,7.376911E-2,6.297141E-1
237.136844,-6.372680E-1,7.275863E-2,6.414081E-1
238.505849,-6.491622E-1,6.786652E-2,6.527001E-1
239.882758,-6.612178E-1,6.277315E-2,6.641908E-1
241.267616,-6.707417E-1,5.835665E-2,6.732755E-1
242.660469,-6.803600E-1,5.380411E-2,6.824841E-1
244.061362,-6.879350E-1,4.979058E-2,6.897345E-1
245.470343,-6.955627E-1,4.568344E-2,6.970613E-1
246.887458,-7.026490E-1,4.275096E-2,7.039483E-1
248.312755,-7.097908E-1,3.975517E-2,7.109033E-1
249.746279,-7.179734E-1,3.779290E-2,7.189674E-1
251.188080,-7.262422E-1,3.578050E-2,7.271231E-1
252.638204,-7.248174E-1,3.389942E-2,7.256097E-1
254.096699,-7.233912E-1,3.202587E-2,7.240998E-1
255.563615,-7.357601E-1,1.343460E-2,7.358827E-1
257.038999,-7.478350E-1,-5.779621E-3,7.478573E-1
258.522901,-7.633978E-1,1.851280E-2,7.636222E-1
260.015369,-7.784876E-1,4.381286E-2,7.797195E-1
261.516454,-7.951695E-1,3.501821E-2,7.959402E-1
263.026204,-8.120872E-1,2.583313E-2,8.124980E-1
264.544671,-8.140825E-1,4.264421E-2,8.151987E-1
266.071903,-8.157378E-1,5.954877E-2,8.179084E-1
267.607952,-8.115589E-1,5.494503E-2,8.134167E-1
269.152869,-8.073789E-1,5.038878E-2,8.089498E-1
270.706705,-8.130380E-1,4.852120E-2,8.144846E-1
272.269511,-8.187310E-1,4.662510E-2,8.200575E-1
273.841340,-8.290721E-1,4.544234E-2,8.303165E-1
275.422242,-8.395399E-1,4.422245E-2,8.407038E-1
277.012272,-8.495285E-1,4.504716E-2,8.507220E-1
278.611480,-8.596357E-1,4.588532E-2,8.608595E-1
280.219921,-8.717646E-1,4.666007E-2,8.730124E-1
281.837648,-8.840648E-1,4.744766E-2,8.853371E-1
283.464714,-8.986804E-1,5.014450E-2,9.000783E-1
285.101173,-9.135336E-1,5.291761E-2,9.150650E-1
286.747079,-9.312235E-1,5.867953E-2,9.330705E-1
288.402487,-9.492320E-1,6.464650E-2,9.514308E-1
290.067453,-9.744851E-1,7.641448E-2,9.774765E-1
291.742030,-1.000305E+0,8.877005E-2,1.004236E+0
293.426274,-1.036711E+0,1.249624E-1,1.044215E+0
295.120242,-1.073365E+0,1.637672E-1,1.085786E+0
296.823989,-1.056847E+0,2.423390E-1,1.084276E+0
298.537572,-1.034596E+0,3.193668E-1,1.082767E+0
300.261047,-9.248370E-1,2.784217E-1,9.658375E-1
301.994472,-8.266786E-1,2.425836E-1,8.615360E-1
303.737905,-8.906928E-1,2.109737E-1,9.153380E-1
305.491402,-9.568356E-1,1.738438E-1,9.724999E-1
307.255023,-9.901489E-1,2.172603E-1,1.013705E+0
309.028824,-1.023209E+0,2.637455E-1,1.056654E+0
310.812867,-1.034371E+0,3.250902E-1,1.084254E+0
312.607208,-1.042522E+0,3.885497E-1,1.112575E+0
314.411909,-1.016431E+0,4.640017E-1,1.117331E+0
316.227028,-9.848818E-1,5.377100E-1,1.122107E+0
318.052625,-8.704966E-1,6.135603E-1,1.064998E+0
319.888762,-7.544352E-1,6.727074E-1,1.010796E+0
321.735500,-6.358222E-1,6.222256E-1,8.896261E-1
323.592898,-5.336009E-1,5.730010E-1,7.829815E-1
325.461020,-5.204259E-1,5.299021E-1,7.427243E-1
327.339926,-5.068466E-1,4.893655E-1,7.045368E-1
329.229679,-4.247941E-1,5.013896E-1,6.571465E-1
331.130342,-3.475233E-1,5.049039E-1,6.129440E-1
333.041978,-1.897765E-1,3.902419E-1,4.339399E-1
334.964649,-9.150197E-2,2.932687E-1,3.072119E-1
336.898420,-1.299299E-1,1.533977E-1,2.010289E-1
338.843355,-1.174183E-1,5.930766E-2,1.315464E-1
340.799519,-1.205472E-1,1.481649E-2,1.214543E-1
342.766975,-1.093568E-1,-2.481316E-2,1.121365E-1
344.745790,-7.238413E-2,-9.403144E-2,1.186650E-1
346.736028,4.467367E-3,-1.254940E-1,1.255735E-1
348.737756,4.524019E-2,-2.114997E-1,2.162841E-1
350.751040,1.402038E-1,-3.451303E-1,3.725212E-1
352.775947,1.309746E-1,-5.137054E-1,5.301392E-1
354.812544,8.538218E-2,-7.496001E-1,7.544471E-1
356.860899,-2.313247E-2,-9.114648E-1,9.117583E-1
358.921078,-1.800748E-1,-1.087056E+0,1.101870E+0
360.993151,-4.564748E-1,-1.349786E+0,1.424883E+0
363.077187,-8.640057E-1,-1.627459E+0,1.842587E+0
365.173253,-1.125444E+0,-1.558741E+0,1.922576E+0
367.281421,-1.385850E+0,-1.450382E+0,2.006038E+0
369.401759,-1.369280E+0,-1.310316E+0,1.895219E+0
371.534338,-1.347720E+0,-1.178821E+0,1.790522E+0
373.679228,-1.141838E+0,-1.016041E+0,1.528441E+0
375.836501,-9.672805E-1,-8.755943E-1,1.304721E+0
378.006228,-8.075408E-1,-9.566127E-1,1.251891E+0
380.188480,-6.452571E-1,-1.013175E+0,1.201200E+0
382.383332,-7.749793E-1,-1.250652E+0,1.471300E+0
384.590854,-9.302691E-1,-1.543465E+0,1.802133E+0
386.811120,-7.914380E-1,-1.546385E+0,1.737147E+0
389.044204,-6.577407E-1,-1.539917E+0,1.674505E+0
391.290180,-7.065486E-1,-2.337024E+0,2.441494E+0
393.549122,-6.496028E-1,-3.500021E+0,3.559794E+0
395.821105,-1.641920E+0,-3.628498E+0,3.982700E+0
398.106204,-2.754293E+0,-3.502634E+0,4.455847E+0
400.404495,-2.785261E+0,-2.949888E+0,4.057033E+0
402.716055,-2.767937E+0,-2.446125E+0,3.693914E+0
405.040959,-2.433086E+0,-2.295870E+0,3.345284E+0
407.379285,-2.134440E+0,-2.149973E+0,3.029557E+0
409.731111,-1.667022E+0,-2.904972E+0,3.349302E+0
412.096513,-9.525196E-1,-3.578180E+0,3.702792E+0
414.475571,3.077913E-1,-4.101232E+0,4.112765E+0
416.868364,1.820836E+0,-4.189555E+0,4.568130E+0
419.274970,5.423781E+0,-6.277156E+0,8.295787E+0
421.695470,1.279928E+1,-7.946113E+0,1.506527E+1
424.129944,-6.042541E+0,-1.659997E+1,1.766554E+1
426.578472,-2.050432E+1,2.944076E+0,2.071460E+1
429.041135,-1.549465E+1,1.385668E+0,1.555649E+1
431.518015,-1.167531E+1,4.178602E-1,1.168279E+1
434.009195,-9.845339E+0,1.930003E-1,9.847231E+0
436.514757,-8.300013E+0,2.844146E-2,8.300062E+0
439.034783,-7.172221E+0,4.187041E-2,7.172343E+0
441.569357,-6.197635E+0,5.112448E-2,6.197846E+0
444.118564,-4.653131E+0,1.228983E+0,4.812694E+0
446.682487,-3.264823E+0,1.818486E+0,3.737106E+0
449.261212,-2.998669E+0,5.661682E-1,3.051649E+0
451.854825,-2.469252E+0,-3.353305E-1,2.491917E+0
454.463410,-2.578408E+0,-4.717484E-1,2.621209E+0
457.087055,-2.686511E+0,-6.203703E-1,2.757209E+0
459.725846,-2.686207E+0,-6.439022E-1,2.762303E+0
462.379871,-2.685707E+0,-6.674749E-1,2.767408E+0
465.049218,-2.584733E+0,-6.468715E-1,2.664449E+0
467.733976,-2.487546E+0,-6.268753E-1,2.565318E+0
470.434232,-1.855462E+0,-1.002785E+0,2.109103E+0
473.150078,-1.275719E+0,-1.174468E+0,1.734023E+0
475.881602,-1.215524E+0,-1.244454E+0,1.739587E+0
478.628895,-1.151498E+0,-1.311362E+0,1.745170E+0
481.392049,-1.289563E+0,-1.132656E+0,1.716357E+0
484.171154,-1.401514E+0,-9.408361E-1,1.688021E+0
486.966304,-1.069808E+0,-1.485368E+0,1.830521E+0
489.777590,-5.270981E-1,-1.913791E+0,1.985051E+0
492.605106,-4.944745E-1,-2.160555E+0,2.216417E+0
495.448945,-4.460284E-1,-2.434222E+0,2.474748E+0
498.309202,-3.083696E-1,-2.724042E+0,2.741441E+0
501.185971,-1.342584E-1,-3.033905E+0,3.036874E+0
504.079348,-7.054156E-1,-3.397129E+0,3.469596E+0
506.989429,-1.415893E+0,-3.702477E+0,3.963974E+0
509.916309,-2.525585E+0,-3.073193E+0,3.977825E+0
512.860087,-3.381468E+0,-2.121212E+0,3.991725E+0
515.820860,-3.154440E+0,-9.184107E-1,3.285418E+0
518.798725,-2.704031E+0,-1.724740E-2,2.704086E+0
521.793781,-2.140447E+0,-3.548015E-2,2.140741E+0
524.806128,-1.694151E+0,-4.536433E-2,1.694758E+0
527.835866,-1.460120E+0,1.989625E-1,1.473613E+0
530.883094,-1.224991E+0,3.757572E-1,1.281326E+0
533.947915,-9.456059E-1,5.064217E-1,1.072676E+0
537.030429,-6.950120E-1,5.686530E-1,8.980022E-1
540.130738,-4.947271E-1,5.891231E-1,7.692990E-1
543.248945,-3.228714E-1,5.745348E-1,6.590419E-1
546.385154,-4.017449E-2,6.147345E-1,6.160459E-1
549.539469,2.143803E-1,5.344621E-1,5.758547E-1
552.711994,4.701511E-1,-1.813767E-1,5.039242E-1
555.902834,-1.532451E-1,-4.134950E-1,4.409787E-1
559.112094,-4.551445E-1,-2.797541E-1,5.342461E-1
562.339883,-6.430649E-1,7.339261E-2,6.472395E-1
565.586305,-6.099776E-1,3.137000E-1,6.859157E-1
568.851469,-4.871383E-1,5.395215E-1,7.269025E-1
572.135483,-4.219943E-1,7.393878E-1,8.513363E-1
575.438456,-2.973464E-1,9.517022E-1,9.970717E-1
578.760497,5.907846E-2,1.534630E+0,1.535767E+0
582.101716,8.769375E-1,2.196952E+0,2.365506E+0
585.462225,2.040132E+0,2.094173E+0,2.923645E+0
588.842134,3.319839E+0,1.426848E+0,3.613478E+0
592.241555,1.726493E+0,2.337803E+0,2.906218E+0
595.660602,2.504217E-1,2.323936E+0,2.337389E+0
599.099386,4.486637E-1,5.012229E-1,6.726987E-1
602.558024,1.890244E-1,4.185212E-2,1.936022E-1
606.036628,2.887105E-1,-5.987640E-2,2.948541E-1
609.535314,3.636755E-1,-2.634289E-1,4.490597E-1
613.054198,4.450398E-1,-2.919559E-1,5.322581E-1
616.593397,5.429398E-1,-3.212702E-1,6.308710E-1
620.153028,7.936557E-1,-7.144214E-1,1.067842E+0
623.733209,1.078398E+0,-1.450534E+0,1.807482E+0
627.334059,1.975620E-1,-1.484987E+0,1.498071E+0
630.955697,-4.545062E-1,-1.155447E+0,1.241625E+0
634.598242,-9.070177E-2,-9.362139E-1,9.405973E-1
638.261816,1.286959E-1,-7.008347E-1,7.125531E-1
641.946541,1.985966E-1,-4.957899E-1,5.340864E-1
645.652537,2.195110E-1,-3.347685E-1,4.003187E-1
649.379928,2.222853E-1,-2.493797E-1,3.340673E-1
653.128838,2.140931E-1,-1.785571E-1,2.787804E-1
656.899390,1.924367E-1,-1.186930E-1,2.260971E-1
660.691710,1.681573E-1,-7.312764E-2,1.833699E-1
664.505924,1.544354E-1,-4.012264E-2,1.595623E-1
668.342157,1.381771E-1,-1.360711E-2,1.388455E-1
672.200537,1.149935E-1,2.028383E-2,1.167687E-1
676.081191,8.853887E-2,4.248013E-2,9.820231E-2
679.984249,8.237328E-2,7.895990E-2,1.141053E-1
683.909839,6.235743E-2,1.170042E-1,1.325837E-1
687.858092,1.030805E-1,1.234230E-1,1.608068E-1
691.829139,1.530201E-1,1.209323E-1,1.950379E-1
695.823110,1.271230E-1,1.288762E-1,1.810230E-1
699.840139,1.023618E-1,1.332336E-1,1.680153E-1
703.880359,6.666805E-2,1.977520E-1,2.086875E-1
707.943903,-1.238039E-3,2.592027E-1,2.592057E-1
712.030906,2.724074E-3,3.894305E-1,3.894400E-1
716.141504,1.097927E-2,5.850063E-1,5.851093E-1
720.275832,2.620360E-1,6.806029E-1,7.293032E-1
724.434028,5.968429E-1,6.856509E-1,9.090317E-1
728.616230,6.382342E-1,4.964074E-1,8.085562E-1
732.822575,6.419970E-1,3.241430E-1,7.191862E-1
737.053205,6.113230E-1,2.155592E-1,6.482141E-1
741.308258,5.713569E-1,1.220430E-1,5.842458E-1
745.587875,5.189766E-1,1.157932E-1,5.317375E-1
749.892199,4.713574E-1,1.096724E-1,4.839482E-1
754.221372,4.276784E-1,1.079710E-1,4.410970E-1
758.575538,3.879027E-1,1.056767E-1,4.020399E-1
762.954841,3.436319E-1,1.107832E-1,3.610482E-1
767.359425,3.037066E-1,1.135403E-1,3.242362E-1
771.789438,2.450239E-1,1.281225E-1,2.764997E-1
776.245025,1.938269E-1,1.342710E-1,2.357914E-1
780.726335,1.722644E-1,1.681351E-1,2.407165E-1
785.233515,1.447978E-1,1.985545E-1,2.457444E-1
789.766716,1.308948E-1,1.951986E-1,2.350233E-1
794.326087,1.177350E-1,1.914677E-1,2.247697E-1
798.911780,8.648525E-2,1.662182E-1,1.873718E-1
803.523946,6.200620E-2,1.433614E-1,1.561962E-1
808.162739,3.128295E-2,1.217484E-1,1.257032E-1
812.828311,9.575246E-3,1.007090E-1,1.011632E-1
817.520818,-2.014286E-2,1.060391E-1,1.079353E-1
822.240416,-5.217876E-2,1.026615E-1,1.151608E-1
826.987259,-9.113295E-2,1.121186E-1,1.444846E-1
831.761507,-1.414090E-1,1.134206E-1,1.812753E-1
836.563317,-2.229204E-2,2.490547E-1,2.500504E-1
841.392847,2.264607E-1,2.601619E-1,3.449183E-1
846.250259,1.117888E-1,2.338907E-1,2.592327E-1
851.135714,3.400972E-2,1.918419E-1,1.948332E-1
856.049372,-2.786438E-2,1.726104E-1,1.748450E-1
860.991397,-7.461245E-2,1.380323E-1,1.569074E-1
865.961952,-9.185119E-2,1.189214E-1,1.502629E-1
870.961203,-1.051895E-1,9.819533E-2,1.438998E-1
875.989315,-1.310935E-1,1.048089E-1,1.678404E-1
881.046454,-1.618088E-1,1.101883E-1,1.957640E-1
886.132789,-1.922514E-1,1.494608E-1,2.435141E-1
891.248487,-2.269699E-1,2.005989E-1,3.029113E-1
896.393719,-1.522434E-1,2.889468E-1,3.266011E-1
901.568654,-4.315550E-2,3.494895E-1,3.521439E-1
906.773465,4.455284E-2,2.338940E-1,2.380995E-1
912.008323,7.708554E-2,1.413341E-1,1.609892E-1
917.273403,1.138206E-2,7.947014E-2,8.028110E-2
922.568878,-8.533364E-3,3.911405E-2,4.003408E-2
927.894924,-6.305765E-2,1.694774E-2,6.529543E-2
933.251717,-7.180329E-2,-7.864995E-2,1.064966E-1
938.639436,-1.101916E-1,-9.803163E-2,1.474869E-1
944.058259,-1.658507E-1,-1.192200E-1,2.042544E-1
949.508364,-2.097962E-1,-1.062519E-1,2.351678E-1
954.989934,-2.574933E-1,-8.371462E-2,2.707599E-1
960.503149,-3.205357E-1,-9.578829E-2,3.345423E-1
966.048192,-3.987641E-1,-1.088371E-1,4.133501E-1
971.625246,-4.759991E-1,-8.429192E-2,4.834049E-1
977.234498,-5.633353E-1,-4.748171E-2,5.653328E-1
982.876132,-6.356257E-1,-2.837513E-2,6.362587E-1
988.550335,-7.160734E-1,-3.676944E-3,7.160828E-1
994.257297,-9.030398E-1,-5.573338E-2,9.047580E-1
999.997204,-1.135177E+0,-1.347417E-1,1.143146E+0
