#I+3.880000E+02
+1.000000E+00
+1.610000E+02
+1.610000E+02
+1.000000E+01
+2.000000E+00
+2.000000E+00
+0.000000E+00
+1.000000E+00
+2.000000E+00
+5.000000E+00
+1.000000E+00
+2.497000E+03
-1.092400E+04
+2.025600E+04
-1.299100E+04
-1.119200E+04
+0.000000E+00
+0.000000E+00
+0.000000E+00
+0.000000E+00
+0.000000E+00
+0.000000E+00
+0.000000E+00
+0.000000E+00
+0.000000E+00
+0.000000E+00
+0.000000E+00
+0.000000E+00
+0.000000E+00
+0.000000E+00
+0.000000E+00
+0.000000E+00
+0.000000E+00
+0.000000E+00
+0.000000E+00
+1.000000E+00
+1.000000E+00
+1.000000E+00
+0.000000E+00
+0.000000E+00
+1.000000E+00
+0.000000E+00
+1.000000E+00
+1.000000E+00
+3.000000E+00
+4.500000E+01
+4.500000E+01
+0.000000E+00
+0.000000E+00
+2.000000E+00
+0.000000E+00
+0.000000E+00
+0.000000E+00
+0.000000E+00
+0.000000E+00
+1.250000E-02
+1.000000E+00
+0.000000E+00
+0.000000E+00
+0.000000E+00
+1.000000E+00
+1.000000E+00
+0.000000E+00
+0.000000E+00
+1.0000000000000000E+01
+1.0000000000000000E+01
+3.927553E-01
-8.155338E-02
+7.062770E-01
-1.342275E-01
+8.139515E-01
+6.468803E-03
+8.710651E-01
-8.024327E-02
+5.711117E-01
+2.873215E-02
+2.525213E-01
+2.405829E-01
+5.426284E-01
+2.208414E-01
+5.297874E-01
-7.276122E-02
+9.616363E-01
-5.950031E-02
+5.209259E-01
+7.468508E-02
+8.292053E-01
-1.200148E-03
+8.170805E-01
-1.737218E-01
+9.337540E-01
+2.821032E-01
+7.902911E-01
+3.325188E-02
+9.088193E-01
+6.410006E-02
+9.732236E-01
+7.541893E-02
+1.035221E+00
+4.687222E-02
+9.938033E-01
+5.502432E-02
+1.024244E+00
+2.539887E-02
+1.035468E+00
-8.283310E-03
+9.969554E-01
+8.025233E-02
+1.038191E+00
-1.349474E-02
+9.812684E-01
-2.942989E-02
+1.025751E+00
+1.162668E-02
+9.352401E-01
+2.044526E-02
+9.854033E-01
-3.155434E-03
+1.004868E+00
-1.660930E-03
+1.014091E+00
-1.558391E-02
+9.867375E-01
-1.320782E-02
+1.013741E+00
-2.723953E-02
+1.007132E+00
-1.792596E-02
+1.021665E+00
-2.623213E-02
+1.004869E+00
-2.774100E-02
+1.019806E+00
-6.040972E-02
+1.004455E+00
-8.835363E-02
+9.512900E-01
-1.092810E-01
+9.136865E-01
-9.517576E-02
+8.879690E-01
-1.064052E-01
+9.081349E-01
-8.374879E-02
+8.787502E-01
-3.580389E-02
+9.072410E-01
-1.519711E-02
+8.836068E-01
-2.183431E-04
+9.011338E-01
+5.885731E-03
+8.294677E-01
-5.550694E-02
+8.723646E-01
-8.283079E-03
+7.980301E-01
+1.021172E-02
+8.612254E-01
-1.074335E-03
+8.272984E-01
-1.457930E-02
+8.163112E-01
-1.651309E-02
+9.715202E-01
-6.481159E-03
+8.670370E-01
-2.578470E-02
+8.507060E-01
+2.729290E-02
+9.445770E-01
-1.383341E-02
+1.230058E+00
-1.755951E-01
+5.907532E-01
+2.583640E-01
+6.767485E-01
+3.246571E-01
+9.235810E-01
+3.067706E-01
+9.501532E-01
+3.238400E-01
+1.044178E+00
+2.464064E-01
+1.031175E+00
+2.206762E-01
+9.717630E-01
+1.578969E-01
+9.439458E-01
+9.095857E-02
+8.005370E-01
+2.157329E-01
+7.757616E-01
+8.446202E-02
+6.968179E-01
+8.953503E-02
+5.906042E-01
+1.009762E-01
+4.699903E-01
+1.315243E-01
+3.080077E-01
+1.832538E-01
+1.495500E-01
+2.500844E-01
-1.672969E-03
+3.473610E-01
-1.449661E-01
+4.549162E-01
-2.523111E-01
+5.709362E-01
-3.221701E-01
+5.798022E-01
-4.269632E-01
+4.655775E-01
-6.294525E-01
+2.282929E-01
-8.582220E-01
-1.727151E-01
-9.773339E-01
-1.090479E+00
+3.333173E-01
-2.990488E+00
+4.112217E+00
-8.487931E-01
+2.812673E+00
+1.448265E+00
+1.754411E+00
+1.541430E+00
+9.691698E-01
+1.337036E+00
+6.062163E-01
+1.169884E+00
+2.503892E-01
+9.204001E-01
-8.181527E-02
+6.303870E-01
-3.055235E-01
+3.894745E-01
-4.339046E-01
+2.042476E-01
-7.142830E-01
-1.563439E-01
-7.467510E-01
-6.432435E-01
-3.935984E-01
-6.564918E-01
-3.336002E-01
-3.774762E-01
-4.204654E-01
-9.744063E-02
-4.428107E-01
-5.720431E-02
-4.434979E-01
-5.133251E-02
-4.319980E-01
-1.050778E-01
-4.166341E-01
-1.643544E-01
-3.981879E-01
-1.995265E-01
-3.569096E-01
-2.355294E-01
-2.806767E-01
-2.788749E-01
+2.954249E-01
-6.101336E-01
+5.399654E-01
+1.546657E+00
+4.547482E-01
+4.053556E-01
+3.644205E-01
+1.059101E-01
+2.421478E-01
+9.862289E-02
+5.539564E-01
+4.446536E-01
+8.025324E-01
+1.179778E-01
+7.163987E-01
+1.485651E-02
+6.779055E-01
-5.938241E-02
+5.577603E-01
-2.410262E-02
+5.150536E-01
+3.015999E-02
+4.763260E-01
+3.460579E-02
+4.082403E-01
+3.122506E-02
+3.322433E-01
+2.947009E-02
+2.434026E-01
+2.137528E-02
+1.567921E-01
+3.440358E-02
+1.088031E-01
-2.930304E-02
+1.813754E-01
-1.827613E-01
+7.174022E-01
-8.373503E-01
+2.487219E+00
-1.513112E+00
+4.324812E+00
+2.715868E+00
+4.216200E+00
+3.704261E+00
+2.205209E+00
+1.560810E+00
+1.053285E+00
+1.141774E+00
+1.328318E-01
+7.082057E-01
-1.468970E+00
+7.070271E-01
-3.666875E-01
+1.483966E+00
-1.339135E-01
-1.017936E-01
-1.275397E-01
-6.965991E-01
-8.139606E-01
+3.804083E-01
+2.476443E-01
+3.990943E-01
+5.302854E-01
-2.611443E-01
+5.222512E-01
+3.943724E-01
+3.589475E+00
+9.529372E-01
+6.381880E+00
-2.476845E-01
-3.790935E+00
-2.207847E+00
-2.240224E+00
-6.713882E-01
-1.279322E-01
-5.554241E-01
+3.921914E-01
-4.243065E-01
+1.983813E+00
+2.672642E+00
-2.243619E+00
+4.042229E-01
-1.611944E+00
-3.349480E-01
-4.515903E-01
-9.619110E-01
-5.831655E-01
-4.734421E-01
-1.350015E-01
-3.273510E-01
+6.187183E-02
-2.712849E-01
+4.549043E-01
-2.398926E-01
+6.635284E-01
-5.884569E-01
+7.934320E-01
-1.167079E+00
+1.169892E+00
-1.942649E+00
-2.078800E+00
-3.016597E-04
-9.910107E-01
-7.172300E-02
-1.460590E+00
-7.942110E-01
-1.201375E+00
+8.178241E-01
-5.198324E-01
+3.711502E-01
-5.757874E-01
+2.913582E-02
-8.722872E-01
+2.212692E-02
-8.513488E-01
-7.566575E-03
-9.404714E-01
+2.445311E-01
-8.255282E-01
+4.192932E-01
-1.130188E+00
+2.602428E-01
-1.761715E+00
+1.996112E-01
