Hz,real,imaginary,unitless (peak only)
10.000000,3.927553E-1,-8.155338E-2,4.011330E-1
10.292005,7.062770E-1,-1.342275E-1,7.189188E-1
10.592537,8.139515E-1,6.468803E-3,8.139772E-1
10.901845,8.710651E-1,-8.024327E-2,8.747533E-1
11.220185,5.711117E-1,2.873215E-2,5.718340E-1
11.547820,2.525213E-1,2.405829E-1,3.487795E-1
11.885022,5.426284E-1,2.208414E-1,5.858468E-1
12.232071,5.297874E-1,-7.276122E-2,5.347606E-1
12.589254,9.616363E-1,-5.950031E-2,9.634753E-1
12.956867,5.209259E-1,7.468508E-2,5.262525E-1
13.335214,8.292053E-1,-1.200148E-3,8.292062E-1
13.724610,8.170805E-1,-1.737218E-1,8.353441E-1
14.125375,9.337540E-1,2.821032E-1,9.754377E-1
14.537844,7.902911E-1,3.325188E-2,7.909903E-1
14.962357,9.088193E-1,6.410006E-2,9.110770E-1
15.399265,9.732236E-1,7.541893E-2,9.761415E-1
15.848932,1.035221E+0,4.687222E-2,1.036282E+0
16.311729,9.938033E-1,5.502432E-2,9.953254E-1
16.788040,1.024244E+0,2.539887E-2,1.024559E+0
17.278260,1.035468E+0,-8.283310E-3,1.035501E+0
17.782794,9.969554E-1,8.025233E-2,1.000180E+0
18.302061,1.038191E+0,-1.349474E-2,1.038279E+0
18.836491,9.812684E-1,-2.942989E-2,9.817096E-1
19.386526,1.025751E+0,1.162668E-2,1.025817E+0
19.952623,9.352401E-1,2.044526E-2,9.354635E-1
20.535250,9.854033E-1,-3.155434E-3,9.854084E-1
21.134890,1.004868E+0,-1.660930E-3,1.004869E+0
21.752040,1.014091E+0,-1.558391E-2,1.014211E+0
22.387211,9.867375E-1,-1.320782E-2,9.868259E-1
23.040930,1.013741E+0,-2.723953E-2,1.014107E+0
23.713737,1.007132E+0,-1.792596E-2,1.007292E+0
24.406191,1.021665E+0,-2.623213E-2,1.022002E+0
25.118864,1.004869E+0,-2.774100E-2,1.005252E+0
25.852348,1.019806E+0,-6.040972E-2,1.021594E+0
26.607251,1.004455E+0,-8.835363E-2,1.008333E+0
27.384196,9.512900E-1,-1.092810E-1,9.575463E-1
28.183829,9.136865E-1,-9.517576E-2,9.186302E-1
29.006812,8.879690E-1,-1.064052E-1,8.943215E-1
29.853826,9.081349E-1,-8.374879E-2,9.119884E-1
30.725574,8.787502E-1,-3.580389E-2,8.794793E-1
31.622777,9.072410E-1,-1.519711E-2,9.073683E-1
32.546178,8.836068E-1,-2.183431E-4,8.836068E-1
33.496544,9.011338E-1,5.885731E-3,9.011530E-1
34.474661,8.294677E-1,-5.550694E-2,8.313229E-1
35.481339,8.723646E-1,-8.283079E-3,8.724039E-1
36.517413,7.980301E-1,1.021172E-2,7.980954E-1
37.583740,8.612254E-1,-1.074335E-3,8.612261E-1
38.681205,8.272984E-1,-1.457930E-2,8.274269E-1
39.810717,8.163112E-1,-1.651309E-2,8.164782E-1
40.973211,9.715202E-1,-6.481159E-3,9.715418E-1
42.169650,8.670370E-1,-2.578470E-2,8.674203E-1
43.401026,8.507060E-1,2.729290E-2,8.511437E-1
44.668359,9.445770E-1,-1.383341E-2,9.446783E-1
45.972699,1.230058E+0,-1.755951E-1,1.242528E+0
47.315126,5.907532E-1,2.583640E-1,6.447800E-1
48.696753,6.767485E-1,3.246571E-1,7.505936E-1
50.118723,9.235810E-1,3.067706E-1,9.731958E-1
51.582217,9.501532E-1,3.238400E-1,1.003824E+0
53.088444,1.044178E+0,2.464064E-1,1.072858E+0
54.638655,1.031175E+0,2.206762E-1,1.054524E+0
56.234133,9.717630E-1,1.578969E-1,9.845074E-1
57.876199,9.439458E-1,9.095857E-2,9.483181E-1
59.566214,8.005370E-1,2.157329E-1,8.290960E-1
61.305579,7.757616E-1,8.446202E-2,7.803460E-1
63.095734,6.968179E-1,8.953503E-2,7.025466E-1
64.938163,5.906042E-1,1.009762E-1,5.991740E-1
66.834392,4.699903E-1,1.315243E-1,4.880466E-1
68.785991,3.080077E-1,1.832538E-1,3.584002E-1
70.794578,1.495500E-1,2.500844E-1,2.913888E-1
72.861817,-1.672969E-3,3.473610E-1,3.473650E-1
74.989421,-1.449661E-1,4.549162E-1,4.774557E-1
77.179152,-2.523111E-1,5.709362E-1,6.242027E-1
79.432823,-3.221701E-1,5.798022E-1,6.632979E-1
81.752304,-4.269632E-1,4.655775E-1,6.317119E-1
84.139514,-6.294525E-1,2.282929E-1,6.695731E-1
86.596432,-8.582220E-1,-1.727151E-1,8.754288E-1
89.125094,-9.773339E-1,-1.090479E+0,1.464352E+0
91.727594,3.333173E-1,-2.990488E+0,3.009006E+0
94.406088,4.112217E+0,-8.487931E-1,4.198902E+0
97.162795,2.812673E+0,1.448265E+0,3.163637E+0
100.000000,1.754411E+0,1.541430E+0,2.335372E+0
102.920053,9.691698E-1,1.337036E+0,1.651350E+0
105.925373,6.062163E-1,1.169884E+0,1.317622E+0
109.018449,2.503892E-1,9.204001E-1,9.538507E-1
112.201845,-8.181527E-2,6.303870E-1,6.356741E-1
115.478198,-3.055235E-1,3.894745E-1,4.950101E-1
118.850223,-4.339046E-1,2.042476E-1,4.795730E-1
122.320712,-7.142830E-1,-1.563439E-1,7.311933E-1
125.892541,-7.467510E-1,-6.432435E-1,9.855959E-1
129.568670,-3.935984E-1,-6.564918E-1,7.654418E-1
133.352143,-3.336002E-1,-3.774762E-1,5.037632E-1
137.246096,-4.204654E-1,-9.744063E-2,4.316084E-1
141.253754,-4.428107E-1,-5.720431E-2,4.464904E-1
145.378439,-4.434979E-1,-5.133251E-2,4.464587E-1
149.623566,-4.319980E-1,-1.050778E-1,4.445938E-1
153.992653,-4.166341E-1,-1.643544E-1,4.478798E-1
158.489319,-3.981879E-1,-1.995265E-1,4.453812E-1
163.117291,-3.569096E-1,-2.355294E-1,4.276196E-1
167.880402,-2.806767E-1,-2.788749E-1,3.956648E-1
172.782598,2.954249E-1,-6.101336E-1,6.778930E-1
177.827941,5.399654E-1,1.546657E+0,1.638203E+0
183.020611,4.547482E-1,4.053556E-1,6.091872E-1
188.364909,3.644205E-1,1.059101E-1,3.794987E-1
193.865264,2.421478E-1,9.862289E-2,2.614613E-1
199.526231,5.539564E-1,4.446536E-1,7.103411E-1
205.352503,8.025324E-1,1.179778E-1,8.111578E-1
211.348904,7.163987E-1,1.485651E-2,7.165527E-1
217.520403,6.779055E-1,-5.938241E-2,6.805014E-1
223.872114,5.577603E-1,-2.410262E-2,5.582808E-1
230.409298,5.150536E-1,3.015999E-2,5.159359E-1
237.137371,4.763260E-1,3.460579E-2,4.775814E-1
244.061907,4.082403E-1,3.122506E-2,4.094327E-1
251.188643,3.322433E-1,2.947009E-2,3.335477E-1
258.523484,2.434026E-1,2.137528E-2,2.443394E-1
266.072506,1.567921E-1,3.440358E-2,1.605222E-1
273.841963,1.088031E-1,-2.930304E-2,1.126800E-1
281.838293,1.813754E-1,-1.827613E-1,2.574854E-1
290.068120,7.174022E-1,-8.373503E-1,1.102643E+0
298.538262,2.487219E+0,-1.513112E+0,2.911317E+0
307.255737,4.324812E+0,2.715868E+0,5.106852E+0
316.227766,4.216200E+0,3.704261E+0,5.612298E+0
325.461783,2.205209E+0,1.560810E+0,2.701680E+0
334.965439,1.053285E+0,1.141774E+0,1.553402E+0
344.746607,1.328318E-1,7.082057E-1,7.205551E-1
354.813389,-1.468970E+0,7.070271E-1,1.630264E+0
365.174127,-3.666875E-1,1.483966E+0,1.528599E+0
375.837404,-1.339135E-1,-1.017936E-1,1.682105E-1
386.812055,-1.275397E-1,-6.965991E-1,7.081784E-1
398.107171,-8.139606E-1,3.804083E-1,8.984667E-1
409.732110,2.476443E-1,3.990943E-1,4.696850E-1
421.696503,5.302854E-1,-2.611443E-1,5.910998E-1
434.010264,5.222512E-1,3.943724E-1,6.544279E-1
446.683592,3.589475E+0,9.529372E-1,3.713815E+0
459.726989,6.381880E+0,-2.476845E-1,6.386685E+0
473.151259,-3.790935E+0,-2.207847E+0,4.387001E+0
486.967525,-2.240224E+0,-6.713882E-1,2.338668E+0
501.187234,-1.279322E-1,-5.554241E-1,5.699672E-1
515.822165,3.921914E-1,-4.243065E-1,5.777976E-1
530.884444,1.983813E+0,2.672642E+0,3.328442E+0
546.386550,-2.243619E+0,4.042229E-1,2.279742E+0
562.341325,-1.611944E+0,-3.349480E-1,1.646376E+0
578.761988,-4.515903E-1,-9.619110E-1,1.062641E+0
595.662144,-5.831655E-1,-4.734421E-1,7.511521E-1
613.055792,-1.350015E-1,-3.273510E-1,3.540961E-1
630.957344,6.187183E-2,-2.712849E-1,2.782510E-1
649.381632,4.549043E-1,-2.398926E-1,5.142824E-1
668.343918,6.635284E-1,-5.884569E-1,8.868774E-1
687.859912,7.934320E-1,-1.167079E+0,1.411243E+0
707.945784,1.169892E+0,-1.942649E+0,2.267715E+0
728.618175,-2.078800E+0,-3.016597E-4,2.078800E+0
749.894209,-9.910107E-1,-7.172300E-2,9.936027E-1
771.791516,-1.460590E+0,-7.942110E-1,1.662557E+0
794.328235,-1.201375E+0,8.178241E-1,1.453320E+0
817.523038,-5.198324E-1,3.711502E-1,6.387317E-1
841.395142,-5.757874E-1,2.913582E-2,5.765241E-1
865.964323,-8.722872E-1,2.212692E-2,8.725678E-1
891.250938,-8.513488E-1,-7.566575E-3,8.513824E-1
917.275935,-9.404714E-1,2.445311E-1,9.717417E-1
944.060876,-8.255282E-1,4.192932E-1,9.259069E-1
971.627952,-1.130188E+0,2.602428E-1,1.159763E+0
1000.000000,-1.761715E+0,1.996112E-1,1.772987E+0
