Hz,real,imaginary,unitless (peak only)
9.999990,7.755794E-2,9.474412E-1,9.506104E-1
10.057721,6.358715E-1,1.008978E+0,1.192631E+0
10.115785,1.292657E+0,7.535673E-1,1.496271E+0
10.174184,8.194750E-1,9.001721E-1,1.217312E+0
10.232920,4.164615E-1,8.985411E-1,9.903617E-1
10.291995,7.845164E-1,1.210436E+0,1.442436E+0
10.351412,1.379115E+0,1.584834E+0,2.100871E+0
10.411171,1.612057E+0,1.997758E+0,2.567054E+0
10.471275,1.877754E+0,2.512531E+0,3.136682E+0
10.531727,1.590092E+0,1.354907E+0,2.089059E+0
10.592527,1.232542E+0,6.454817E-1,1.391333E+0
10.653678,1.509763E+0,4.939387E-1,1.588509E+0
10.715183,1.793277E+0,2.709307E-1,1.813628E+0
10.777042,1.398178E+0,2.531096E-1,1.420903E+0
10.839258,1.089172E+0,2.301343E-1,1.113219E+0
10.901834,1.112085E+0,2.624722E-1,1.142639E+0
10.964771,1.134815E+0,2.962092E-1,1.172836E+0
11.028071,1.146678E+0,2.597329E-1,1.175726E+0
11.091737,1.157373E+0,2.227989E-1,1.178623E+0
11.155770,1.318004E+0,2.032017E-1,1.333576E+0
11.220173,1.498802E+0,1.742825E-1,1.508901E+0
11.284948,1.398564E+0,1.751254E-1,1.409486E+0
11.350097,1.304927E+0,1.750879E-1,1.316621E+0
11.415622,1.315830E+0,2.331468E-1,1.336326E+0
11.481525,1.324413E+0,2.924871E-1,1.356325E+0
11.547808,1.165351E+0,1.804014E-1,1.179232E+0
11.614474,1.021128E+0,9.196155E-2,1.025261E+0
11.681525,1.117923E+0,8.496116E-2,1.121147E+0
11.748964,1.223653E+0,7.582892E-2,1.226000E+0
11.816791,1.253368E+0,1.325516E-1,1.260358E+0
11.885010,1.281353E+0,1.921363E-1,1.295678E+0
11.953623,1.273852E+0,1.412562E-1,1.281660E+0
12.022632,1.264506E+0,9.124868E-2,1.267794E+0
12.092039,1.270238E+0,6.443913E-2,1.271871E+0
12.161847,1.275414E+0,3.742673E-2,1.275963E+0
12.232059,1.276239E+0,1.080995E-1,1.280809E+0
12.302675,1.273154E+0,1.789783E-1,1.285673E+0
12.373699,1.217708E+0,1.407689E-1,1.225818E+0
12.445133,1.163963E+0,1.056483E-1,1.168748E+0
12.516980,1.184396E+0,9.257995E-2,1.188009E+0
12.589241,1.204999E+0,7.903744E-2,1.207588E+0
12.661919,1.188230E+0,4.101788E-2,1.188938E+0
12.735017,1.170568E+0,4.115076E-3,1.170575E+0
12.808537,1.163686E+0,4.487395E-2,1.164551E+0
12.882482,1.155424E+0,8.515842E-2,1.158558E+0
12.956853,1.161794E+0,7.030569E-2,1.163919E+0
13.031654,1.167998E+0,5.530147E-2,1.169306E+0
13.106887,1.120570E+0,9.755413E-2,1.124808E+0
13.182553,1.073378E+0,1.363644E-1,1.082005E+0
13.258657,1.083947E+0,9.136091E-2,1.087790E+0
13.335200,1.092651E+0,4.570813E-2,1.093607E+0
13.412185,1.111933E+0,4.011213E-2,1.112656E+0
13.489614,1.131519E+0,3.430595E-2,1.132039E+0
13.567491,1.108485E+0,5.560207E-2,1.109879E+0
13.645817,1.085494E+0,7.602988E-2,1.088153E+0
13.724595,1.078936E+0,4.612320E-2,1.079921E+0
13.803828,1.071622E+0,1.663080E-2,1.071751E+0
13.883518,1.042049E+0,5.104651E-2,1.043299E+0
13.963668,1.012158E+0,8.356766E-2,1.015602E+0
14.044282,1.011386E+0,8.817689E-2,1.015223E+0
14.125360,1.010592E+0,9.278072E-2,1.014842E+0
14.206907,1.018737E+0,8.470489E-2,1.022252E+0
14.288924,1.026870E+0,7.649980E-2,1.029716E+0
14.371415,1.034973E+0,8.990739E-2,1.038871E+0
14.454382,1.042981E+0,1.035337E-1,1.048107E+0
14.537828,1.042855E+0,1.062053E-1,1.048249E+0
14.621756,1.042723E+0,1.088769E-1,1.048392E+0
14.706168,1.036148E+0,9.573261E-2,1.040561E+0
14.791067,1.029466E+0,8.276518E-2,1.032788E+0
14.876457,1.029483E+0,8.578183E-2,1.033051E+0
14.962340,1.029491E+0,8.879928E-2,1.033314E+0
15.048718,1.035709E+0,9.840499E-2,1.040373E+0
15.135596,1.041884E+0,1.081304E-1,1.047480E+0
15.222974,1.054210E+0,1.034294E-1,1.059272E+0
15.310857,1.066647E+0,9.860565E-2,1.071195E+0
15.399248,1.068886E+0,9.562375E-2,1.073155E+0
15.488149,1.071120E+0,9.262981E-2,1.075118E+0
15.577563,1.066857E+0,8.176540E-2,1.069986E+0
15.667493,1.062508E+0,7.099487E-2,1.064877E+0
15.757942,1.061084E+0,7.726251E-2,1.063893E+0
15.848914,1.059623E+0,8.351584E-2,1.062909E+0
15.940411,1.067945E+0,6.919529E-2,1.070184E+0
16.032436,1.076122E+0,5.466125E-2,1.077509E+0
16.124992,1.071854E+0,5.893824E-2,1.073473E+0
16.218082,1.067584E+0,6.318139E-2,1.069452E+0
16.311710,1.062761E+0,6.013554E-2,1.064461E+0
16.405879,1.057953E+0,5.711629E-2,1.059494E+0
16.500591,1.053282E+0,5.148884E-2,1.054540E+0
16.595850,1.048604E+0,4.591145E-2,1.049609E+0
16.691659,1.051994E+0,4.062442E-2,1.052778E+0
16.788021,1.055366E+0,3.530393E-2,1.055956E+0
16.884939,1.052005E+0,3.285321E-2,1.052518E+0
16.982417,1.048650E+0,3.041795E-2,1.049091E+0
17.080457,1.048576E+0,2.809068E-2,1.048952E+0
17.179064,1.048496E+0,2.576389E-2,1.048812E+0
17.278240,1.046386E+0,2.894649E-2,1.046786E+0
17.377988,1.044269E+0,3.211644E-2,1.044763E+0
17.478312,1.039417E+0,3.121119E-2,1.039885E+0
17.579215,1.034589E+0,3.031369E-2,1.035033E+0
17.680701,1.035511E+0,2.923081E-2,1.035923E+0
17.782773,1.036433E+0,2.814602E-2,1.036815E+0
17.885434,1.035094E+0,2.614587E-2,1.035424E+0
17.988688,1.033753E+0,2.415096E-2,1.034035E+0
18.092538,1.035560E+0,2.020165E-2,1.035757E+0
18.196987,1.037355E+0,1.623882E-2,1.037482E+0
18.302039,1.032187E+0,1.943383E-2,1.032370E+0
18.407698,1.027034E+0,2.259676E-2,1.027283E+0
18.513967,1.022835E+0,2.120153E-2,1.023055E+0
18.620849,1.018652E+0,1.981737E-2,1.018845E+0
18.728348,1.018034E+0,1.727993E-2,1.018181E+0
18.836468,1.017410E+0,1.474569E-2,1.017517E+0
18.945212,1.016109E+0,1.226678E-2,1.016183E+0
19.054584,1.014803E+0,9.794271E-3,1.014850E+0
19.164587,1.016151E+0,1.179610E-2,1.016219E+0
19.275226,1.017495E+0,1.380326E-2,1.017589E+0
19.386503,1.016995E+0,1.597333E-2,1.017120E+0
19.498422,1.016490E+0,1.814134E-2,1.016652E+0
19.610988,1.014005E+0,1.713024E-2,1.014150E+0
19.724203,1.011526E+0,1.612399E-2,1.011655E+0
19.838072,1.010789E+0,1.119327E-2,1.010851E+0
19.952599,1.010029E+0,6.270100E-3,1.010048E+0
20.067786,1.007568E+0,5.350503E-3,1.007582E+0
20.183639,1.005112E+0,4.435356E-3,1.005122E+0
20.300160,1.005315E+0,7.380643E-3,1.005342E+0
20.417354,1.005509E+0,1.032715E-2,1.005562E+0
20.535225,1.007908E+0,1.201132E-2,1.007980E+0
20.653776,1.010310E+0,1.370350E-2,1.010403E+0
20.773011,1.010075E+0,8.923100E-3,1.010114E+0
20.892935,1.009816E+0,4.145228E-3,1.009825E+0
21.013551,1.006153E+0,2.965948E-3,1.006157E+0
21.134864,1.002503E+0,1.795175E-3,1.002505E+0
21.256877,1.004090E+0,3.863564E-3,1.004097E+0
21.379594,1.005674E+0,5.938503E-3,1.005692E+0
21.503020,1.004714E+0,4.607131E-3,1.004725E+0
21.627158,1.003753E+0,3.278309E-3,1.003758E+0
21.752013,1.007180E+0,8.632656E-4,1.007180E+0
21.877589,1.010613E+0,-1.568287E-3,1.010614E+0
22.003889,1.008328E+0,-1.262520E-3,1.008329E+0
22.130919,1.006048E+0,-9.581271E-4,1.006048E+0
22.258682,1.006560E+0,-1.287260E-3,1.006561E+0
22.387183,1.007071E+0,-1.616729E-3,1.007072E+0
22.516425,1.008799E+0,-7.260713E-4,1.008799E+0
22.646414,1.010529E+0,1.676448E-4,1.010529E+0
22.777153,1.006971E+0,-1.723715E-3,1.006972E+0
22.908647,1.003422E+0,-3.601759E-3,1.003428E+0
23.040900,1.005201E+0,-4.634465E-3,1.005212E+0
23.173917,1.006982E+0,-5.670824E-3,1.006998E+0
23.307701,1.007639E+0,-6.121029E-3,1.007658E+0
23.442258,1.008296E+0,-6.571819E-3,1.008317E+0
23.577591,1.008988E+0,-7.272647E-3,1.009014E+0
23.713706,1.009680E+0,-7.974437E-3,1.009711E+0
23.850607,1.009414E+0,-9.700572E-3,1.009461E+0
23.988298,1.009147E+0,-1.142583E-2,1.009212E+0
24.126784,1.011526E+0,-1.324142E-2,1.011613E+0
24.266069,1.013908E+0,-1.506554E-2,1.014020E+0
24.406159,1.015034E+0,-1.731840E-2,1.015182E+0
24.547057,1.016157E+0,-1.957632E-2,1.016346E+0
24.688769,1.015458E+0,-2.166450E-2,1.015689E+0
24.831298,1.014755E+0,-2.374987E-2,1.015033E+0
24.974651,1.016794E+0,-2.726508E-2,1.017159E+0
25.118831,1.018825E+0,-3.079459E-2,1.019290E+0
25.263844,1.019964E+0,-3.489343E-2,1.020561E+0
25.409693,1.021089E+0,-3.900187E-2,1.021834E+0
25.556385,1.021074E+0,-4.319737E-2,1.021987E+0
25.703924,1.021042E+0,-4.739342E-2,1.022141E+0
25.852314,1.021171E+0,-5.371409E-2,1.022583E+0
26.001561,1.021260E+0,-6.003816E-2,1.023023E+0
26.151669,1.018591E+0,-6.267731E-2,1.020518E+0
26.302645,1.015921E+0,-6.530274E-2,1.018018E+0
26.454491,1.012182E+0,-7.588540E-2,1.015023E+0
26.607215,1.008342E+0,-8.639662E-2,1.012037E+0
26.760820,1.002506E+0,-9.020190E-2,1.006556E+0
26.915312,9.966844E-1,-9.396179E-2,1.001104E+0
27.070695,9.925567E-1,-9.844874E-2,9.974272E-1
27.226976,9.884225E-1,-1.028992E-1,9.937642E-1
27.384159,9.792224E-1,-1.057804E-1,9.849193E-1
27.542250,9.700929E-1,-1.086007E-1,9.761528E-1
27.701253,9.598301E-1,-1.056463E-1,9.656267E-1
27.861174,9.496723E-1,-1.027426E-1,9.552139E-1
28.022018,9.440909E-1,-1.059949E-1,9.500224E-1
28.183791,9.385270E-1,-1.092070E-1,9.448593E-1
28.346497,9.285651E-1,-1.020254E-1,9.341533E-1
28.510144,9.186705E-1,-9.498842E-2,9.235682E-1
28.674734,9.120012E-1,-8.938433E-2,9.163710E-1
28.840275,9.053541E-1,-8.385928E-2,9.092296E-1
29.006772,9.010273E-1,-7.910474E-2,9.044931E-1
29.174230,8.967000E-1,-7.439558E-2,8.997809E-1
29.342654,8.963648E-1,-6.527092E-2,8.987381E-1
29.512051,8.959385E-1,-5.616064E-2,8.976969E-1
29.682426,8.965803E-1,-4.979398E-2,8.979620E-1
29.853785,8.971768E-1,-4.342102E-2,8.982269E-1
30.026132,8.937086E-1,-4.129688E-2,8.946622E-1
30.199475,8.902491E-1,-3.918872E-2,8.911112E-1
30.373818,8.907035E-1,-3.224140E-2,8.912868E-1
30.549168,8.911041E-1,-2.528939E-2,8.914629E-1
30.725531,8.985954E-1,-2.167962E-2,8.988569E-1
30.902911,9.061333E-1,-1.800786E-2,9.063122E-1
31.081315,9.045368E-1,-1.373635E-2,9.046411E-1
31.260750,9.029232E-1,-9.480240E-3,9.029730E-1
31.441220,9.032391E-1,-1.020869E-2,9.032968E-1
31.622732,9.035545E-1,-1.093766E-2,9.036207E-1
31.805292,9.059399E-1,-1.094482E-2,9.060060E-1
31.988906,9.083312E-1,-1.095194E-2,9.083972E-1
32.173580,9.087151E-1,-1.177972E-2,9.087914E-1
32.359320,9.090982E-1,-1.260821E-2,9.091856E-1
32.546132,9.038912E-1,-1.060929E-2,9.039535E-1
32.734023,8.987099E-1,-8.632908E-3,8.987514E-1
32.922998,9.051441E-1,-1.229781E-2,9.052276E-1
33.113065,9.116098E-1,-1.601489E-2,9.117505E-1
33.304228,9.140066E-1,-9.072484E-3,9.140516E-1
33.496496,9.163564E-1,-2.094415E-3,9.163588E-1
33.689873,9.147469E-1,7.134784E-4,9.147472E-1
33.884367,9.131311E-1,3.511494E-3,9.131379E-1
34.079983,9.145344E-1,-1.185643E-3,9.145352E-1
34.276729,9.159153E-1,-5.897132E-3,9.159343E-1
34.474611,9.181729E-1,-3.017763E-3,9.181779E-1
34.673635,9.204272E-1,-1.242216E-4,9.204272E-1
34.873808,9.195889E-1,1.735856E-4,9.195889E-1
35.075136,9.187513E-1,4.708506E-4,9.187514E-1
35.277627,9.114159E-1,-7.245921E-4,9.114162E-1
35.481287,9.041377E-1,-1.900975E-3,9.041397E-1
35.686123,9.129728E-1,7.944232E-3,9.130074E-1
35.892141,9.217867E-1,1.798181E-2,9.219621E-1
36.099348,9.200986E-1,1.286645E-2,9.201886E-1
36.307752,9.183858E-1,7.770310E-3,9.184187E-1
36.517359,9.141575E-1,1.496110E-2,9.142799E-1
36.728176,9.098917E-1,2.208598E-2,9.101597E-1
36.940210,9.113873E-1,1.991381E-2,9.116048E-1
37.153468,9.128803E-1,1.773457E-2,9.130525E-1
37.367957,9.100455E-1,1.699257E-2,9.102041E-1
37.583685,9.072186E-1,1.625500E-2,9.073642E-1
37.800658,9.041744E-1,1.802186E-2,9.043540E-1
38.018883,9.011367E-1,1.977675E-2,9.013537E-1
38.238368,9.074963E-1,2.221913E-2,9.077683E-1
38.459121,9.138947E-1,2.469511E-2,9.142283E-1
38.681148,9.191595E-1,2.514782E-2,9.195035E-1
38.904456,9.244546E-1,2.560493E-2,9.248091E-1
39.129054,9.234811E-1,1.921383E-2,9.236810E-1
39.354948,9.224650E-1,1.283738E-2,9.225543E-1
39.582147,9.221007E-1,2.293944E-2,9.223860E-1
39.810657,9.216257E-1,3.303506E-2,9.222176E-1
40.040486,9.258841E-1,3.205753E-2,9.264389E-1
40.271643,9.301606E-1,3.107033E-2,9.306794E-1
40.504133,9.184743E-1,2.591817E-2,9.188399E-1
40.737966,9.069105E-1,2.089139E-2,9.071511E-1
40.973149,9.213217E-1,2.706854E-2,9.217193E-1
41.209689,9.359244E-1,3.343759E-2,9.365215E-1
41.447595,9.319535E-1,3.694292E-2,9.326854E-1
41.686875,9.279853E-1,4.041839E-2,9.288651E-1
41.927536,9.286548E-1,4.339618E-2,9.296682E-1
42.169586,9.293154E-1,4.637863E-2,9.304720E-1
42.413033,9.430831E-1,3.941583E-2,9.439064E-1
42.657886,9.569918E-1,3.223968E-2,9.575347E-1
42.904153,9.570149E-1,3.231507E-2,9.575603E-1
43.151841,9.570383E-1,3.239048E-2,9.575863E-1
43.400959,9.692510E-1,2.656594E-2,9.696150E-1
43.651516,9.815792E-1,2.058881E-2,9.817951E-1
43.903519,9.856311E-1,1.175249E-2,9.857012E-1
44.156976,9.896189E-1,2.844556E-3,9.896230E-1
44.411897,9.951549E-1,-1.242585E-2,9.952325E-1
44.668290,1.000486E+0,-2.786652E-2,1.000874E+0
44.926163,1.070196E+0,-3.536930E-2,1.070780E+0
45.185524,1.144733E+0,-4.378320E-2,1.145570E+0
45.446383,1.148196E+0,-1.002787E-1,1.152567E+0
45.708748,1.148899E+0,-1.572216E-1,1.159607E+0
45.972627,1.248920E+0,-3.004869E-1,1.284560E+0
46.238030,1.343303E+0,-4.694683E-1,1.422977E+0
46.504965,-4.432355E-1,-1.368073E+0,1.438083E+0
46.773441,-1.392491E+0,4.161560E-1,1.453347E+0
47.043467,-5.314783E-1,9.130634E-1,1.056482E+0
47.315051,1.721714E-1,7.484408E-1,7.679887E-1
47.588204,3.758555E-1,7.536140E-1,8.421410E-1
47.862934,5.943161E-1,7.067910E-1,9.234528E-1
48.139249,6.857313E-1,6.274434E-1,9.294690E-1
48.417160,7.665590E-1,5.362779E-1,9.355248E-1
48.696675,8.536373E-1,3.506004E-1,9.228311E-1
48.977804,8.973468E-1,1.530792E-1,9.103101E-1
49.260556,9.117840E-1,1.309394E-1,9.211380E-1
49.544940,9.257983E-1,1.081593E-1,9.320949E-1
49.830966,9.061304E-1,8.856784E-2,9.104486E-1
50.118643,8.865615E-1,6.979720E-2,8.893048E-1
50.407981,8.862425E-1,5.628867E-2,8.880283E-1
50.698990,8.857196E-1,4.280586E-2,8.867534E-1
50.991678,8.816219E-1,5.326212E-2,8.832293E-1
51.286056,8.774151E-1,6.362681E-2,8.797191E-1
51.582133,8.598567E-1,5.799174E-2,8.618101E-1
51.879920,8.426281E-1,5.255831E-2,8.442657E-1
52.179426,8.498927E-1,4.173503E-2,8.509168E-1
52.480661,8.570696E-1,3.073060E-2,8.576204E-1
52.783635,8.449556E-1,4.790377E-2,8.463124E-1
53.088358,8.326517E-1,6.459828E-2,8.351538E-1
53.394841,8.239909E-1,6.719260E-2,8.267260E-1
53.703092,8.154076E-1,6.972693E-2,8.183834E-1
54.013124,8.285397E-1,5.688462E-2,8.304902E-1
54.324945,8.416456E-1,4.363091E-2,8.427758E-1
54.638566,8.227230E-1,4.232321E-2,8.238109E-1
54.953998,8.042262E-1,4.105224E-2,8.052733E-1
55.271250,7.921315E-1,4.101499E-2,7.931926E-1
55.590335,7.802182E-1,4.096959E-2,7.812931E-1
55.911261,7.849573E-1,6.663851E-2,7.877808E-1
56.234040,7.888990E-1,9.266104E-2,7.943222E-1
56.558683,7.649818E-1,9.194000E-2,7.704869E-1
56.885199,7.417844E-1,9.117816E-2,7.473671E-1
57.213601,7.290727E-1,8.653118E-2,7.341898E-1
57.543899,7.165667E-1,8.201824E-2,7.212453E-1
57.876103,7.281123E-1,7.751258E-2,7.322266E-1
58.210225,7.397970E-1,7.284574E-2,7.433748E-1
58.546276,7.197646E-1,9.379061E-2,7.258497E-1
58.884268,6.995715E-1,1.136170E-1,7.087377E-1
59.224210,6.905373E-1,1.166606E-1,7.003224E-1
59.566115,6.815919E-1,1.196113E-1,6.920075E-1
59.909994,6.633836E-1,1.256342E-1,6.751753E-1
60.255858,6.455411E-1,1.312713E-1,6.587530E-1
60.603719,6.208893E-1,1.194118E-1,6.322679E-1
60.953588,5.971094E-1,1.082808E-1,6.068479E-1
61.305476,6.004997E-1,1.269262E-1,6.137672E-1
61.659397,6.033822E-1,1.458753E-1,6.207654E-1
62.015360,5.753532E-1,1.600941E-1,5.972114E-1
62.373378,5.479363E-1,1.728440E-1,5.745513E-1
62.733464,5.226949E-1,1.741415E-1,5.509403E-1
63.095628,4.984743E-1,1.749977E-1,5.282999E-1
63.459883,4.739780E-1,1.891209E-1,5.103155E-1
63.826240,4.497634E-1,2.017571E-1,4.929432E-1
64.194713,4.308036E-1,2.181490E-1,4.828879E-1
64.565313,4.114959E-1,2.333148E-1,4.730377E-1
64.938053,3.989710E-1,2.447631E-1,4.680671E-1
65.312944,3.861945E-1,2.556570E-1,4.631487E-1
65.690000,3.512927E-1,2.698402E-1,4.429676E-1
66.069232,3.170419E-1,2.810290E-1,4.236660E-1
66.450654,2.880684E-1,3.133976E-1,4.256776E-1
66.834277,2.557901E-1,3.427791E-1,4.276986E-1
67.220116,2.332845E-1,3.842376E-1,4.495111E-1
67.608181,2.055871E-1,4.253581E-1,4.724358E-1
67.998488,1.919748E-1,4.654831E-1,5.035165E-1
68.391047,1.749680E-1,5.073167E-1,5.366414E-1
68.785873,1.921984E-1,5.623849E-1,5.943206E-1
69.182978,2.111098E-1,6.234254E-1,6.581995E-1
69.582375,2.368338E-1,7.188788E-1,7.568864E-1
69.984078,2.655072E-1,8.288847E-1,8.703700E-1
70.388101,2.986395E-1,9.022924E-1,9.504300E-1
70.794455,3.355904E-1,9.821006E-1,1.037855E+0
71.203156,4.166315E-1,1.086083E+0,1.163253E+0
71.614216,5.117167E-1,1.199186E+0,1.303803E+0
72.027650,5.655600E-1,1.254958E+0,1.376509E+0
72.443470,6.235765E-1,1.312688E+0,1.453271E+0
72.861690,6.660472E-1,1.359855E+0,1.514208E+0
73.282325,7.108833E-1,1.408468E+0,1.577700E+0
73.705388,7.749544E-1,1.423460E+0,1.620738E+0
74.130894,8.412210E-1,1.436804E+0,1.664950E+0
74.558856,8.654734E-1,1.416093E+0,1.659628E+0
74.989289,8.892535E-1,1.394994E+0,1.654322E+0
75.422207,8.926307E-1,1.351634E+0,1.619785E+0
75.857624,8.952511E-1,1.309131E+0,1.585969E+0
76.295554,8.862384E-1,1.258451E+0,1.539194E+0
76.736013,8.768159E-1,1.209391E+0,1.493798E+0
77.179015,8.552219E-1,1.158147E+0,1.439691E+0
77.624574,8.339788E-1,1.108941E+0,1.387541E+0
78.072705,7.865098E-1,1.068294E+0,1.326593E+0
78.523424,7.415241E-1,1.028972E+0,1.268322E+0
78.976744,6.846472E-1,1.000980E+0,1.212725E+0
79.432682,6.309365E-1,9.728869E-1,1.159564E+0
79.891252,5.361288E-1,9.612974E-1,1.100694E+0
80.352469,4.470667E-1,9.443322E-1,1.044812E+0
80.816348,3.243206E-1,9.223469E-1,9.777053E-1
81.282906,2.122155E-1,8.899561E-1,9.149083E-1
81.752157,4.520794E-2,8.712417E-1,8.724138E-1
82.224117,-1.081708E-1,8.248299E-1,8.318926E-1
82.698802,-1.971811E-1,8.489238E-1,8.715228E-1
83.176227,-2.924511E-1,8.649367E-1,9.130406E-1
83.656409,-5.653144E-1,9.413489E-1,1.098052E+0
84.139362,-9.055146E-1,9.611994E-1,1.320553E+0
84.625104,-1.503958E+0,8.172768E-1,1.711675E+0
85.113650,-2.182663E+0,3.979247E-1,2.218640E+0
85.605016,-3.091461E+0,-1.772812E-1,3.096540E+0
86.099219,-4.135255E+0,-1.256094E+0,4.321817E+0
86.596275,-2.845809E+1,1.108547E-1,2.845831E+1
87.096201,-1.788733E+2,5.585892E+1,1.873923E+2
87.599012,2.130950E+0,4.011562E+1,4.017218E+1
88.104727,8.446093E+0,1.681759E+0,8.611899E+0
88.613361,6.245948E+0,2.395453E+0,6.689549E+0
89.124931,4.467849E+0,2.653285E+0,5.196306E+0
89.639454,3.865288E+0,2.460952E+0,4.582220E+0
90.156948,3.339461E+0,2.274930E+0,4.040706E+0
90.677430,2.801829E+0,2.197052E+0,3.560517E+0
91.200916,2.333743E+0,2.096874E+0,3.137393E+0
91.727425,2.063920E+0,1.986856E+0,2.864849E+0
92.256973,1.821138E+0,1.877983E+0,2.615982E+0
92.789578,1.704854E+0,1.779456E+0,2.464344E+0
93.325258,1.595874E+0,1.685981E+0,2.321496E+0
93.864030,1.358130E+0,1.656653E+0,2.142199E+0
94.405913,1.141232E+0,1.614042E+0,1.976750E+0
94.950924,1.049907E+0,1.510940E+0,1.839903E+0
95.499081,9.656917E-1,1.414284E+0,1.712530E+0
96.050403,9.128572E-1,1.391294E+0,1.664033E+0
96.604908,8.619390E-1,1.368011E+0,1.616908E+0
97.162614,7.887584E-1,1.313326E+0,1.531981E+0
97.723540,7.205459E-1,1.260043E+0,1.451515E+0
98.287704,6.570416E-1,1.201077E+0,1.369047E+0
98.855125,5.982066E-1,1.144340E+0,1.291265E+0
99.425821,5.510734E-1,1.103996E+0,1.233892E+0
99.999813,5.067640E-1,1.064609E+0,1.179068E+0
100.577118,4.500850E-1,1.034834E+0,1.128476E+0
101.157755,3.968384E-1,1.004508E+0,1.080054E+0
101.741745,3.712278E-1,9.717720E-1,1.040265E+0
102.329106,3.469194E-1,9.399639E-1,1.001941E+0
102.919859,3.112745E-1,9.013921E-1,9.536244E-1
103.514021,2.781294E-1,8.639742E-1,9.076384E-1
104.111614,2.229554E-1,8.302012E-1,8.596180E-1
104.712657,1.723326E-1,7.956904E-1,8.141386E-1
105.317169,1.274376E-1,7.718986E-1,7.823476E-1
105.925171,8.548386E-2,7.469226E-1,7.517984E-1
106.536684,4.187822E-2,7.106451E-1,7.118780E-1
107.151727,2.542184E-3,6.740724E-1,6.740772E-1
107.770320,-3.066086E-2,6.481133E-1,6.488381E-1
108.392485,-6.130435E-2,6.215285E-1,6.245446E-1
109.018241,-9.088914E-2,5.764190E-1,5.835407E-1
109.647610,-1.160389E-1,5.327381E-1,5.452292E-1
110.280612,-1.503785E-1,5.034927E-1,5.254699E-1
110.917269,-1.812448E-1,4.728829E-1,5.064266E-1
111.557601,-2.149785E-1,4.435502E-1,4.929022E-1
112.201630,-2.452593E-1,4.123070E-1,4.797387E-1
112.849377,-2.687337E-1,3.727155E-1,4.594939E-1
113.500863,-2.877950E-1,3.329639E-1,4.401033E-1
114.156110,-3.116636E-1,2.941579E-1,4.285593E-1
114.815141,-3.309569E-1,2.542093E-1,4.173186E-1
115.477975,-3.586264E-1,2.180210E-1,4.196976E-1
116.144637,-3.823391E-1,1.788209E-1,4.220902E-1
116.815147,-3.965511E-1,1.512354E-1,4.244113E-1
117.489528,-4.087765E-1,1.225285E-1,4.267452E-1
118.167802,-4.189525E-1,1.018494E-1,4.311548E-1
118.849992,-4.281178E-1,8.044349E-2,4.356099E-1
119.536120,-4.631971E-1,4.104870E-2,4.650124E-1
120.226209,-4.963794E-1,-4.445321E-3,4.963993E-1
120.920282,-5.127021E-1,-5.987620E-2,5.161866E-1
121.618363,-5.234045E-1,-1.190029E-1,5.367625E-1
122.320473,-5.456108E-1,-1.552480E-1,5.672681E-1
123.026636,-5.669912E-1,-1.947564E-1,5.995074E-1
123.736876,-5.643937E-1,-2.463106E-1,6.157996E-1
124.451217,-5.574688E-1,-2.988787E-1,6.325345E-1
125.169681,-5.078989E-1,-3.619305E-1,6.236626E-1
125.892294,-4.515437E-1,-4.174070E-1,6.149149E-1
126.619077,-3.700601E-1,-4.249732E-1,5.635128E-1
127.350057,-2.950755E-1,-4.238006E-1,5.164073E-1
128.085257,-2.350981E-1,-4.025496E-1,4.661730E-1
128.824701,-1.826528E-1,-3.791198E-1,4.208252E-1
129.568413,-1.247244E-1,-3.112544E-1,3.353140E-1
130.316420,-8.233885E-2,-2.541745E-1,2.671785E-1
131.068744,-7.738487E-2,-1.680079E-1,1.849732E-1
131.825412,-6.693496E-2,-1.091754E-1,1.280608E-1
132.586448,-1.297403E-1,-5.139279E-2,1.395484E-1
133.351878,-1.466990E-1,4.004595E-2,1.520667E-1
134.121726,-1.984417E-1,6.659798E-2,2.093189E-1
134.896019,-2.674552E-1,1.071661E-1,2.881265E-1
135.674782,-3.142290E-1,1.079921E-1,3.322682E-1
136.458041,-3.681489E-1,1.062438E-1,3.831728E-1
137.245821,-4.028012E-1,9.519587E-2,4.138974E-1
138.038150,-4.396043E-1,8.144735E-2,4.470857E-1
138.835052,-4.631827E-1,6.186356E-2,4.672957E-1
139.636556,-4.867640E-1,4.017862E-2,4.884194E-1
140.442686,-5.009247E-1,2.524747E-2,5.015606E-1
141.253470,-5.149685E-1,9.457158E-3,5.150553E-1
142.068935,-5.200278E-1,-3.848821E-3,5.200420E-1
142.889108,-5.247878E-1,-1.741082E-2,5.250765E-1
143.714015,-5.227350E-1,-3.517472E-2,5.239171E-1
144.543685,-5.200850E-1,-5.281927E-2,5.227603E-1
145.378144,-5.152031E-1,-7.052799E-2,5.200081E-1
146.217421,-5.097357E-1,-8.796372E-2,5.172699E-1
147.061543,-5.052642E-1,-1.014931E-1,5.153569E-1
147.910538,-5.004422E-1,-1.148455E-1,5.134510E-1
148.764435,-4.938449E-1,-1.258818E-1,5.096362E-1
149.623261,-4.870356E-1,-1.366756E-1,5.058497E-1
150.487045,-4.823477E-1,-1.475239E-1,5.044032E-1
151.355816,-4.774231E-1,-1.582298E-1,5.029607E-1
152.229602,-4.723478E-1,-1.662976E-1,5.007667E-1
153.108433,-4.671471E-1,-1.742356E-1,4.985824E-1
153.992337,-4.613809E-1,-1.840869E-1,4.967498E-1
154.881344,-4.554153E-1,-1.937694E-1,4.949239E-1
155.775484,-4.498075E-1,-2.017743E-1,4.929905E-1
156.674785,-4.440679E-1,-2.096383E-1,4.910647E-1
157.579278,-4.360800E-1,-2.163626E-1,4.868044E-1
158.488993,-4.280333E-1,-2.228728E-1,4.825814E-1
159.403960,-4.208091E-1,-2.294312E-1,4.792901E-1
160.324208,-4.135112E-1,-2.358068E-1,4.760214E-1
161.249770,-4.061820E-1,-2.429719E-1,4.733066E-1
162.180674,-3.987480E-1,-2.499430E-1,4.706076E-1
163.116953,-3.951928E-1,-2.541968E-1,4.698865E-1
164.058637,-3.915939E-1,-2.584023E-1,4.691668E-1
165.005758,-3.770919E-1,-2.516734E-1,4.533628E-1
165.958346,-3.631125E-1,-2.450982E-1,4.380911E-1
166.916434,-3.625899E-1,-2.611098E-1,4.468218E-1
167.880052,-3.615615E-1,-2.774166E-1,4.557265E-1
168.849234,-2.838517E-1,-2.929422E-1,4.079055E-1
169.824011,-2.130121E-1,-2.965229E-1,3.651027E-1
170.804415,-1.875493E-1,-3.771853E-1,4.212404E-1
171.790479,-1.435877E-1,-4.643146E-1,4.860097E-1
172.782236,-4.272427E-2,-6.227559E-1,6.242197E-1
173.779719,1.300433E-1,-7.911166E-1,8.017336E-1
174.782960,4.678392E-1,-1.300132E+0,1.381744E+0
175.791992,1.199549E+0,-2.057173E+0,2.381361E+0
176.806850,2.764497E+0,6.941403E-1,2.850311E+0
177.827567,1.224342E-1,3.409416E+0,3.411614E+0
178.854176,5.936783E-1,2.058422E+0,2.142325E+0
179.886712,6.750749E-1,1.163631E+0,1.345274E+0
180.925209,6.790989E-1,7.633973E-1,1.021739E+0
181.969701,6.213051E-1,4.649480E-1,7.760133E-1
183.020223,5.300217E-1,3.479094E-1,6.340063E-1
184.076810,4.497005E-1,2.570587E-1,5.179862E-1
185.139497,4.395210E-1,2.101010E-1,4.871562E-1
186.208318,4.267351E-1,1.667590E-1,4.581609E-1
187.283310,4.106030E-1,1.332527E-1,4.316840E-1
188.364508,3.935764E-1,1.026293E-1,4.067372E-1
189.451948,3.770970E-1,9.031598E-2,3.877617E-1
190.545665,3.611546E-1,7.889377E-2,3.696713E-1
191.645697,3.374619E-1,7.324316E-2,3.453188E-1
192.752079,3.153229E-1,6.799452E-2,3.225706E-1
193.864849,2.799779E-1,2.426399E-1,3.704885E-1
194.984042,1.479197E-1,3.989872E-1,4.255244E-1
196.109697,2.855888E-1,5.701741E-1,6.376986E-1
197.241850,5.186609E-1,8.026770E-1,9.556670E-1
198.380539,7.752169E-1,4.909599E-1,9.176071E-1
199.525802,8.733986E-1,1.159599E-1,8.810629E-1
200.677677,8.105038E-1,1.750483E-1,8.291914E-1
201.836201,7.470211E-1,2.257045E-1,7.803737E-1
203.001414,7.583476E-1,1.842519E-1,7.804100E-1
204.173353,7.673763E-1,1.422367E-1,7.804471E-1
205.352059,7.742411E-1,1.060579E-1,7.814714E-1
206.537568,7.794004E-1,6.954791E-2,7.824972E-1
207.729922,7.664018E-1,5.475182E-2,7.683550E-1
208.929160,7.533833E-1,4.045103E-2,7.544685E-1
210.135321,7.589921E-1,3.247983E-2,7.596867E-1
211.348445,7.645520E-1,2.439260E-2,7.649410E-1
212.568572,7.702156E-1,2.049217E-2,7.704882E-1
213.795743,7.758997E-1,1.653331E-2,7.760758E-1
215.029999,7.782451E-1,1.222374E-2,7.783411E-1
216.271380,7.805732E-1,7.888487E-3,7.806131E-1
217.519928,7.728604E-1,-3.109775E-2,7.734858E-1
218.775684,7.632850E-1,-6.929474E-2,7.664240E-1
220.038689,6.953643E-1,-9.615688E-2,7.019812E-1
221.308986,6.320702E-1,-1.178183E-1,6.429571E-1
222.586616,6.007329E-1,-8.968060E-2,6.073900E-1
223.871622,5.701893E-1,-6.418498E-2,5.737905E-1
225.164046,5.524119E-1,-3.804708E-2,5.537206E-1
226.463932,5.341795E-1,-1.359027E-2,5.343523E-1
227.771322,5.268999E-1,-8.434338E-3,5.269674E-1
229.086260,5.196737E-1,-3.417581E-3,5.196849E-1
230.408789,5.111762E-1,2.312264E-3,5.111814E-1
231.738953,5.027560E-1,7.855235E-3,5.028174E-1
233.076796,4.926776E-1,1.349904E-2,4.928625E-1
234.422362,4.827341E-1,1.891446E-2,4.831045E-1
235.775697,4.723219E-1,2.372253E-2,4.729173E-1
237.136844,4.620779E-1,2.831658E-2,4.629447E-1
238.505849,4.480761E-1,2.986437E-2,4.490702E-1
239.882758,4.344861E-1,3.129312E-2,4.356116E-1
241.267616,4.172847E-1,3.138358E-2,4.184632E-1
242.660469,4.007602E-1,3.141814E-2,4.019898E-1
244.061362,3.832245E-1,3.291590E-2,3.846355E-1
245.470343,3.664358E-1,3.422406E-2,3.680305E-1
246.887458,3.505725E-1,3.343409E-2,3.521632E-1
248.312755,3.353947E-1,3.264848E-2,3.369800E-1
249.746279,3.185058E-1,3.377322E-2,3.202914E-1
251.188080,3.024448E-1,3.470407E-2,3.044294E-1
252.638204,2.826659E-1,3.260588E-2,2.845403E-1
254.096699,2.641805E-1,3.063371E-2,2.659507E-1
255.563615,2.376886E-1,2.803051E-2,2.393357E-1
257.038999,2.138526E-1,2.564145E-2,2.153844E-1
258.522901,1.747626E-1,5.113990E-2,1.820913E-1
260.015369,1.386175E-1,6.696360E-2,1.539446E-1
261.516454,1.739815E-1,7.507031E-2,1.894864E-1
263.026204,2.178964E-1,8.318259E-2,2.332342E-1
264.544671,1.879447E-1,6.406377E-2,1.985633E-1
266.071903,1.618737E-1,4.871962E-2,1.690464E-1
267.607952,1.384027E-1,3.761803E-2,1.434239E-1
269.152869,1.182425E-1,2.873935E-2,1.216850E-1
270.706705,9.650426E-2,1.785699E-2,9.814247E-2
272.269511,7.851218E-2,1.006543E-2,7.915476E-2
273.841340,7.814281E-2,-7.318552E-3,7.848478E-2
275.422242,7.400890E-2,-2.405633E-2,7.782046E-2
277.012272,1.076755E-1,-5.036699E-2,1.188732E-1
278.611480,1.537712E-1,-9.657507E-2,1.815828E-1
280.219921,1.728875E-1,-1.582609E-1,2.343856E-1
281.837648,1.828698E-1,-2.410202E-1,3.025427E-1
283.464714,2.346101E-1,-3.362470E-1,4.100048E-1
285.101173,2.995295E-1,-4.679902E-1,5.556372E-1
286.747079,4.530856E-1,-6.040310E-1,7.550762E-1
288.402487,6.748940E-1,-7.729169E-1,1.026101E+0
290.067453,9.280079E-1,-1.025423E+0,1.383001E+0
291.742030,1.275156E+0,-1.359639E+0,1.864039E+0
293.426274,1.764256E+0,-1.730568E+0,2.471329E+0
295.120242,2.432633E+0,-2.194889E+0,3.276468E+0
296.823989,3.307256E+0,-2.524557E+0,4.160689E+0
298.537572,4.448499E+0,-2.850717E+0,5.283534E+0
300.261047,5.690997E+0,-2.190000E+0,6.097831E+0
301.994472,6.942279E+0,-1.154571E+0,7.037633E+0
303.737905,7.064094E+0,1.407161E-1,7.065495E+0
305.491402,6.945464E+0,1.441471E+0,7.093469E+0
307.255023,6.292249E+0,2.136331E+0,6.645021E+0
309.028824,5.605277E+0,2.707497E+0,6.224923E+0
310.812867,5.044957E+0,2.722963E+0,5.732898E+0
312.607208,4.528808E+0,2.713998E+0,5.279762E+0
314.411909,4.211844E+0,2.520136E+0,4.908229E+0
316.227028,3.917059E+0,2.340118E+0,4.562839E+0
318.052625,3.619730E+0,2.004146E+0,4.137517E+0
319.888762,3.340250E+0,1.708513E+0,3.751838E+0
321.735500,2.940893E+0,1.444261E+0,3.276392E+0
323.592898,2.588428E+0,1.219212E+0,2.861195E+0
325.461020,2.251729E+0,1.121728E+0,2.515662E+0
327.339926,1.957650E+0,1.029530E+0,2.211860E+0
329.229679,1.709857E+0,9.337734E-1,1.948216E+0
331.130342,1.492952E+0,8.460141E-1,1.715997E+0
333.041978,1.235934E+0,6.540368E-1,1.398319E+0
334.964649,1.022074E+0,5.037037E-1,1.139453E+0
336.898420,6.806379E-1,4.412866E-1,8.111731E-1
338.843355,4.444432E-1,3.687064E-1,5.774722E-1
340.799519,3.344627E-1,3.437678E-1,4.796265E-1
342.766975,2.458393E-1,3.134542E-1,3.983598E-1
344.745790,-1.586893E-1,3.059444E-1,3.446509E-1
346.736028,-2.977918E-1,-1.527866E-2,2.981835E-1
348.737756,-5.589441E-1,-1.078662E-1,5.692571E-1
350.751040,-1.028115E+0,-3.521721E-1,1.086759E+0
352.775947,-1.494480E+0,-3.036849E-1,1.525023E+0
354.812544,-2.134648E+0,-1.516748E-1,2.140030E+0
356.860899,-2.162498E+0,4.227952E-1,2.203441E+0
358.921078,-2.035826E+0,1.001276E+0,2.268731E+0
360.993151,-1.237763E+0,8.488129E-1,1.500847E+0
363.077187,-7.297570E-1,6.732248E-1,9.928630E-1
365.173253,-6.083588E-1,-1.752030E-1,6.330849E-1
367.281421,-1.056726E-1,-3.896011E-1,4.036777E-1
369.401759,-4.697340E-2,-5.999514E-1,6.017875E-1
371.534338,9.722601E-2,-8.918387E-1,8.971227E-1
373.679228,2.951997E-3,-1.150069E+0,1.150073E+0
375.836501,-1.522563E-1,-1.466460E+0,1.474343E+0
378.006228,-2.679436E-1,-1.646683E+0,1.668340E+0
380.188480,-4.104249E-1,-1.842710E+0,1.887864E+0
382.383332,-5.603501E-1,-2.121949E+0,2.194689E+0
384.590854,-7.471754E-1,-2.439522E+0,2.551380E+0
386.811120,-1.351357E+0,-2.439744E+0,2.788999E+0
389.044204,-1.997537E+0,-2.303195E+0,3.048747E+0
391.290180,-2.300074E+0,-1.670142E+0,2.842484E+0
393.549122,-2.441240E+0,-1.031395E+0,2.650175E+0
395.821105,-2.096809E+0,-2.763786E-1,2.114945E+0
398.106204,-1.671850E+0,2.315671E-1,1.687811E+0
400.404495,-1.135168E+0,2.079495E-1,1.154058E+0
402.716055,-7.692572E-1,1.758415E-1,7.890988E-1
405.040959,-5.632061E-1,1.035500E-1,5.726462E-1
407.379285,-4.115632E-1,5.754928E-2,4.155673E-1
409.731111,-2.537487E-1,4.992840E-2,2.586141E-1
412.096513,-1.559509E-1,3.975976E-2,1.609395E-1
414.475571,4.479378E-2,2.889612E-1,2.924125E-1
416.868364,5.303951E-1,-3.077193E-2,5.312870E-1
419.274970,4.760063E-1,-2.448508E-1,5.352886E-1
421.695470,3.385207E-1,-4.198459E-1,5.393207E-1
424.129944,2.469775E-1,-2.726730E-1,3.678973E-1
426.578472,1.788726E-1,-1.760285E-1,2.509610E-1
429.041135,3.074880E-1,9.571439E-3,3.076369E-1
431.518015,2.518151E-1,2.807183E-1,3.771122E-1
434.009195,3.820199E-1,5.620190E-1,6.795620E-1
436.514757,5.467268E-1,1.095760E+0,1.224582E+0
439.034783,1.191196E+0,1.379501E+0,1.822627E+0
441.569357,2.224971E+0,1.551917E+0,2.712737E+0
444.118564,3.109098E+0,1.326284E+0,3.380166E+0
446.682487,4.130034E+0,8.259095E-1,4.211806E+0
449.261212,5.404334E+0,-1.307729E-1,5.405916E+0
451.854825,6.730096E+0,-1.688104E+0,6.938580E+0
454.463410,7.871818E+0,-3.341810E+0,8.551796E+0
457.087055,8.945875E+0,-5.573567E+0,1.054008E+1
459.725846,6.956334E+0,-1.013499E+1,1.229262E+1
462.379871,2.699467E+0,-1.408012E+1,1.433656E+1
465.049218,-2.793207E+0,-1.068255E+1,1.104169E+1
467.733976,-5.484435E+0,-6.499221E+0,8.504052E+0
470.434232,-4.778394E+0,-3.986768E+0,6.223132E+0
473.150078,-3.950277E+0,-2.265857E+0,4.553987E+0
475.881602,-3.399968E+0,-1.394828E+0,3.674960E+0
478.628895,-2.867569E+0,-7.562112E-1,2.965604E+0
481.392049,-2.671930E+0,-4.060678E-1,2.702610E+0
484.171154,-2.460576E+0,-1.078450E-1,2.462938E+0
486.966304,-2.582720E+0,7.525016E-2,2.583816E+0
489.777590,-2.696523E+0,2.761577E-1,2.710627E+0
492.605106,-2.080081E+0,-8.162977E-1,2.234520E+0
495.448945,-1.215725E+0,-1.383878E+0,1.842038E+0
498.309202,1.504717E-1,-1.500634E+0,1.508159E+0
501.185971,9.829150E-1,-7.473983E-1,1.234798E+0
504.079348,6.191386E-1,-1.129788E+0,1.288314E+0
506.989429,1.100359E-1,-1.339638E+0,1.344149E+0
509.916309,3.537547E-1,-5.438050E-1,6.487421E-1
512.860087,2.748885E-1,-1.499130E-1,3.131096E-1
515.820860,5.561503E-1,1.015443E-1,5.653445E-1
518.798725,6.656338E-1,7.738951E-1,1.020775E+0
521.793781,1.075898E+0,1.369682E+0,1.741719E+0
524.806128,1.730014E+0,2.416382E+0,2.971843E+0
527.835866,2.875113E+0,2.451056E+0,3.778088E+0
530.883094,4.298551E+0,2.142860E+0,4.803060E+0
533.947915,3.230388E+0,2.695543E+0,4.207298E+0
537.030429,2.208235E+0,2.950612E+0,3.685433E+0
540.130738,5.174684E-2,3.170342E+0,3.170764E+0
543.248945,-1.562393E+0,2.236234E+0,2.727969E+0
546.385154,-2.096755E+0,1.210414E+0,2.421050E+0
549.539469,-2.140695E+0,1.848361E-1,2.148660E+0
552.711994,-1.876580E+0,-1.233794E-1,1.880632E+0
555.902834,-1.607279E+0,-3.550928E-1,1.646037E+0
559.112094,-1.437489E+0,-3.199418E-1,1.472663E+0
562.339883,-1.285632E+0,-2.882558E-1,1.317551E+0
565.586305,-8.350555E-1,-3.831429E-1,9.187579E-1
568.851469,-5.139679E-1,-3.824866E-1,6.406707E-1
572.135483,-4.209062E-1,-5.454129E-1,6.889392E-1
575.438456,-2.771923E-1,-6.870331E-1,7.408441E-1
578.760497,-3.040369E-1,-9.150840E-1,9.642703E-1
582.101716,-3.203065E-1,-1.213517E+0,1.255078E+0
585.462225,-5.800921E-1,-1.088993E+0,1.233861E+0
588.842134,-8.006042E-1,-9.112662E-1,1.213002E+0
592.241555,-6.902911E-1,-6.795801E-1,9.686748E-1
595.660602,-5.890492E-1,-5.014154E-1,7.735608E-1
599.099386,-4.036239E-1,-4.732017E-1,6.219583E-1
602.558024,-2.600277E-1,-4.271443E-1,5.000667E-1
606.036628,-7.171057E-2,-4.660042E-1,4.714895E-1
609.535314,1.063005E-1,-4.316488E-1,4.445453E-1
613.054198,1.551480E-1,-5.716046E-1,5.922860E-1
616.593397,2.246079E-1,-7.564875E-1,7.891274E-1
620.153028,1.528566E-1,-7.525734E-1,7.679400E-1
623.733209,8.363901E-2,-7.426259E-1,7.473210E-1
627.334059,1.465029E-1,-6.351267E-1,6.518044E-1
630.955697,1.902560E-1,-5.357148E-1,5.684960E-1
634.598242,3.466232E-1,-4.392536E-1,5.595457E-1
638.261816,4.619023E-1,-2.999279E-1,5.507363E-1
641.946541,5.022017E-1,-2.088357E-1,5.438924E-1
645.652537,5.250777E-1,-1.131620E-1,5.371333E-1
649.379928,6.718534E-1,-3.115986E-1,7.405948E-1
653.128838,8.090199E-1,-6.230441E-1,1.021125E+0
656.899390,5.925187E-1,-7.125341E-1,9.267056E-1
660.691710,3.830186E-1,-7.487367E-1,8.410172E-1
664.505924,4.738992E-1,-6.686424E-1,8.195506E-1
668.342157,5.503677E-1,-5.787121E-1,7.986315E-1
672.200537,5.883370E-1,-6.100434E-1,8.475219E-1
676.081191,6.288625E-1,-6.430105E-1,8.994057E-1
679.984249,7.912220E-1,-6.162821E-1,1.002914E+0
683.909839,9.666203E-1,-5.624207E-1,1.118334E+0
687.858092,1.089602E+0,-5.987142E-1,1.243258E+0
691.829139,1.227269E+0,-6.356984E-1,1.382137E+0
695.823110,1.605690E+0,-8.277310E-1,1.806482E+0
699.840139,2.100786E+0,-1.077753E+0,2.361113E+0
703.880359,3.757276E+0,-3.031687E+0,4.827862E+0
707.943903,6.260545E+0,-7.632598E+0,9.871726E+0
712.030906,-2.354225E+0,-6.685540E+0,7.087935E+0
716.141504,-4.980849E+0,-1.044365E+0,5.089161E+0
720.275832,-3.494893E+0,-7.161428E-1,3.567511E+0
724.434028,-2.452195E+0,-4.908201E-1,2.500833E+0
728.616230,-2.025157E+0,-4.864475E-1,2.082761E+0
732.822575,-1.669907E+0,-4.692296E-1,1.734579E+0
737.053205,-1.681731E+0,-4.511899E-1,1.741204E+0
741.308258,-1.693386E+0,-4.329426E-1,1.747855E+0
745.587875,-1.642706E+0,-5.103346E-1,1.720152E+0
749.892199,-1.589018E+0,-5.838624E-1,1.692889E+0
754.221372,-1.556163E+0,-7.262253E-1,1.717279E+0
758.575538,-1.510763E+0,-8.673107E-1,1.742020E+0
762.954841,-1.588392E+0,-7.290629E-1,1.747719E+0
767.359425,-1.653371E+0,-5.838701E-1,1.753437E+0
771.789438,-1.825933E+0,-5.676581E-1,1.912137E+0
776.245025,-2.013304E+0,-5.428311E-1,2.085200E+0
780.726335,-1.998893E+0,4.467372E-4,1.998893E+0
785.233515,-1.849867E+0,4.996517E-1,1.916158E+0
789.766716,-1.539132E+0,4.112620E-1,1.593130E+0
794.326087,-1.280583E+0,3.384718E-1,1.324559E+0
798.911780,-1.273015E+0,3.549187E-1,1.321565E+0
803.523946,-1.265243E+0,3.712246E-1,1.318578E+0
808.162739,-7.870463E-1,4.658924E-1,9.146024E-1
812.828311,-4.494048E-1,4.477617E-1,6.343936E-1
817.520818,-4.175687E-1,1.890751E-1,4.583809E-1
822.240416,-3.304644E-1,2.210556E-2,3.312029E-1
826.987259,-3.648700E-1,-6.317724E-2,3.702992E-1
831.761507,-3.797480E-1,-1.649118E-1,4.140102E-1
836.563317,-5.350767E-1,-2.941943E-1,6.106205E-1
841.392847,-7.454702E-1,-5.053248E-1,9.005992E-1
846.250259,-8.630551E-1,-4.758968E-1,9.855668E-1
851.135714,-9.882406E-1,-4.320340E-1,1.078551E+0
856.049372,-1.008795E+0,-1.535181E-1,1.020409E+0
860.991397,-9.595582E-1,1.060721E-1,9.654031E-1
865.961952,-8.786320E-1,1.300459E-1,8.882039E-1
870.961203,-8.034152E-1,1.493450E-1,8.171780E-1
875.989315,-7.142781E-1,7.967319E-2,7.187079E-1
881.046454,-6.316379E-1,2.425331E-2,6.321034E-1
886.132789,-6.899969E-1,-1.232874E-1,7.009247E-1
891.248487,-7.182821E-1,-2.969367E-1,7.772391E-1
896.393719,-8.510961E-1,-1.844073E-1,8.708448E-1
901.568654,-9.751350E-1,-3.389137E-2,9.757238E-1
906.773465,-9.576939E-1,6.688811E-2,9.600269E-1
912.008323,-9.302865E-1,1.637165E-1,9.445825E-1
917.273403,-8.824843E-1,2.364348E-1,9.136082E-1
922.568878,-8.302759E-1,3.024554E-1,8.836500E-1
927.894924,-8.350958E-1,3.378635E-1,9.008533E-1
933.251717,-8.387398E-1,3.741116E-1,9.183920E-1
938.639436,-8.334631E-1,4.064578E-1,9.272910E-1
944.058259,-8.270222E-1,4.389160E-1,9.362761E-1
949.508364,-8.826353E-1,3.723889E-1,9.579763E-1
954.989934,-9.332854E-1,2.995483E-1,9.801790E-1
960.503149,-1.044927E+0,3.192263E-1,1.092601E+0
966.048192,-1.169671E+0,3.394073E-1,1.217919E+0
971.625246,-1.240935E+0,2.375062E-1,1.263459E+0
977.234498,-1.304692E+0,1.253665E-1,1.310701E+0
982.876132,-1.838167E+0,-2.186706E-1,1.851128E+0
988.550335,-2.471101E+0,-8.536118E-1,2.614382E+0
994.257297,-2.209676E+0,4.120016E-1,2.247757E+0
999.997204,-1.476501E+0,1.246869E+0,1.932547E+0
