Hz,real,imaginary,unitless (peak only)
9.999990,-2.146851E-1,5.046979E-1,5.484612E-1
10.057721,-9.296149E-1,7.712325E-1,1.207884E+0
10.115785,-2.598051E+0,5.713883E-1,2.660142E+0
10.174184,-9.482671E-1,1.572262E+0,1.836088E+0
10.232920,3.366718E-1,1.221770E+0,1.267308E+0
10.291995,5.845596E-1,1.339849E+0,1.461816E+0
10.351412,8.869384E-1,1.434061E+0,1.686176E+0
10.411171,1.109645E+0,1.162283E+0,1.606927E+0
10.471275,1.263725E+0,8.649813E-1,1.531402E+0
10.531727,1.136765E+0,1.343270E+0,1.759718E+0
10.592527,8.504301E-1,1.834545E+0,2.022075E+0
10.653678,5.239054E-1,1.957365E+0,2.026266E+0
10.715183,1.804317E-1,2.022433E+0,2.030466E+0
10.777042,5.756403E-1,1.650680E+0,1.748172E+0
10.839258,8.274933E-1,1.257244E+0,1.505127E+0
10.901834,1.385690E+0,9.446098E-1,1.677028E+0
10.964771,1.828300E+0,3.858094E-1,1.868564E+0
11.028071,1.801618E+0,6.430105E-1,1.912927E+0
11.091737,1.739154E+0,9.002560E-1,1.958346E+0
11.155770,1.840542E+0,1.102106E+0,2.145281E+0
11.220173,1.937723E+0,1.329668E+0,2.350061E+0
11.284948,2.024179E+0,1.388272E+0,2.454506E+0
11.350097,2.114493E+0,1.449461E+0,2.563595E+0
11.415622,1.798191E+0,7.954865E-1,1.966288E+0
11.481525,1.467719E+0,3.468792E-1,1.508153E+0
11.547808,1.436920E+0,5.936986E-1,1.554740E+0
11.614474,1.365104E+0,8.398529E-1,1.602767E+0
11.681525,1.639000E+0,5.275911E-1,1.721823E+0
11.748964,1.845021E+0,1.317836E-1,1.849721E+0
11.816791,1.656826E+0,2.561049E-1,1.676503E+0
11.885010,1.477594E+0,3.544242E-1,1.519507E+0
11.953623,1.534950E+0,3.936505E-1,1.584624E+0
12.022632,1.594118E+0,4.354879E-1,1.652532E+0
12.092039,1.592709E+0,2.209881E-1,1.607967E+0
12.161847,1.564539E+0,1.417805E-2,1.564603E+0
12.232059,1.687545E+0,4.899178E-2,1.688256E+0
12.302675,1.819495E+0,8.919860E-2,1.821680E+0
12.373699,1.776461E+0,2.086624E-1,1.788674E+0
12.445133,1.726340E+0,3.228223E-1,1.756264E+0
12.516980,1.697877E+0,4.981194E-1,1.769438E+0
12.589241,1.651625E+0,6.709624E-1,1.782710E+0
12.661919,1.543237E+0,3.527365E-1,1.583036E+0
12.735017,1.402891E+0,8.926068E-2,1.405728E+0
12.808537,1.425691E+0,1.006241E-1,1.429238E+0
12.882482,1.448792E+0,1.123378E-1,1.453141E+0
12.956853,1.607795E+0,1.947627E-1,1.619548E+0
13.031654,1.780878E+0,2.941878E-1,1.805013E+0
13.106887,1.544269E+0,2.023039E-1,1.557464E+0
13.182553,1.337572E+0,1.298941E-1,1.343864E+0
13.258657,1.363062E+0,9.986500E-2,1.366715E+0
13.335200,1.388255E+0,6.872018E-2,1.389955E+0
13.412185,1.430556E+0,3.598296E-2,1.431008E+0
13.489614,1.473274E+0,1.230024E-3,1.473275E+0
13.567491,1.363015E+0,8.817263E-2,1.365864E+0
13.645817,1.255867E+0,1.620993E-1,1.266285E+0
13.724595,1.373386E+0,1.338719E-1,1.379895E+0
13.803828,1.500427E+0,9.913252E-2,1.503698E+0
13.883518,1.440200E+0,5.265648E-2,1.441162E+0
13.963668,1.381191E+0,9.830983E-3,1.381226E+0
14.044282,1.394611E+0,2.707795E-2,1.394874E+0
14.125360,1.407948E+0,4.466064E-2,1.408656E+0
14.206907,1.394750E+0,-5.500282E-3,1.394761E+0
14.288924,1.379921E+0,-5.466909E-2,1.381004E+0
14.371415,1.348399E+0,-8.639111E-2,1.351164E+0
14.454382,1.316811E+0,-1.166665E-1,1.321969E+0
14.537828,1.308120E+0,-1.073599E-1,1.312518E+0
14.621756,1.299430E+0,-9.817602E-2,1.303133E+0
14.706168,1.278849E+0,-9.588473E-2,1.282439E+0
14.791067,1.258595E+0,-9.364147E-2,1.262074E+0
14.876457,1.215633E+0,-1.071904E-1,1.220350E+0
14.962340,1.173916E+0,-1.197217E-1,1.180005E+0
15.048718,1.181428E+0,-1.194271E-1,1.187449E+0
15.135596,1.188988E+0,-1.191239E-1,1.194941E+0
15.222974,1.170934E+0,-1.112134E-1,1.176204E+0
15.310857,1.153123E+0,-1.035189E-1,1.157760E+0
15.399248,1.132736E+0,-9.062596E-2,1.136356E+0
15.488149,1.112604E+0,-7.816596E-2,1.115346E+0
15.577563,1.106394E+0,-6.645556E-2,1.108388E+0
15.667493,1.100105E+0,-5.488146E-2,1.101473E+0
15.757942,1.097563E+0,-4.989057E-2,1.098696E+0
15.848914,1.095006E+0,-4.492354E-2,1.095927E+0
15.940411,1.094637E+0,-3.475607E-2,1.095189E+0
16.032436,1.094175E+0,-2.459927E-2,1.094451E+0
16.124992,1.091653E+0,-2.030497E-2,1.091842E+0
16.218082,1.089120E+0,-1.603069E-2,1.089238E+0
16.311710,1.088312E+0,-1.217788E-2,1.088380E+0
16.405879,1.087490E+0,-8.330977E-3,1.087522E+0
16.500591,1.082612E+0,-9.521237E-3,1.082654E+0
16.595850,1.077756E+0,-1.070067E-2,1.077809E+0
16.691659,1.078552E+0,-9.170352E-3,1.078591E+0
16.788021,1.079345E+0,-7.637798E-3,1.079372E+0
16.884939,1.080116E+0,-1.965574E-3,1.080118E+0
16.982417,1.080857E+0,3.714539E-3,1.080863E+0
17.080457,1.078647E+0,3.219095E-3,1.078652E+0
17.179064,1.076443E+0,2.725664E-3,1.076446E+0
17.278240,1.081784E+0,1.170231E-3,1.081785E+0
17.377988,1.087147E+0,-4.006975E-4,1.087147E+0
17.478312,1.079739E+0,-1.563102E-3,1.079740E+0
17.579215,1.072380E+0,-2.709646E-3,1.072383E+0
17.680701,1.071837E+0,2.266689E-3,1.071839E+0
17.782773,1.071272E+0,7.237933E-3,1.071296E+0
17.885434,1.073487E+0,3.155705E-3,1.073492E+0
17.988688,1.075690E+0,-9.433251E-4,1.075690E+0
18.092538,1.068630E+0,1.638372E-3,1.068631E+0
18.196987,1.061610E+0,4.186212E-3,1.061618E+0
18.302039,1.064459E+0,1.689931E-3,1.064460E+0
18.407698,1.067310E+0,-8.197561E-4,1.067310E+0
18.513967,1.059525E+0,2.499212E-3,1.059528E+0
18.620849,1.051787E+0,5.769799E-3,1.051803E+0
18.728348,1.052861E+0,6.565799E-3,1.052881E+0
18.836468,1.053935E+0,7.363421E-3,1.053961E+0
18.945212,1.055884E+0,5.167638E-3,1.055897E+0
19.054584,1.057832E+0,2.963738E-3,1.057836E+0
19.164587,1.058563E+0,1.683926E-3,1.058564E+0
19.275226,1.059292E+0,4.023486E-4,1.059292E+0
19.386503,1.059748E+0,-2.991253E-4,1.059748E+0
19.498422,1.060204E+0,-1.001203E-3,1.060204E+0
19.610988,1.053938E+0,-1.218639E-2,1.054008E+0
19.724203,1.047592E+0,-2.323945E-2,1.047850E+0
19.838072,1.051288E+0,-1.397229E-2,1.051381E+0
19.952599,1.054914E+0,-4.641299E-3,1.054924E+0
20.067786,1.050730E+0,3.221176E-3,1.050735E+0
20.183639,1.046504E+0,1.102109E-2,1.046562E+0
20.300160,1.054761E+0,6.739692E-3,1.054783E+0
20.417354,1.063064E+0,2.390226E-3,1.063067E+0
20.535225,1.054301E+0,-2.098196E-4,1.054301E+0
20.653776,1.045603E+0,-2.767146E-3,1.045607E+0
20.773011,1.053388E+0,-3.141222E-3,1.053393E+0
20.892935,1.061231E+0,-3.520715E-3,1.061237E+0
21.013551,1.056767E+0,7.696586E-4,1.056767E+0
21.134864,1.052305E+0,5.023944E-3,1.052317E+0
21.256877,1.051716E+0,2.611479E-3,1.051719E+0
21.379594,1.051121E+0,2.017380E-4,1.051121E+0
21.503020,1.050821E+0,-1.425781E-3,1.050822E+0
21.627158,1.050518E+0,-3.052367E-3,1.050522E+0
21.752013,1.052092E+0,-1.211597E-3,1.052093E+0
21.877589,1.053665E+0,6.346855E-4,1.053665E+0
22.003889,1.053604E+0,-4.219412E-3,1.053612E+0
22.130919,1.053519E+0,-9.072928E-3,1.053558E+0
22.258682,1.054165E+0,-8.572990E-3,1.054200E+0
22.387183,1.054810E+0,-8.072441E-3,1.054841E+0
22.516425,1.057014E+0,-8.568818E-3,1.057049E+0
22.646414,1.059221E+0,-9.067236E-3,1.059260E+0
22.777153,1.056246E+0,-1.156804E-2,1.056309E+0
22.908647,1.053272E+0,-1.405477E-2,1.053366E+0
23.040900,1.054289E+0,-1.594244E-2,1.054410E+0
23.173917,1.055303E+0,-1.783379E-2,1.055454E+0
23.307701,1.059104E+0,-1.782740E-2,1.059254E+0
23.442258,1.062919E+0,-1.782074E-2,1.063068E+0
23.577591,1.061490E+0,-2.010667E-2,1.061680E+0
23.713706,1.060057E+0,-2.238649E-2,1.060293E+0
23.850607,1.064606E+0,-2.480052E-2,1.064895E+0
23.988298,1.069170E+0,-2.723498E-2,1.069517E+0
24.126784,1.069394E+0,-3.068259E-2,1.069834E+0
24.266069,1.069606E+0,-3.413192E-2,1.070150E+0
24.406159,1.072719E+0,-3.713428E-2,1.073362E+0
24.547057,1.075833E+0,-4.015411E-2,1.076582E+0
24.688769,1.076815E+0,-4.485670E-2,1.077749E+0
24.831298,1.077778E+0,-4.956859E-2,1.078917E+0
24.974651,1.078889E+0,-5.556758E-2,1.080319E+0
25.118831,1.079968E+0,-6.158041E-2,1.081722E+0
25.263844,1.081811E+0,-6.747364E-2,1.083913E+0
25.409693,1.083626E+0,-7.338853E-2,1.086108E+0
25.556385,1.084980E+0,-8.066814E-2,1.087975E+0
25.703924,1.086287E+0,-8.796905E-2,1.089843E+0
25.852314,1.082800E+0,-1.017296E-1,1.087568E+0
26.001561,1.079143E+0,-1.154154E-1,1.085297E+0
26.151669,1.077944E+0,-1.212708E-1,1.084744E+0
26.302645,1.076713E+0,-1.271164E-1,1.084191E+0
26.454491,1.070429E+0,-1.401001E-1,1.079558E+0
26.607215,1.064008E+0,-1.529484E-1,1.074945E+0
26.760820,1.052458E+0,-1.642360E-1,1.065195E+0
26.915312,1.040879E+0,-1.752828E-1,1.055535E+0
27.070695,1.032419E+0,-1.808861E-1,1.048145E+0
27.226976,1.023982E+0,-1.863945E-1,1.040808E+0
27.384159,1.005918E+0,-1.956983E-1,1.024777E+0
27.542250,9.880224E-1,-2.046430E-1,1.008993E+0
27.701253,9.662484E-1,-2.002352E-1,9.867776E-1
27.861174,9.449545E-1,-1.959223E-1,9.650516E-1
28.022018,9.328350E-1,-1.951162E-1,9.530223E-1
28.183791,9.208675E-1,-1.942991E-1,9.411424E-1
28.346497,9.083594E-1,-1.838616E-1,9.267804E-1
28.510144,8.959581E-1,-1.736851E-1,9.126376E-1
28.674734,8.851295E-1,-1.578818E-1,8.991000E-1
28.840275,8.742300E-1,-1.424742E-1,8.857635E-1
29.006772,8.689436E-1,-1.345876E-1,8.793047E-1
29.174230,8.636342E-1,-1.268001E-1,8.728931E-1
29.342654,8.649131E-1,-1.178053E-1,8.728991E-1
29.512051,8.660980E-1,-1.087977E-1,8.729047E-1
29.682426,8.643204E-1,-9.603040E-2,8.696388E-1
29.853785,8.623673E-1,-8.333756E-2,8.663847E-1
30.026132,8.590492E-1,-8.122601E-2,8.628808E-1
30.199475,8.557404E-1,-7.912983E-2,8.593912E-1
30.373818,8.582953E-1,-6.632809E-2,8.608544E-1
30.549168,8.606604E-1,-5.346743E-2,8.623196E-1
30.725531,8.635288E-1,-4.929868E-2,8.649349E-1
30.902911,8.663853E-1,-4.510292E-2,8.675585E-1
31.081315,8.656827E-1,-4.214073E-2,8.667078E-1
31.260750,8.649712E-1,-3.918386E-2,8.658583E-1
31.441220,8.684243E-1,-3.187319E-2,8.690090E-1
31.622732,8.718270E-1,-2.450646E-2,8.721714E-1
31.805292,8.757037E-1,-2.405259E-2,8.760340E-1
31.988906,8.795975E-1,-2.359422E-2,8.799139E-1
32.173580,8.784600E-1,-2.290596E-2,8.787586E-1
32.359320,8.773233E-1,-2.221944E-2,8.776046E-1
32.546132,8.826190E-1,-1.642626E-2,8.827718E-1
32.734023,8.879071E-1,-1.056335E-2,8.879699E-1
32.922998,8.892931E-1,-1.770328E-2,8.894693E-1
33.113065,8.906246E-1,-2.486617E-2,8.909717E-1
33.304228,8.946801E-1,-1.523064E-2,8.948097E-1
33.496496,8.986469E-1,-5.509821E-3,8.986638E-1
33.689873,8.986657E-1,-7.740214E-3,8.986990E-1
33.884367,8.986789E-1,-9.970734E-3,8.987342E-1
34.079983,8.955971E-1,-5.170011E-3,8.956120E-1
34.276729,8.925007E-1,-4.023696E-4,8.925008E-1
34.474611,8.922645E-1,4.690434E-3,8.922768E-1
34.673635,8.919993E-1,9.780535E-3,8.920529E-1
34.873808,8.937331E-1,-4.328768E-3,8.937436E-1
35.075136,8.952466E-1,-1.849051E-2,8.954375E-1
35.277627,8.927055E-1,-1.603055E-2,8.928494E-1
35.481287,8.901645E-1,-1.358453E-2,8.902681E-1
35.686123,8.897468E-1,-7.581859E-3,8.897791E-1
35.892141,8.892890E-1,-1.585428E-3,8.892904E-1
36.099348,8.872608E-1,-2.993033E-3,8.872658E-1
36.307752,8.852349E-1,-4.394214E-3,8.852458E-1
36.517359,8.981384E-1,7.098502E-3,8.981665E-1
36.728176,9.110788E-1,1.892643E-2,9.112754E-1
36.940210,9.047695E-1,9.941733E-3,9.048241E-1
37.153468,8.984181E-1,1.082353E-3,8.984188E-1
37.367957,9.037786E-1,5.768136E-3,9.037970E-1
37.583685,9.091469E-1,1.050982E-2,9.092076E-1
37.800658,9.045585E-1,1.543614E-2,9.046902E-1
38.018883,8.999666E-1,2.031280E-2,9.001958E-1
38.238368,9.070924E-1,1.931394E-2,9.072980E-1
38.459121,9.142729E-1,1.829801E-2,9.144560E-1
38.681148,9.104551E-1,1.993575E-2,9.106733E-1
38.904456,9.066492E-1,2.155956E-2,9.069055E-1
39.129054,9.026891E-1,2.248551E-2,9.029691E-1
39.354948,8.987449E-1,2.340300E-2,8.990496E-1
39.582147,9.009128E-1,2.167982E-2,9.011736E-1
39.810657,9.030827E-1,1.994830E-2,9.033030E-1
40.040486,8.935722E-1,2.186151E-2,8.938396E-1
40.271643,8.841568E-1,2.373233E-2,8.844753E-1
40.504133,8.920690E-1,2.064191E-2,8.923078E-1
40.737966,9.000393E-1,1.749460E-2,9.002093E-1
40.973149,9.015449E-1,2.712839E-2,9.019530E-1
41.209689,9.029504E-1,3.679637E-2,9.036998E-1
41.447595,9.000708E-1,4.232831E-2,9.010656E-1
41.686875,8.971649E-1,4.782598E-2,8.984387E-1
41.927536,8.953558E-1,5.117156E-2,8.968169E-1
42.169586,8.935374E-1,5.450415E-2,8.951982E-1
42.413033,9.002441E-1,4.812490E-2,9.015295E-1
42.657886,9.069499E-1,4.164997E-2,9.079057E-1
42.904153,9.019171E-1,4.601283E-2,9.030900E-1
43.151841,8.968886E-1,5.032700E-2,8.982995E-1
43.400959,8.949460E-1,5.097210E-2,8.963964E-1
43.651516,8.930064E-1,5.161420E-2,8.944968E-1
43.903519,9.004088E-1,6.080056E-2,9.024593E-1
44.156976,9.077872E-1,7.014064E-2,9.104929E-1
44.411897,9.138747E-1,7.186894E-2,9.166963E-1
44.668290,9.200016E-1,7.361744E-2,9.229423E-1
44.926163,9.250959E-1,8.265622E-2,9.287812E-1
45.185524,9.301375E-1,9.179927E-2,9.346566E-1
45.446383,9.514548E-1,1.007543E-1,9.567746E-1
45.708748,9.732109E-1,1.100766E-1,9.794163E-1
45.972627,9.933983E-1,9.641664E-2,9.980663E-1
46.238030,1.013746E+0,8.217181E-2,1.017071E+0
46.504965,1.011243E+0,4.720924E-2,1.012344E+0
46.773441,1.007562E+0,1.251479E-2,1.007640E+0
47.043467,9.975442E-1,9.301336E-4,9.975446E-1
47.315051,9.874960E-1,-1.042379E-2,9.875510E-1
47.588204,9.678472E-1,3.575946E-3,9.678538E-1
47.862934,9.483968E-1,1.702065E-2,9.485495E-1
48.139249,9.242936E-1,4.897093E-4,9.242937E-1
48.417160,9.005297E-1,-1.520708E-2,9.006581E-1
48.696675,8.985005E-1,-3.480412E-3,8.985072E-1
48.977804,8.963238E-1,8.190913E-3,8.963612E-1
49.260556,9.250043E-1,-2.427000E-2,9.253226E-1
49.544940,9.534081E-1,-5.880577E-2,9.552199E-1
49.830966,9.576133E-1,-3.603826E-2,9.582912E-1
50.118643,9.612833E-1,-1.310295E-2,9.613726E-1
50.407981,9.335967E-1,1.553747E-2,9.337260E-1
50.698990,9.058767E-1,4.252764E-2,9.068744E-1
50.991678,9.016226E-1,-9.802798E-3,9.016759E-1
51.286056,8.943957E-1,-6.150218E-2,8.965078E-1
51.582133,8.846048E-1,-3.642363E-2,8.853544E-1
51.879920,8.742584E-1,-1.193237E-2,8.743398E-1
52.179426,8.582176E-1,-1.782425E-2,8.584027E-1
52.480661,8.424285E-1,-2.349649E-2,8.427561E-1
52.783635,8.532685E-1,-1.297924E-2,8.533672E-1
53.088358,8.641089E-1,-2.191321E-3,8.641117E-1
53.394841,8.551713E-1,8.067077E-3,8.552093E-1
53.703092,8.462046E-1,1.811318E-2,8.463984E-1
54.013124,8.490895E-1,-1.443876E-2,8.492123E-1
54.324945,8.507277E-1,-4.718598E-2,8.520353E-1
54.638566,8.321758E-1,-3.075011E-2,8.327437E-1
54.953998,8.137501E-1,-1.502409E-2,8.138888E-1
55.271250,8.070141E-1,-1.478502E-2,8.071495E-1
55.590335,8.003343E-1,-1.454888E-2,8.004665E-1
55.911261,8.287397E-1,-9.000028E-3,8.287886E-1
56.234040,8.581077E-1,-3.039798E-3,8.581131E-1
56.558683,8.452126E-1,-2.047503E-2,8.454606E-1
56.885199,8.321551E-1,-3.738683E-2,8.329945E-1
57.213601,8.114558E-1,-3.254861E-2,8.121083E-1
57.543899,7.912530E-1,-2.792875E-2,7.917457E-1
57.876103,8.092581E-1,-5.294601E-3,8.092754E-1
58.210225,8.269890E-1,1.835997E-2,8.271928E-1
58.546276,8.256100E-1,7.821212E-3,8.256470E-1
58.884268,8.240994E-1,-2.679486E-3,8.241038E-1
59.224210,7.892252E-1,-9.514896E-3,7.892826E-1
59.566115,7.557684E-1,-1.576720E-2,7.559329E-1
59.909994,7.768665E-1,-1.194293E-2,7.769583E-1
60.255858,7.985295E-1,-7.893363E-3,7.985685E-1
60.603719,7.770761E-1,-1.208240E-2,7.771700E-1
60.953588,7.561747E-1,-1.604090E-2,7.563448E-1
61.305476,7.390707E-1,1.118064E-2,7.391553E-1
61.659397,7.214001E-1,3.715871E-2,7.223565E-1
62.015360,7.366281E-1,2.100678E-2,7.369276E-1
62.373378,7.517813E-1,4.176828E-3,7.517929E-1
62.733464,7.190209E-1,2.235338E-2,7.193683E-1
63.095628,6.872397E-1,3.894032E-2,6.883420E-1
63.459883,6.945654E-1,5.414706E-2,6.966728E-1
63.826240,7.016514E-1,6.969149E-2,7.051040E-1
64.194713,7.053016E-1,7.463919E-2,7.092400E-1
64.565313,7.089411E-1,7.963942E-2,7.134003E-1
64.938053,6.805631E-1,9.352376E-2,6.869591E-1
65.312944,6.529151E-1,1.062146E-1,6.614980E-1
65.690000,6.614889E-1,1.316094E-1,6.744543E-1
66.069232,6.693159E-1,1.577928E-1,6.876644E-1
66.450654,6.601544E-1,1.792062E-1,6.840458E-1
66.834277,6.503321E-1,2.001893E-1,6.804466E-1
67.220116,6.557675E-1,1.871249E-1,6.819434E-1
67.608181,6.609436E-1,1.739221E-1,6.834437E-1
67.998488,6.413301E-1,2.003725E-1,6.719028E-1
68.391047,6.208845E-1,2.254720E-1,6.605567E-1
68.785873,6.143688E-1,2.414968E-1,6.601286E-1
69.182978,6.074401E-1,2.573352E-1,6.597006E-1
69.582375,5.681602E-1,2.571520E-1,6.236451E-1
69.984078,5.310420E-1,2.560766E-1,5.895599E-1
70.388101,5.046643E-1,2.090535E-1,5.462503E-1
70.794455,4.777990E-1,1.669367E-1,5.061223E-1
71.203156,3.899487E-1,9.113450E-2,4.004566E-1
71.614216,3.144556E-1,3.888949E-2,3.168513E-1
72.027650,7.047437E-2,-1.257037E-1,1.441113E-1
72.443470,-4.079985E-2,-5.129848E-2,6.554511E-2
72.861690,-1.072820E-1,-1.562992E-1,1.895755E-1
73.282325,-2.777413E-1,-4.727588E-1,5.483075E-1
73.705388,-6.580576E-1,-9.198591E-1,1.131009E+0
74.130894,-1.522100E+0,-1.768029E+0,2.332963E+0
74.558856,4.186925E+0,-4.766370E+0,6.344180E+0
74.989289,1.441630E+1,9.476679E+0,1.725216E+1
75.422207,6.268348E+0,3.856336E+0,7.359587E+0
75.857624,2.722158E+0,1.564110E+0,3.139520E+0
76.295554,2.338297E+0,1.223373E+0,2.638991E+0
76.736013,2.004577E+0,9.499231E-1,2.218261E+0
77.179015,1.800081E+0,8.270637E-1,1.980991E+0
77.624574,1.616173E+0,7.195145E-1,1.769100E+0
78.072705,1.526182E+0,6.901289E-1,1.674965E+0
78.523424,1.441143E+0,6.618115E-1,1.585840E+0
78.976744,1.402301E+0,6.632377E-1,1.551236E+0
79.432682,1.364293E+0,6.642042E-1,1.517387E+0
79.891252,1.323107E+0,6.829368E-1,1.488964E+0
80.352469,1.282275E+0,7.003661E-1,1.461076E+0
80.816348,1.224701E+0,7.010523E-1,1.411158E+0
81.282906,1.169092E+0,7.006031E-1,1.362946E+0
81.752157,1.156089E+0,7.492248E-1,1.377636E+0
82.224117,1.141227E+0,7.978786E-1,1.392483E+0
82.698802,1.139198E+0,8.580867E-1,1.426213E+0
83.176227,1.134936E+0,9.196406E-1,1.460760E+0
83.656409,1.158333E+0,1.027847E+0,1.548614E+0
84.139362,1.177975E+0,1.143557E+0,1.641751E+0
84.625104,1.294957E+0,1.021555E+0,1.649390E+0
85.113650,1.399304E+0,8.875867E-1,1.657064E+0
85.605016,1.425464E+0,7.612191E-1,1.615983E+0
86.099219,1.441699E+0,6.364232E-1,1.575922E+0
86.596275,1.366879E+0,5.812932E-1,1.485348E+0
87.096201,1.295659E+0,5.302959E-1,1.399981E+0
87.599012,1.270503E+0,5.212205E-1,1.373262E+0
88.104727,1.245834E+0,5.122985E-1,1.347053E+0
88.613361,1.219279E+0,5.165347E-1,1.324179E+0
89.124931,1.193131E+0,5.204223E-1,1.301692E+0
89.639454,1.179591E+0,5.318211E-1,1.293935E+0
90.156948,1.165994E+0,5.429862E-1,1.286225E+0
90.677430,1.153000E+0,5.379516E-1,1.272321E+0
91.200916,1.140150E+0,5.329619E-1,1.258567E+0
91.727425,1.113428E+0,5.260168E-1,1.231428E+0
92.256973,1.087310E+0,5.191146E-1,1.204875E+0
92.789578,1.068872E+0,5.238022E-1,1.190318E+0
93.325258,1.050610E+0,5.282460E-1,1.175936E+0
93.864030,1.035977E+0,5.351199E-1,1.166020E+0
94.405913,1.021393E+0,5.417770E-1,1.156186E+0
94.950924,1.003724E+0,5.475129E-1,1.143343E+0
95.499081,9.861864E-1,5.529803E-1,1.130642E+0
96.050403,9.515398E-1,5.545481E-1,1.101341E+0
96.604908,9.177705E-1,5.555139E-1,1.072799E+0
97.162614,9.018904E-1,5.619448E-1,1.062633E+0
97.723540,8.860794E-1,5.681108E-1,1.052562E+0
98.287704,8.612922E-1,5.704976E-1,1.033098E+0
98.855125,8.369311E-1,5.724779E-1,1.013994E+0
99.425821,8.077262E-1,5.850547E-1,9.973518E-1
99.999813,7.786773E-1,5.966469E-1,9.809821E-1
100.577118,7.708686E-1,6.143120E-1,9.857067E-1
101.157755,7.626856E-1,6.319097E-1,9.904540E-1
101.741745,7.198017E-1,6.252993E-1,9.534745E-1
102.329106,6.786793E-1,6.179732E-1,9.178761E-1
102.919859,6.421445E-1,6.234869E-1,8.950338E-1
103.514021,6.063651E-1,6.277195E-1,8.727602E-1
104.111614,5.654467E-1,6.233121E-1,8.415747E-1
104.712657,5.261429E-1,6.178282E-1,8.115036E-1
105.317169,4.958450E-1,6.279658E-1,8.001271E-1
105.925171,4.656221E-1,6.368481E-1,7.889103E-1
106.536684,4.232184E-1,6.246794E-1,7.545450E-1
107.151727,3.831053E-1,6.115945E-1,7.216769E-1
107.770320,3.477663E-1,6.074253E-1,6.999335E-1
108.392485,3.136794E-1,6.020268E-1,6.788454E-1
109.018241,2.584539E-1,5.956999E-1,6.493511E-1
109.647610,2.061902E-1,5.859169E-1,6.211385E-1
110.280612,1.534376E-1,5.811642E-1,6.010781E-1
110.917269,1.029218E-1,5.724879E-1,5.816660E-1
111.557601,4.614838E-2,5.751506E-1,5.769990E-1
112.201630,-1.015797E-2,5.722791E-1,5.723692E-1
112.849377,-7.463913E-2,5.481726E-1,5.532307E-1
113.500863,-1.338008E-1,5.177220E-1,5.347324E-1
114.156110,-2.029621E-1,5.013519E-1,5.408765E-1
114.815141,-2.701363E-1,4.757468E-1,5.470911E-1
115.477975,-3.559929E-1,4.511247E-1,5.746690E-1
116.144637,-4.412348E-1,4.119335E-1,6.036368E-1
116.815147,-5.057165E-1,3.609770E-1,6.213321E-1
117.489528,-5.646600E-1,3.002976E-1,6.395464E-1
118.167802,-6.439778E-1,2.181263E-1,6.799165E-1
118.849992,-7.130891E-1,1.182981E-1,7.228350E-1
119.536120,-7.945970E-1,2.911140E-2,7.951301E-1
120.226209,-8.710238E-1,-7.962094E-2,8.746553E-1
120.920282,-8.661071E-1,-1.733634E-1,8.832873E-1
121.618363,-8.511166E-1,-2.669684E-1,8.920043E-1
122.320473,-6.711987E-1,-4.152812E-1,7.892821E-1
123.026636,-4.844716E-1,-5.030261E-1,6.983896E-1
123.736876,-4.203876E-1,-6.108378E-1,7.415177E-1
124.451217,-3.345873E-1,-7.126757E-1,7.873089E-1
125.169681,-3.143360E-1,-7.339906E-1,7.984669E-1
125.892294,-2.930682E-1,-7.548908E-1,8.097834E-1
126.619077,-2.208340E-1,-7.007676E-1,7.347400E-1
127.350057,-1.586238E-1,-6.475047E-1,6.666512E-1
128.085257,-1.048669E-1,-6.068882E-1,6.158818E-1
128.824701,-5.791504E-2,-5.660233E-1,5.689785E-1
129.568413,-4.218815E-2,-4.572747E-1,4.592167E-1
130.316420,-3.037031E-2,-3.693828E-1,3.706292E-1
131.068744,-3.530421E-2,-2.718145E-1,2.740976E-1
131.825412,-3.554984E-2,-1.995663E-1,2.027079E-1
132.586448,-8.303605E-2,-1.310183E-1,1.551154E-1
133.351878,-9.678958E-2,-6.870730E-2,1.186967E-1
134.121726,-1.390040E-1,-3.962090E-2,1.445404E-1
134.896019,-1.756730E-1,1.090089E-2,1.760109E-1
135.674782,-2.086405E-1,3.504259E-2,2.115629E-1
136.458041,-2.450264E-1,6.803332E-2,2.542960E-1
137.245821,-2.839447E-1,7.919894E-2,2.947831E-1
138.038150,-3.290440E-1,9.219523E-2,3.417161E-1
138.835052,-3.622820E-1,8.752324E-2,3.727044E-1
139.636556,-3.983263E-1,8.112107E-2,4.065027E-1
140.442686,-4.291070E-1,7.720549E-2,4.359971E-1
141.253470,-4.620162E-1,7.225122E-2,4.676315E-1
142.068935,-4.793338E-1,6.454463E-2,4.836599E-1
142.889108,-4.970712E-1,5.619483E-2,5.002376E-1
143.714015,-5.116493E-1,3.684015E-2,5.129739E-1
144.543685,-5.257787E-1,1.640075E-2,5.260344E-1
145.378144,-5.393838E-1,-2.913362E-3,5.393917E-1
146.217421,-5.526008E-1,-2.321486E-2,5.530882E-1
147.061543,-5.580145E-1,-4.272350E-2,5.596476E-1
147.910538,-5.628099E-1,-6.264041E-2,5.662851E-1
148.764435,-5.682844E-1,-8.304815E-2,5.743206E-1
149.623261,-5.731248E-1,-1.039237E-1,5.824707E-1
150.487045,-5.793187E-1,-1.257273E-1,5.928048E-1
151.355816,-5.848569E-1,-1.481209E-1,6.033220E-1
152.229602,-5.891627E-1,-1.640166E-1,6.115669E-1
153.108433,-5.931481E-1,-1.802276E-1,6.199247E-1
153.992337,-5.965427E-1,-1.990034E-1,6.288605E-1
154.881344,-5.994703E-1,-2.181360E-1,6.379247E-1
155.775484,-6.028451E-1,-2.351870E-1,6.470975E-1
156.674785,-6.058704E-1,-2.525572E-1,6.564024E-1
157.579278,-6.042963E-1,-2.685379E-1,6.612765E-1
158.488993,-6.023373E-1,-2.845963E-1,6.661871E-1
159.403960,-6.023077E-1,-2.996748E-1,6.727403E-1
160.324208,-6.019691E-1,-3.148978E-1,6.793581E-1
161.249770,-6.049954E-1,-3.235435E-1,6.860757E-1
162.180674,-6.079718E-1,-3.323020E-1,6.928595E-1
163.116953,-6.142489E-1,-3.519705E-1,7.079442E-1
164.058637,-6.202570E-1,-3.721918E-1,7.233571E-1
165.005758,-6.241053E-1,-3.600050E-1,7.204936E-1
165.958346,-6.277281E-1,-3.478019E-1,7.176411E-1
166.916434,-6.322948E-1,-3.736055E-1,7.344234E-1
167.880052,-6.362347E-1,-4.001316E-1,7.515982E-1
168.849234,-5.321053E-1,-4.278166E-1,6.827614E-1
169.824011,-4.352412E-1,-4.418705E-1,6.202293E-1
170.804415,-4.187511E-1,-5.600928E-1,6.993257E-1
171.790479,-3.822770E-1,-6.896454E-1,7.885090E-1
172.782236,-1.948698E-1,-9.146389E-1,9.351677E-1
173.779719,9.560819E-2,-1.104975E+0,1.109104E+0
174.782960,8.593355E-1,-1.626902E+0,1.839910E+0
175.791992,2.363347E+0,-1.931547E+0,3.052259E+0
176.806850,3.360581E+0,4.468722E-1,3.390162E+0
177.827567,2.191552E+0,3.062007E+0,3.765473E+0
178.854176,1.638312E+0,2.049632E+0,2.623939E+0
179.886712,1.215874E+0,1.365632E+0,1.828469E+0
180.925209,1.075416E+0,9.446095E-1,1.431365E+0
181.969701,9.259780E-1,6.309463E-1,1.120504E+0
183.020223,7.871379E-1,4.815298E-1,9.227443E-1
184.076810,6.668998E-1,3.642454E-1,7.598882E-1
185.139497,6.104856E-1,2.851316E-1,6.737898E-1
186.208318,5.561493E-1,2.182680E-1,5.974470E-1
187.283310,5.230549E-1,1.754806E-1,5.517063E-1
188.364508,4.905464E-1,1.375556E-1,5.094677E-1
189.451948,4.445948E-1,1.025150E-1,4.562607E-1
190.545665,4.020199E-1,7.309215E-2,4.086104E-1
191.645697,3.629859E-1,9.750877E-2,3.758547E-1
192.752079,3.253507E-1,1.169297E-1,3.457248E-1
193.864849,2.677251E-1,2.868857E-1,3.924030E-1
194.984042,1.213511E-1,4.285329E-1,4.453836E-1
196.109697,2.554834E-1,6.166001E-1,6.674335E-1
197.241850,4.879760E-1,8.730732E-1,1.000189E+0
198.380539,7.647465E-1,5.452624E-1,9.392275E-1
199.525802,8.680996E-1,1.558701E-1,8.819821E-1
200.677677,8.223649E-1,1.100177E-1,8.296915E-1
201.836201,7.774585E-1,6.884788E-2,7.805010E-1
203.001414,7.488922E-1,1.071939E-1,7.565250E-1
204.173353,7.192424E-1,1.428179E-1,7.332848E-1
205.352059,7.216288E-1,1.028871E-1,7.289265E-1
206.537568,7.218393E-1,6.312339E-2,7.245941E-1
207.729922,7.076906E-1,5.247139E-2,7.096332E-1
208.929160,6.936973E-1,4.222337E-2,6.949811E-1
210.135321,6.914617E-1,4.106820E-2,6.926802E-1
211.348445,6.892315E-1,3.992011E-2,6.903866E-1
212.568572,6.941517E-1,2.858638E-2,6.947401E-1
213.795743,6.989118E-1,1.710010E-2,6.991210E-1
215.029999,7.325440E-1,2.549269E-2,7.329874E-1
216.271380,7.677132E-1,3.465541E-2,7.684950E-1
217.519928,7.714177E-1,-4.114691E-2,7.725143E-1
218.775684,7.676373E-1,-1.173428E-1,7.765542E-1
220.038689,6.908260E-1,-1.408424E-1,7.050370E-1
221.308986,6.201199E-1,-1.587058E-1,6.401064E-1
222.586616,5.858847E-1,-1.164678E-1,5.973488E-1
223.871622,5.518435E-1,-7.884379E-2,5.574474E-1
225.164046,5.443367E-1,-6.349187E-2,5.480271E-1
226.463932,5.365697E-1,-4.859472E-2,5.387657E-1
227.771322,5.229083E-1,-3.192333E-2,5.238818E-1
229.086260,5.091544E-1,-1.610923E-2,5.094092E-1
230.408789,5.026816E-1,-1.113545E-2,5.028049E-1
231.738953,4.962464E-1,-6.286937E-3,4.962862E-1
233.076796,4.888607E-1,-8.963038E-4,4.888615E-1
234.422362,4.815281E-1,4.334542E-3,4.815476E-1
235.775697,4.727036E-1,9.615419E-3,4.728014E-1
237.136844,4.639816E-1,1.470183E-2,4.642145E-1
238.505849,4.521843E-1,1.961113E-2,4.526094E-1
239.882758,4.406267E-1,2.426315E-2,4.412942E-1
241.267616,4.264308E-1,2.804137E-2,4.273518E-1
242.660469,4.126454E-1,3.155354E-2,4.138500E-1
244.061362,3.932403E-1,3.429154E-2,3.947326E-1
245.470343,3.747048E-1,3.670555E-2,3.764983E-1
246.887458,3.572460E-1,3.749912E-2,3.592087E-1
248.312755,3.405837E-1,3.814066E-2,3.427127E-1
249.746279,3.192950E-1,4.306231E-2,3.221858E-1
251.188080,2.991821E-1,4.723699E-2,3.028882E-1
252.638204,2.723417E-1,4.948165E-2,2.768004E-1
254.096699,2.477722E-1,5.096502E-2,2.529595E-1
255.563615,2.038167E-1,6.864507E-2,2.150660E-1
257.038999,1.648942E-1,7.901697E-2,1.828491E-1
258.522901,1.933681E-1,2.086968E-1,2.845094E-1
260.015369,1.603544E-1,4.126273E-1,4.426904E-1
261.516454,2.462942E-1,2.665440E-1,3.629140E-1
263.026204,2.679488E-1,1.292978E-1,2.975138E-1
264.544671,2.160856E-1,7.193165E-2,2.277436E-1
266.071903,1.710949E-1,3.345635E-2,1.743353E-1
267.607952,1.589549E-1,1.568283E-2,1.597267E-1
269.152869,1.463412E-1,5.241650E-4,1.463421E-1
270.706705,1.507565E-1,-1.224510E-1,1.942209E-1
272.269511,5.193996E-2,-2.524770E-1,2.577642E-1
273.841340,-1.333403E-3,-2.667378E-1,2.667411E-1
275.422242,-5.832092E-2,-2.697991E-1,2.760306E-1
277.012272,1.972932E-2,-2.060370E-1,2.069794E-1
278.611480,6.098393E-2,-1.427185E-1,1.552018E-1
280.219921,1.271524E-1,-1.802739E-1,2.206047E-1
281.837648,2.302817E-1,-2.128276E-1,3.135686E-1
283.464714,2.951785E-1,-2.274026E-1,3.726155E-1
285.101173,3.735363E-1,-2.377519E-1,4.427814E-1
286.747079,4.574818E-1,-2.383881E-1,5.158667E-1
288.402487,5.549821E-1,-2.306829E-1,6.010156E-1
290.067453,6.368605E-1,-2.345580E-1,6.786816E-1
291.742030,7.294210E-1,-2.351365E-1,7.663838E-1
293.426274,8.029085E-1,-2.250847E-1,8.338616E-1
295.120242,8.823858E-1,-2.110765E-1,9.072805E-1
296.823989,9.430133E-1,-1.981421E-1,9.636049E-1
298.537572,1.007000E+0,-1.826269E-1,1.023426E+0
300.261047,1.060035E+0,-1.722343E-1,1.073936E+0
301.994472,1.115479E+0,-1.603104E-1,1.126940E+0
303.737905,1.160432E+0,-1.467374E-1,1.169673E+0
305.491402,1.206842E+0,-1.318606E-1,1.214024E+0
307.255023,1.239439E+0,-1.243850E-1,1.245665E+0
309.028824,1.272815E+0,-1.164203E-1,1.278128E+0
310.812867,1.308769E+0,-1.043891E-1,1.312926E+0
312.607208,1.345555E+0,-9.160210E-2,1.348669E+0
314.411909,1.383643E+0,-8.439048E-2,1.386214E+0
316.227028,1.422738E+0,-7.670201E-2,1.424804E+0
318.052625,1.453825E+0,-8.481102E-2,1.456297E+0
319.888762,1.485564E+0,-9.323941E-2,1.488487E+0
321.735500,1.481981E+0,-8.845611E-2,1.484619E+0
323.592898,1.478391E+0,-8.369623E-2,1.480758E+0
325.461020,1.489874E+0,-6.208237E-2,1.491167E+0
327.339926,1.501111E+0,-4.014666E-2,1.501648E+0
329.229679,1.516848E+0,-2.838206E-2,1.517114E+0
331.130342,1.532651E+0,-1.636901E-2,1.532738E+0
333.041978,1.542817E+0,-2.430380E-2,1.543008E+0
334.964649,1.553010E+0,-3.234354E-2,1.553347E+0
336.898420,1.426299E+0,-2.381234E-2,1.426498E+0
338.843355,1.309904E+0,-1.645842E-2,1.310007E+0
340.799519,1.316806E+0,8.085881E-2,1.319286E+0
342.766975,1.316501E+0,1.791109E-1,1.328629E+0
344.745790,1.253227E+0,2.448876E-1,1.276929E+0
346.736028,1.188867E+0,3.044892E-1,1.227240E+0
348.737756,1.063554E+0,3.811930E-1,1.129803E+0
350.751040,9.421061E-1,4.407372E-1,1.040102E+0
352.775947,8.441416E-1,7.973121E-1,1.161155E+0
354.812544,6.153463E-1,1.140936E+0,1.296297E+0
356.860899,1.039387E+0,1.423372E+0,1.762474E+0
358.921078,1.662697E+0,1.725597E+0,2.396298E+0
360.993151,1.794588E+0,1.435296E+0,2.297960E+0
363.077187,1.884102E+0,1.142919E+0,2.203657E+0
365.173253,1.681478E+0,9.162348E-1,1.914903E+0
367.281421,1.496468E+0,7.276243E-1,1.663987E+0
369.401759,1.378319E+0,4.537281E-1,1.451080E+0
371.534338,1.244176E+0,2.308572E-1,1.265413E+0
373.679228,1.143706E+0,-3.490450E-2,1.144238E+0
375.836501,1.003899E+0,-2.504454E-1,1.034667E+0
378.006228,8.825916E-1,-4.607734E-1,9.956305E-1
380.188480,7.216610E-1,-6.301552E-1,9.580659E-1
382.383332,5.826040E-1,-8.948127E-1,1.067763E+0
384.590854,3.531497E-1,-1.136412E+0,1.190020E+0
386.811120,-1.289662E-2,-1.387571E+0,1.387631E+0
389.044204,-5.088116E-1,-1.535975E+0,1.618057E+0
391.290180,-1.060655E+0,-1.290413E+0,1.670376E+0
393.549122,-1.500961E+0,-8.488957E-1,1.724386E+0
395.821105,-1.490584E+0,-2.034923E-1,1.504410E+0
398.106204,-1.273823E+0,3.162627E-1,1.312497E+0
400.404495,-8.776962E-1,4.752322E-1,9.980963E-1
402.716055,-5.557927E-1,5.169025E-1,7.590084E-1
405.040959,-3.423060E-1,4.672994E-1,5.792600E-1
407.379285,-1.894194E-1,3.994431E-1,4.420797E-1
409.731111,-7.025968E-2,3.734489E-1,3.800007E-1
412.096513,2.313137E-2,3.258190E-1,3.266391E-1
414.475571,2.612128E-1,3.398953E-1,4.286735E-1
416.868364,5.320085E-1,1.829322E-1,5.625809E-1
419.274970,5.044755E-1,4.103612E-2,5.061418E-1
421.695470,4.488879E-1,-7.652636E-2,4.553643E-1
424.129944,3.827073E-1,-2.683468E-2,3.836469E-1
426.578472,3.230901E-1,9.323591E-3,3.232246E-1
429.041135,3.963260E-1,1.420552E-1,4.210154E-1
431.518015,4.334007E-1,3.360040E-1,5.483930E-1
434.009195,6.446065E-1,5.544649E-1,8.502640E-1
436.514757,9.544228E-1,9.093982E-1,1.318305E+0
439.034783,1.548264E+0,8.384257E-1,1.760704E+0
441.569357,2.288895E+0,5.392703E-1,2.351564E+0
444.118564,3.041483E+0,2.347366E-2,3.041574E+0
446.682487,3.842676E+0,-8.429619E-1,3.934049E+0
449.261212,4.721562E+0,-2.238749E+0,5.225432E+0
451.854825,5.442151E+0,-4.307740E+0,6.940723E+0
454.463410,4.210284E+0,-7.533244E+0,8.629963E+0
457.087055,1.263923E+0,-1.065563E+1,1.073033E+1
459.725846,-2.725838E+0,-8.582014E+0,9.004508E+0
462.379871,-5.056766E+0,-5.614812E+0,7.556255E+0
465.049218,-4.654494E+0,-3.441239E+0,5.788475E+0
467.733976,-4.020103E+0,-1.871222E+0,4.434264E+0
470.434232,-3.508972E+0,-1.124961E+0,3.684891E+0
473.150078,-3.009994E+0,-5.628055E-1,3.062158E+0
475.881602,-2.792549E+0,-2.387482E-1,2.802736E+0
478.628895,-2.565028E+0,3.660446E-2,2.565289E+0
481.392049,-2.516899E+0,1.878842E-1,2.523902E+0
484.171154,-2.460672E+0,3.336028E-1,2.483183E+0
486.966304,-2.654894E+0,3.865047E-1,2.682881E+0
489.777590,-2.864166E+0,4.457182E-1,2.898640E+0
492.605106,-3.721283E+0,5.096136E-1,3.756016E+0
495.448945,-4.833255E+0,5.720917E-1,4.866995E+0
498.309202,-2.650682E+0,-2.929417E+0,3.950645E+0
501.185971,6.924287E-1,-3.131176E+0,3.206824E+0
504.079348,-2.699849E-1,-1.890850E+0,1.910028E+0
506.989429,-5.466999E-1,-9.976665E-1,1.137638E+0
509.916309,-6.762575E-1,3.789001E-2,6.773181E-1
512.860087,-1.530705E-1,3.730753E-1,4.032564E-1
515.820860,-2.141126E-2,6.514701E-1,6.518219E-1
518.798725,3.350663E-1,9.989027E-1,1.053601E+0
521.793781,6.646396E-1,1.443266E+0,1.588950E+0
524.806128,1.230962E+0,2.055980E+0,2.396314E+0
527.835866,2.377123E+0,1.986740E+0,3.098040E+0
530.883094,3.747039E+0,1.414840E+0,4.005256E+0
533.947915,3.762009E+0,1.923321E+0,4.225148E+0
537.030429,3.717982E+0,2.458139E+0,4.457111E+0
540.130738,2.914135E-1,4.640454E+0,4.649595E+0
543.248945,-3.679601E+0,3.160200E+0,4.850395E+0
546.385154,-3.402149E+0,9.351080E-1,3.528320E+0
549.539469,-2.528232E+0,-4.421586E-1,2.566605E+0
552.711994,-1.891459E+0,-4.882303E-1,1.953455E+0
555.902834,-1.405554E+0,-4.847091E-1,1.486783E+0
559.112094,-1.217217E+0,-3.270636E-1,1.260392E+0
562.339883,-1.048653E+0,-2.048469E-1,1.068473E+0
565.586305,-4.354579E-1,-2.216676E-1,4.886308E-1
568.851469,-1.636849E-1,-1.521221E-1,2.234589E-1
572.135483,-1.386593E-1,-3.161457E-1,3.452166E-1
575.438456,-2.485176E-3,-5.333115E-1,5.333173E-1
578.760497,-2.383219E-3,-6.787986E-1,6.788028E-1
582.101716,-2.040652E-3,-8.639738E-1,8.639762E-1
585.462225,-1.960727E-1,-8.437773E-1,8.662590E-1
588.842134,-3.811356E-1,-7.804560E-1,8.685482E-1
592.241555,-3.797147E-1,-5.894083E-1,7.011315E-1
595.660602,-3.604155E-1,-4.363944E-1,5.659853E-1
599.099386,-2.398852E-1,-3.907889E-1,4.585421E-1
602.558024,-1.483365E-1,-3.405949E-1,3.714951E-1
606.036628,-1.301805E-2,-3.556535E-1,3.558917E-1
609.535314,1.129204E-1,-3.217008E-1,3.409434E-1
613.054198,1.293500E-1,-4.599338E-1,4.777766E-1
616.593397,1.400501E-1,-6.547150E-1,6.695265E-1
620.153028,6.780995E-2,-5.902158E-1,5.940984E-1
623.733209,9.511234E-3,-5.270821E-1,5.271679E-1
627.334059,5.512650E-2,-4.289678E-1,4.324954E-1
630.955697,8.350681E-2,-3.448585E-1,3.548250E-1
634.598242,2.007102E-1,-2.510776E-1,3.214414E-1
638.261816,2.609772E-1,-1.291801E-1,2.911986E-1
641.946541,2.908786E-1,-1.172188E-1,3.136090E-1
645.652537,3.220018E-1,-1.019116E-1,3.377442E-1
649.379928,4.215278E-1,-8.924977E-2,4.308726E-1
653.128838,5.463103E-1,-6.076708E-2,5.496795E-1
656.899390,7.455603E-1,-3.286471E-1,8.147816E-1
660.691710,9.083134E-1,-7.959884E-1,1.207738E+0
664.505924,7.045346E-1,-7.376048E-1,1.020015E+0
668.342157,5.374769E-1,-6.732377E-1,8.614699E-1
672.200537,5.553003E-1,-6.324691E-1,8.416505E-1
676.081191,5.708319E-1,-5.918678E-1,8.222874E-1
679.984249,7.167104E-1,-6.180378E-1,9.463850E-1
683.909839,8.866597E-1,-6.326250E-1,1.089211E+0
687.858092,1.056422E+0,-7.457083E-1,1.293100E+0
691.829139,1.258641E+0,-8.789374E-1,1.535157E+0
695.823110,1.528896E+0,-1.054717E+0,1.857404E+0
699.840139,1.857092E+0,-1.265524E+0,2.247297E+0
703.880359,3.051918E+0,-3.450715E+0,4.606695E+0
707.943903,4.324336E+0,-8.394881E+0,9.443194E+0
712.030906,-3.048044E+0,-5.878032E+0,6.621317E+0
716.141504,-4.598315E+0,-6.403986E-1,4.642694E+0
720.275832,-3.427197E+0,-4.068775E-1,3.451265E+0
724.434028,-2.553286E+0,-2.509134E-1,2.565585E+0
728.616230,-2.117882E+0,-3.663955E-1,2.149342E+0
732.822575,-1.747010E+0,-4.361501E-1,1.800631E+0
737.053205,-1.766526E+0,-3.874610E-1,1.808519E+0
741.308258,-1.784715E+0,-3.380153E-1,1.816442E+0
745.587875,-1.798621E+0,-5.354987E-1,1.876645E+0
749.892199,-1.792099E+0,-7.399291E-1,1.938843E+0
754.221372,-1.676417E+0,-1.073209E+0,1.990515E+0
758.575538,-1.498984E+0,-1.388957E+0,2.043564E+0
762.954841,-1.765202E+0,-1.391753E+0,2.247869E+0
767.359425,-2.057351E+0,-1.371515E+0,2.472599E+0
771.789438,-5.188087E+0,-5.233489E+0,7.369237E+0
776.245025,-1.202287E+1,-1.837999E+1,2.196300E+1
780.726335,-5.895905E+0,2.462676E-1,5.901046E+0
785.233515,-7.542530E-1,1.394603E+0,1.585502E+0
789.766716,-8.828741E-1,1.131018E+0,1.434806E+0
794.326087,-9.579962E-1,8.764549E-1,1.298434E+0
798.911780,-7.100739E-1,9.293657E-1,1.169583E+0
803.523946,-4.818488E-1,9.368709E-1,1.053520E+0
808.162739,-4.652268E-1,3.706041E-1,5.947969E-1
812.828311,-3.254060E-1,8.294417E-2,3.358107E-1
817.520818,-4.017190E-1,-5.357873E-2,4.052762E-1
822.240416,-4.257275E-1,-2.408031E-1,4.891115E-1
826.987259,-5.270246E-1,-3.496394E-1,6.324576E-1
831.761507,-6.476969E-1,-4.993092E-1,8.178147E-1
836.563317,-7.503451E-1,-4.344504E-1,8.670438E-1
841.392847,-8.491828E-1,-3.519712E-1,9.192362E-1
846.250259,-1.117965E+0,-3.761091E-1,1.179535E+0
851.135714,-1.464170E+0,-3.834367E-1,1.513545E+0
856.049372,-1.203879E+0,-1.025703E-1,1.208241E+0
860.991397,-9.609453E-1,8.297996E-2,9.645214E-1
865.961952,-8.575410E-1,6.371464E-2,8.599047E-1
870.961203,-7.651531E-1,4.764422E-2,7.666350E-1
875.989315,-6.595501E-1,-4.215183E-2,6.608957E-1
881.046454,-5.595058E-1,-1.075077E-1,5.697409E-1
886.132789,-5.924267E-1,-3.127748E-1,6.699235E-1
891.248487,-5.590667E-1,-5.549332E-1,7.877223E-1
896.393719,-7.989799E-1,-4.380074E-1,9.111637E-1
901.568654,-1.028259E+0,-2.312843E-1,1.053949E+0
906.773465,-1.005237E+0,-8.223946E-2,1.008595E+0
912.008323,-9.635705E-1,5.593807E-2,9.651928E-1
917.273403,-9.100322E-1,1.688140E-1,9.255575E-1
922.568878,-8.455550E-1,2.697818E-1,8.875503E-1
927.894924,-8.575217E-1,3.125513E-1,9.127057E-1
933.251717,-8.680300E-1,3.569970E-1,9.385750E-1
938.639436,-8.593217E-1,3.950905E-1,9.457961E-1
944.058259,-8.489896E-1,4.330873E-1,9.530729E-1
949.508364,-8.855619E-1,3.614357E-1,9.564809E-1
954.989934,-9.160870E-1,2.866960E-1,9.599010E-1
960.503149,-1.015416E+0,2.845892E-1,1.054543E+0
966.048192,-1.124420E+0,2.789981E-1,1.158516E+0
971.625246,-1.183604E+0,2.085156E-1,1.201831E+0
977.234498,-1.239827E+0,1.313480E-1,1.246765E+0
982.876132,-1.574212E+0,9.359835E-2,1.576992E+0
988.550335,-1.994510E+0,2.638444E-2,1.994685E+0
994.257297,-1.930934E+0,4.096650E-1,1.973913E+0
999.997204,-1.795419E+0,7.694627E-1,1.953357E+0
