#I+1.668000E+03
+1.000000E+00
+8.010000E+02
+8.010000E+02
+1.000000E+01
+2.000000E+00
+3.000000E+00
+0.000000E+00
+1.000000E+00
+2.000000E+00
+5.000000E+00
+1.000000E+00
+2.497000E+03
-1.092400E+04
+2.025600E+04
-1.299100E+04
-1.119200E+04
+0.000000E+00
+0.000000E+00
+0.000000E+00
+0.000000E+00
+0.000000E+00
+0.000000E+00
+0.000000E+00
+0.000000E+00
+0.000000E+00
+0.000000E+00
+0.000000E+00
+0.000000E+00
+0.000000E+00
+0.000000E+00
+0.000000E+00
+0.000000E+00
+0.000000E+00
+0.000000E+00
+0.000000E+00
+1.000000E+00
+1.000000E+00
+1.000000E+00
+0.000000E+00
+0.000000E+00
+1.000000E+00
+0.000000E+00
+1.000000E+00
+2.000000E+00
+3.000000E+00
+4.500000E+01
+4.500000E+01
+0.000000E+00
+0.000000E+00
+2.000000E+00
+0.000000E+00
+0.000000E+00
+0.000000E+00
+8.000000E+02
+0.000000E+00
+2.499999E-03
+5.011879E+00
+0.000000E+00
+0.000000E+00
+0.000000E+00
+1.000000E+00
+1.000000E+00
+0.000000E+00
+0.000000E+00
+9.9999904632568339E+00
+9.9999904632568339E+00
-5.736412E-01
+5.078750E-01
+2.294927E-01
+6.619843E-01
+6.396652E-01
+3.665870E-02
+3.541396E-01
+1.104727E+00
-1.636365E+00
+1.317005E+00
-4.720665E-01
+1.751806E+00
+5.618097E-01
+1.462905E+00
+7.342895E-01
+1.286687E+00
+8.702587E-01
+1.097339E+00
+1.656433E+00
+1.540533E+00
+3.019527E+00
+2.057014E+00
+2.237481E+00
+1.389957E+00
+1.653901E+00
+9.332274E-01
+1.311917E+00
+1.025910E+00
+1.003226E+00
+1.061478E+00
+7.228261E-01
+1.423009E+00
+3.170477E-01
+1.715104E+00
+8.366374E-01
+2.459627E+00
+1.762791E+00
+3.445091E+00
+2.559415E+00
+2.850212E+00
+3.171055E+00
+2.079191E+00
+2.417969E+00
+1.969511E+00
+1.811194E+00
+1.815993E+00
+6.557313E-01
+2.511584E+00
-7.091111E-01
+2.529598E+00
+1.288598E+00
+1.996030E+00
+2.124168E+00
+3.231253E-01
+2.444540E+00
+7.998100E-01
+2.728964E+00
+1.425753E+00
+2.398786E+00
+1.261674E+00
+2.108536E+00
+1.116438E+00
+2.055773E+00
+9.127971E-01
+1.992896E+00
+7.247041E-01
+2.369776E+00
+1.069609E+00
+2.798782E+00
+1.526008E+00
+2.691633E+00
+1.302975E+00
+2.581124E+00
+1.098852E+00
+2.362792E+00
+8.404437E-01
+2.153948E+00
+6.217121E-01
+2.152379E+00
+6.423627E-01
+2.150621E+00
+6.630379E-01
+2.286006E+00
+5.045403E-01
+2.412888E+00
+3.287088E-01
+2.333503E+00
+4.326980E-01
+2.251367E+00
+5.302192E-01
+2.130743E+00
+3.483029E-01
+2.006666E+00
+1.866936E-01
+2.106154E+00
+3.673034E-01
+2.196069E+00
+5.667127E-01
+2.243662E+00
+4.569263E-01
+2.285926E+00
+3.437566E-01
+2.491621E+00
+2.230629E-01
+2.705991E+00
+7.934411E-02
+2.618950E+00
+6.260185E-02
+2.534636E+00
+4.685677E-02
+2.311364E+00
-8.871125E-02
+2.100946E+00
-2.006330E-01
+2.284600E+00
-4.211765E-01
+2.464869E+00
-6.806008E-01
+2.322702E+00
-6.642789E-01
+2.188537E+00
-6.476306E-01
+1.931331E+00
-7.756568E-01
+1.686844E+00
-8.698262E-01
+1.632330E+00
-7.989828E-01
+1.578724E+00
-7.322518E-01
+1.447085E+00
-7.214497E-01
+1.325105E+00
-7.079674E-01
+1.262763E+00
-6.333221E-01
+1.202350E+00
-5.646702E-01
+1.157256E+00
-5.078467E-01
+1.112987E+00
-4.548973E-01
+1.096520E+00
-4.252381E-01
+1.079892E+00
-3.965222E-01
+1.078962E+00
-3.603008E-01
+1.076982E+00
-3.245276E-01
+1.065335E+00
-2.792361E-01
+1.052329E+00
-2.353340E-01
+1.054032E+00
-2.149954E-01
+1.055349E+00
-1.946771E-01
+1.066863E+00
-1.786722E-01
+1.078202E+00
-1.623504E-01
+1.069936E+00
-1.431619E-01
+1.061443E+00
-1.243019E-01
+1.074486E+00
-1.056588E-01
+1.087312E+00
-8.658303E-02
+1.085299E+00
-7.950197E-02
+1.083247E+00
-7.245035E-02
+1.080190E+00
-6.721370E-02
+1.077119E+00
-6.200757E-02
+1.075386E+00
-6.062824E-02
+1.073654E+00
-5.925328E-02
+1.080529E+00
-5.353514E-02
+1.087414E+00
-4.774324E-02
+1.086247E+00
-4.015022E-02
+1.085029E+00
-3.257576E-02
+1.090159E+00
-3.131317E-02
+1.095310E+00
-3.003799E-02
+1.095555E+00
-2.665184E-02
+1.095789E+00
-2.326448E-02
+1.096953E+00
-1.834534E-02
+1.098097E+00
-1.341620E-02
+1.100670E+00
-1.569025E-02
+1.103245E+00
-1.797494E-02
+1.098942E+00
-1.264353E-02
+1.094631E+00
-7.353849E-03
+1.093025E+00
-1.586303E-02
+1.091356E+00
-2.434769E-02
+1.096462E+00
-1.763548E-02
+1.101549E+00
-1.086089E-02
+1.096041E+00
-1.311673E-02
+1.090555E+00
-1.534978E-02
+1.090481E+00
-1.135065E-02
+1.090391E+00
-7.352271E-03
+1.094467E+00
-7.813225E-03
+1.098558E+00
-8.277522E-03
+1.096237E+00
-7.601623E-03
+1.093920E+00
-6.928551E-03
+1.097695E+00
-8.378567E-03
+1.101480E+00
-9.838520E-03
+1.102684E+00
-5.631874E-03
+1.103872E+00
-1.416173E-03
+1.098758E+00
-2.984581E-03
+1.093666E+00
-4.538433E-03
+1.095876E+00
-5.635533E-03
+1.098089E+00
-6.737054E-03
+1.095897E+00
-5.411251E-03
+1.093708E+00
-4.090724E-03
+1.094475E+00
-6.801848E-03
+1.095237E+00
-9.516800E-03
+1.097104E+00
-8.662162E-03
+1.098975E+00
-7.804592E-03
+1.099471E+00
-1.044597E-02
+1.099960E+00
-1.308977E-02
+1.099953E+00
-1.492745E-02
+1.099943E+00
-1.676516E-02
+1.101418E+00
-1.711262E-02
+1.102895E+00
-1.746100E-02
+1.104875E+00
-1.528826E-02
+1.106853E+00
-1.310774E-02
+1.105256E+00
-1.758372E-02
+1.103643E+00
-2.204697E-02
+1.103537E+00
-2.089771E-02
+1.103430E+00
-1.974871E-02
+1.105749E+00
-2.628014E-02
+1.108034E+00
-3.283960E-02
+1.107634E+00
-3.279396E-02
+1.107234E+00
-3.274835E-02
+1.111448E+00
-3.386577E-02
+1.115676E+00
-3.499127E-02
+1.115118E+00
-3.754378E-02
+1.114555E+00
-4.009394E-02
+1.115751E+00
-4.426610E-02
+1.116933E+00
-4.844771E-02
+1.122896E+00
-5.267444E-02
+1.128877E+00
-5.694553E-02
+1.128411E+00
-6.170901E-02
+1.127924E+00
-6.646957E-02
+1.130193E+00
-7.385786E-02
+1.132419E+00
-8.127834E-02
+1.134949E+00
-9.043272E-02
+1.137415E+00
-9.963273E-02
+1.138483E+00
-1.072603E-01
+1.139503E+00
-1.149064E-01
+1.141606E+00
-1.254455E-01
+1.143621E+00
-1.360325E-01
+1.138382E+00
-1.557344E-01
+1.132811E+00
-1.752955E-01
+1.129606E+00
-1.844127E-01
+1.126331E+00
-1.934892E-01
+1.117289E+00
-2.108259E-01
+1.108011E+00
-2.279248E-01
+1.088322E+00
-2.452908E-01
+1.068585E+00
-2.620493E-01
+1.056229E+00
-2.671508E-01
+1.043958E+00
-2.721137E-01
+1.017411E+00
-2.802239E-01
+9.913379E-01
-2.877985E-01
+9.601589E-01
-2.755691E-01
+9.299515E-01
-2.638271E-01
+9.171179E-01
-2.612061E-01
+9.044603E-01
-2.586073E-01
+8.874951E-01
-2.430784E-01
+8.707314E-01
-2.280743E-01
+8.610295E-01
-2.032602E-01
+8.509022E-01
-1.791103E-01
+8.452293E-01
-1.730210E-01
+8.395668E-01
-1.670107E-01
+8.354283E-01
-1.531641E-01
+8.311163E-01
-1.394885E-01
+8.360478E-01
-1.231252E-01
+8.406623E-01
-1.066209E-01
+8.378886E-01
-9.887855E-02
+8.350602E-01
-9.119423E-02
+8.389016E-01
-8.117242E-02
+8.426314E-01
-7.107060E-02
+8.496471E-01
-7.072683E-02
+8.567201E-01
-7.037245E-02
+8.597766E-01
-6.045602E-02
+8.627244E-01
-5.047778E-02
+8.601073E-01
-4.571528E-02
+8.574737E-01
-4.098263E-02
+8.667339E-01
-3.893613E-02
+8.760866E-01
-3.684100E-02
+8.776437E-01
-3.624181E-02
+8.792032E-01
-3.564040E-02
+8.784538E-01
-3.072001E-02
+8.776782E-01
-2.580909E-02
+8.822590E-01
-2.191382E-02
+8.868450E-01
-1.797773E-02
+8.880411E-01
-1.956973E-02
+8.892363E-01
-2.116604E-02
+8.962239E-01
-2.172216E-02
+9.032663E-01
-2.228573E-02
+8.994344E-01
-2.223203E-02
+8.956192E-01
-2.217839E-02
+9.046608E-01
-1.952300E-02
+9.137844E-01
-1.681195E-02
+9.078120E-01
-1.515116E-02
+9.018761E-01
-1.351140E-02
+8.977500E-01
-8.906612E-03
+8.936199E-01
-4.344021E-03
+8.951131E-01
-7.894786E-03
+8.965949E-01
-1.145747E-02
+9.020506E-01
-7.090990E-03
+9.075173E-01
-2.671225E-03
+8.982407E-01
-2.101322E-03
+8.890587E-01
-1.542791E-03
+9.007622E-01
+5.122646E-03
+9.125694E-01
+1.196375E-02
+9.100543E-01
+8.789247E-03
+9.075354E-01
+5.632293E-03
+9.189778E-01
+4.587679E-03
+9.305633E-01
+3.515833E-03
+9.171256E-01
+1.053600E-03
+9.038755E-01
-1.338231E-03
+9.211472E-01
+5.292658E-04
+9.387454E-01
+2.468617E-03
+9.343682E-01
-2.405199E-03
+9.299868E-01
-7.233552E-03
+9.379188E-01
-3.686279E-03
+9.459044E-01
-7.807744E-05
+9.500714E-01
+5.721026E-03
+9.542213E-01
+1.157122E-02
+9.547387E-01
+1.294925E-02
+9.552540E-01
+1.432877E-02
+9.572705E-01
-2.168030E-03
+9.590052E-01
-1.873026E-02
+9.716369E-01
-1.362665E-02
+9.844051E-01
-8.385940E-03
+9.883283E-01
-1.620303E-02
+9.922053E-01
-2.408281E-02
+9.949139E-01
-2.471549E-02
+9.976300E-01
-2.535146E-02
+1.003927E+00
-3.334392E-02
+1.010203E+00
-4.143781E-02
+1.025779E+00
-5.724122E-02
+1.041369E+00
-7.353146E-02
+1.024045E+00
-9.370314E-02
+1.006572E+00
-1.132142E-01
+9.905387E-01
-1.236589E-01
+9.746135E-01
-1.337588E-01
+9.249898E-01
-1.311119E-01
+8.778756E-01
-1.283904E-01
+8.802467E-01
-1.241813E-01
+8.826014E-01
-1.199519E-01
+8.748094E-01
-9.272222E-02
+8.663243E-01
-6.606753E-02
+8.686534E-01
-4.758612E-02
+8.705891E-01
-2.903532E-02
+8.883265E-01
-1.442860E-02
+9.061607E-01
+7.765203E-04
+9.193302E-01
+4.822710E-03
+9.326726E-01
+8.986356E-03
+9.508811E-01
-2.900303E-04
+9.693493E-01
-9.931127E-03
+9.832965E-01
-2.182069E-02
+9.973022E-01
-3.405180E-02
+1.037774E+00
-4.915123E-02
+1.079699E+00
-6.542654E-02
+1.060313E+00
-9.147574E-02
+1.040591E+00
-1.166098E-01
+1.033831E+00
-1.391483E-01
+1.026600E+00
-1.614468E-01
+1.061935E+00
-2.154833E-01
+1.096251E+00
-2.733998E-01
+1.052232E+00
-2.639578E-01
+1.009979E+00
-2.548338E-01
+9.025801E-01
-2.079819E-01
+8.062390E-01
-1.683044E-01
+8.097254E-01
-1.263131E-01
+8.110579E-01
-8.440827E-02
+8.035193E-01
-8.160420E-02
+7.960461E-01
-7.884546E-02
+8.255456E-01
-9.040634E-02
+8.560449E-01
-1.027249E-01
+8.347882E-01
-1.066620E-01
+8.140102E-01
-1.103461E-01
+8.128029E-01
-1.094140E-01
+8.115967E-01
-1.084846E-01
+8.280710E-01
-7.550631E-02
+8.433815E-01
-4.134484E-02
+8.561655E-01
-5.681073E-02
+8.688832E-01
-7.274877E-02
+8.642500E-01
-6.127871E-02
+8.595010E-01
-4.994070E-02
+8.392182E-01
-4.621273E-02
+8.194061E-01
-4.263335E-02
+8.404196E-01
-5.040636E-02
+8.619176E-01
-5.855288E-02
+8.382379E-01
-8.096667E-02
+8.145421E-01
-1.021500E-01
+8.416503E-01
-8.750851E-02
+8.692668E-01
-7.182868E-02
+8.631595E-01
-9.383832E-02
+8.565162E-01
-1.155830E-01
+8.606373E-01
-9.264268E-02
+8.641449E-01
-6.956436E-02
+8.457891E-01
-7.014765E-02
+8.278185E-01
-7.067518E-02
+8.527907E-01
-8.578445E-02
+8.783139E-01
-1.017582E-01
+8.497676E-01
-1.049438E-01
+8.221017E-01
-1.078202E-01
+8.414308E-01
-1.264584E-01
+8.609046E-01
-1.459539E-01
+8.330589E-01
-1.589983E-01
+8.057574E-01
-1.711066E-01
+8.161257E-01
-2.067342E-01
+8.253008E-01
-2.435320E-01
+7.959386E-01
-2.681739E-01
+7.663847E-01
-2.911188E-01
+7.949322E-01
-3.089551E-01
+8.244875E-01
-3.277374E-01
+8.646782E-01
-3.744425E-01
+9.058386E-01
-4.253158E-01
+9.949516E-01
-4.632085E-01
+1.092817E+00
-5.044471E-01
+1.155508E+00
-4.717579E-01
+1.218931E+00
-4.349803E-01
+1.309866E+00
-4.290562E-01
+1.406512E+00
-4.202095E-01
+1.479466E+00
-3.719538E-01
+1.553001E+00
-3.185187E-01
+1.608252E+00
-2.148878E-01
+1.657302E+00
-1.051551E-01
+1.633349E+00
+1.876492E-02
+1.600737E+00
+1.385536E-01
+1.557928E+00
+2.104007E-01
+1.512725E+00
+2.786122E-01
+1.438984E+00
+3.107288E-01
+1.367503E+00
+3.392981E-01
+1.337045E+00
+3.211326E-01
+1.307188E+00
+3.036272E-01
+1.261605E+00
+2.968507E-01
+1.217600E+00
+2.901804E-01
+1.161368E+00
+2.735952E-01
+1.107724E+00
+2.579246E-01
+1.069366E+00
+2.234632E-01
+1.031778E+00
+1.912091E-01
+9.987574E-01
+1.605131E-01
+9.662291E-01
+1.316909E-01
+9.269537E-01
+1.020715E-01
+8.886763E-01
+7.472403E-02
+8.692614E-01
+6.096604E-02
+8.501061E-01
+4.778732E-02
+8.420561E-01
+6.499164E-02
+8.337162E-01
+8.188640E-02
+8.318397E-01
+9.866075E-02
+8.296257E-01
+1.153927E-01
+8.366648E-01
+1.243701E-01
+8.436879E-01
+1.335021E-01
+8.403970E-01
+1.503835E-01
+8.367687E-01
+1.671866E-01
+8.411222E-01
+1.841734E-01
+8.451992E-01
+2.013921E-01
+8.663364E-01
+1.913480E-01
+8.877476E-01
+1.807364E-01
+8.725616E-01
+1.545424E-01
+8.570579E-01
+1.293090E-01
+8.420149E-01
+1.284300E-01
+8.272339E-01
+1.275424E-01
+8.239549E-01
+1.781618E-01
+8.176027E-01
+2.288536E-01
+8.305338E-01
+2.271532E-01
+8.436380E-01
+2.253508E-01
+8.364388E-01
+2.316429E-01
+8.292266E-01
+2.378313E-01
+8.174859E-01
+2.378414E-01
+8.058988E-01
+2.378072E-01
+8.035754E-01
+2.419184E-01
+8.012324E-01
+2.460116E-01
+7.912272E-01
+2.469939E-01
+7.813280E-01
+2.479191E-01
+7.677730E-01
+2.545924E-01
+7.543131E-01
+2.610038E-01
+7.509249E-01
+2.658162E-01
+7.475098E-01
+2.705947E-01
+7.433113E-01
+2.771661E-01
+7.390591E-01
+2.836834E-01
+7.342507E-01
+3.100188E-01
+7.285367E-01
+3.363592E-01
+7.173065E-01
+3.324450E-01
+7.062472E-01
+3.285723E-01
+6.950763E-01
+3.330509E-01
+6.839729E-01
+3.373565E-01
+6.687652E-01
+3.467600E-01
+6.535593E-01
+3.557437E-01
+6.293145E-01
+3.572878E-01
+6.057123E-01
+3.583675E-01
+5.896734E-01
+3.686792E-01
+5.735799E-01
+3.784775E-01
+5.463756E-01
+4.036351E-01
+5.182053E-01
+4.270446E-01
+4.943129E-01
+4.306729E-01
+4.708973E-01
+4.335738E-01
+4.402803E-01
+4.486102E-01
+4.095065E-01
+4.618358E-01
+3.689255E-01
+4.699141E-01
+3.292497E-01
+4.753705E-01
+2.656360E-01
+4.915320E-01
+2.028269E-01
+5.002874E-01
+1.384174E-01
+5.273257E-01
+7.040711E-02
+5.460728E-01
+1.527313E-02
+5.638967E-01
-4.276874E-02
+5.763606E-01
-1.507384E-01
+6.181325E-01
-2.755417E-01
+6.439548E-01
-4.174486E-01
+6.436008E-01
-5.705334E-01
+6.167589E-01
-7.847239E-01
+5.436378E-01
-1.004305E+00
+4.097877E-01
-1.130420E+00
+2.484249E-01
-1.233708E+00
+5.584902E-02
-1.015341E+00
-1.055095E-02
-8.330408E-01
-5.507765E-02
-6.347646E-01
-5.031878E-01
-2.294350E-01
-7.516729E-01
-9.727450E-02
-8.680014E-01
+7.084437E-02
-9.681202E-01
+8.267917E-02
-8.972899E-01
+9.242471E-02
-8.313440E-01
+9.661640E-02
-7.257315E-01
+9.828503E-02
-6.332342E-01
+1.071865E-01
-5.401994E-01
+1.114811E-01
-4.599931E-01
+1.023961E-01
-3.827253E-01
+9.326394E-02
-3.182457E-01
+3.915463E-02
-2.156978E-01
+1.072353E-02
-1.445191E-01
-6.844653E-02
-9.740038E-02
-9.420748E-02
-2.623654E-02
-1.313152E-01
-3.533950E-03
-1.722880E-01
+3.812986E-02
-2.004436E-01
+5.277856E-02
-2.328084E-01
+7.128353E-02
-2.694896E-01
+8.371623E-02
-3.119442E-01
+9.829883E-02
-3.491301E-01
+9.534825E-02
-3.901213E-01
+9.049515E-02
-4.177880E-01
+9.224726E-02
-4.473637E-01
+9.380497E-02
-4.767593E-01
+8.907808E-02
-5.078327E-01
+8.337821E-02
-5.224022E-01
+6.597428E-02
-5.366384E-01
+4.762635E-02
-5.346845E-01
+2.332609E-02
-5.316614E-01
-7.022066E-04
-5.293731E-01
-2.612225E-02
-5.258790E-01
-5.132506E-02
-5.230924E-01
-7.063331E-02
-5.195984E-01
-8.980598E-02
-5.195834E-01
-1.107646E-01
-5.187475E-01
-1.318639E-01
-5.191144E-01
-1.506313E-01
-5.188502E-01
-1.695859E-01
-5.170130E-01
-1.868316E-01
-5.146274E-01
-2.041344E-01
-5.136444E-01
-2.190498E-01
-5.122699E-01
-2.340636E-01
-5.086888E-01
-2.472198E-01
-5.047800E-01
-2.603418E-01
-5.037798E-01
-2.708066E-01
-5.025929E-01
-2.813261E-01
-5.020114E-01
-2.831861E-01
-5.014237E-01
-2.850456E-01
-5.045468E-01
-2.930631E-01
-5.076307E-01
-3.012028E-01
-5.063533E-01
-2.923794E-01
-5.049836E-01
-2.836547E-01
-4.871033E-01
-3.012893E-01
-4.687031E-01
-3.179670E-01
-3.727511E-01
-3.353878E-01
-2.864940E-01
-3.390990E-01
-2.527685E-01
-4.458939E-01
-1.917210E-01
-5.598847E-01
-5.358072E-02
-7.589027E-01
+1.836962E-01
-9.606334E-01
+1.008268E+00
-1.509939E+00
+2.815206E+00
-1.853417E+00
+3.789326E+00
+9.173776E-01
+2.215427E+00
+3.928165E+00
+1.651224E+00
+2.486164E+00
+1.209462E+00
+1.561530E+00
+1.046225E+00
+1.039216E+00
+8.749252E-01
+6.683012E-01
+7.183510E-01
+4.966443E-01
+5.878404E-01
+3.665171E-01
+5.369311E-01
+3.105664E-01
+4.897128E-01
+2.620053E-01
+4.510730E-01
+2.141279E-01
+4.143068E-01
+1.728033E-01
+3.731744E-01
+1.367441E-01
+3.353909E-01
+1.064479E-01
+2.873977E-01
+1.251438E-01
+2.431543E-01
+1.372990E-01
+1.790333E-01
+2.937744E-01
+1.604826E-02
+4.235474E-01
+1.769145E-01
+6.720873E-01
+5.230979E-01
+1.012396E+00
+7.695521E-01
+6.692139E-01
+8.611530E-01
+3.023563E-01
+7.011284E-01
+2.691180E-01
+5.702962E-01
+2.379833E-01
+5.887130E-01
+2.036382E-01
+6.050866E-01
+1.679274E-01
+5.976440E-01
+1.293117E-01
+5.882429E-01
+9.218951E-02
+5.811032E-01
+8.338560E-02
+5.739525E-01
+7.479714E-02
+5.710760E-01
+6.916471E-02
+5.681663E-01
+6.359302E-02
+5.771812E-01
+6.450360E-02
+5.863389E-01
+6.542708E-02
+6.099919E-01
+6.452240E-02
+6.345778E-01
+6.344061E-02
+6.595438E-01
-5.740149E-05
+6.786972E-01
-6.797068E-02
+6.263934E-01
-8.713605E-02
+5.772518E-01
-1.030307E-01
+5.424830E-01
-7.956226E-02
+5.093079E-01
-5.863642E-02
+4.986064E-01
-4.604397E-02
+4.878796E-01
-3.398363E-02
+4.794776E-01
-2.498909E-02
+4.710761E-01
-1.630428E-02
+4.669027E-01
-1.265020E-02
+4.627400E-01
-9.060493E-03
+4.577380E-01
-5.432184E-03
+4.527630E-01
-1.881790E-03
+4.481743E-01
+3.152141E-03
+4.435765E-01
+8.083994E-03
+4.364683E-01
+1.086163E-02
+4.294551E-01
+1.354851E-02
+4.183621E-01
+1.665662E-02
+4.075279E-01
+1.959600E-02
+3.936712E-01
+2.382173E-02
+3.802273E-01
+2.774026E-02
+3.656349E-01
+2.983883E-02
+3.515764E-01
+3.173738E-02
+3.332312E-01
+3.833125E-02
+3.156511E-01
+4.416790E-02
+2.864482E-01
+5.123801E-02
+2.595602E-01
+5.667599E-02
+1.956446E-01
+9.230064E-02
+1.384282E-01
+1.089177E-01
+1.976835E-01
+2.130890E-01
+2.675274E-01
+3.981124E-01
+3.548825E-01
+2.727469E-01
+3.949342E-01
+1.359039E-01
+3.220354E-01
+6.995516E-02
+2.588122E-01
+2.502300E-02
+2.238954E-01
+1.598881E-02
+1.935667E-01
+8.948652E-03
+1.698133E-01
-9.851719E-02
+9.064893E-02
-1.770463E-01
+2.468079E-02
-2.129448E-01
-5.546430E-02
-2.242835E-01
-9.651949E-04
-1.170905E-01
+1.329498E-02
-5.783681E-02
+4.633062E-02
-8.008160E-02
+1.057547E-01
-9.807841E-02
+1.347071E-01
-1.081567E-01
+1.701557E-01
-1.177285E-01
+2.103112E-01
-1.229337E-01
+2.579170E-01
-1.254411E-01
+2.955862E-01
-1.307301E-01
+3.382245E-01
-1.351471E-01
+3.680972E-01
-1.493960E-01
+4.005949E-01
-1.651134E-01
+4.372070E-01
-1.657788E-01
+4.767213E-01
-1.653697E-01
+5.127297E-01
-1.647008E-01
+5.511337E-01
-1.630999E-01
+5.871945E-01
-1.622962E-01
+6.253947E-01
-1.607542E-01
+6.609016E-01
-1.627752E-01
+6.983484E-01
-1.645268E-01
+7.365736E-01
-1.683493E-01
+7.768549E-01
-1.721059E-01
+8.280014E-01
-1.930819E-01
+8.824013E-01
-2.160994E-01
+8.912557E-01
-2.694238E-01
+8.974005E-01
-3.244818E-01
+8.741027E-01
-3.169594E-01
+8.514093E-01
-3.096094E-01
+8.828517E-01
-2.796856E-01
+9.136809E-01
-2.477745E-01
+9.884189E-01
-2.544604E-01
+1.069082E+00
-2.606333E-01
+1.137713E+00
-3.568416E-01
+1.205173E+00
-4.656879E-01
+9.044729E-01
-5.172659E-01
+6.584786E-01
-5.219671E-01
+8.283120E-01
-3.933408E-01
+9.773158E-01
-2.148757E-01
+1.054034E+00
-1.893760E-01
+1.135023E+00
-1.589340E-01
+1.251903E+00
-1.469747E-01
+1.380127E+00
-1.309640E-01
+1.531424E+00
-2.812147E-01
+1.686046E+00
-4.640927E-01
+1.384843E+00
-5.985254E-01
+1.111405E+00
-6.772844E-01
+1.133784E+00
-4.973750E-01
+1.132034E+00
-3.249239E-01
+1.243527E+00
-1.856511E-01
+1.342059E+00
-2.266458E-02
+1.313123E+00
+9.911598E-02
+1.273852E+00
+2.154705E-01
+1.179235E+00
+1.898559E-01
+1.091575E+00
+1.668696E-01
+1.017723E+00
+6.787793E-02
+9.419824E-01
-1.743008E-02
+9.001509E-01
-1.654057E-01
+8.366960E-01
-3.006389E-01
+8.207041E-01
-5.175361E-01
+7.525473E-01
-7.448858E-01
+5.309774E-01
-1.170771E+00
+9.523197E-02
-1.557867E+00
-7.819089E-01
-1.246570E+00
-1.283520E+00
-5.265683E-01
-9.159576E-01
+3.033930E-02
-5.436686E-01
+2.663439E-01
-3.771120E-01
+2.752697E-01
-2.494264E-01
+2.596835E-01
-1.617214E-01
+4.327199E-01
+2.958312E-02
+5.919276E-01
+2.284071E-01
+4.358703E-01
+3.239337E-01
+2.490105E-01
+2.962177E-01
+2.016463E-01
+2.695557E-01
+1.615771E-01
+3.162814E-01
+2.467125E-01
+3.622000E-01
+3.618472E-01
+3.828111E-01
+3.980542E-01
+4.042582E-01
+4.375466E-01
+6.972342E-01
+6.178599E-01
+1.181222E+00
+8.527869E-01
+1.623442E+00
+5.765873E-01
+2.033893E+00
+1.165207E-01
+2.575622E+00
-5.508929E-01
+3.022574E+00
-1.568408E+00
+3.167669E+00
-2.947121E+00
+2.876893E+00
-4.684375E+00
+1.006446E+00
-6.058087E+00
-1.507170E+00
-6.692790E+00
-3.072318E+00
-4.663272E+00
-3.680594E+00
-2.667687E+00
-3.261665E+00
-1.539264E+00
-2.769248E+00
-7.209808E-01
-2.595958E+00
-3.988460E-01
-2.407561E+00
-1.209614E-01
-2.345060E+00
+1.137103E-02
-2.277267E+00
+1.365666E-01
-2.390509E+00
+2.307110E-01
-2.506044E+00
+3.340812E-01
-2.845859E+00
+5.022074E-01
-3.225837E+00
+7.105754E-01
-4.647769E+00
+1.226959E+00
-6.684281E+00
+2.063204E+00
-5.757743E+00
-3.737262E+00
-8.059768E-01
-6.687222E+00
-1.003287E+00
-2.871764E+00
-7.207388E-01
-1.169595E+00
-7.647707E-01
+1.430378E-02
-2.097076E-01
+3.706629E-01
-1.148702E-01
+6.849872E-01
+2.056490E-01
+1.113913E+00
+6.223617E-01
+1.474475E+00
+1.306948E+00
+1.845310E+00
+2.217780E+00
+1.654627E+00
+3.206008E+00
+1.088886E+00
+3.793070E+00
+7.200397E-01
+4.397330E+00
+2.102710E-01
+1.512905E+01
-5.046634E+00
+4.449757E+01
-3.685374E+01
-1.284818E+00
-1.410795E+01
-3.031281E+00
-1.695863E+00
-1.927169E+00
-1.026495E+00
-1.224548E+00
-6.201316E-01
-1.035241E+00
-3.505997E-01
-8.555979E-01
-1.595099E-01
+4.106653E-02
-3.296369E-01
+1.265300E-01
+8.054277E-03
+2.163431E-01
-1.141911E-01
+2.410187E-01
-4.058339E-01
+2.323080E-01
-5.480341E-01
+1.972914E-01
-7.242500E-01
+2.162882E-02
-7.101427E-01
-1.369285E-01
-6.583640E-01
-1.817881E-01
-5.158776E-01
-2.024967E-01
-3.961491E-01
-1.318267E-01
-3.297070E-01
-8.054449E-02
-2.717119E-01
+1.691843E-03
-2.615141E-01
+7.157598E-02
-2.304709E-01
+1.026592E-01
-3.398914E-01
+1.471338E-01
-5.012282E-01
+6.766121E-02
-4.544131E-01
+4.080127E-03
-4.040346E-01
+6.145424E-02
-3.179118E-01
+9.426840E-02
-2.417513E-01
+1.706456E-01
-1.847022E-01
+2.193437E-01
-1.061928E-01
+2.354157E-01
-1.113955E-01
+2.526409E-01
-1.168022E-01
+2.837734E-01
-1.064778E-01
+3.167498E-01
-9.275611E-02
+4.656661E-01
-1.046413E-01
+6.816674E-01
-1.080569E-01
+6.450520E-01
-3.652994E-01
+5.113851E-01
-6.102911E-01
+5.526484E-01
-5.711478E-01
+5.909396E-01
-5.292348E-01
+6.748739E-01
-5.978528E-01
+7.706896E-01
-6.753229E-01
+8.528932E-01
-8.156220E-01
+9.404441E-01
-9.811646E-01
+1.248962E+00
-1.232635E+00
+1.656166E+00
-1.546139E+00
+1.971030E+00
-4.027099E+00
+8.026358E-01
-8.836123E+00
-4.296338E+00
-4.586013E+00
-4.449401E+00
+1.129750E-01
-3.290637E+00
+2.185412E-01
-2.429559E+00
+2.615625E-01
-2.058936E+00
+1.284012E-01
-1.741311E+00
+3.016130E-02
-1.722738E+00
-8.198722E-02
-1.697182E+00
-1.916228E-01
-1.969105E+00
-7.340218E-01
-2.132261E+00
-1.462506E+00
-2.045377E+00
-2.363472E+00
-1.667759E+00
-3.390427E+00
+1.839153E+00
-8.849913E+00
+1.648501E+01
-1.399395E+01
+6.146155E+00
-4.995360E-01
+1.506762E+00
+9.065851E-01
+3.710218E-01
+1.089039E+00
-2.739074E-01
+7.011293E-01
-3.273570E-01
+6.243898E-01
-3.691900E-01
+5.474361E-01
-3.958036E-01
+3.740959E-01
-3.859885E-01
+2.297812E-01
-4.679363E-01
+1.485737E-01
-5.349592E-01
+4.176947E-02
-6.386010E-01
-1.107599E-01
-7.143876E-01
-3.202159E-01
-8.900002E-01
-2.884716E-01
-1.094561E+00
-2.281451E-01
-1.210394E+00
-3.200579E-01
-1.334465E+00
-4.297073E-01
-1.368500E+00
-1.137800E-01
-1.330851E+00
+1.951803E-01
-1.114095E+00
+1.513619E-01
-9.325358E-01
+1.166551E-01
-8.341900E-01
+9.591107E-02
-7.461409E-01
+7.825424E-02
-6.091081E-01
-7.420446E-02
-4.719645E-01
-1.706518E-01
-5.071157E-01
-3.805594E-01
-4.720181E-01
-6.471349E-01
-7.054178E-01
-5.414649E-01
-9.209267E-01
-3.558211E-01
-9.035188E-01
-1.841378E-01
-8.607303E-01
-2.875146E-02
-7.999555E-01
+9.739865E-02
-7.255935E-01
+2.052806E-01
-7.392780E-01
+2.604347E-01
-7.498650E-01
+3.185455E-01
-7.710120E-01
+3.562282E-01
-7.918249E-01
+3.961781E-01
-8.215829E-01
+3.433784E-01
-8.478311E-01
+2.883660E-01
-9.550523E-01
+2.909691E-01
-1.074620E+00
+2.900311E-01
-1.115139E+00
+2.588629E-01
-1.155648E+00
+2.253468E-01
-1.327087E+00
+1.130219E-01
-1.506248E+00
-3.413538E-02
-1.596144E+00
+2.164404E-01
-1.649062E+00
+4.960882E-01
