#I+1.668000E+03
+1.000000E+00
+8.010000E+02
+8.010000E+02
+1.000000E+01
+2.000000E+00
+3.000000E+00
+0.000000E+00
+1.000000E+00
+2.000000E+00
+5.000000E+00
+1.000000E+00
+2.497000E+03
-1.092400E+04
+2.025600E+04
-1.299100E+04
-1.119200E+04
+0.000000E+00
+0.000000E+00
+0.000000E+00
+0.000000E+00
+0.000000E+00
+0.000000E+00
+0.000000E+00
+0.000000E+00
+0.000000E+00
+0.000000E+00
+0.000000E+00
+0.000000E+00
+0.000000E+00
+0.000000E+00
+0.000000E+00
+0.000000E+00
+0.000000E+00
+0.000000E+00
+0.000000E+00
+1.000000E+00
+1.000000E+00
+1.000000E+00
+0.000000E+00
+0.000000E+00
+1.000000E+00
+0.000000E+00
+1.000000E+00
+2.000000E+00
+3.000000E+00
+4.500000E+01
+4.500000E+01
+0.000000E+00
+0.000000E+00
+2.000000E+00
+0.000000E+00
+0.000000E+00
+0.000000E+00
+8.000000E+02
+0.000000E+00
+2.499999E-03
+7.943292E-04
+0.000000E+00
+0.000000E+00
+0.000000E+00
+1.000000E+00
+1.000000E+00
+0.000000E+00
+0.000000E+00
+9.9999904632568339E+00
+9.9999904632568339E+00
+5.266229E-01
+1.166573E+00
+7.474159E-01
+1.367125E+00
+1.034013E+00
+1.590072E+00
+9.735423E-01
+1.895233E+00
+8.710447E-01
+2.229330E+00
+8.446101E-01
+2.048262E+00
+8.170222E-01
+1.881138E+00
+1.315397E+00
+2.030141E+00
+1.924127E+00
+2.106844E+00
+2.634050E+00
+6.313947E-01
+2.406425E+00
-9.062344E-01
+4.309306E+00
+1.122880E+00
+4.973149E+00
+5.894427E+00
+2.898971E+00
+3.369186E+00
+1.689507E+00
+1.925470E+00
+1.067966E+00
+2.187345E+00
+4.327127E-01
+2.272171E+00
+2.234070E+00
+2.276838E+00
+4.305018E+00
+9.047559E-01
+3.338674E+00
+1.710736E+00
+2.362729E+00
+2.156897E+00
+2.057471E+00
+2.456658E+00
+1.714413E+00
+2.713469E+00
+1.732426E+00
+2.599071E+00
+1.747230E+00
+2.487349E+00
+4.209184E+00
+2.176397E+00
+7.386851E+00
-2.974338E-02
+6.627038E+00
+1.901762E+00
+5.441941E+00
+3.434205E+00
+5.911841E+00
+3.709136E+00
+6.422255E+00
+4.005977E+00
+8.339529E+00
+2.695258E+00
+1.012486E+01
+6.842507E-01
+6.179059E+00
+4.013497E+00
+2.499691E+00
+4.729831E+00
+3.929841E+00
+3.583992E+00
+4.882312E+00
+2.030863E+00
+3.956748E+00
+2.231395E+00
+3.146785E+00
+2.307809E+00
+3.669077E+00
+1.536908E+00
+4.002896E+00
+6.483279E-01
+4.985778E+00
+1.922168E+00
+5.907552E+00
+3.831469E+00
+4.797234E+00
+1.599215E+00
+3.623149E+00
+2.474186E-01
+4.256307E+00
+7.420557E-01
+4.944129E+00
+1.405838E+00
+5.475339E+00
+1.212847E+00
+6.041471E+00
+9.684540E-01
+5.404206E+00
-3.299187E-01
+4.603242E+00
-1.328141E+00
+3.155529E+00
-2.350126E+00
+1.747457E+00
-2.717847E+00
+1.949287E+00
-2.777173E+00
+2.163578E+00
-2.830817E+00
+1.311801E+00
-3.252183E+00
+3.933484E-01
-3.429015E+00
+7.550345E-01
-2.573930E+00
+9.188562E-01
-1.871228E+00
+8.007060E-01
-1.854727E+00
+6.871274E-01
-1.833156E+00
+7.683893E-01
-1.454504E+00
+7.956949E-01
-1.130239E+00
+7.713130E-01
-1.022875E+00
+7.454749E-01
-9.241578E-01
+7.675212E-01
-8.469142E-01
+7.844368E-01
-7.714621E-01
+8.149153E-01
-6.997134E-01
+8.398725E-01
-6.278192E-01
+8.670305E-01
-5.441336E-01
+8.868068E-01
-4.605533E-01
+8.883558E-01
-4.234623E-01
+8.886319E-01
-3.869031E-01
+9.074896E-01
-3.544471E-01
+9.251829E-01
-3.211204E-01
+9.493257E-01
-2.874363E-01
+9.723915E-01
-2.523679E-01
+9.840931E-01
-2.418531E-01
+9.957586E-01
-2.310947E-01
+1.004283E+00
-2.131272E-01
+1.012501E+00
-1.949230E-01
+1.020121E+00
-1.741668E-01
+1.027327E+00
-1.531778E-01
+1.032603E+00
-1.438286E-01
+1.037808E+00
-1.343941E-01
+1.042062E+00
-1.273147E-01
+1.046281E+00
-1.201821E-01
+1.051714E+00
-1.061163E-01
+1.056973E+00
-9.192462E-02
+1.066424E+00
-8.414318E-02
+1.075889E+00
-7.622127E-02
+1.073588E+00
-7.447363E-02
+1.071289E+00
-7.273327E-02
+1.081481E+00
-6.569810E-02
+1.091714E+00
-5.852623E-02
+1.087854E+00
-5.288883E-02
+1.083980E+00
-4.729203E-02
+1.086760E+00
-4.569609E-02
+1.089545E+00
-4.409175E-02
+1.094766E+00
-4.165585E-02
+1.100006E+00
-3.919586E-02
+1.100972E+00
-3.843810E-02
+1.101939E+00
-3.767902E-02
+1.100440E+00
-3.845913E-02
+1.098942E+00
-3.923706E-02
+1.103778E+00
-3.254730E-02
+1.108592E+00
-2.579945E-02
+1.112149E+00
-2.399282E-02
+1.115714E+00
-2.217441E-02
+1.113518E+00
-1.923469E-02
+1.111318E+00
-1.630661E-02
+1.110754E+00
-1.958347E-02
+1.110181E+00
-2.285716E-02
+1.113517E+00
-1.997840E-02
+1.116855E+00
-1.708230E-02
+1.120028E+00
-1.562418E-02
+1.123208E+00
-1.415766E-02
+1.122641E+00
-1.987631E-02
+1.122045E+00
-2.558956E-02
+1.127588E+00
-2.018512E-02
+1.133130E+00
-1.472728E-02
+1.129506E+00
-1.576742E-02
+1.125893E+00
-1.680076E-02
+1.126293E+00
-1.813463E-02
+1.126693E+00
-1.946949E-02
+1.129759E+00
-2.155414E-02
+1.132831E+00
-2.365006E-02
+1.131762E+00
-2.457223E-02
+1.130693E+00
-2.549266E-02
+1.133251E+00
-2.330451E-02
+1.135810E+00
-2.110641E-02
+1.137500E+00
-2.643217E-02
+1.139167E+00
-3.177420E-02
+1.141066E+00
-3.146923E-02
+1.142970E+00
-3.116320E-02
+1.145609E+00
-3.118569E-02
+1.148252E+00
-3.120812E-02
+1.147751E+00
-3.390469E-02
+1.147243E+00
-3.659908E-02
+1.148986E+00
-3.880499E-02
+1.150728E+00
-4.101761E-02
+1.153797E+00
-4.394843E-02
+1.156868E+00
-4.689483E-02
+1.157793E+00
-5.171520E-02
+1.158698E+00
-5.654406E-02
+1.157734E+00
-5.964876E-02
+1.156763E+00
-6.274872E-02
+1.161669E+00
-6.592862E-02
+1.166589E+00
-6.913473E-02
+1.169755E+00
-7.561792E-02
+1.172896E+00
-8.213781E-02
+1.172950E+00
-8.739327E-02
+1.172981E+00
-9.265082E-02
+1.181920E+00
-1.022720E-01
+1.190860E+00
-1.120398E-01
+1.189392E+00
-1.218481E-01
+1.187844E+00
-1.316397E-01
+1.191050E+00
-1.415260E-01
+1.194190E+00
-1.514731E-01
+1.195011E+00
-1.687271E-01
+1.195591E+00
-1.860355E-01
+1.194362E+00
-1.964720E-01
+1.193043E+00
-2.069010E-01
+1.187469E+00
-2.248782E-01
+1.181629E+00
-2.427336E-01
+1.168264E+00
-2.729809E-01
+1.154166E+00
-3.026943E-01
+1.140993E+00
-3.126355E-01
+1.127826E+00
-3.223485E-01
+1.108422E+00
-3.398127E-01
+1.088917E+00
-3.567047E-01
+1.049823E+00
-3.724656E-01
+1.011456E+00
-3.868567E-01
+9.883719E-01
-3.895164E-01
+9.657007E-01
-3.918965E-01
+9.342650E-01
-3.827526E-01
+9.038411E-01
-3.737934E-01
+8.726047E-01
-3.502380E-01
+8.423408E-01
-3.279082E-01
+8.286329E-01
-3.105567E-01
+8.149995E-01
-2.937412E-01
+8.009513E-01
-2.774633E-01
+7.870093E-01
-2.617087E-01
+7.902499E-01
-2.378820E-01
+7.927939E-01
-2.140907E-01
+7.848478E-01
-1.995650E-01
+7.768012E-01
-1.853575E-01
+7.767740E-01
-1.695482E-01
+7.764426E-01
-1.538127E-01
+7.791587E-01
-1.400769E-01
+7.816313E-01
-1.262932E-01
+7.834254E-01
-1.139031E-01
+7.850235E-01
-1.014879E-01
+7.917751E-01
-9.608205E-02
+7.985355E-01
-9.058215E-02
+8.029161E-01
-8.387439E-02
+8.072565E-01
-7.709761E-02
+8.049549E-01
-6.973715E-02
+8.025969E-01
-6.242401E-02
+8.065756E-01
-5.971742E-02
+8.105629E-01
-5.698337E-02
+8.209091E-01
-5.611192E-02
+8.313843E-01
-5.520920E-02
+8.326603E-01
-4.800355E-02
+8.338746E-01
-4.077987E-02
+8.363992E-01
-3.653405E-02
+8.389088E-01
-3.226329E-02
+8.391109E-01
-3.759358E-02
+8.392793E-01
-4.292773E-02
+8.480986E-01
-3.493915E-02
+8.569263E-01
-2.678226E-02
+8.586160E-01
-2.664475E-02
+8.603092E-01
-2.650661E-02
+8.556000E-01
-2.814200E-02
+8.509124E-01
-2.975883E-02
+8.658882E-01
-2.643019E-02
+8.811105E-01
-2.297575E-02
+8.679508E-01
-2.285663E-02
+8.549875E-01
-2.273596E-02
+8.591121E-01
-1.868336E-02
+8.632363E-01
-1.459167E-02
+8.705927E-01
-2.443029E-02
+8.779028E-01
-3.443740E-02
+8.788801E-01
-2.637819E-02
+8.797837E-01
-1.830393E-02
+8.830117E-01
-7.095867E-03
+8.861073E-01
+4.191673E-03
+8.872541E-01
-7.491562E-03
+8.882485E-01
-1.920433E-02
+8.885616E-01
-1.355198E-02
+8.888386E-01
-7.896414E-03
+8.936962E-01
-1.165960E-02
+8.985647E-01
-1.546382E-02
+9.045805E-01
-1.669941E-02
+9.106353E-01
-1.795087E-02
+9.145282E-01
-8.985223E-03
+9.183477E-01
+5.563917E-05
+9.219917E-01
-1.511111E-03
+9.256474E-01
-3.090295E-03
+9.387120E-01
-6.466107E-03
+9.519490E-01
-9.936633E-03
+9.519764E-01
-1.824917E-02
+9.519311E-01
-2.656293E-02
+9.546386E-01
-2.707202E-02
+9.573537E-01
-2.758380E-02
+9.879128E-01
-3.790956E-02
+1.019354E+00
-4.886910E-02
+1.042170E+00
-4.739689E-02
+1.065490E+00
-4.583462E-02
+1.079958E+00
-5.819713E-02
+1.094492E+00
-7.089244E-02
+1.093395E+00
-1.228621E-01
+1.089836E+00
-1.748872E-01
+1.066018E+00
-1.962287E-01
+1.042155E+00
-2.166449E-01
+1.074342E+00
-3.129624E-01
+1.100135E+00
-4.165588E-01
+1.002697E+00
-4.113567E-01
+9.130906E-01
-4.041110E-01
+8.305939E-01
-3.763258E-01
+7.554809E-01
-3.502937E-01
+7.268315E-01
-3.002996E-01
+6.978007E-01
-2.542743E-01
+6.833299E-01
-2.237657E-01
+6.683534E-01
-1.947068E-01
+6.765180E-01
-1.549788E-01
+6.823374E-01
-1.149636E-01
+6.958846E-01
-8.799358E-02
+7.084814E-01
-6.011286E-02
+7.219032E-01
-4.019759E-02
+7.349580E-01
-1.955888E-02
+7.656566E-01
-1.083441E-02
+7.975138E-01
-1.350266E-03
+8.310979E-01
+1.556648E-02
+8.657352E-01
+3.390978E-02
+8.885015E-01
+3.370497E-02
+9.118651E-01
+3.346602E-02
+9.240523E-01
-3.384720E-03
+9.348791E-01
-4.117057E-02
+9.674071E-01
-2.451672E-02
+1.000717E+00
-6.669545E-03
+1.046117E+00
-3.147022E-02
+1.092978E+00
-5.851147E-02
+1.097266E+00
-1.359356E-01
+1.096134E+00
-2.142574E-01
+1.145682E+00
-2.564967E-01
+1.196538E+00
-3.022990E-01
+1.134785E+00
-3.877094E-01
+1.068203E+00
-4.655240E-01
+1.050132E+00
-5.182804E-01
+1.029474E+00
-5.703785E-01
+9.070521E-01
-5.959782E-01
+7.927011E-01
-6.110183E-01
+6.892501E-01
-5.867204E-01
+5.968674E-01
-5.602330E-01
+5.719479E-01
-5.465213E-01
+5.479857E-01
-5.330564E-01
+4.984302E-01
-4.546710E-01
+4.525022E-01
-3.869340E-01
+4.581924E-01
-3.708741E-01
+4.633951E-01
-3.548270E-01
+4.964910E-01
-3.255916E-01
+5.278986E-01
-2.934729E-01
+5.204633E-01
-2.607312E-01
+5.119482E-01
-2.295118E-01
+5.298344E-01
-2.254480E-01
+5.481082E-01
-2.209264E-01
+5.357016E-01
-2.121890E-01
+5.235544E-01
-2.037430E-01
+5.339478E-01
-1.734557E-01
+5.425921E-01
-1.426466E-01
+5.230709E-01
-1.481209E-01
+5.040580E-01
-1.530676E-01
+5.161975E-01
-1.402231E-01
+5.281333E-01
-1.268218E-01
+5.135661E-01
-1.414723E-01
+4.988114E-01
-1.553595E-01
+5.168556E-01
-1.515087E-01
+5.353886E-01
-1.472269E-01
+5.108560E-01
-1.432767E-01
+4.874342E-01
-1.393832E-01
+4.808241E-01
-1.287577E-01
+4.741587E-01
-1.184361E-01
+4.697664E-01
-1.023225E-01
+4.649671E-01
-8.660899E-02
+4.643791E-01
-6.584494E-02
+4.629053E-01
-4.529845E-02
+4.652290E-01
-4.792089E-02
+4.675519E-01
-5.056971E-02
+4.592822E-01
-3.482548E-02
+4.506924E-01
-1.967283E-02
+4.504251E-01
-5.620665E-02
+4.472004E-01
-9.282629E-02
+4.421652E-01
-9.470855E-02
+4.371683E-01
-9.654044E-02
+4.439142E-01
-1.475913E-01
+4.454067E-01
-2.013778E-01
+4.579663E-01
-2.614496E-01
+4.653649E-01
-3.272424E-01
+5.309356E-01
-3.821524E-01
+6.056343E-01
-4.461178E-01
+6.861237E-01
-4.650921E-01
+7.755705E-01
-4.825115E-01
+8.777164E-01
-4.483557E-01
+9.844414E-01
-4.023544E-01
+9.838046E-01
-3.554248E-01
+9.812726E-01
-3.093306E-01
+9.685484E-01
-2.581306E-01
+9.539252E-01
-2.088573E-01
+9.387518E-01
-1.953238E-01
+9.237152E-01
-1.821909E-01
+8.946887E-01
-1.655516E-01
+8.664502E-01
-1.498027E-01
+8.335277E-01
-1.448589E-01
+8.018557E-01
-1.400746E-01
+7.735656E-01
-1.416709E-01
+7.462217E-01
-1.429892E-01
+7.145434E-01
-1.396029E-01
+6.842004E-01
-1.362481E-01
+6.675054E-01
-1.238375E-01
+6.511017E-01
-1.119744E-01
+6.296323E-01
-1.080777E-01
+6.088711E-01
-1.043162E-01
+5.961391E-01
-8.840837E-02
+5.833729E-01
-7.317160E-02
+5.848454E-01
-6.280343E-02
+5.861333E-01
-5.240602E-02
+5.957044E-01
-3.036271E-02
+6.045442E-01
-7.664897E-03
+6.080052E-01
+5.855097E-03
+6.111818E-01
+1.952629E-02
+6.124631E-01
+2.787772E-02
+6.136340E-01
+3.626769E-02
+6.174935E-01
+4.564985E-02
+6.212414E-01
+5.515663E-02
+6.262008E-01
+6.277417E-02
+6.311174E-01
+7.051714E-02
+6.332587E-01
+7.435243E-02
+6.353868E-01
+7.821520E-02
+6.360367E-01
+8.499511E-02
+6.366178E-01
+9.179737E-02
+6.431044E-01
+1.270355E-01
+6.478466E-01
+1.632432E-01
+6.653656E-01
+1.677348E-01
+6.833583E-01
+1.723499E-01
+6.899990E-01
+1.663754E-01
+6.966234E-01
+1.602888E-01
+6.920649E-01
+1.614260E-01
+6.875299E-01
+1.625430E-01
+6.903976E-01
+1.594126E-01
+6.932572E-01
+1.562580E-01
+6.923617E-01
+1.575885E-01
+6.914645E-01
+1.589161E-01
+6.927710E-01
+1.629411E-01
+6.940609E-01
+1.669852E-01
+6.964227E-01
+1.682051E-01
+6.987916E-01
+1.694315E-01
+7.076908E-01
+1.762187E-01
+7.166747E-01
+1.831582E-01
+7.179902E-01
+1.881969E-01
+7.192792E-01
+1.932609E-01
+7.187549E-01
+1.966141E-01
+7.182148E-01
+1.999666E-01
+7.099827E-01
+2.045825E-01
+7.017835E-01
+2.090833E-01
+7.069193E-01
+2.174349E-01
+7.120315E-01
+2.259158E-01
+7.157520E-01
+2.253292E-01
+7.194878E-01
+2.247315E-01
+7.188671E-01
+2.285357E-01
+7.182265E-01
+2.323395E-01
+7.215859E-01
+2.372542E-01
+7.249423E-01
+2.422160E-01
+7.205404E-01
+2.359264E-01
+7.161361E-01
+2.297137E-01
+7.164861E-01
+2.326525E-01
+7.168263E-01
+2.355974E-01
+7.104984E-01
+2.426255E-01
+7.041221E-01
+2.495456E-01
+6.982757E-01
+2.799026E-01
+6.911503E-01
+3.102085E-01
+6.665181E-01
+3.418646E-01
+6.405669E-01
+3.718563E-01
+6.031071E-01
+4.173937E-01
+5.625518E-01
+4.594020E-01
+5.645014E-01
+5.593613E-01
+5.561384E-01
+6.684345E-01
+5.495854E-01
+8.342861E-01
+5.209104E-01
+1.022818E+00
+7.632347E-01
+1.622065E+00
+1.112262E+00
+2.569328E+00
-2.011612E+00
+6.698640E+00
-1.462665E+01
+9.557573E+00
-4.075769E-01
+4.705087E+00
+9.326189E-01
+8.716253E-01
+1.167144E+00
+2.120551E-01
+1.018682E+00
-4.212990E-01
+8.920136E-01
-3.984893E-01
+7.803627E-01
-3.751416E-01
+6.238016E-01
-3.282261E-01
+4.978142E-01
-2.854376E-01
+4.170790E-01
-2.183650E-01
+3.487845E-01
-1.659149E-01
+2.859616E-01
-1.389141E-01
+2.344348E-01
-1.162666E-01
+1.501532E-01
-7.736774E-02
+9.614293E-02
-5.142496E-02
+5.285718E-02
+5.136273E-03
+2.003308E-02
+1.636289E-02
+7.707740E-05
+5.935907E-02
-1.052758E-01
+8.644538E-02
-1.416925E-01
+1.040696E-01
-1.898512E-01
+1.242452E-01
-2.314180E-01
+1.332382E-01
-2.808629E-01
+1.410137E-01
-3.206747E-01
+1.495202E-01
-3.657550E-01
+1.577931E-01
-4.022773E-01
+1.496092E-01
-4.411253E-01
+1.387874E-01
-4.788201E-01
+1.292416E-01
-5.187913E-01
+1.173484E-01
-5.503451E-01
+9.850295E-02
-5.825802E-01
+7.721107E-02
-5.968014E-01
+5.225504E-02
-6.101552E-01
+2.619566E-02
-6.106716E-01
+3.850982E-03
-6.103700E-01
-1.849644E-02
-5.995709E-01
-4.137512E-02
-5.880813E-01
-6.346516E-02
-5.568420E-01
-8.959402E-02
-5.257992E-01
-1.129258E-01
-5.081629E-01
-1.285265E-01
-4.904345E-01
-1.431004E-01
-4.773197E-01
-1.610357E-01
-4.636654E-01
-1.781692E-01
-4.534978E-01
-1.910188E-01
-4.430255E-01
-2.034220E-01
-4.354717E-01
-2.121982E-01
-4.277672E-01
-2.207439E-01
-4.166247E-01
-2.292581E-01
-4.053969E-01
-2.373728E-01
-3.976168E-01
-2.424086E-01
-3.898173E-01
-2.472625E-01
-3.856760E-01
-2.441218E-01
-3.815783E-01
-2.410202E-01
-3.808656E-01
-2.433043E-01
-3.801402E-01
-2.455880E-01
-3.632912E-01
-2.243849E-01
-3.469910E-01
-2.047065E-01
-3.526055E-01
-2.155026E-01
-3.581912E-01
-2.266652E-01
-2.672449E-01
-2.720886E-01
-1.782514E-01
-2.932097E-01
-1.541056E-01
-3.764150E-01
-1.103557E-01
-4.693254E-01
+1.529017E-02
-6.567482E-01
+2.452125E-01
-8.608607E-01
+1.085296E+00
-1.479110E+00
+3.140490E+00
-2.067684E+00
+3.883841E+00
+1.351651E+00
+1.409342E+00
+4.271075E+00
+1.341277E+00
+2.584393E+00
+1.123805E+00
+1.513410E+00
+1.039178E+00
+1.035272E+00
+9.189802E-01
+6.770481E-01
+7.662063E-01
+4.945635E-01
+6.353809E-01
+3.565822E-01
+5.822640E-01
+2.985870E-01
+5.326363E-01
+2.483301E-01
+4.899793E-01
+1.959108E-01
+4.491064E-01
+1.510557E-01
+3.972196E-01
+1.304152E-01
+3.513070E-01
+1.125345E-01
+2.894292E-01
+1.348529E-01
+2.338661E-01
+1.472864E-01
+1.743700E-01
+3.172674E-01
-1.749291E-03
+4.742094E-01
+1.256626E-01
+6.790665E-01
+3.633562E-01
+9.377810E-01
+6.790935E-01
+6.837195E-01
+8.587092E-01
+3.394415E-01
+7.252213E-01
+2.899035E-01
+6.124736E-01
+2.475685E-01
+6.134788E-01
+1.998858E-01
+6.112402E-01
+1.533577E-01
+6.067866E-01
+1.231428E-01
+6.010624E-01
+9.368689E-02
+5.780512E-01
+8.717419E-02
+5.559071E-01
+8.102502E-02
+5.543693E-01
+7.494511E-02
+5.527755E-01
+6.890698E-02
+5.573200E-01
+7.005905E-02
+5.619012E-01
+7.122551E-02
+5.841056E-01
+7.469584E-02
+6.071867E-01
+7.832934E-02
+6.339456E-01
+2.957730E-02
+6.574691E-01
-2.305439E-02
+6.208523E-01
-4.867191E-02
+5.851759E-01
-7.140304E-02
+5.533877E-01
-5.951872E-02
+5.232185E-01
-4.872803E-02
+5.110763E-01
-3.813807E-02
+4.990469E-01
-2.802915E-02
+4.904971E-01
-1.966002E-02
+4.819693E-01
-1.157641E-02
+4.779732E-01
-9.143824E-03
+4.739988E-01
-6.751047E-03
+4.668017E-01
-2.513974E-03
+4.596776E-01
+1.595466E-03
+4.551559E-01
+4.932647E-03
+4.506541E-01
+8.204101E-03
+4.429483E-01
+1.154753E-02
+4.353471E-01
+1.477472E-02
+4.244047E-01
+1.774876E-02
+4.137116E-01
+2.056484E-02
+3.979973E-01
+2.591366E-02
+3.827893E-01
+3.083097E-02
+3.654827E-01
+3.431646E-02
+3.488969E-01
+3.742873E-02
+3.254259E-01
+4.756584E-02
+3.030800E-01
+5.621835E-02
+2.557375E-01
+7.776149E-02
+2.128569E-01
+9.174667E-02
+1.409325E-01
+2.388473E-01
-3.236181E-02
+3.302303E-01
+1.920871E-01
+4.421217E-01
+5.560604E-01
+4.257001E-01
+5.166987E-01
+1.965150E-01
+4.351990E-01
+3.203564E-02
+3.796934E-01
+2.214051E-02
+3.311900E-01
+1.425401E-02
+3.034416E-01
-4.183943E-03
+2.771218E-01
-1.959379E-02
+2.416343E-01
-1.300917E-01
+1.648377E-01
-2.152101E-01
+1.251293E-01
-1.309814E-01
+9.263371E-02
-7.791601E-02
+1.285538E-01
-6.515948E-02
+1.667289E-01
-4.061311E-02
+1.997939E-01
-4.367278E-02
+2.392748E-01
-4.638314E-02
+2.637529E-01
-5.453930E-02
+2.906885E-01
-6.388791E-02
+3.113827E-01
-6.841131E-02
+3.335503E-01
-7.325502E-02
+3.509668E-01
-7.582109E-02
+3.692880E-01
-7.845642E-02
+3.886854E-01
-7.809560E-02
+4.090496E-01
-7.749151E-02
+4.264686E-01
-7.746316E-02
+4.446031E-01
-7.729681E-02
+4.624816E-01
-7.823424E-02
+4.810687E-01
-7.912390E-02
+4.994960E-01
-7.994489E-02
+5.186192E-01
-8.071427E-02
+5.364224E-01
-8.246167E-02
+5.548347E-01
-8.423425E-02
+5.766400E-01
-8.869113E-02
+5.993000E-01
-9.336857E-02
+6.184233E-01
-1.141481E-01
+6.376403E-01
-1.362391E-01
+6.446167E-01
-1.552413E-01
+6.512092E-01
-1.747414E-01
+6.326271E-01
-1.614490E-01
+6.144761E-01
-1.487994E-01
+6.435958E-01
-1.357622E-01
+6.734749E-01
-1.213054E-01
+7.239569E-01
-1.397732E-01
+7.780968E-01
-1.603508E-01
+8.336554E-01
-2.704132E-01
+8.811918E-01
-3.978465E-01
+6.068228E-01
-5.264973E-01
+3.577692E-01
-5.636047E-01
+4.697240E-01
-3.947763E-01
+5.210505E-01
-2.157961E-01
+5.481340E-01
-1.911255E-01
+5.745150E-01
-1.641809E-01
+6.182290E-01
-1.590150E-01
+6.647671E-01
-1.522557E-01
+7.018588E-01
-1.917361E-01
+7.396480E-01
-2.354626E-01
+7.125674E-01
-2.938287E-01
+6.809701E-01
-3.493586E-01
+6.654759E-01
-2.741116E-01
+6.450694E-01
-2.048090E-01
+6.789730E-01
-1.556754E-01
+7.096060E-01
-1.024155E-01
+7.465578E-01
-7.882722E-02
+7.842790E-01
-5.267120E-02
+8.291810E-01
-1.185380E-02
+8.742155E-01
+3.364631E-02
+9.272555E-01
+1.147889E-01
+9.763671E-01
+2.059289E-01
+9.442385E-01
+3.932551E-01
+8.762232E-01
+5.758215E-01
+6.235512E-01
+6.291054E-01
+4.053984E-01
+6.289741E-01
+3.608980E-01
+4.593861E-01
+3.139632E-01
+3.308061E-01
+4.198436E-01
+2.107790E-01
+4.804776E-01
+5.747014E-02
+5.264297E-01
-9.581979E-02
+5.250417E-01
-2.727681E-01
+5.016526E-01
-4.405168E-01
+4.307654E-01
-6.179959E-01
-1.331321E-01
-8.275765E-01
-7.464019E-01
-5.592839E-01
-7.359995E-01
+1.471900E-01
-3.068984E-01
+5.202378E-01
-2.012091E-01
+5.622924E-01
-9.075247E-02
+5.834628E-01
+3.794190E-01
+8.509270E-01
+1.231549E+00
+8.027116E-01
+1.021605E+00
+5.372852E-01
+8.380273E-01
+3.451688E-01
+8.552497E-01
+6.814753E-01
+7.622560E-01
+1.077001E+00
+1.449178E+00
+1.026358E+00
+2.298535E+00
+6.549343E-01
+2.892171E+00
+6.520313E-03
+3.370164E+00
-9.438716E-01
+3.801968E+00
-2.038942E+00
+4.028008E+00
-3.472253E+00
+3.068474E+00
-5.478654E+00
+1.193981E+00
-7.317863E+00
-1.858121E+00
-5.952251E+00
-3.638825E+00
-3.775962E+00
-3.296735E+00
-2.205309E+00
-2.791247E+00
-1.099531E+00
-2.517666E+00
-6.309773E-01
-2.230531E+00
-2.596125E-01
-2.181576E+00
-8.695532E-02
-2.121365E+00
+7.681330E-02
-2.264563E+00
+1.822881E-01
-2.412693E+00
+3.018233E-01
-2.915123E+00
+6.190966E-01
-3.495764E+00
+1.058726E+00
-5.487096E+00
+2.563088E+00
-8.399931E+00
+5.502255E+00
-1.267441E+01
-4.605550E+00
-5.244632E+00
-1.733377E+01
-4.741200E+00
-5.942002E+00
-2.772793E+00
-1.579036E+00
-1.623224E+00
-3.914104E-02
-7.368394E-01
+3.737838E-01
-4.390922E-01
+7.925929E-01
+8.884685E-02
+9.897033E-01
+4.319529E-01
+1.298350E+00
+9.893695E-01
+1.603544E+00
+1.759535E+00
+1.635055E+00
+2.716645E+00
+1.412626E+00
+3.460888E+00
+1.040421E+00
+4.242011E+00
+4.451044E-01
+7.351085E+00
+9.631537E-01
+1.273029E+01
+2.002385E+00
+2.330627E+00
-6.941705E+00
-3.667615E+00
-1.964846E+00
-2.108034E+00
-1.119238E+00
-1.211612E+00
-6.375131E-01
-9.970289E-01
-3.382288E-01
-7.979964E-01
-1.367722E-01
-1.025975E-01
+4.101998E-01
+2.095886E-01
+6.955560E-02
+3.214812E-01
-9.225754E-02
+3.229999E-01
-3.902147E-01
+3.075512E-01
-5.198907E-01
+2.651426E-01
-6.697327E-01
+9.282021E-02
-6.331274E-01
-4.872712E-02
-5.663680E-01
-1.019555E-01
-4.616693E-01
-1.344233E-01
-3.695367E-01
-8.966185E-02
-3.026059E-01
-5.706745E-02
-2.468018E-01
-6.889987E-03
-2.142343E-01
+2.942102E-02
-1.789689E-01
+8.105160E-02
-2.647539E-01
+1.766782E-01
-3.839955E-01
+8.557133E-02
-3.924996E-01
-7.292844E-04
-3.817875E-01
+2.190905E-02
-2.767115E-01
+3.213901E-02
-1.992361E-01
+1.210714E-01
-1.719419E-01
+1.919085E-01
-1.057715E-01
+2.021768E-01
-1.214319E-01
+2.125947E-01
-1.386858E-01
+2.760040E-01
-1.959622E-01
+3.574906E-01
-2.756128E-01
+4.983022E-01
-4.768518E-01
+6.795078E-01
-8.054790E-01
+5.019452E-02
-5.445112E-01
-1.402279E-01
-2.466693E-01
+6.582673E-02
-3.406727E-01
+3.320125E-01
-2.641888E-01
+4.026349E-01
-4.138743E-01
+4.721603E-01
-6.281122E-01
+4.806762E-01
-8.884450E-01
+4.419338E-01
-1.221037E+00
+4.673451E-01
-1.413860E+00
+4.902775E-01
-1.635707E+00
-1.471715E-01
-3.066806E+00
-2.084129E+00
-5.112067E+00
-3.634679E+00
-2.263348E+00
-3.312880E+00
+2.315448E-01
-2.604599E+00
+6.042386E-01
-1.994202E+00
+8.107301E-01
-1.752279E+00
+9.287797E-01
-1.519552E+00
+1.014448E+00
-1.573609E+00
+9.754826E-01
-1.627025E+00
+9.341725E-01
-2.324092E+00
+1.108693E+00
-3.296258E+00
+1.274804E+00
-1.568101E+00
+2.339160E+00
+4.632903E-02
+2.243495E+00
+1.126357E-01
+1.412554E+00
+1.235340E-01
+8.862701E-01
-2.212398E-01
+6.961952E-01
-4.081824E-01
+4.347622E-01
-4.633289E-01
+4.155783E-01
-5.189568E-01
+3.906979E-01
-5.283889E-01
+2.786011E-01
-5.205182E-01
+1.754560E-01
-6.085886E-01
+1.533728E-01
-7.069363E-01
+1.203524E-01
-7.358855E-01
+1.234050E-01
-7.660154E-01
+1.265064E-01
-8.295678E-01
+2.989465E-02
-8.838142E-01
-8.121108E-02
-9.898218E-01
-1.189701E-01
-1.107663E+00
-1.646991E-01
-1.270606E+00
-1.620169E-01
-1.456880E+00
-1.550771E-01
-1.429714E+00
+9.660656E-03
-1.385277E+00
+1.664167E-01
-1.203067E+00
+1.064791E-01
-1.043793E+00
+5.955329E-02
-8.661892E-01
+3.660858E-02
-7.186478E-01
+1.975698E-02
-5.029382E-01
-9.446065E-02
-3.356716E-01
-1.414429E-01
+6.550829E-03
-4.870394E-01
+6.068056E-01
-2.366824E-01
+3.155119E-01
-6.876148E-01
-2.918293E-01
-8.288852E-01
-4.466974E-01
-6.407689E-01
-5.347134E-01
-4.428740E-01
-6.365393E-01
-2.539032E-01
-6.748992E-01
-4.552621E-02
-6.968905E-01
+1.006650E-01
-6.874322E-01
+2.542618E-01
-7.033473E-01
+3.127611E-01
-7.160887E-01
+3.751428E-01
-7.597307E-01
+3.425077E-01
-8.026573E-01
+3.062695E-01
-9.142822E-01
+2.946923E-01
-1.038239E+00
+2.751893E-01
-1.146309E+00
+2.357690E-01
-1.261457E+00
+1.862659E-01
-1.537023E+00
+9.715994E-02
-1.859715E+00
-3.783529E-02
-1.686260E+00
+1.981234E-01
-1.499946E+00
+3.898050E-01
