Hz,real,imaginary,unitless (peak only)
9.999990,5.266229E-1,1.166573E+0,1.279931E+0
10.057721,7.474159E-1,1.367125E+0,1.558095E+0
10.115785,1.034013E+0,1.590072E+0,1.896711E+0
10.174184,9.735423E-1,1.895233E+0,2.130655E+0
10.232920,8.710447E-1,2.229330E+0,2.393456E+0
10.291995,8.446101E-1,2.048262E+0,2.215568E+0
10.351412,8.170222E-1,1.881138E+0,2.050904E+0
10.411171,1.315397E+0,2.030141E+0,2.419037E+0
10.471275,1.924127E+0,2.106844E+0,2.853254E+0
10.531727,2.634050E+0,6.313947E-1,2.708667E+0
10.592527,2.406425E+0,-9.062344E-1,2.571409E+0
10.653678,4.309306E+0,1.122880E+0,4.453199E+0
10.715183,4.973149E+0,5.894427E+0,7.712100E+0
10.777042,2.898971E+0,3.369186E+0,4.444710E+0
10.839258,1.689507E+0,1.925470E+0,2.561614E+0
10.901834,1.067966E+0,2.187345E+0,2.434138E+0
10.964771,4.327127E-1,2.272171E+0,2.313007E+0
11.028071,2.234070E+0,2.276838E+0,3.189837E+0
11.091737,4.305018E+0,9.047559E-1,4.399064E+0
11.155770,3.338674E+0,1.710736E+0,3.751448E+0
11.220173,2.362729E+0,2.156897E+0,3.199171E+0
11.284948,2.057471E+0,2.456658E+0,3.204427E+0
11.350097,1.714413E+0,2.713469E+0,3.209693E+0
11.415622,1.732426E+0,2.599071E+0,3.123535E+0
11.481525,1.747230E+0,2.487349E+0,3.039690E+0
11.547808,4.209184E+0,2.176397E+0,4.738558E+0
11.614474,7.386851E+0,-2.974338E-2,7.386911E+0
11.681525,6.627038E+0,1.901762E+0,6.894515E+0
11.748964,5.441941E+0,3.434205E+0,6.434943E+0
11.816791,5.911841E+0,3.709136E+0,6.979080E+0
11.885010,6.422255E+0,4.005977E+0,7.569228E+0
11.953623,8.339529E+0,2.695258E+0,8.764255E+0
12.022632,1.012486E+1,6.842507E-1,1.014795E+1
12.092039,6.179059E+0,4.013497E+0,7.368102E+0
12.161847,2.499691E+0,4.729831E+0,5.349744E+0
12.232059,3.929841E+0,3.583992E+0,5.318707E+0
12.302675,4.882312E+0,2.030863E+0,5.287852E+0
12.373699,3.956748E+0,2.231395E+0,4.542574E+0
12.445133,3.146785E+0,2.307809E+0,3.902338E+0
12.516980,3.669077E+0,1.536908E+0,3.977966E+0
12.589241,4.002896E+0,6.483279E-1,4.055059E+0
12.661919,4.985778E+0,1.922168E+0,5.343474E+0
12.735017,5.907552E+0,3.831469E+0,7.041259E+0
12.808537,4.797234E+0,1.599215E+0,5.056772E+0
12.882482,3.623149E+0,2.474186E-1,3.631587E+0
12.956853,4.256307E+0,7.420557E-1,4.320509E+0
13.031654,4.944129E+0,1.405838E+0,5.140116E+0
13.106887,5.475339E+0,1.212847E+0,5.608060E+0
13.182553,6.041471E+0,9.684540E-1,6.118601E+0
13.258657,5.404206E+0,-3.299187E-1,5.414267E+0
13.335200,4.603242E+0,-1.328141E+0,4.791012E+0
13.412185,3.155529E+0,-2.350126E+0,3.934521E+0
13.489614,1.747457E+0,-2.717847E+0,3.231145E+0
13.567491,1.949287E+0,-2.777173E+0,3.392994E+0
13.645817,2.163578E+0,-2.830817E+0,3.562947E+0
13.724595,1.311801E+0,-3.252183E+0,3.506781E+0
13.803828,3.933484E-1,-3.429015E+0,3.451502E+0
13.883518,7.550345E-1,-2.573930E+0,2.682386E+0
13.963668,9.188562E-1,-1.871228E+0,2.084656E+0
14.044282,8.007060E-1,-1.854727E+0,2.020184E+0
14.125360,6.871274E-1,-1.833156E+0,1.957704E+0
14.206907,7.683893E-1,-1.454504E+0,1.644994E+0
14.288924,7.956949E-1,-1.130239E+0,1.382234E+0
14.371415,7.713130E-1,-1.022875E+0,1.281092E+0
14.454382,7.454749E-1,-9.241578E-1,1.187350E+0
14.537828,7.675212E-1,-8.469142E-1,1.142958E+0
14.621756,7.844368E-1,-7.714621E-1,1.100225E+0
14.706168,8.149153E-1,-6.997134E-1,1.074098E+0
14.791067,8.398725E-1,-6.278192E-1,1.048591E+0
14.876457,8.670305E-1,-5.441336E-1,1.023632E+0
14.962340,8.868068E-1,-4.605533E-1,9.992676E-1
15.048718,8.883558E-1,-4.234623E-1,9.841221E-1
15.135596,8.886319E-1,-3.869031E-1,9.692062E-1
15.222974,9.074896E-1,-3.544471E-1,9.742536E-1
15.310857,9.251829E-1,-3.211204E-1,9.793272E-1
15.399248,9.493257E-1,-2.874363E-1,9.918865E-1
15.488149,9.723915E-1,-2.523679E-1,1.004607E+0
15.577563,9.840931E-1,-2.418531E-1,1.013377E+0
15.667493,9.957586E-1,-2.310947E-1,1.022223E+0
15.757942,1.004283E+0,-2.131272E-1,1.026649E+0
15.848914,1.012501E+0,-1.949230E-1,1.031093E+0
15.940411,1.020121E+0,-1.741668E-1,1.034882E+0
16.032436,1.027327E+0,-1.531778E-1,1.038684E+0
16.124992,1.032603E+0,-1.438286E-1,1.042572E+0
16.218082,1.037808E+0,-1.343941E-1,1.046474E+0
16.311710,1.042062E+0,-1.273147E-1,1.049811E+0
16.405879,1.046281E+0,-1.201821E-1,1.053161E+0
16.500591,1.051714E+0,-1.061163E-1,1.057054E+0
16.595850,1.056973E+0,-9.192462E-2,1.060963E+0
16.691659,1.066424E+0,-8.414318E-2,1.069738E+0
16.788021,1.075889E+0,-7.622127E-2,1.078586E+0
16.884939,1.073588E+0,-7.447363E-2,1.076168E+0
16.982417,1.071289E+0,-7.273327E-2,1.073755E+0
17.080457,1.081481E+0,-6.569810E-2,1.083475E+0
17.179064,1.091714E+0,-5.852623E-2,1.093282E+0
17.278240,1.087854E+0,-5.288883E-2,1.089139E+0
17.377988,1.083980E+0,-4.729203E-2,1.085011E+0
17.478312,1.086760E+0,-4.569609E-2,1.087720E+0
17.579215,1.089545E+0,-4.409175E-2,1.090437E+0
17.680701,1.094766E+0,-4.165585E-2,1.095558E+0
17.782773,1.100006E+0,-3.919586E-2,1.100704E+0
17.885434,1.100972E+0,-3.843810E-2,1.101643E+0
17.988688,1.101939E+0,-3.767902E-2,1.102583E+0
18.092538,1.100440E+0,-3.845913E-2,1.101112E+0
18.196987,1.098942E+0,-3.923706E-2,1.099642E+0
18.302039,1.103778E+0,-3.254730E-2,1.104258E+0
18.407698,1.108592E+0,-2.579945E-2,1.108892E+0
18.513967,1.112149E+0,-2.399282E-2,1.112408E+0
18.620849,1.115714E+0,-2.217441E-2,1.115934E+0
18.728348,1.113518E+0,-1.923469E-2,1.113684E+0
18.836468,1.111318E+0,-1.630661E-2,1.111438E+0
18.945212,1.110754E+0,-1.958347E-2,1.110927E+0
19.054584,1.110181E+0,-2.285716E-2,1.110416E+0
19.164587,1.113517E+0,-1.997840E-2,1.113696E+0
19.275226,1.116855E+0,-1.708230E-2,1.116986E+0
19.386503,1.120028E+0,-1.562418E-2,1.120137E+0
19.498422,1.123208E+0,-1.415766E-2,1.123297E+0
19.610988,1.122641E+0,-1.987631E-2,1.122817E+0
19.724203,1.122045E+0,-2.558956E-2,1.122337E+0
19.838072,1.127588E+0,-2.018512E-2,1.127769E+0
19.952599,1.133130E+0,-1.472728E-2,1.133226E+0
20.067786,1.129506E+0,-1.576742E-2,1.129616E+0
20.183639,1.125893E+0,-1.680076E-2,1.126018E+0
20.300160,1.126293E+0,-1.813463E-2,1.126439E+0
20.417354,1.126693E+0,-1.946949E-2,1.126861E+0
20.535225,1.129759E+0,-2.155414E-2,1.129965E+0
20.653776,1.132831E+0,-2.365006E-2,1.133078E+0
20.773011,1.131762E+0,-2.457223E-2,1.132029E+0
20.892935,1.130693E+0,-2.549266E-2,1.130980E+0
21.013551,1.133251E+0,-2.330451E-2,1.133491E+0
21.134864,1.135810E+0,-2.110641E-2,1.136006E+0
21.256877,1.137500E+0,-2.643217E-2,1.137807E+0
21.379594,1.139167E+0,-3.177420E-2,1.139610E+0
21.503020,1.141066E+0,-3.146923E-2,1.141500E+0
21.627158,1.142970E+0,-3.116320E-2,1.143395E+0
21.752013,1.145609E+0,-3.118569E-2,1.146033E+0
21.877589,1.148252E+0,-3.120812E-2,1.148676E+0
22.003889,1.147751E+0,-3.390469E-2,1.148252E+0
22.130919,1.147243E+0,-3.659908E-2,1.147827E+0
22.258682,1.148986E+0,-3.880499E-2,1.149641E+0
22.387183,1.150728E+0,-4.101761E-2,1.151459E+0
22.516425,1.153797E+0,-4.394843E-2,1.154634E+0
22.646414,1.156868E+0,-4.689483E-2,1.157818E+0
22.777153,1.157793E+0,-5.171520E-2,1.158947E+0
22.908647,1.158698E+0,-5.654406E-2,1.160077E+0
23.040900,1.157734E+0,-5.964876E-2,1.159270E+0
23.173917,1.156763E+0,-6.274872E-2,1.158464E+0
23.307701,1.161669E+0,-6.592862E-2,1.163538E+0
23.442258,1.166589E+0,-6.913473E-2,1.168636E+0
23.577591,1.169755E+0,-7.561792E-2,1.172197E+0
23.713706,1.172896E+0,-8.213781E-2,1.175769E+0
23.850607,1.172950E+0,-8.739327E-2,1.176201E+0
23.988298,1.172981E+0,-9.265082E-2,1.176634E+0
24.126784,1.181920E+0,-1.022720E-1,1.186337E+0
24.266069,1.190860E+0,-1.120398E-1,1.196119E+0
24.406159,1.189392E+0,-1.218481E-1,1.195617E+0
24.547057,1.187844E+0,-1.316397E-1,1.195116E+0
24.688769,1.191050E+0,-1.415260E-1,1.199429E+0
24.831298,1.194190E+0,-1.514731E-1,1.203758E+0
24.974651,1.195011E+0,-1.687271E-1,1.206864E+0
25.118831,1.195591E+0,-1.860355E-1,1.209978E+0
25.263844,1.194362E+0,-1.964720E-1,1.210414E+0
25.409693,1.193043E+0,-2.069010E-1,1.210851E+0
25.556385,1.187469E+0,-2.248782E-1,1.208575E+0
25.703924,1.181629E+0,-2.427336E-1,1.206303E+0
25.852314,1.168264E+0,-2.729809E-1,1.199733E+0
26.001561,1.154166E+0,-3.026943E-1,1.193199E+0
26.151669,1.140993E+0,-3.126355E-1,1.183049E+0
26.302645,1.127826E+0,-3.223485E-1,1.172988E+0
26.454491,1.108422E+0,-3.398127E-1,1.159341E+0
26.607215,1.088917E+0,-3.567047E-1,1.145853E+0
26.760820,1.049823E+0,-3.724656E-1,1.113938E+0
26.915312,1.011456E+0,-3.868567E-1,1.082913E+0
27.070695,9.883719E-1,-3.895164E-1,1.062357E+0
27.226976,9.657007E-1,-3.918965E-1,1.042190E+0
27.384159,9.342650E-1,-3.827526E-1,1.009629E+0
27.542250,9.038411E-1,-3.737934E-1,9.780850E-1
27.701253,8.726047E-1,-3.502380E-1,9.402689E-1
27.861174,8.423408E-1,-3.279082E-1,9.039147E-1
28.022018,8.286329E-1,-3.105567E-1,8.849169E-1
28.183791,8.149995E-1,-2.937412E-1,8.663187E-1
28.346497,8.009513E-1,-2.774633E-1,8.476490E-1
28.510144,7.870093E-1,-2.617087E-1,8.293823E-1
28.674734,7.902499E-1,-2.378820E-1,8.252774E-1
28.840275,7.927939E-1,-2.140907E-1,8.211924E-1
29.006772,7.848478E-1,-1.995650E-1,8.098224E-1
29.174230,7.768012E-1,-1.853575E-1,7.986097E-1
29.342654,7.767740E-1,-1.695482E-1,7.950625E-1
29.512051,7.764426E-1,-1.538127E-1,7.915311E-1
29.682426,7.791587E-1,-1.400769E-1,7.916501E-1
29.853785,7.816313E-1,-1.262932E-1,7.917686E-1
30.026132,7.834254E-1,-1.139031E-1,7.916623E-1
30.199475,7.850235E-1,-1.014879E-1,7.915565E-1
30.373818,7.917751E-1,-9.608205E-2,7.975836E-1
30.549168,7.985355E-1,-9.058215E-2,8.036567E-1
30.725531,8.029161E-1,-8.387439E-2,8.072851E-1
30.902911,8.072565E-1,-7.709761E-2,8.109298E-1
31.081315,8.049549E-1,-6.973715E-2,8.079701E-1
31.260750,8.025969E-1,-6.242401E-2,8.050208E-1
31.441220,8.065756E-1,-5.971742E-2,8.087833E-1
31.622732,8.105629E-1,-5.698337E-2,8.125634E-1
31.805292,8.209091E-1,-5.611192E-2,8.228246E-1
31.988906,8.313843E-1,-5.520920E-2,8.332154E-1
32.173580,8.326603E-1,-4.800355E-2,8.340429E-1
32.359320,8.338746E-1,-4.077987E-2,8.348712E-1
32.546132,8.363992E-1,-3.653405E-2,8.371967E-1
32.734023,8.389088E-1,-3.226329E-2,8.395290E-1
32.922998,8.391109E-1,-3.759358E-2,8.399526E-1
33.113065,8.392793E-1,-4.292773E-2,8.403764E-1
33.304228,8.480986E-1,-3.493915E-2,8.488180E-1
33.496496,8.569263E-1,-2.678226E-2,8.573447E-1
33.689873,8.586160E-1,-2.664475E-2,8.590293E-1
33.884367,8.603092E-1,-2.650661E-2,8.607174E-1
34.079983,8.556000E-1,-2.814200E-2,8.560627E-1
34.276729,8.509124E-1,-2.975883E-2,8.514326E-1
34.474611,8.658882E-1,-2.643019E-2,8.662915E-1
34.673635,8.811105E-1,-2.297575E-2,8.814100E-1
34.873808,8.679508E-1,-2.285663E-2,8.682517E-1
35.075136,8.549875E-1,-2.273596E-2,8.552897E-1
35.277627,8.591121E-1,-1.868336E-2,8.593152E-1
35.481287,8.632363E-1,-1.459167E-2,8.633596E-1
35.686123,8.705927E-1,-2.443029E-2,8.709354E-1
35.892141,8.779028E-1,-3.443740E-2,8.785780E-1
36.099348,8.788801E-1,-2.637819E-2,8.792759E-1
36.307752,8.797837E-1,-1.830393E-2,8.799741E-1
36.517359,8.830117E-1,-7.095867E-3,8.830402E-1
36.728176,8.861073E-1,4.191673E-3,8.861172E-1
36.940210,8.872541E-1,-7.491562E-3,8.872857E-1
37.153468,8.882485E-1,-1.920433E-2,8.884561E-1
37.367957,8.885616E-1,-1.355198E-2,8.886649E-1
37.583685,8.888386E-1,-7.896414E-3,8.888737E-1
37.800658,8.936962E-1,-1.165960E-2,8.937723E-1
38.018883,8.985647E-1,-1.546382E-2,8.986978E-1
38.238368,9.045805E-1,-1.669941E-2,9.047346E-1
38.459121,9.106353E-1,-1.795087E-2,9.108122E-1
38.681148,9.145282E-1,-8.985223E-3,9.145723E-1
38.904456,9.183477E-1,5.563917E-5,9.183477E-1
39.129054,9.219917E-1,-1.511111E-3,9.219929E-1
39.354948,9.256474E-1,-3.090295E-3,9.256526E-1
39.582147,9.387120E-1,-6.466107E-3,9.387343E-1
39.810657,9.519490E-1,-9.936633E-3,9.520009E-1
40.040486,9.519764E-1,-1.824917E-2,9.521513E-1
40.271643,9.519311E-1,-2.656293E-2,9.523016E-1
40.504133,9.546386E-1,-2.707202E-2,9.550224E-1
40.737966,9.573537E-1,-2.758380E-2,9.577510E-1
40.973149,9.879128E-1,-3.790956E-2,9.886399E-1
41.209689,1.019354E+0,-4.886910E-2,1.020525E+0
41.447595,1.042170E+0,-4.739689E-2,1.043247E+0
41.686875,1.065490E+0,-4.583462E-2,1.066475E+0
41.927536,1.079958E+0,-5.819713E-2,1.081525E+0
42.169586,1.094492E+0,-7.089244E-2,1.096786E+0
42.413033,1.093395E+0,-1.228621E-1,1.100276E+0
42.657886,1.089836E+0,-1.748872E-1,1.103779E+0
42.904153,1.066018E+0,-1.962287E-1,1.083928E+0
43.151841,1.042155E+0,-2.166449E-1,1.064435E+0
43.400959,1.074342E+0,-3.129624E-1,1.118998E+0
43.651516,1.100135E+0,-4.165588E-1,1.176358E+0
43.903519,1.002697E+0,-4.113567E-1,1.083797E+0
44.156976,9.130906E-1,-4.041110E-1,9.985190E-1
44.411897,8.305939E-1,-3.763258E-1,9.118702E-1
44.668290,7.554809E-1,-3.502937E-1,8.327407E-1
44.926163,7.268315E-1,-3.002996E-1,7.864247E-1
45.185524,6.978007E-1,-2.542743E-1,7.426852E-1
45.446383,6.833299E-1,-2.237657E-1,7.190347E-1
45.708748,6.683534E-1,-1.947068E-1,6.961372E-1
45.972627,6.765180E-1,-1.549788E-1,6.940425E-1
46.238030,6.823374E-1,-1.149636E-1,6.919544E-1
46.504965,6.958846E-1,-8.799358E-2,7.014259E-1
46.773441,7.084814E-1,-6.011286E-2,7.110270E-1
47.043467,7.219032E-1,-4.019759E-2,7.230215E-1
47.315051,7.349580E-1,-1.955888E-2,7.352182E-1
47.588204,7.656566E-1,-1.083441E-2,7.657333E-1
47.862934,7.975138E-1,-1.350266E-3,7.975149E-1
48.139249,8.310979E-1,1.556648E-2,8.312437E-1
48.417160,8.657352E-1,3.390978E-2,8.663990E-1
48.696675,8.885015E-1,3.370497E-2,8.891406E-1
48.977804,9.118651E-1,3.346602E-2,9.124790E-1
49.260556,9.240523E-1,-3.384720E-3,9.240585E-1
49.544940,9.348791E-1,-4.117057E-2,9.357852E-1
49.830966,9.674071E-1,-2.451672E-2,9.677177E-1
50.118643,1.000717E+0,-6.669545E-3,1.000739E+0
50.407981,1.046117E+0,-3.147022E-2,1.046590E+0
50.698990,1.092978E+0,-5.851147E-2,1.094543E+0
50.991678,1.097266E+0,-1.359356E-1,1.105654E+0
51.286056,1.096134E+0,-2.142574E-1,1.116878E+0
51.582133,1.145682E+0,-2.564967E-1,1.174043E+0
51.879920,1.196538E+0,-3.022990E-1,1.234134E+0
52.179426,1.134785E+0,-3.877094E-1,1.199190E+0
52.480661,1.068203E+0,-4.655240E-1,1.165234E+0
52.783635,1.050132E+0,-5.182804E-1,1.171064E+0
53.088358,1.029474E+0,-5.703785E-1,1.176923E+0
53.394841,9.070521E-1,-5.959782E-1,1.085326E+0
53.703092,7.927011E-1,-6.110183E-1,1.000859E+0
54.013124,6.892501E-1,-5.867204E-1,9.051555E-1
54.324945,5.968674E-1,-5.602330E-1,8.186035E-1
54.638566,5.719479E-1,-5.465213E-1,7.910815E-1
54.953998,5.479857E-1,-5.330564E-1,7.644851E-1
55.271250,4.984302E-1,-4.546710E-1,6.746543E-1
55.590335,4.525022E-1,-3.869340E-1,5.953790E-1
55.911261,4.581924E-1,-3.708741E-1,5.894810E-1
56.234040,4.633951E-1,-3.548270E-1,5.836413E-1
56.558683,4.964910E-1,-3.255916E-1,5.937282E-1
56.885199,5.278986E-1,-2.934729E-1,6.039895E-1
57.213601,5.204633E-1,-2.607312E-1,5.821192E-1
57.543899,5.119482E-1,-2.295118E-1,5.610407E-1
57.876103,5.298344E-1,-2.254480E-1,5.758049E-1
58.210225,5.481082E-1,-2.209264E-1,5.909578E-1
58.546276,5.357016E-1,-2.121890E-1,5.761947E-1
58.884268,5.235544E-1,-2.037430E-1,5.618011E-1
59.224210,5.339478E-1,-1.734557E-1,5.614153E-1
59.566115,5.425921E-1,-1.426466E-1,5.610296E-1
59.909994,5.230709E-1,-1.481209E-1,5.436386E-1
60.255858,5.040580E-1,-1.530676E-1,5.267866E-1
60.603719,5.161975E-1,-1.402231E-1,5.349041E-1
60.953588,5.281333E-1,-1.268218E-1,5.431469E-1
61.305476,5.135661E-1,-1.414723E-1,5.326956E-1
61.659397,4.988114E-1,-1.553595E-1,5.224456E-1
62.015360,5.168556E-1,-1.515087E-1,5.386043E-1
62.373378,5.353886E-1,-1.472269E-1,5.552627E-1
62.733464,5.108560E-1,-1.432767E-1,5.305677E-1
63.095628,4.874342E-1,-1.393832E-1,5.069712E-1
63.459883,4.808241E-1,-1.287577E-1,4.977654E-1
63.826240,4.741587E-1,-1.184361E-1,4.887265E-1
64.194713,4.697664E-1,-1.023225E-1,4.807810E-1
64.565313,4.649671E-1,-8.660899E-2,4.729646E-1
64.938053,4.643791E-1,-6.584494E-2,4.690240E-1
65.312944,4.629053E-1,-4.529845E-2,4.651164E-1
65.690000,4.652290E-1,-4.792089E-2,4.676905E-1
66.069232,4.675519E-1,-5.056971E-2,4.702787E-1
66.450654,4.592822E-1,-3.482548E-2,4.606006E-1
66.834277,4.506924E-1,-1.967283E-2,4.511216E-1
67.220116,4.504251E-1,-5.620665E-2,4.539184E-1
67.608181,4.472004E-1,-9.282629E-2,4.567329E-1
67.998488,4.421652E-1,-9.470855E-2,4.521944E-1
68.391047,4.371683E-1,-9.654044E-2,4.477010E-1
68.785873,4.439142E-1,-1.475913E-1,4.678066E-1
69.182978,4.454067E-1,-2.013778E-1,4.888150E-1
69.582375,4.579663E-1,-2.614496E-1,5.273415E-1
69.984078,4.653649E-1,-3.272424E-1,5.689043E-1
70.388101,5.309356E-1,-3.821524E-1,6.541659E-1
70.794455,6.056343E-1,-4.461178E-1,7.522061E-1
71.203156,6.861237E-1,-4.650921E-1,8.289007E-1
71.614216,7.755705E-1,-4.825115E-1,9.134150E-1
72.027650,8.777164E-1,-4.483557E-1,9.856008E-1
72.443470,9.844414E-1,-4.023544E-1,1.063491E+0
72.861690,9.838046E-1,-3.554248E-1,1.046039E+0
73.282325,9.812726E-1,-3.093306E-1,1.028874E+0
73.705388,9.685484E-1,-2.581306E-1,1.002356E+0
74.130894,9.539252E-1,-2.088573E-1,9.765217E-1
74.558856,9.387518E-1,-1.953238E-1,9.588568E-1
74.989289,9.237152E-1,-1.821909E-1,9.415112E-1
75.422207,8.946887E-1,-1.655516E-1,9.098765E-1
75.857624,8.664502E-1,-1.498027E-1,8.793047E-1
76.295554,8.335277E-1,-1.448589E-1,8.460216E-1
76.736013,8.018557E-1,-1.400746E-1,8.139984E-1
77.179015,7.735656E-1,-1.416709E-1,7.864314E-1
77.624574,7.462217E-1,-1.429892E-1,7.597978E-1
78.072705,7.145434E-1,-1.396029E-1,7.280530E-1
78.523424,6.842004E-1,-1.362481E-1,6.976344E-1
78.976744,6.675054E-1,-1.238375E-1,6.788956E-1
79.432682,6.511017E-1,-1.119744E-1,6.606600E-1
79.891252,6.296323E-1,-1.080777E-1,6.388408E-1
80.352469,6.088711E-1,-1.043162E-1,6.177426E-1
80.816348,5.961391E-1,-8.840837E-2,6.026590E-1
81.282906,5.833729E-1,-7.317160E-2,5.879439E-1
81.752157,5.848454E-1,-6.280343E-2,5.882078E-1
82.224117,5.861333E-1,-5.240602E-2,5.884714E-1
82.698802,5.957044E-1,-3.036271E-2,5.964777E-1
83.176227,6.045442E-1,-7.664897E-3,6.045928E-1
83.656409,6.080052E-1,5.855097E-3,6.080334E-1
84.139362,6.111818E-1,1.952629E-2,6.114936E-1
84.625104,6.124631E-1,2.787772E-2,6.130972E-1
85.113650,6.136340E-1,3.626769E-2,6.147048E-1
85.605016,6.174935E-1,4.564985E-2,6.191786E-1
86.099219,6.212414E-1,5.515663E-2,6.236851E-1
86.596275,6.262008E-1,6.277417E-2,6.293394E-1
87.096201,6.311174E-1,7.051714E-2,6.350448E-1
87.599012,6.332587E-1,7.435243E-2,6.376087E-1
88.104727,6.353868E-1,7.821520E-2,6.401828E-1
88.613361,6.360367E-1,8.499511E-2,6.416906E-1
89.124931,6.366178E-1,9.179737E-2,6.432021E-1
89.639454,6.431044E-1,1.270355E-1,6.555313E-1
90.156948,6.478466E-1,1.632432E-1,6.680970E-1
90.677430,6.653656E-1,1.677348E-1,6.861824E-1
91.200916,6.833583E-1,1.723499E-1,7.047574E-1
91.727425,6.899990E-1,1.663754E-1,7.097742E-1
92.256973,6.966234E-1,1.602888E-1,7.148263E-1
92.789578,6.920649E-1,1.614260E-1,7.106421E-1
93.325258,6.875299E-1,1.625430E-1,7.064825E-1
93.864030,6.903976E-1,1.594126E-1,7.085628E-1
94.405913,6.932572E-1,1.562580E-1,7.106491E-1
94.950924,6.923617E-1,1.575885E-1,7.100696E-1
95.499081,6.914645E-1,1.589161E-1,7.094910E-1
96.050403,6.927710E-1,1.629411E-1,7.116751E-1
96.604908,6.940609E-1,1.669852E-1,7.138659E-1
97.162614,6.964227E-1,1.682051E-1,7.164479E-1
97.723540,6.987916E-1,1.694315E-1,7.190388E-1
98.287704,7.076908E-1,1.762187E-1,7.293006E-1
98.855125,7.166747E-1,1.831582E-1,7.397091E-1
99.425821,7.179902E-1,1.881969E-1,7.422452E-1
99.999813,7.192792E-1,1.932609E-1,7.447901E-1
100.577118,7.187549E-1,1.966141E-1,7.451615E-1
101.157755,7.182148E-1,1.999666E-1,7.455328E-1
101.741745,7.099827E-1,2.045825E-1,7.388704E-1
102.329106,7.017835E-1,2.090833E-1,7.322676E-1
102.919859,7.069193E-1,2.174349E-1,7.396032E-1
103.514021,7.120315E-1,2.259158E-1,7.470119E-1
104.111614,7.157520E-1,2.253292E-1,7.503827E-1
104.712657,7.194878E-1,2.247315E-1,7.537685E-1
105.317169,7.188671E-1,2.285357E-1,7.543199E-1
105.925171,7.182265E-1,2.323395E-1,7.548715E-1
106.536684,7.215859E-1,2.372542E-1,7.595892E-1
107.151727,7.249423E-1,2.422160E-1,7.643363E-1
107.770320,7.205404E-1,2.359264E-1,7.581819E-1
108.392485,7.161361E-1,2.297137E-1,7.520767E-1
109.018241,7.164861E-1,2.326525E-1,7.533124E-1
109.647610,7.168263E-1,2.355974E-1,7.545502E-1
110.280612,7.104984E-1,2.426255E-1,7.507830E-1
110.917269,7.041221E-1,2.495456E-1,7.470348E-1
111.557601,6.982757E-1,2.799026E-1,7.522861E-1
112.201630,6.911503E-1,3.102085E-1,7.575738E-1
112.849377,6.665181E-1,3.418646E-1,7.490780E-1
113.500863,6.405669E-1,3.718563E-1,7.406774E-1
114.156110,6.031071E-1,4.173937E-1,7.334546E-1
114.815141,5.625518E-1,4.594020E-1,7.263021E-1
115.477975,5.645014E-1,5.593613E-1,7.946992E-1
116.144637,5.561384E-1,6.684345E-1,8.695370E-1
116.815147,5.495854E-1,8.342861E-1,9.990382E-1
117.489528,5.209104E-1,1.022818E+0,1.147826E+0
118.167802,7.632347E-1,1.622065E+0,1.792658E+0
118.849992,1.112262E+0,2.569328E+0,2.799745E+0
119.536120,-2.011612E+0,6.698640E+0,6.994166E+0
120.226209,-1.462665E+1,9.557573E+0,1.747244E+1
120.920282,-4.075769E-1,4.705087E+0,4.722707E+0
121.618363,9.326189E-1,8.716253E-1,1.276522E+0
122.320473,1.167144E+0,2.120551E-1,1.186251E+0
123.026636,1.018682E+0,-4.212990E-1,1.102364E+0
123.736876,8.920136E-1,-3.984893E-1,9.769759E-1
124.451217,7.803627E-1,-3.751416E-1,8.658505E-1
125.169681,6.238016E-1,-3.282261E-1,7.048835E-1
125.892294,4.978142E-1,-2.854376E-1,5.738411E-1
126.619077,4.170790E-1,-2.183650E-1,4.707846E-1
127.350057,3.487845E-1,-1.659149E-1,3.862362E-1
128.085257,2.859616E-1,-1.389141E-1,3.179169E-1
128.824701,2.344348E-1,-1.162666E-1,2.616822E-1
129.568413,1.501532E-1,-7.736774E-2,1.689134E-1
130.316420,9.614293E-2,-5.142496E-2,1.090321E-1
131.068744,5.285718E-2,5.136273E-3,5.310615E-2
131.825412,2.003308E-2,1.636289E-2,2.586636E-2
132.586448,7.707740E-5,5.935907E-2,5.935912E-2
133.351878,-1.052758E-1,8.644538E-2,1.362197E-1
134.121726,-1.416925E-1,1.040696E-1,1.758046E-1
134.896019,-1.898512E-1,1.242452E-1,2.268928E-1
135.674782,-2.314180E-1,1.332382E-1,2.670332E-1
136.458041,-2.808629E-1,1.410137E-1,3.142751E-1
137.245821,-3.206747E-1,1.495202E-1,3.538199E-1
138.038150,-3.657550E-1,1.577931E-1,3.983408E-1
138.835052,-4.022773E-1,1.496092E-1,4.291969E-1
139.636556,-4.411253E-1,1.387874E-1,4.624429E-1
140.442686,-4.788201E-1,1.292416E-1,4.959557E-1
141.253470,-5.187913E-1,1.173484E-1,5.318976E-1
142.068935,-5.503451E-1,9.850295E-2,5.590908E-1
142.889108,-5.825802E-1,7.721107E-2,5.876744E-1
143.714015,-5.968014E-1,5.225504E-2,5.990847E-1
144.543685,-6.101552E-1,2.619566E-2,6.107173E-1
145.378144,-6.106716E-1,3.850982E-3,6.106837E-1
146.217421,-6.103700E-1,-1.849644E-2,6.106502E-1
147.061543,-5.995709E-1,-4.137512E-2,6.009968E-1
147.910538,-5.880813E-1,-6.346516E-2,5.914959E-1
148.764435,-5.568420E-1,-8.959402E-2,5.640036E-1
149.623261,-5.257992E-1,-1.129258E-1,5.377890E-1
150.487045,-5.081629E-1,-1.285265E-1,5.241647E-1
151.355816,-4.904345E-1,-1.431004E-1,5.108852E-1
152.229602,-4.773197E-1,-1.610357E-1,5.037525E-1
153.108433,-4.636654E-1,-1.781692E-1,4.967191E-1
153.992337,-4.534978E-1,-1.910188E-1,4.920858E-1
154.881344,-4.430255E-1,-2.034220E-1,4.874957E-1
155.775484,-4.354717E-1,-2.121982E-1,4.844210E-1
156.674785,-4.277672E-1,-2.207439E-1,4.813654E-1
157.579278,-4.166247E-1,-2.292581E-1,4.755370E-1
158.488993,-4.053969E-1,-2.373728E-1,4.697792E-1
159.403960,-3.976168E-1,-2.424086E-1,4.656834E-1
160.324208,-3.898173E-1,-2.472625E-1,4.616235E-1
161.249770,-3.856760E-1,-2.441218E-1,4.564443E-1
162.180674,-3.815783E-1,-2.410202E-1,4.513233E-1
163.116953,-3.808656E-1,-2.433043E-1,4.519464E-1
164.058637,-3.801402E-1,-2.455880E-1,4.525705E-1
165.005758,-3.632912E-1,-2.243849E-1,4.270001E-1
165.958346,-3.469910E-1,-2.047065E-1,4.028741E-1
166.916434,-3.526055E-1,-2.155026E-1,4.132457E-1
167.880052,-3.581912E-1,-2.266652E-1,4.238845E-1
168.849234,-2.672449E-1,-2.720886E-1,3.813818E-1
169.824011,-1.782514E-1,-2.932097E-1,3.431406E-1
170.804415,-1.541056E-1,-3.764150E-1,4.067392E-1
171.790479,-1.103557E-1,-4.693254E-1,4.821252E-1
172.782236,1.529017E-2,-6.567482E-1,6.569262E-1
173.779719,2.452125E-1,-8.608607E-1,8.951035E-1
174.782960,1.085296E+0,-1.479110E+0,1.834566E+0
175.791992,3.140490E+0,-2.067684E+0,3.760052E+0
176.806850,3.883841E+0,1.351651E+0,4.112321E+0
177.827567,1.409342E+0,4.271075E+0,4.497591E+0
178.854176,1.341277E+0,2.584393E+0,2.911720E+0
179.886712,1.123805E+0,1.513410E+0,1.885032E+0
180.925209,1.039178E+0,1.035272E+0,1.466860E+0
181.969701,9.189802E-1,6.770481E-1,1.141455E+0
183.020223,7.662063E-1,4.945635E-1,9.119568E-1
184.076810,6.353809E-1,3.565822E-1,7.286012E-1
185.139497,5.822640E-1,2.985870E-1,6.543589E-1
186.208318,5.326363E-1,2.483301E-1,5.876813E-1
187.283310,4.899793E-1,1.959108E-1,5.276938E-1
188.364508,4.491064E-1,1.510557E-1,4.738295E-1
189.451948,3.972196E-1,1.304152E-1,4.180808E-1
190.545665,3.513070E-1,1.125345E-1,3.688911E-1
191.645697,2.894292E-1,1.348529E-1,3.193033E-1
192.752079,2.338661E-1,1.472864E-1,2.763813E-1
193.864849,1.743700E-1,3.172674E-1,3.620269E-1
194.984042,-1.749291E-3,4.742094E-1,4.742126E-1
196.109697,1.256626E-1,6.790665E-1,6.905957E-1
197.241850,3.633562E-1,9.377810E-1,1.005714E+0
198.380539,6.790935E-1,6.837195E-1,9.636599E-1
199.525802,8.587092E-1,3.394415E-1,9.233645E-1
200.677677,7.252213E-1,2.899035E-1,7.810185E-1
201.836201,6.124736E-1,2.475685E-1,6.606164E-1
203.001414,6.134788E-1,1.998858E-1,6.452213E-1
204.173353,6.112402E-1,1.533577E-1,6.301850E-1
205.352059,6.067866E-1,1.231428E-1,6.191560E-1
206.537568,6.010624E-1,9.368689E-2,6.083200E-1
207.729922,5.780512E-1,8.717419E-2,5.845875E-1
208.929160,5.559071E-1,8.102502E-2,5.617809E-1
210.135321,5.543693E-1,7.494511E-2,5.594123E-1
211.348445,5.527755E-1,6.890698E-2,5.570538E-1
212.568572,5.573200E-1,7.005905E-2,5.617062E-1
213.795743,5.619012E-1,7.122551E-2,5.663974E-1
215.029999,5.841056E-1,7.469584E-2,5.888623E-1
216.271380,6.071867E-1,7.832934E-2,6.122182E-1
217.519928,6.339456E-1,2.957730E-2,6.346352E-1
218.775684,6.574691E-1,-2.305439E-2,6.578732E-1
220.038689,6.208523E-1,-4.867191E-2,6.227572E-1
221.308986,5.851759E-1,-7.140304E-2,5.895161E-1
222.586616,5.533877E-1,-5.951872E-2,5.565792E-1
223.871622,5.232185E-1,-4.872803E-2,5.254827E-1
225.164046,5.110763E-1,-3.813807E-2,5.124973E-1
226.463932,4.990469E-1,-2.802915E-2,4.998334E-1
227.771322,4.904971E-1,-1.966002E-2,4.908909E-1
229.086260,4.819693E-1,-1.157641E-2,4.821083E-1
230.408789,4.779732E-1,-9.143824E-3,4.780607E-1
231.738953,4.739988E-1,-6.751047E-3,4.740469E-1
233.076796,4.668017E-1,-2.513974E-3,4.668085E-1
234.422362,4.596776E-1,1.595466E-3,4.596804E-1
235.775697,4.551559E-1,4.932647E-3,4.551826E-1
237.136844,4.506541E-1,8.204101E-3,4.507288E-1
238.505849,4.429483E-1,1.154753E-2,4.430988E-1
239.882758,4.353471E-1,1.477472E-2,4.355977E-1
241.267616,4.244047E-1,1.774876E-2,4.247757E-1
242.660469,4.137116E-1,2.056484E-2,4.142224E-1
244.061362,3.979973E-1,2.591366E-2,3.988400E-1
245.470343,3.827893E-1,3.083097E-2,3.840289E-1
246.887458,3.654827E-1,3.431646E-2,3.670902E-1
248.312755,3.488969E-1,3.742873E-2,3.508988E-1
249.746279,3.254259E-1,4.756584E-2,3.288838E-1
251.188080,3.030800E-1,5.621835E-2,3.082499E-1
252.638204,2.557375E-1,7.776149E-2,2.672986E-1
254.096699,2.128569E-1,9.174667E-2,2.317876E-1
255.563615,1.409325E-1,2.388473E-1,2.773265E-1
257.038999,-3.236181E-2,3.302303E-1,3.318122E-1
258.522901,1.920871E-1,4.421217E-1,4.820467E-1
260.015369,5.560604E-1,4.257001E-1,7.003026E-1
261.516454,5.166987E-1,1.965150E-1,5.528071E-1
263.026204,4.351990E-1,3.203564E-2,4.363765E-1
264.544671,3.796934E-1,2.214051E-2,3.803384E-1
266.071903,3.311900E-1,1.425401E-2,3.314966E-1
267.607952,3.034416E-1,-4.183943E-3,3.034704E-1
269.152869,2.771218E-1,-1.959379E-2,2.778136E-1
270.706705,2.416343E-1,-1.300917E-1,2.744285E-1
272.269511,1.648377E-1,-2.152101E-1,2.710846E-1
273.841340,1.251293E-1,-1.309814E-1,1.811449E-1
275.422242,9.263371E-2,-7.791601E-2,1.210451E-1
277.012272,1.285538E-1,-6.515948E-2,1.441244E-1
278.611480,1.667289E-1,-4.061311E-2,1.716041E-1
280.219921,1.997939E-1,-4.367278E-2,2.045114E-1
281.837648,2.392748E-1,-4.638314E-2,2.437290E-1
283.464714,2.637529E-1,-5.453930E-2,2.693327E-1
285.101173,2.906885E-1,-6.388791E-2,2.976264E-1
286.747079,3.113827E-1,-6.841131E-2,3.188092E-1
288.402487,3.335503E-1,-7.325502E-2,3.414998E-1
290.067453,3.509668E-1,-7.582109E-2,3.590634E-1
291.742030,3.692880E-1,-7.845642E-2,3.775302E-1
293.426274,3.886854E-1,-7.809560E-2,3.964534E-1
295.120242,4.090496E-1,-7.749151E-2,4.163250E-1
296.823989,4.264686E-1,-7.746316E-2,4.334467E-1
298.537572,4.446031E-1,-7.729681E-2,4.512723E-1
300.261047,4.624816E-1,-7.823424E-2,4.690521E-1
301.994472,4.810687E-1,-7.912390E-2,4.875322E-1
303.737905,4.994960E-1,-7.994489E-2,5.058532E-1
305.491402,5.186192E-1,-8.071427E-2,5.248625E-1
307.255023,5.364224E-1,-8.246167E-2,5.427236E-1
309.028824,5.548347E-1,-8.423425E-2,5.611924E-1
310.812867,5.766400E-1,-8.869113E-2,5.834208E-1
312.607208,5.993000E-1,-9.336857E-2,6.065296E-1
314.411909,6.184233E-1,-1.141481E-1,6.288698E-1
316.227028,6.376403E-1,-1.362391E-1,6.520324E-1
318.052625,6.446167E-1,-1.552413E-1,6.630464E-1
319.888762,6.512092E-1,-1.747414E-1,6.742462E-1
321.735500,6.326271E-1,-1.614490E-1,6.529034E-1
323.592898,6.144761E-1,-1.487994E-1,6.322358E-1
325.461020,6.435958E-1,-1.357622E-1,6.577590E-1
327.339926,6.734749E-1,-1.213054E-1,6.843124E-1
329.229679,7.239569E-1,-1.397732E-1,7.373263E-1
331.130342,7.780968E-1,-1.603508E-1,7.944476E-1
333.041978,8.336554E-1,-2.704132E-1,8.764158E-1
334.964649,8.811918E-1,-3.978465E-1,9.668406E-1
336.898420,6.068228E-1,-5.264973E-1,8.033886E-1
338.843355,3.577692E-1,-5.636047E-1,6.675695E-1
340.799519,4.697240E-1,-3.947763E-1,6.135870E-1
342.766975,5.210505E-1,-2.157961E-1,5.639695E-1
344.745790,5.481340E-1,-1.911255E-1,5.804996E-1
346.736028,5.745150E-1,-1.641809E-1,5.975139E-1
348.737756,6.182290E-1,-1.590150E-1,6.383517E-1
350.751040,6.647671E-1,-1.522557E-1,6.819803E-1
352.775947,7.018588E-1,-1.917361E-1,7.275771E-1
354.812544,7.396480E-1,-2.354626E-1,7.762228E-1
356.860899,7.125674E-1,-2.938287E-1,7.707708E-1
358.921078,6.809701E-1,-3.493586E-1,7.653572E-1
360.993151,6.654759E-1,-2.741116E-1,7.197189E-1
363.077187,6.450694E-1,-2.048090E-1,6.768022E-1
365.173253,6.789730E-1,-1.556754E-1,6.965911E-1
367.281421,7.096060E-1,-1.024155E-1,7.169586E-1
369.401759,7.465578E-1,-7.882722E-2,7.507079E-1
371.534338,7.842790E-1,-5.267120E-2,7.860457E-1
373.679228,8.291810E-1,-1.185380E-2,8.292657E-1
375.836501,8.742155E-1,3.364631E-2,8.748627E-1
378.006228,9.272555E-1,1.147889E-1,9.343336E-1
380.188480,9.763671E-1,2.059289E-1,9.978474E-1
382.383332,9.442385E-1,3.932551E-1,1.022857E+0
384.590854,8.762232E-1,5.758215E-1,1.048493E+0
386.811120,6.235512E-1,6.291054E-1,8.857707E-1
389.044204,4.053984E-1,6.289741E-1,7.483023E-1
391.290180,3.608980E-1,4.593861E-1,5.841943E-1
393.549122,3.139632E-1,3.308061E-1,4.560763E-1
395.821105,4.198436E-1,2.107790E-1,4.697834E-1
398.106204,4.804776E-1,5.747014E-2,4.839024E-1
400.404495,5.264297E-1,-9.581979E-2,5.350791E-1
402.716055,5.250417E-1,-2.727681E-1,5.916682E-1
405.040959,5.016526E-1,-4.405168E-1,6.676154E-1
407.379285,4.307654E-1,-6.179959E-1,7.533112E-1
409.731111,-1.331321E-1,-8.275765E-1,8.382166E-1
412.096513,-7.464019E-1,-5.592839E-1,9.326920E-1
414.475571,-7.359995E-1,1.471900E-1,7.505732E-1
416.868364,-3.068984E-1,5.202378E-1,6.040149E-1
419.274970,-2.012091E-1,5.622924E-1,5.972084E-1
421.695470,-9.075247E-2,5.834628E-1,5.904785E-1
424.129944,3.794190E-1,8.509270E-1,9.316842E-1
426.578472,1.231549E+0,8.027116E-1,1.470054E+0
429.041135,1.021605E+0,5.372852E-1,1.154276E+0
431.518015,8.380273E-1,3.451688E-1,9.063284E-1
434.009195,8.552497E-1,6.814753E-1,1.093554E+0
436.514757,7.622560E-1,1.077001E+0,1.319456E+0
439.034783,1.449178E+0,1.026358E+0,1.775817E+0
441.569357,2.298535E+0,6.549343E-1,2.390021E+0
444.118564,2.892171E+0,6.520313E-3,2.892178E+0
446.682487,3.370164E+0,-9.438716E-1,3.499843E+0
449.261212,3.801968E+0,-2.038942E+0,4.314191E+0
451.854825,4.028008E+0,-3.472253E+0,5.318025E+0
454.463410,3.068474E+0,-5.478654E+0,6.279425E+0
457.087055,1.193981E+0,-7.317863E+0,7.414628E+0
459.725846,-1.858121E+0,-5.952251E+0,6.235536E+0
462.379871,-3.638825E+0,-3.775962E+0,5.243943E+0
465.049218,-3.296735E+0,-2.205309E+0,3.966340E+0
467.733976,-2.791247E+0,-1.099531E+0,3.000005E+0
470.434232,-2.517666E+0,-6.309773E-1,2.595530E+0
473.150078,-2.230531E+0,-2.596125E-1,2.245588E+0
475.881602,-2.181576E+0,-8.695532E-2,2.183308E+0
478.628895,-2.121365E+0,7.681330E-2,2.122755E+0
481.392049,-2.264563E+0,1.822881E-1,2.271888E+0
484.171154,-2.412693E+0,3.018233E-1,2.431498E+0
486.966304,-2.915123E+0,6.190966E-1,2.980138E+0
489.777590,-3.495764E+0,1.058726E+0,3.652570E+0
492.605106,-5.487096E+0,2.563088E+0,6.056207E+0
495.448945,-8.399931E+0,5.502255E+0,1.004160E+1
498.309202,-1.267441E+1,-4.605550E+0,1.348524E+1
501.185971,-5.244632E+0,-1.733377E+1,1.810982E+1
504.079348,-4.741200E+0,-5.942002E+0,7.601734E+0
506.989429,-2.772793E+0,-1.579036E+0,3.190883E+0
509.916309,-1.623224E+0,-3.914104E-2,1.623696E+0
512.860087,-7.368394E-1,3.737838E-1,8.262243E-1
515.820860,-4.390922E-1,7.925929E-1,9.060935E-1
518.798725,8.884685E-2,9.897033E-1,9.936832E-1
521.793781,4.319529E-1,1.298350E+0,1.368319E+0
524.806128,9.893695E-1,1.603544E+0,1.884199E+0
527.835866,1.759535E+0,1.635055E+0,2.401951E+0
530.883094,2.716645E+0,1.412626E+0,3.061972E+0
533.947915,3.460888E+0,1.040421E+0,3.613893E+0
537.030429,4.242011E+0,4.451044E-1,4.265299E+0
540.130738,7.351085E+0,9.631537E-1,7.413914E+0
543.248945,1.273029E+1,2.002385E+0,1.288681E+1
546.385154,2.330627E+0,-6.941705E+0,7.322506E+0
549.539469,-3.667615E+0,-1.964846E+0,4.160772E+0
552.711994,-2.108034E+0,-1.119238E+0,2.386734E+0
555.902834,-1.211612E+0,-6.375131E-1,1.369097E+0
559.112094,-9.970289E-1,-3.382288E-1,1.052837E+0
562.339883,-7.979964E-1,-1.367722E-1,8.096326E-1
565.586305,-1.025975E-1,4.101998E-1,4.228358E-1
568.851469,2.095886E-1,6.955560E-2,2.208288E-1
572.135483,3.214812E-1,-9.225754E-2,3.344572E-1
575.438456,3.229999E-1,-3.902147E-1,5.065535E-1
578.760497,3.075512E-1,-5.198907E-1,6.040481E-1
582.101716,2.651426E-1,-6.697327E-1,7.203072E-1
585.462225,9.282021E-2,-6.331274E-1,6.398952E-1
588.842134,-4.872712E-2,-5.663680E-1,5.684602E-1
592.241555,-1.019555E-1,-4.616693E-1,4.727933E-1
595.660602,-1.344233E-1,-3.695367E-1,3.932264E-1
599.099386,-8.966185E-2,-3.026059E-1,3.156099E-1
602.558024,-5.706745E-2,-2.468018E-1,2.533137E-1
606.036628,-6.889987E-3,-2.142343E-1,2.143451E-1
609.535314,2.942102E-2,-1.789689E-1,1.813711E-1
613.054198,8.105160E-2,-2.647539E-1,2.768826E-1
616.593397,1.766782E-1,-3.839955E-1,4.226911E-1
620.153028,8.557133E-2,-3.924996E-1,4.017193E-1
623.733209,-7.292844E-4,-3.817875E-1,3.817882E-1
627.334059,2.190905E-2,-2.767115E-1,2.775775E-1
630.955697,3.213901E-2,-1.992361E-1,2.018116E-1
634.598242,1.210714E-1,-1.719419E-1,2.102910E-1
638.261816,1.919085E-1,-1.057715E-1,2.191266E-1
641.946541,2.021768E-1,-1.214319E-1,2.358414E-1
645.652537,2.125947E-1,-1.386858E-1,2.538312E-1
649.379928,2.760040E-1,-1.959622E-1,3.384958E-1
653.128838,3.574906E-1,-2.756128E-1,4.514000E-1
656.899390,4.983022E-1,-4.768518E-1,6.897048E-1
660.691710,6.795078E-1,-8.054790E-1,1.053816E+0
664.505924,5.019452E-2,-5.445112E-1,5.468198E-1
668.342157,-1.402279E-1,-2.466693E-1,2.837421E-1
672.200537,6.582673E-2,-3.406727E-1,3.469741E-1
676.081191,3.320125E-1,-2.641888E-1,4.242971E-1
679.984249,4.026349E-1,-4.138743E-1,5.774139E-1
683.909839,4.721603E-1,-6.281122E-1,7.857864E-1
687.858092,4.806762E-1,-8.884450E-1,1.010141E+0
691.829139,4.419338E-1,-1.221037E+0,1.298552E+0
695.823110,4.673451E-1,-1.413860E+0,1.489098E+0
699.840139,4.902775E-1,-1.635707E+0,1.707603E+0
703.880359,-1.471715E-1,-3.066806E+0,3.070335E+0
707.943903,-2.084129E+0,-5.112067E+0,5.520582E+0
712.030906,-3.634679E+0,-2.263348E+0,4.281779E+0
716.141504,-3.312880E+0,2.315448E-1,3.320962E+0
720.275832,-2.604599E+0,6.042386E-1,2.673769E+0
724.434028,-1.994202E+0,8.107301E-1,2.152702E+0
728.616230,-1.752279E+0,9.287797E-1,1.983208E+0
732.822575,-1.519552E+0,1.014448E+0,1.827059E+0
737.053205,-1.573609E+0,9.754826E-1,1.851435E+0
741.308258,-1.627025E+0,9.341725E-1,1.876137E+0
745.587875,-2.324092E+0,1.108693E+0,2.574996E+0
749.892199,-3.296258E+0,1.274804E+0,3.534182E+0
754.221372,-1.568101E+0,2.339160E+0,2.816134E+0
758.575538,4.632903E-2,2.243495E+0,2.243973E+0
762.954841,1.126357E-1,1.412554E+0,1.417038E+0
767.359425,1.235340E-1,8.862701E-1,8.948382E-1
771.789438,-2.212398E-1,6.961952E-1,7.305031E-1
776.245025,-4.081824E-1,4.347622E-1,5.963481E-1
780.726335,-4.633289E-1,4.155783E-1,6.223978E-1
785.233515,-5.189568E-1,3.906979E-1,6.495853E-1
789.766716,-5.283889E-1,2.786011E-1,5.973386E-1
794.326087,-5.205182E-1,1.754560E-1,5.492941E-1
798.911780,-6.085886E-1,1.533728E-1,6.276172E-1
803.523946,-7.069363E-1,1.203524E-1,7.171078E-1
808.162739,-7.358855E-1,1.234050E-1,7.461610E-1
812.828311,-7.660154E-1,1.265064E-1,7.763913E-1
817.520818,-8.295678E-1,2.989465E-2,8.301063E-1
822.240416,-8.838142E-1,-8.121108E-2,8.875375E-1
826.987259,-9.898218E-1,-1.189701E-1,9.969459E-1
831.761507,-1.107663E+0,-1.646991E-1,1.119841E+0
836.563317,-1.270606E+0,-1.620169E-1,1.280894E+0
841.392847,-1.456880E+0,-1.550771E-1,1.465110E+0
846.250259,-1.429714E+0,9.660656E-3,1.429747E+0
851.135714,-1.385277E+0,1.664167E-1,1.395237E+0
856.049372,-1.203067E+0,1.064791E-1,1.207770E+0
860.991397,-1.043793E+0,5.955329E-2,1.045491E+0
865.961952,-8.661892E-1,3.660858E-2,8.669625E-1
870.961203,-7.186478E-1,1.975698E-2,7.189193E-1
875.989315,-5.029382E-1,-9.446065E-2,5.117320E-1
881.046454,-3.356716E-1,-1.414429E-1,3.642547E-1
886.132789,6.550829E-3,-4.870394E-1,4.870835E-1
891.248487,6.068056E-1,-2.366824E-1,6.513306E-1
896.393719,3.155119E-1,-6.876148E-1,7.565460E-1
901.568654,-2.918293E-1,-8.288852E-1,8.787577E-1
906.773465,-4.466974E-1,-6.407689E-1,7.811039E-1
912.008323,-5.347134E-1,-4.428740E-1,6.943024E-1
917.273403,-6.365393E-1,-2.539032E-1,6.853095E-1
922.568878,-6.748992E-1,-4.552621E-2,6.764330E-1
927.894924,-6.968905E-1,1.006650E-1,7.041234E-1
933.251717,-6.874322E-1,2.542618E-1,7.329475E-1
938.639436,-7.033473E-1,3.127611E-1,7.697512E-1
944.058259,-7.160887E-1,3.751428E-1,8.084028E-1
949.508364,-7.597307E-1,3.425077E-1,8.333680E-1
954.989934,-8.026573E-1,3.062695E-1,8.591040E-1
960.503149,-9.142822E-1,2.946923E-1,9.606016E-1
966.048192,-1.038239E+0,2.751893E-1,1.074090E+0
971.625246,-1.146309E+0,2.357690E-1,1.170304E+0
977.234498,-1.261457E+0,1.862659E-1,1.275135E+0
982.876132,-1.537023E+0,9.715994E-2,1.540091E+0
988.550335,-1.859715E+0,-3.783529E-2,1.860100E+0
994.257297,-1.686260E+0,1.981234E-1,1.697859E+0
999.997204,-1.499946E+0,3.898050E-1,1.549770E+0
