Hz,real,imaginary,unitless (peak only)
9.999990,2.277941E+0,1.001891E+0,2.488534E+0
10.057721,1.605282E+0,5.317627E-1,1.691065E+0
10.115785,1.120081E+0,2.568360E-1,1.149150E+0
10.174184,1.551985E+0,5.677026E-1,1.652557E+0
10.232920,2.112369E+0,1.088848E+0,2.376487E+0
10.291995,2.038952E+0,1.492404E+0,2.526776E+0
10.351412,1.895214E+0,1.904155E+0,2.686567E+0
10.411171,1.508257E+0,9.261824E-1,1.769930E+0
10.471275,1.109152E+0,3.597701E-1,1.166041E+0
10.531727,1.410386E+0,3.812931E-1,1.461018E+0
10.592527,1.788697E+0,3.895059E-1,1.830615E+0
10.653678,1.972309E+0,6.498619E-1,2.076613E+0
10.715183,2.148848E+0,9.652103E-1,2.355669E+0
10.777042,1.578704E+0,5.943054E-1,1.686863E+0
10.839258,1.154729E+0,3.545656E-1,1.207939E+0
10.901834,1.550991E+0,4.320676E-1,1.610048E+0
10.964771,2.081690E+0,5.214811E-1,2.146014E+0
11.028071,1.911782E+0,4.301887E-1,1.959585E+0
11.091737,1.754667E+0,3.505939E-1,1.789350E+0
11.155770,1.472421E+0,2.657670E-1,1.496214E+0
11.220173,1.235133E+0,1.992470E-1,1.251101E+0
11.284948,1.309097E+0,2.455534E-1,1.331928E+0
11.350097,1.386556E+0,2.968416E-1,1.417975E+0
11.415622,1.297215E+0,1.744696E-1,1.308895E+0
11.481525,1.206280E+0,6.820886E-2,1.208207E+0
11.547808,1.169782E+0,-7.501039E-3,1.169806E+0
11.614474,1.129906E+0,-7.843851E-2,1.132625E+0
11.681525,1.239574E+0,-3.874021E-2,1.240179E+0
11.748964,1.357913E+0,9.266214E-3,1.357945E+0
11.816791,1.233573E+0,6.874503E-2,1.235487E+0
11.885010,1.117940E+0,1.172720E-1,1.124074E+0
11.953623,1.274101E+0,1.411337E-1,1.281894E+0
12.022632,1.452027E+0,1.693786E-1,1.461873E+0
12.092039,1.370589E+0,2.210457E-1,1.388299E+0
12.161847,1.291178E+0,2.666810E-1,1.318431E+0
12.232059,1.349212E+0,1.790572E-1,1.361042E+0
12.302675,1.402487E+0,8.453999E-2,1.405033E+0
12.373699,1.254055E+0,1.063106E-1,1.258553E+0
12.445133,1.120663E+0,1.225665E-1,1.127346E+0
12.516980,1.133989E+0,1.120834E-1,1.139515E+0
12.589241,1.147346E+0,1.013473E-1,1.151813E+0
12.661919,1.184457E+0,1.034695E-1,1.188968E+0
12.735017,1.222767E+0,1.056231E-1,1.227320E+0
12.808537,1.160890E+0,8.640371E-2,1.164101E+0
12.882482,1.101987E+0,6.887247E-2,1.104137E+0
12.956853,1.148351E+0,7.936116E-2,1.151090E+0
13.031654,1.196613E+0,9.061377E-2,1.200039E+0
13.106887,1.162029E+0,1.515311E-3,1.162030E+0
13.182553,1.122229E+0,-8.203806E-2,1.125224E+0
13.258657,1.155699E+0,-4.424456E-3,1.155707E+0
13.335200,1.184486E+0,7.747640E-2,1.187017E+0
13.412185,1.132441E+0,4.565655E-2,1.133361E+0
13.489614,1.082005E+0,1.652778E-2,1.082131E+0
13.567491,1.122379E+0,4.586553E-2,1.123316E+0
13.645817,1.163498E+0,7.738136E-2,1.166068E+0
13.724595,1.132073E+0,3.362838E-2,1.132572E+0
13.803828,1.100011E+0,-7.718760E-3,1.100038E+0
13.883518,1.103336E+0,1.378910E-2,1.103422E+0
13.963668,1.106251E+0,3.542414E-2,1.106818E+0
14.044282,1.092261E+0,4.779882E-2,1.093306E+0
14.125360,1.078300E+0,5.985960E-2,1.079960E+0
14.206907,1.083160E+0,7.748230E-2,1.085928E+0
14.288924,1.087764E+0,9.527807E-2,1.091929E+0
14.371415,1.070750E+0,7.431896E-2,1.073326E+0
14.454382,1.053657E+0,5.402247E-2,1.055041E+0
14.537828,1.055853E+0,5.889288E-2,1.057494E+0
14.621756,1.058031E+0,6.378449E-2,1.059952E+0
14.706168,1.063935E+0,6.247077E-2,1.065767E+0
14.791067,1.069870E+0,6.114057E-2,1.071616E+0
14.876457,1.073817E+0,6.733780E-2,1.075926E+0
14.962340,1.077744E+0,7.358186E-2,1.080253E+0
15.048718,1.072773E+0,7.073604E-2,1.075103E+0
15.135596,1.067818E+0,6.791534E-2,1.069976E+0
15.222974,1.073340E+0,6.506582E-2,1.075310E+0
15.310857,1.078881E+0,6.218567E-2,1.080672E+0
15.399248,1.076602E+0,6.486143E-2,1.078554E+0
15.488149,1.074322E+0,6.752600E-2,1.076442E+0
15.577563,1.076079E+0,5.958722E-2,1.077728E+0
15.667493,1.077778E+0,5.162609E-2,1.079014E+0
15.757942,1.069022E+0,5.021099E-2,1.070201E+0
15.848914,1.060336E+0,4.881551E-2,1.061459E+0
15.940411,1.059308E+0,4.784732E-2,1.060388E+0
16.032436,1.058281E+0,4.688103E-2,1.059319E+0
16.124992,1.060265E+0,3.940641E-2,1.060997E+0
16.218082,1.062199E+0,3.190597E-2,1.062678E+0
16.311710,1.057590E+0,3.669978E-2,1.058227E+0
16.405879,1.052977E+0,4.145209E-2,1.053793E+0
16.500591,1.054323E+0,3.684766E-2,1.054967E+0
16.595850,1.055649E+0,3.223220E-2,1.056141E+0
16.691659,1.052623E+0,3.297534E-2,1.053139E+0
16.788021,1.049605E+0,3.371400E-2,1.050146E+0
16.884939,1.047418E+0,3.046198E-2,1.047861E+0
16.982417,1.045226E+0,2.722366E-2,1.045580E+0
17.080457,1.040943E+0,2.736197E-2,1.041303E+0
17.179064,1.036679E+0,2.749870E-2,1.037044E+0
17.278240,1.037166E+0,2.163034E-2,1.037392E+0
17.377988,1.037620E+0,1.575734E-2,1.037740E+0
17.478312,1.041348E+0,1.632762E-2,1.041476E+0
17.579215,1.045089E+0,1.690179E-2,1.045226E+0
17.680701,1.030926E+0,1.764191E-2,1.031077E+0
17.782773,1.016954E+0,1.835887E-2,1.017120E+0
17.885434,1.022993E+0,1.845165E-2,1.023159E+0
17.988688,1.029069E+0,1.854489E-2,1.029236E+0
18.092538,1.028504E+0,9.861564E-3,1.028551E+0
18.196987,1.027866E+0,1.189083E-3,1.027867E+0
18.302039,1.027480E+0,9.018963E-3,1.027520E+0
18.407698,1.027034E+0,1.684304E-2,1.027172E+0
18.513967,1.024673E+0,1.709154E-2,1.024816E+0
18.620849,1.022317E+0,1.733882E-2,1.022464E+0
18.728348,1.020415E+0,1.387498E-2,1.020509E+0
18.836468,1.018505E+0,1.042415E-2,1.018558E+0
18.945212,1.017534E+0,6.823163E-3,1.017557E+0
19.054584,1.016550E+0,3.229159E-3,1.016555E+0
19.164587,1.016041E+0,1.029387E-2,1.016093E+0
19.275226,1.015485E+0,1.735168E-2,1.015633E+0
19.386503,1.019776E+0,1.428209E-2,1.019876E+0
19.498422,1.024075E+0,1.118642E-2,1.024136E+0
19.610988,1.018727E+0,1.331432E-2,1.018814E+0
19.724203,1.013402E+0,1.541973E-2,1.013519E+0
19.838072,1.014401E+0,1.440981E-2,1.014503E+0
19.952599,1.015400E+0,1.339790E-2,1.015488E+0
20.067786,1.012275E+0,7.692118E-3,1.012304E+0
20.183639,1.009128E+0,2.021755E-3,1.009130E+0
20.300160,1.007276E+0,1.717203E-3,1.007277E+0
20.417354,1.005428E+0,1.413762E-3,1.005429E+0
20.535225,1.006784E+0,3.750979E-3,1.006791E+0
20.653776,1.008136E+0,6.094507E-3,1.008154E+0
20.773011,1.010029E+0,7.201682E-3,1.010055E+0
20.892935,1.011925E+0,8.312998E-3,1.011959E+0
21.013551,1.008329E+0,4.271482E-3,1.008338E+0
21.134864,1.004729E+0,2.587149E-4,1.004729E+0
21.256877,1.005249E+0,3.746762E-3,1.005256E+0
21.379594,1.005758E+0,7.238423E-3,1.005784E+0
21.503020,1.003273E+0,3.697987E-3,1.003280E+0
21.627158,1.000783E+0,1.750847E-4,1.000783E+0
21.752013,1.003143E+0,2.579865E-3,1.003146E+0
21.877589,1.005502E+0,4.995984E-3,1.005514E+0
22.003889,1.004676E+0,2.540143E-3,1.004679E+0
22.130919,1.003844E+0,8.836480E-5,1.003844E+0
22.258682,1.002938E+0,-1.742330E-5,1.002938E+0
22.387183,1.002033E+0,-1.230206E-4,1.002033E+0
22.516425,1.003890E+0,1.225402E-3,1.003891E+0
22.646414,1.005749E+0,2.578822E-3,1.005752E+0
22.777153,1.006563E+0,-3.664691E-4,1.006563E+0
22.908647,1.007369E+0,-3.316506E-3,1.007374E+0
23.040900,1.006405E+0,-2.708032E-3,1.006409E+0
23.173917,1.005441E+0,-2.100722E-3,1.005443E+0
23.307701,1.007263E+0,-2.551448E-3,1.007266E+0
23.442258,1.009088E+0,-3.003802E-3,1.009092E+0
23.577591,1.008427E+0,-2.438023E-3,1.008430E+0
23.713706,1.007766E+0,-1.872986E-3,1.007768E+0
23.850607,1.008508E+0,-5.411410E-3,1.008523E+0
23.988298,1.009239E+0,-8.955067E-3,1.009279E+0
24.126784,1.011244E+0,-8.988621E-3,1.011284E+0
24.266069,1.013252E+0,-9.022275E-3,1.013292E+0
24.406159,1.013322E+0,-1.003296E-2,1.013372E+0
24.547057,1.013391E+0,-1.104380E-2,1.013451E+0
24.688769,1.014679E+0,-1.387809E-2,1.014774E+0
24.831298,1.015962E+0,-1.671967E-2,1.016100E+0
24.974651,1.016839E+0,-1.760926E-2,1.016991E+0
25.118831,1.017716E+0,-1.850040E-2,1.017884E+0
25.263844,1.019132E+0,-2.053398E-2,1.019339E+0
25.409693,1.020546E+0,-2.257327E-2,1.020796E+0
25.556385,1.021500E+0,-2.469460E-2,1.021798E+0
25.703924,1.022452E+0,-2.682002E-2,1.022804E+0
25.852314,1.025850E+0,-3.022556E-2,1.026295E+0
26.001561,1.029247E+0,-3.365373E-2,1.029797E+0
26.151669,1.026973E+0,-3.906871E-2,1.027716E+0
26.302645,1.024676E+0,-4.446056E-2,1.025640E+0
26.454491,1.024972E+0,-4.866005E-2,1.026126E+0
26.607215,1.025251E+0,-5.286268E-2,1.026613E+0
26.760820,1.021275E+0,-5.961826E-2,1.023014E+0
26.915312,1.017268E+0,-6.632309E-2,1.019428E+0
27.070695,1.015868E+0,-7.213865E-2,1.018426E+0
27.226976,1.014437E+0,-7.794036E-2,1.017427E+0
27.384159,1.011319E+0,-8.102264E-2,1.014559E+0
27.542250,1.008201E+0,-8.408608E-2,1.011701E+0
27.701253,9.942630E-1,-8.816238E-2,9.981641E-1
27.861174,9.804910E-1,-9.211214E-2,9.848082E-1
28.022018,9.765392E-1,-9.532787E-2,9.811810E-1
28.183791,9.725906E-1,-9.851743E-2,9.775675E-1
28.346497,9.649609E-1,-9.611945E-2,9.697363E-1
28.510144,9.573882E-1,-9.375332E-2,9.619677E-1
28.674734,9.494720E-1,-9.048416E-2,9.537738E-1
28.840275,9.416147E-1,-8.726324E-2,9.456496E-1
29.006772,9.395231E-1,-8.589132E-2,9.434410E-1
29.174230,9.374345E-1,-8.452524E-2,9.412375E-1
29.342654,9.326128E-1,-7.717432E-2,9.358005E-1
29.512051,9.277647E-1,-6.990127E-2,9.303943E-1
29.682426,9.236930E-1,-6.095348E-2,9.257019E-1
29.853785,9.195589E-1,-5.208894E-2,9.210330E-1
30.026132,9.156641E-1,-4.847928E-2,9.169466E-1
30.199475,9.117733E-1,-4.489996E-2,9.128782E-1
30.373818,9.122466E-1,-4.169998E-2,9.131992E-1
30.549168,9.127089E-1,-3.849722E-2,9.135204E-1
30.725531,9.154030E-1,-3.395330E-2,9.160325E-1
30.902911,9.180814E-1,-2.938323E-2,9.185515E-1
31.081315,9.160333E-1,-2.748386E-2,9.164455E-1
31.260750,9.139858E-1,-2.559293E-2,9.143440E-1
31.441220,9.153827E-1,-1.734034E-2,9.155469E-1
31.622732,9.167067E-1,-9.064591E-3,9.167515E-1
31.805292,9.211212E-1,-9.152913E-3,9.211667E-1
31.988906,9.255570E-1,-9.241881E-3,9.256031E-1
32.173580,9.251231E-1,-8.658743E-3,9.251636E-1
32.359320,9.246887E-1,-8.076152E-3,9.247240E-1
32.546132,9.303282E-1,-2.421340E-3,9.303314E-1
32.734023,9.359671E-1,3.302436E-3,9.359729E-1
32.922998,9.344412E-1,-3.705810E-3,9.344485E-1
33.113065,9.328653E-1,-1.069103E-2,9.329266E-1
33.304228,9.317359E-1,-6.270236E-3,9.317570E-1
33.496496,9.305874E-1,-1.860378E-3,9.305893E-1
33.689873,9.306933E-1,-5.789681E-3,9.307113E-1
33.884367,9.307827E-1,-9.719914E-3,9.308334E-1
34.079983,9.327413E-1,-1.540639E-3,9.327426E-1
34.276729,9.346319E-1,6.672346E-3,9.346557E-1
34.474611,9.377893E-1,6.874013E-3,9.378145E-1
34.673635,9.409572E-1,7.076965E-3,9.409838E-1
34.873808,9.368061E-1,7.168791E-3,9.368335E-1
35.075136,9.326736E-1,7.259675E-3,9.327019E-1
35.277627,9.351633E-1,6.595428E-3,9.351866E-1
35.481287,9.376591E-1,5.927584E-3,9.376778E-1
35.686123,9.432915E-1,7.110444E-3,9.433183E-1
35.892141,9.489566E-1,8.307310E-3,9.489930E-1
36.099348,9.496706E-1,5.448229E-3,9.496862E-1
36.307752,9.503766E-1,2.584917E-3,9.503801E-1
36.517359,9.472073E-1,1.401274E-2,9.473109E-1
36.728176,9.439107E-1,2.536469E-2,9.442514E-1
36.940210,9.402386E-1,2.445761E-2,9.405566E-1
37.153468,9.365800E-1,2.355723E-2,9.368762E-1
37.367957,9.377905E-1,2.140677E-2,9.380348E-1
37.583685,9.389978E-1,1.925084E-2,9.391951E-1
37.800658,9.416834E-1,2.076237E-2,9.419123E-1
38.018883,9.443742E-1,2.228243E-2,9.446370E-1
38.238368,9.440096E-1,2.941407E-2,9.444677E-1
38.459121,9.435914E-1,3.654148E-2,9.442987E-1
38.681148,9.452611E-1,2.679053E-2,9.456407E-1
38.904456,9.468316E-1,1.700889E-2,9.469844E-1
39.129054,9.433273E-1,1.794570E-2,9.434980E-1
39.354948,9.398347E-1,1.887539E-2,9.400242E-1
39.582147,9.418586E-1,2.162121E-2,9.421067E-1
39.810657,9.438797E-1,2.437892E-2,9.441945E-1
40.040486,9.441570E-1,2.898532E-2,9.446018E-1
40.271643,9.444121E-1,3.359499E-2,9.450094E-1
40.504133,9.517892E-1,3.525058E-2,9.524417E-1
40.737966,9.592222E-1,3.693006E-2,9.599328E-1
40.973149,9.499935E-1,4.053972E-2,9.508581E-1
41.209689,9.408372E-1,4.407712E-2,9.418691E-1
41.447595,9.401389E-1,3.757032E-2,9.408893E-1
41.686875,9.393965E-1,3.107521E-2,9.399103E-1
41.927536,9.360398E-1,3.147631E-2,9.365689E-1
42.169586,9.326952E-1,3.187416E-2,9.332397E-1
42.413033,9.333995E-1,3.471420E-2,9.340448E-1
42.657886,9.340955E-1,3.755880E-2,9.348503E-1
42.904153,9.369622E-1,3.345760E-2,9.375594E-1
43.151841,9.398185E-1,2.933163E-2,9.402761E-1
43.400959,9.424990E-1,3.684586E-2,9.432189E-1
43.651516,9.451283E-1,4.440454E-2,9.461708E-1
43.903519,9.368170E-1,3.978143E-2,9.376613E-1
44.156976,9.285596E-1,3.523708E-2,9.292279E-1
44.411897,9.308766E-1,3.321493E-2,9.314690E-1
44.668290,9.331943E-1,3.118266E-2,9.337151E-1
44.926163,9.375330E-1,1.734691E-2,9.376935E-1
45.185524,9.416827E-1,3.388823E-3,9.416888E-1
45.446383,9.457134E-1,-3.420418E-2,9.463317E-1
45.708748,9.482592E-1,-7.211368E-2,9.509973E-1
45.972627,8.361226E-1,-1.849861E-1,8.563416E-1
46.238030,7.217940E-1,-2.713297E-1,7.711072E-1
46.504965,7.351714E-1,1.869685E-1,7.585738E-1
46.773441,4.882064E-1,5.643886E-1,7.462439E-1
47.043467,6.952933E-1,5.114315E-1,8.631309E-1
47.315051,9.152883E-1,3.986252E-1,9.983260E-1
47.588204,9.611090E-1,3.421515E-1,1.020195E+0
47.862934,1.003859E+0,2.813608E-1,1.042543E+0
48.139249,1.016767E+0,2.384064E-1,1.044343E+0
48.417160,1.027839E+0,1.948622E-1,1.046147E+0
48.696675,1.041443E+0,1.952348E-1,1.059585E+0
48.977804,1.055223E+0,1.955841E-1,1.073196E+0
49.260556,1.043773E+0,1.690653E-1,1.057377E+0
49.544940,1.031902E+0,1.432001E-1,1.041791E+0
49.830966,1.044036E+0,1.285993E-1,1.051926E+0
50.118643,1.056061E+0,1.136702E-1,1.062161E+0
50.407981,1.058901E+0,1.092674E-1,1.064524E+0
50.698990,1.061727E+0,1.048423E-1,1.066891E+0
50.991678,1.033631E+0,1.111449E-1,1.039589E+0
51.286056,1.006201E+0,1.170481E-1,1.012986E+0
51.582133,1.020459E+0,1.026856E-1,1.025612E+0
51.879920,1.034669E+0,8.792187E-2,1.038398E+0
52.179426,1.033823E+0,8.696495E-2,1.037474E+0
52.480661,1.032976E+0,8.600961E-2,1.036551E+0
52.783635,1.005139E+0,1.012389E-1,1.010225E+0
53.088358,9.777556E-1,1.156095E-1,9.845667E-1
53.394841,9.783743E-1,1.062248E-1,9.841240E-1
53.703092,9.789036E-1,9.683888E-2,9.836819E-1
54.013124,1.000684E+0,8.778872E-2,1.004527E+0
54.324945,1.022823E+0,7.830040E-2,1.025816E+0
54.638566,9.889852E-1,7.520215E-2,9.918403E-1
54.953998,9.562665E-1,7.222323E-2,9.589900E-1
55.271250,9.766711E-1,9.856458E-2,9.816320E-1
55.590335,9.968713E-1,1.260454E-1,1.004808E+0
55.911261,9.973796E-1,1.152446E-1,1.004016E+0
56.234040,9.977721E-1,1.044474E-1,1.003224E+0
56.558683,9.803115E-1,8.346309E-2,9.838581E-1
56.885199,9.627923E-1,6.321929E-2,9.648656E-1
57.213601,9.312495E-1,6.167706E-2,9.332897E-1
57.543899,9.007395E-1,6.016805E-2,9.027468E-1
57.876103,9.243995E-1,8.250754E-2,9.280743E-1
58.210225,9.482044E-1,1.060109E-1,9.541121E-1
58.546276,9.351784E-1,8.598392E-2,9.391229E-1
58.884268,9.219728E-1,6.652735E-2,9.243699E-1
59.224210,8.830439E-1,8.828445E-2,8.874462E-1
59.566115,8.451074E-1,1.081326E-1,8.519972E-1
59.909994,8.407491E-1,1.151320E-1,8.485956E-1
60.255858,8.363472E-1,1.220649E-1,8.452080E-1
60.603719,8.381055E-1,1.302725E-1,8.481696E-1
60.953588,8.397935E-1,1.385248E-1,8.511417E-1
61.305476,8.170386E-1,1.396566E-1,8.288884E-1
61.659397,7.948726E-1,1.406299E-1,8.072170E-1
62.015360,7.963790E-1,1.316504E-1,8.071873E-1
62.373378,7.977837E-1,1.226548E-1,8.071574E-1
62.733464,7.680961E-1,1.354242E-1,7.799432E-1
63.095628,7.391454E-1,1.471300E-1,7.536466E-1
63.459883,7.219685E-1,1.531036E-1,7.380239E-1
63.826240,7.050761E-1,1.587431E-1,7.227252E-1
64.194713,6.800226E-1,1.617955E-1,6.990054E-1
64.565313,6.557573E-1,1.644535E-1,6.760640E-1
64.938053,6.507080E-1,1.607497E-1,6.702696E-1
65.312944,6.456898E-1,1.570954E-1,6.645256E-1
65.690000,6.109260E-1,1.628235E-1,6.322516E-1
66.069232,5.777396E-1,1.675509E-1,6.015450E-1
66.450654,5.520590E-1,1.785083E-1,5.802020E-1
66.834277,5.269791E-1,1.883173E-1,5.596163E-1
67.220116,4.924629E-1,2.184350E-1,5.387333E-1
67.608181,4.571750E-1,2.448832E-1,5.186297E-1
67.998488,4.259945E-1,2.636058E-1,5.009584E-1
68.391047,3.948075E-1,2.797779E-1,4.838891E-1
68.785873,3.547116E-1,3.062757E-1,4.686418E-1
69.182978,3.136036E-1,3.281084E-1,4.538748E-1
69.582375,2.903413E-1,3.546423E-1,4.583331E-1
69.984078,2.648649E-1,3.795565E-1,4.628353E-1
70.388101,2.337014E-1,4.467743E-1,5.042059E-1
70.794455,1.907292E-1,5.150970E-1,5.492746E-1
71.203156,1.554914E-1,5.845023E-1,6.048310E-1
71.614216,1.096423E-1,6.569193E-1,6.660063E-1
72.027650,9.964602E-2,7.426730E-1,7.493280E-1
72.443470,8.531757E-2,8.387459E-1,8.430740E-1
72.861690,7.687096E-2,9.494284E-1,9.525353E-1
73.282325,6.475611E-2,1.074259E+0,1.076209E+0
73.705388,1.757122E-2,1.181700E+0,1.181831E+0
74.130894,-3.953887E-2,1.297219E+0,1.297821E+0
74.558856,3.071080E-2,1.336964E+0,1.337317E+0
74.989289,1.051823E-1,1.373996E+0,1.378016E+0
75.422207,1.192548E-1,1.400319E+0,1.405388E+0
75.857624,1.338360E-1,1.427041E+0,1.433303E+0
76.295554,1.671202E-1,1.459828E+0,1.469363E+0
76.736013,2.019226E-1,1.492734E+0,1.506329E+0
77.179015,2.246640E-1,1.515175E+0,1.531741E+0
77.624574,2.480781E-1,1.537698E+0,1.557581E+0
78.072705,2.163375E-1,1.542849E+0,1.557943E+0
78.523424,1.844900E-1,1.547345E+0,1.558305E+0
78.976744,1.488383E-1,1.548200E+0,1.555338E+0
79.432682,1.132445E-1,1.548242E+0,1.552378E+0
79.891252,6.991167E-2,1.542717E+0,1.544300E+0
80.352469,2.697340E-2,1.536027E+0,1.536264E+0
80.816348,1.057998E-3,1.545924E+0,1.545924E+0
81.282906,-2.518481E-2,1.555443E+0,1.555647E+0
81.752157,-1.538444E-1,1.557421E+0,1.565001E+0
82.224117,-2.830039E-1,1.548767E+0,1.574411E+0
82.698802,-4.110280E-1,1.509272E+0,1.564240E+0
83.176227,-5.344259E-1,1.459355E+0,1.554133E+0
83.656409,-7.768389E-1,1.239529E+0,1.462843E+0
84.139362,-9.571677E-1,9.898127E-1,1.376917E+0
84.625104,-1.240375E+0,9.299995E-1,1.550300E+0
85.113650,-1.544581E+0,8.130754E-1,1.745515E+0
85.605016,-2.211304E+0,2.311817E-1,2.223356E+0
86.099219,-2.724659E+0,-7.723304E-1,2.832007E+0
86.596275,-1.988656E+0,-3.879203E+0,4.359239E+0
87.096201,2.282938E+0,-6.309775E+0,6.710072E+0
87.599012,4.173766E+0,-3.761340E+0,5.618541E+0
88.104727,4.566009E+0,-1.133367E+0,4.704568E+0
88.613361,3.897489E+0,-4.178237E-2,3.897713E+0
89.124931,3.150086E+0,7.105795E-1,3.229236E+0
89.639454,2.687513E+0,8.614033E-1,2.822187E+0
90.156948,2.273198E+0,9.570459E-1,2.466448E+0
90.677430,1.864936E+0,7.756556E-1,2.019809E+0
91.200916,1.529964E+0,6.285645E-1,1.654051E+0
91.727425,1.453087E+0,6.131421E-1,1.577151E+0
92.256973,1.379926E+0,5.977422E-1,1.503826E+0
92.789578,1.361563E+0,6.446901E-1,1.506479E+0
93.325258,1.341605E+0,6.910788E-1,1.509137E+0
93.864030,1.301025E+0,7.047635E-1,1.479648E+0
94.405913,1.260967E+0,7.173511E-1,1.450734E+0
94.950924,1.233887E+0,7.391530E-1,1.438341E+0
95.499081,1.206558E+0,7.601593E-1,1.426052E+0
96.050403,1.185443E+0,7.901190E-1,1.424627E+0
96.604908,1.163586E+0,8.194967E-1,1.423203E+0
97.162614,1.114711E+0,8.254307E-1,1.387053E+0
97.723540,1.066953E+0,8.300789E-1,1.351821E+0
98.287704,1.023833E+0,8.328422E-1,1.319795E+0
98.855125,9.816867E-1,8.346251E-1,1.288529E+0
99.425821,9.619342E-1,8.513721E-1,1.284582E+0
99.999813,9.419142E-1,8.676733E-1,1.280648E+0
100.577118,9.267753E-1,8.721624E-1,1.272627E+0
101.157755,9.116844E-1,8.764626E-1,1.264656E+0
101.741745,8.623131E-1,8.301073E-1,1.196939E+0
102.329106,8.156148E-1,7.862033E-1,1.132847E+0
102.919859,7.612985E-1,7.676354E-1,1.081129E+0
103.514021,7.098740E-1,7.487534E-1,1.031772E+0
104.111614,6.571630E-1,7.317980E-1,9.835606E-1
104.712657,6.073702E-1,7.142828E-1,9.376025E-1
105.317169,5.549480E-1,6.995903E-1,8.929691E-1
105.925171,5.055266E-1,6.839047E-1,8.504603E-1
106.536684,4.675837E-1,6.795474E-1,8.248753E-1
107.151727,4.309464E-1,6.740781E-1,8.000601E-1
107.770320,3.873044E-1,6.599275E-1,7.651856E-1
108.392485,3.461105E-1,6.448141E-1,7.318317E-1
109.018241,3.027431E-1,6.304549E-1,6.993760E-1
109.647610,2.619573E-1,6.148847E-1,6.683598E-1
110.280612,2.016210E-1,5.922338E-1,6.256132E-1
110.917269,1.468813E-1,5.668813E-1,5.856010E-1
111.557601,9.686361E-2,5.337003E-1,5.424192E-1
112.201630,5.293282E-2,4.996254E-1,5.024216E-1
112.849377,3.570715E-3,4.862147E-1,4.862278E-1
113.500863,-4.269782E-2,4.686149E-1,4.705561E-1
114.156110,-9.328483E-2,4.438971E-1,4.535931E-1
114.815141,-1.389547E-1,4.145741E-1,4.372415E-1
115.477975,-1.965774E-1,4.012018E-1,4.467724E-1
116.144637,-2.531416E-1,3.798968E-1,4.565110E-1
116.815147,-3.023264E-1,3.524144E-1,4.643244E-1
117.489528,-3.486041E-1,3.186154E-1,4.722717E-1
118.167802,-4.158214E-1,2.834017E-1,5.032136E-1
118.849992,-4.813996E-1,2.361064E-1,5.361826E-1
119.536120,-5.489749E-1,2.012896E-1,5.847144E-1
120.226209,-6.183020E-1,1.558383E-1,6.376386E-1
120.920282,-7.121021E-1,1.226597E-1,7.225890E-1
121.618363,-8.152224E-1,7.706518E-2,8.188569E-1
122.320473,-8.465103E-1,-2.494415E-2,8.468777E-1
123.026636,-8.656031E-1,-1.336307E-1,8.758572E-1
123.736876,-9.217879E-1,-2.619955E-1,9.582977E-1
124.451217,-9.654538E-1,-4.089569E-1,1.048497E+0
125.169681,-9.922923E-1,-5.463177E-1,1.132743E+0
125.892294,-1.005936E+0,-6.969041E-1,1.223758E+0
126.619077,-9.025368E-1,-7.603768E-1,1.180146E+0
127.350057,-7.975043E-1,-8.119325E-1,1.138089E+0
128.085257,-6.766929E-1,-8.058549E-1,1.052291E+0
128.824701,-5.657658E-1,-7.915558E-1,9.729602E-1
129.568413,-4.434507E-1,-7.153079E-1,8.416139E-1
130.316420,-3.421994E-1,-6.425592E-1,7.279991E-1
131.068744,-2.891352E-1,-5.303003E-1,6.040013E-1
131.825412,-2.441967E-1,-4.375988E-1,5.011235E-1
132.586448,-2.543499E-1,-3.262070E-1,4.136483E-1
133.351878,-2.485959E-1,-2.340581E-1,3.414427E-1
134.121726,-2.740760E-1,-1.808622E-1,3.283729E-1
134.896019,-2.894638E-1,-1.262636E-1,3.158034E-1
135.674782,-3.098777E-1,-9.579001E-2,3.243454E-1
136.458041,-3.272306E-1,-6.235338E-2,3.331183E-1
137.245821,-3.453662E-1,-4.779863E-2,3.486582E-1
138.038150,-3.635504E-1,-3.162133E-2,3.649230E-1
138.835052,-3.833933E-1,-2.217988E-2,3.840343E-1
139.636556,-4.039790E-1,-1.164322E-2,4.041468E-1
140.442686,-4.209588E-1,-2.212657E-3,4.209646E-1
141.253470,-4.384090E-1,8.024270E-3,4.384824E-1
142.068935,-4.501454E-1,9.469161E-3,4.502450E-1
142.889108,-4.621925E-1,1.098575E-2,4.623230E-1
143.714015,-4.707711E-1,3.871012E-3,4.707870E-1
144.543685,-4.793931E-1,-3.508980E-3,4.794059E-1
145.378144,-4.751480E-1,-1.148588E-2,4.752868E-1
146.217421,-4.708070E-1,-1.932215E-2,4.712033E-1
147.061543,-4.751340E-1,-2.659634E-2,4.758778E-1
147.910538,-4.793940E-1,-3.400704E-2,4.805987E-1
148.764435,-4.830716E-1,-4.244215E-2,4.849325E-1
149.623261,-4.866388E-1,-5.101454E-2,4.893054E-1
150.487045,-4.915913E-1,-6.237889E-2,4.955332E-1
151.355816,-4.963550E-1,-7.399420E-2,5.018400E-1
152.229602,-5.007662E-1,-8.663164E-2,5.082045E-1
153.108433,-5.049337E-1,-9.953009E-2,5.146497E-1
153.992337,-5.122775E-1,-1.115698E-1,5.242862E-1
154.881344,-5.195142E-1,-1.239809E-1,5.341032E-1
155.775484,-5.247811E-1,-1.346922E-1,5.417907E-1
156.674785,-5.299386E-1,-1.456468E-1,5.495889E-1
157.579278,-5.351152E-1,-1.572274E-1,5.577354E-1
158.488993,-5.401617E-1,-1.690700E-1,5.660029E-1
159.403960,-5.454129E-1,-1.807489E-1,5.745828E-1
160.324208,-5.505456E-1,-1.926917E-1,5.832929E-1
161.249770,-5.539387E-1,-2.030156E-1,5.899690E-1
162.180674,-5.572177E-1,-2.135068E-1,5.967216E-1
163.116953,-5.674247E-1,-2.267421E-1,6.110505E-1
164.058637,-5.776826E-1,-2.404428E-1,6.257235E-1
165.005758,-5.729596E-1,-2.375552E-1,6.202541E-1
165.958346,-5.682741E-1,-2.346993E-1,6.148327E-1
166.916434,-5.818242E-1,-2.611486E-1,6.377445E-1
167.880052,-5.950433E-1,-2.889962E-1,6.615099E-1
168.849234,-5.194260E-1,-3.367298E-1,6.190237E-1
169.824011,-4.437190E-1,-3.723752E-1,5.792666E-1
170.804415,-4.262921E-1,-4.709838E-1,6.352564E-1
171.790479,-3.925943E-1,-5.755013E-1,6.966578E-1
172.782236,-2.588578E-1,-8.008765E-1,8.416713E-1
173.779719,-2.702013E-2,-1.016512E+0,1.016871E+0
174.782960,5.747431E-1,-1.649489E+0,1.746752E+0
175.791992,1.926414E+0,-2.300448E+0,3.000522E+0
176.806850,3.413221E+0,4.730025E-1,3.445839E+0
177.827567,1.619875E+0,3.610518E+0,3.957251E+0
178.854176,1.322746E+0,2.287323E+0,2.642253E+0
179.886712,1.034932E+0,1.428785E+0,1.764231E+0
180.925209,9.380821E-1,9.888567E-1,1.363024E+0
181.969701,8.191153E-1,6.617995E-1,1.053057E+0
183.020223,7.070902E-1,5.002457E-1,8.661537E-1
184.076810,6.066581E-1,3.735147E-1,7.124235E-1
185.139497,5.645088E-1,2.938713E-1,6.364201E-1
186.208318,5.218419E-1,2.256135E-1,5.685248E-1
187.283310,4.935681E-1,1.778080E-1,5.246191E-1
188.364508,4.647821E-1,1.354040E-1,4.841040E-1
189.451948,4.262596E-1,1.129805E-1,4.409783E-1
190.545665,3.906813E-1,9.341632E-2,4.016945E-1
191.645697,3.713209E-1,1.052557E-1,3.859507E-1
192.752079,3.522633E-1,1.158493E-1,3.708241E-1
193.864849,3.169375E-1,2.608880E-1,4.105020E-1
194.984042,2.222867E-1,3.963473E-1,4.544255E-1
196.109697,3.628023E-1,5.693260E-1,6.750982E-1
197.241850,5.856667E-1,8.141662E-1,1.002932E+0
198.380539,8.265139E-1,4.945294E-1,9.631638E-1
199.525802,9.170257E-1,1.209899E-1,9.249728E-1
200.677677,8.783916E-1,1.100150E-1,8.852543E-1
201.836201,8.413485E-1,9.975488E-2,8.472416E-1
203.001414,8.408533E-1,1.170625E-1,8.489628E-1
204.173353,8.400048E-1,1.343916E-1,8.506875E-1
205.352059,8.240262E-1,9.689505E-2,8.297035E-1
206.537568,8.069347E-1,6.100305E-2,8.092373E-1
207.729922,8.046516E-1,5.825726E-2,8.067578E-1
208.929160,8.023668E-1,5.552710E-2,8.042859E-1
210.135321,7.993103E-1,4.865832E-2,8.007900E-1
211.348445,7.962109E-1,4.184487E-2,7.973097E-1
212.568572,7.996980E-1,3.672969E-2,8.005410E-1
213.795743,8.031655E-1,3.157077E-2,8.037858E-1
215.029999,8.176826E-1,3.627194E-2,8.184867E-1
216.271380,8.324410E-1,4.113356E-2,8.334567E-1
217.519928,8.272949E-1,-3.452548E-2,8.280150E-1
218.775684,8.153664E-1,-1.089139E-1,8.226084E-1
220.038689,7.368248E-1,-1.115088E-1,7.452147E-1
221.308986,6.656431E-1,-1.126208E-1,6.751031E-1
222.586616,6.403807E-1,-8.322681E-2,6.457663E-1
223.871622,6.151551E-1,-5.605762E-2,6.177040E-1
225.164046,5.942386E-1,-2.889691E-2,5.949408E-1
226.463932,5.730048E-1,-3.612096E-3,5.730162E-1
227.771322,5.656436E-1,2.131096E-3,5.656476E-1
229.086260,5.583201E-1,7.726961E-3,5.583736E-1
230.408789,5.463785E-1,1.153415E-2,5.465002E-1
231.738953,5.346640E-1,1.517533E-2,5.348793E-1
233.076796,5.222076E-1,2.123746E-2,5.226393E-1
234.422362,5.099646E-1,2.701106E-2,5.106794E-1
235.775697,4.969357E-1,2.941897E-2,4.978058E-1
237.136844,4.842210E-1,3.168721E-2,4.852567E-1
238.505849,4.675739E-1,3.417400E-2,4.688211E-1
239.882758,4.514726E-1,3.645406E-2,4.529419E-1
241.267616,4.322745E-1,3.710339E-2,4.338639E-1
242.660469,4.138821E-1,3.763243E-2,4.155895E-1
244.061362,3.930593E-1,3.981812E-2,3.950710E-1
245.470343,3.732441E-1,4.169225E-2,3.755654E-1
246.887458,3.540908E-1,3.952382E-2,3.562898E-1
248.312755,3.359203E-1,3.746816E-2,3.380034E-1
249.746279,3.174255E-1,3.919054E-2,3.198357E-1
251.188080,2.999070E-1,4.061439E-2,3.026446E-1
252.638204,2.783776E-1,3.713862E-2,2.808440E-1
254.096699,2.583925E-1,3.395272E-2,2.606136E-1
255.563615,2.317503E-1,2.741453E-2,2.333661E-1
257.038999,2.078200E-1,2.186827E-2,2.089674E-1
258.522901,1.535834E-1,2.082863E-2,1.549893E-1
260.015369,1.133977E-1,1.885309E-2,1.149542E-1
261.516454,1.290195E-1,9.221084E-2,1.585840E-1
263.026204,1.038263E-1,1.925660E-1,2.187729E-1
264.544671,1.340106E-1,1.126340E-1,1.750579E-1
266.071903,1.328969E-1,4.427455E-2,1.400779E-1
267.607952,1.124790E-1,2.716533E-2,1.157129E-1
269.152869,9.447859E-2,1.450796E-2,9.558601E-2
270.706705,1.007466E-1,-2.035817E-2,1.027829E-1
272.269511,9.415634E-2,-5.787604E-2,1.105217E-1
273.841340,1.052561E-1,-1.003928E-1,1.454564E-1
275.422242,1.078437E-1,-1.581662E-1,1.914336E-1
277.012272,1.741151E-1,-1.694061E-1,2.429290E-1
278.611480,2.593688E-1,-1.666200E-1,3.082765E-1
280.219921,3.476338E-1,-2.217070E-1,4.123145E-1
281.837648,4.659292E-1,-2.949957E-1,5.514639E-1
283.464714,5.864562E-1,-3.311949E-1,6.735139E-1
285.101173,7.356962E-1,-3.679430E-1,8.225758E-1
286.747079,9.035033E-1,-3.423077E-1,9.661743E-1
288.402487,1.096534E+0,-2.923631E-1,1.134841E+0
290.067453,1.256350E+0,-2.624970E-1,1.283480E+0
291.742030,1.434985E+0,-2.189074E-1,1.451586E+0
293.426274,1.565469E+0,-1.660717E-1,1.574253E+0
295.120242,1.704214E+0,-1.023672E-1,1.707286E+0
296.823989,1.803929E+0,-5.547615E-2,1.804782E+0
298.537572,1.907844E+0,-2.845640E-3,1.907846E+0
300.261047,1.974306E+0,5.015368E-2,1.974943E+0
301.994472,2.041605E+0,1.068468E-1,2.044399E+0
303.737905,2.089290E+0,1.446777E-1,2.094293E+0
305.491402,2.137479E+0,1.842494E-1,2.145405E+0
307.255023,2.154067E+0,2.047538E-1,2.163777E+0
309.028824,2.170615E+0,2.255801E-1,2.182305E+0
310.812867,2.173080E+0,2.201870E-1,2.184207E+0
312.607208,2.175533E+0,2.147829E-1,2.186110E+0
314.411909,2.165523E+0,2.091651E-1,2.175601E+0
316.227028,2.155551E+0,2.035956E-1,2.165145E+0
318.052625,2.123437E+0,1.828496E-1,2.131295E+0
319.888762,2.091657E+0,1.626900E-1,2.097975E+0
321.735500,2.023554E+0,1.788872E-1,2.031446E+0
323.592898,1.957449E+0,1.938743E-1,1.967027E+0
325.461020,1.898939E+0,2.324603E-1,1.913115E+0
327.339926,1.841181E+0,2.686653E-1,1.860680E+0
329.229679,1.790157E+0,2.893192E-1,1.813386E+0
331.130342,1.740127E+0,3.086835E-1,1.767294E+0
333.041978,1.681940E+0,3.151212E-1,1.711205E+0
334.964649,1.625542E+0,3.208112E-1,1.656897E+0
336.898420,1.500856E+0,3.554148E-1,1.542365E+0
338.843355,1.383658E+0,3.832321E-1,1.435749E+0
340.799519,1.306310E+0,4.601187E-1,1.384975E+0
342.766975,1.226800E+0,5.290085E-1,1.335997E+0
344.745790,1.111615E+0,5.823978E-1,1.254940E+0
346.736028,9.999448E-1,6.242457E-1,1.178801E+0
348.737756,7.690996E-1,7.481278E-1,1.072944E+0
350.751040,5.398637E-1,8.138066E-1,9.765931E-1
352.775947,4.382034E-1,1.267416E+0,1.341032E+0
354.812544,1.472247E-1,1.835573E+0,1.841468E+0
356.860899,7.207368E-1,2.153218E+0,2.270641E+0
358.921078,1.501370E+0,2.363252E+0,2.799834E+0
360.993151,1.819147E+0,1.926064E+0,2.649343E+0
363.077187,2.035892E+0,1.462837E+0,2.506940E+0
365.173253,1.939882E+0,1.161558E+0,2.261053E+0
367.281421,1.830919E+0,8.980034E-1,2.039283E+0
369.401759,1.696061E+0,7.364842E-1,1.849062E+0
371.534338,1.567131E+0,5.958499E-1,1.676585E+0
373.679228,1.471528E+0,4.976698E-1,1.553406E+0
375.836501,1.379626E+0,4.100612E-1,1.439277E+0
378.006228,1.164019E+0,3.399717E-1,1.212650E+0
380.188480,9.820839E-1,2.817817E-1,1.021709E+0
382.383332,9.038120E-1,-6.442164E-2,9.061050E-1
384.590854,7.331725E-1,-3.289381E-1,8.035809E-1
386.811120,4.533320E-1,-9.608838E-1,1.062454E+0
389.044204,-3.711869E-1,-1.354792E+0,1.404721E+0
391.290180,-1.576255E+0,-1.420919E+0,2.122166E+0
393.549122,-3.163093E+0,-5.229839E-1,3.206036E+0
395.821105,-2.398395E+0,1.213381E+0,2.687860E+0
398.106204,-1.020962E+0,2.008881E+0,2.253434E+0
400.404495,-2.605012E-1,1.240111E+0,1.267176E+0
402.716055,3.995434E-2,7.114519E-1,7.125729E-1
405.040959,9.768687E-2,2.296766E-1,2.495878E-1
407.379285,5.947381E-2,6.407298E-2,8.742128E-2
409.731111,1.280395E-1,-1.827827E-2,1.293376E-1
412.096513,8.573727E-2,-1.710689E-1,1.913516E-1
414.475571,9.825076E-2,-2.117749E-1,2.334562E-1
416.868364,1.120108E-1,-2.618764E-1,2.848257E-1
419.274970,1.013364E-1,-3.525533E-1,3.668282E-1
421.695470,7.321773E-2,-4.667318E-1,4.724398E-1
424.129944,8.201484E-2,-3.116744E-1,3.222846E-1
426.578472,7.724567E-2,-2.058361E-1,2.198531E-1
429.041135,3.078577E-1,-5.767757E-2,3.132141E-1
431.518015,2.973796E-1,3.326840E-1,4.462211E-1
434.009195,7.088758E-1,6.224598E-1,9.433775E-1
436.514757,1.646322E+0,1.125795E+0,1.994440E+0
439.034783,2.336943E+0,8.123799E-1,2.474119E+0
441.569357,3.061792E+0,2.126092E-1,3.069165E+0
444.118564,3.637275E+0,-6.073955E-2,3.637782E+0
446.682487,4.289020E+0,-4.421390E-1,4.311749E+0
449.261212,5.699319E+0,-1.482449E+0,5.888964E+0
451.854825,7.388577E+0,-3.178144E+0,8.043113E+0
454.463410,8.989073E+0,-6.235427E+0,1.094002E+1
457.087055,1.029538E+1,-1.074377E+1,1.488030E+1
459.725846,2.681441E+0,-1.445658E+1,1.470316E+1
462.379871,-5.621272E+0,-1.339656E+1,1.452813E+1
465.049218,-6.662465E+0,-7.913436E+0,1.034461E+1
467.733976,-6.207118E+0,-3.965642E+0,7.365774E+0
470.434232,-4.974032E+0,-2.561464E+0,5.594827E+0
473.150078,-3.942438E+0,-1.586453E+0,4.249665E+0
475.881602,-3.362142E+0,-1.066879E+0,3.527354E+0
478.628895,-2.849398E+0,-6.730773E-1,2.927815E+0
481.392049,-2.653628E+0,-3.715066E-1,2.679507E+0
484.171154,-2.449639E+0,-1.133163E-1,2.452259E+0
486.966304,-2.437136E+0,4.146699E-2,2.437489E+0
489.777590,-2.415012E+0,1.942246E-1,2.422810E+0
492.605106,-2.615420E+0,5.923235E-2,2.616091E+0
495.448945,-2.823062E+0,-9.874661E-2,2.824788E+0
498.309202,-1.430081E+0,-1.255914E+0,1.903274E+0
501.185971,-2.099630E-1,-1.265074E+0,1.282379E+0
504.079348,-3.591585E-1,-1.191974E+0,1.244908E+0
506.989429,-4.937342E-1,-1.103076E+0,1.208532E+0
509.916309,-4.759261E-1,-1.696459E-1,5.052577E-1
512.860087,-1.887961E-1,9.474479E-2,2.112358E-1
515.820860,-1.653564E-1,4.171547E-1,4.487324E-1
518.798725,3.276717E-1,8.951641E-1,9.532510E-1
521.793781,7.289015E-1,1.430223E+0,1.605252E+0
524.806128,1.507920E+0,2.243549E+0,2.703208E+0
527.835866,2.857435E+0,2.422724E+0,3.746268E+0
530.883094,4.724616E+0,2.152399E+0,5.191803E+0
533.947915,3.835512E+0,3.319547E+0,5.072528E+0
537.030429,2.680470E+0,4.168567E+0,4.955993E+0
540.130738,-6.250824E-1,3.997796E+0,4.046369E+0
543.248945,-2.549764E+0,2.100743E+0,3.303698E+0
546.385154,-2.568680E+0,8.671745E-1,2.711108E+0
549.539469,-2.223209E+0,-8.447923E-2,2.224813E+0
552.711994,-1.861825E+0,-2.784356E-1,1.882530E+0
555.902834,-1.539810E+0,-4.078405E-1,1.592906E+0
559.112094,-1.368420E+0,-3.296862E-1,1.407575E+0
562.339883,-1.215455E+0,-2.640498E-1,1.243806E+0
565.586305,-7.418593E-1,-3.453566E-1,8.183070E-1
568.851469,-4.261426E-1,-3.290036E-1,5.383687E-1
572.135483,-3.675020E-1,-4.843777E-1,6.080127E-1
575.438456,-2.577389E-1,-6.364600E-1,6.866663E-1
578.760497,-2.619309E-1,-8.257614E-1,8.663081E-1
582.101716,-2.486864E-1,-1.064277E+0,1.092946E+0
585.462225,-4.642624E-1,-9.835528E-1,1.087619E+0
588.842134,-6.571471E-1,-8.599829E-1,1.082318E+0
592.241555,-5.963856E-1,-6.562122E-1,8.867301E-1
595.660602,-5.325812E-1,-4.941059E-1,7.264870E-1
599.099386,-3.738195E-1,-4.485810E-1,5.839229E-1
602.558024,-2.519338E-1,-3.959863E-1,4.693355E-1
606.036628,-8.120774E-2,-4.092405E-1,4.172199E-1
609.535314,6.451841E-2,-3.652368E-1,3.708916E-1
613.054198,1.303965E-1,-5.094086E-1,5.258330E-1
616.593397,2.389964E-1,-7.061540E-1,7.455017E-1
620.153028,1.876527E-1,-6.902608E-1,7.153136E-1
623.733209,1.394078E-1,-6.720406E-1,6.863477E-1
627.334059,1.896819E-1,-5.759679E-1,6.063978E-1
630.955697,2.241915E-1,-4.865984E-1,5.357610E-1
634.598242,3.255361E-1,-3.209252E-1,4.571288E-1
638.261816,3.565384E-1,-1.581434E-1,3.900371E-1
641.946541,4.127750E-1,-1.290203E-1,4.324690E-1
645.652537,4.710308E-1,-8.981438E-2,4.795171E-1
649.379928,6.709684E-1,-2.324642E-1,7.100973E-1
653.128838,9.333924E-1,-4.843002E-1,1.051555E+0
656.899390,7.055818E-1,-7.256204E-1,1.012112E+0
660.691710,4.242664E-1,-8.769061E-1,9.741490E-1
664.505924,4.644216E-1,-8.525161E-1,9.708095E-1
668.342157,5.032209E-1,-8.263103E-1,9.674813E-1
672.200537,5.588013E-1,-7.257754E-1,9.159742E-1
676.081191,6.007431E-1,-6.254278E-1,8.672094E-1
679.984249,7.593108E-1,-6.168522E-1,9.782942E-1
683.909839,9.356426E-1,-5.852548E-1,1.103608E+0
687.858092,1.059610E+0,-6.290981E-1,1.232290E+0
691.829139,1.199130E+0,-6.748313E-1,1.375976E+0
695.823110,1.570428E+0,-9.092947E-1,1.814679E+0
699.840139,2.056282E+0,-1.224488E+0,2.393254E+0
703.880359,3.637493E+0,-3.193621E+0,4.840513E+0
707.943903,6.055547E+0,-7.692822E+0,9.790258E+0
712.030906,-2.450411E+0,-6.766194E+0,7.196242E+0
716.141504,-5.174420E+0,-1.097508E+0,5.289532E+0
720.275832,-3.685558E+0,-6.882566E-1,3.749271E+0
724.434028,-2.623477E+0,-4.239951E-1,2.657518E+0
728.616230,-2.142562E+0,-5.226156E-1,2.205380E+0
732.822575,-1.738254E+0,-5.726990E-1,1.830167E+0
737.053205,-1.653067E+0,-5.024024E-1,1.727726E+0
741.308258,-1.571130E+0,-4.379253E-1,1.631021E+0
745.587875,-1.561365E+0,-4.669933E-1,1.629707E+0
749.892199,-1.551064E+0,-4.958493E-1,1.628394E+0
754.221372,-1.565610E+0,-7.045545E-1,1.716838E+0
758.575538,-1.555937E+0,-9.249162E-1,1.810086E+0
762.954841,-1.611847E+0,-8.064288E-1,1.802326E+0
767.359425,-1.658834E+0,-6.847307E-1,1.794599E+0
771.789438,-1.891379E+0,-6.789669E-1,2.009555E+0
776.245025,-2.151190E+0,-6.603321E-1,2.250257E+0
780.726335,-2.119693E+0,3.990036E-2,2.120069E+0
785.233515,-1.886065E+0,6.575812E-1,1.997412E+0
789.766716,-1.568285E+0,4.601236E-1,1.634390E+0
794.326087,-1.300497E+0,3.117750E-1,1.337347E+0
798.911780,-1.311535E+0,3.830059E-1,1.366315E+0
803.523946,-1.319247E+0,4.562437E-1,1.395912E+0
808.162739,-6.686691E-1,4.051548E-1,7.818368E-1
812.828311,-3.184444E-1,3.005812E-1,4.378994E-1
817.520818,-3.449581E-1,1.428898E-1,3.733813E-1
822.240416,-3.182365E-1,9.188967E-3,3.183691E-1
826.987259,-3.315081E-1,-8.896677E-2,3.432386E-1
831.761507,-3.148469E-1,-1.944450E-1,3.700506E-1
836.563317,-5.040506E-1,-3.438224E-1,6.101482E-1
841.392847,-8.045212E-1,-6.040160E-1,1.006027E+0
846.250259,-9.368083E-1,-6.146146E-1,1.120429E+0
851.135714,-1.084591E+0,-6.170663E-1,1.247842E+0
856.049372,-1.046638E+0,-2.249272E-1,1.070534E+0
860.991397,-9.143735E-1,8.611037E-2,9.184192E-1
865.961952,-8.461484E-1,8.455552E-2,8.503627E-1
870.961203,-7.829875E-1,8.275576E-2,7.873487E-1
875.989315,-6.981472E-1,2.368373E-2,6.985488E-1
881.046454,-6.193289E-1,-2.322313E-2,6.197641E-1
886.132789,-6.625952E-1,-1.695504E-1,6.839443E-1
891.248487,-6.751214E-1,-3.374760E-1,7.547708E-1
896.393719,-8.374242E-1,-2.354451E-1,8.698929E-1
901.568654,-9.989873E-1,-8.472584E-2,1.002574E+0
906.773465,-9.811770E-1,3.914621E-2,9.819576E-1
912.008323,-9.488038E-1,1.573664E-1,9.617655E-1
917.273403,-9.011890E-1,2.266894E-1,9.292630E-1
922.568878,-8.498465E-1,2.896728E-1,8.978582E-1
927.894924,-8.592135E-1,3.171220E-1,9.158680E-1
933.251717,-8.680631E-1,3.453524E-1,9.342386E-1
938.639436,-8.686604E-1,3.859289E-1,9.505325E-1
944.058259,-8.676390E-1,4.272056E-1,9.671102E-1
949.508364,-9.114036E-1,3.610989E-1,9.803310E-1
954.989934,-9.502481E-1,2.907451E-1,9.937324E-1
960.503149,-1.061274E+0,2.914930E-1,1.100577E+0
966.048192,-1.184210E+0,2.887720E-1,1.218910E+0
971.625246,-1.215283E+0,2.208793E-1,1.235192E+0
977.234498,-1.242632E+0,1.503313E-1,1.251692E+0
982.876132,-1.590534E+0,-7.642715E-2,1.592369E+0
988.550335,-1.978514E+0,-4.350056E-1,2.025771E+0
994.257297,-2.016881E+0,2.737353E-1,2.035372E+0
999.997204,-1.808015E+0,9.556063E-1,2.045019E+0
