#I+1.668000E+03
+1.000000E+00
+8.010000E+02
+8.010000E+02
+1.000000E+01
+2.000000E+00
+3.000000E+00
+0.000000E+00
+1.000000E+00
+2.000000E+00
+5.000000E+00
+1.000000E+00
+2.497000E+03
-1.092400E+04
+2.025600E+04
-1.299100E+04
-1.119200E+04
+0.000000E+00
+0.000000E+00
+0.000000E+00
+0.000000E+00
+0.000000E+00
+0.000000E+00
+0.000000E+00
+0.000000E+00
+0.000000E+00
+0.000000E+00
+0.000000E+00
+0.000000E+00
+0.000000E+00
+0.000000E+00
+0.000000E+00
+0.000000E+00
+0.000000E+00
+0.000000E+00
+0.000000E+00
+1.000000E+00
+1.000000E+00
+1.000000E+00
+0.000000E+00
+0.000000E+00
+1.000000E+00
+0.000000E+00
+1.000000E+00
+2.000000E+00
+3.000000E+00
+4.500000E+01
+4.500000E+01
+0.000000E+00
+0.000000E+00
+2.000000E+00
+0.000000E+00
+0.000000E+00
+0.000000E+00
+8.000000E+02
+0.000000E+00
+2.499999E-03
+3.981076E+00
+0.000000E+00
+0.000000E+00
+0.000000E+00
+1.000000E+00
+1.000000E+00
+0.000000E+00
+0.000000E+00
+9.9999904632568339E+00
+9.9999904632568339E+00
+1.058419E+00
-1.084857E-01
+1.058989E+00
-9.943934E-02
+1.059481E+00
-9.039117E-02
+1.059897E+00
-8.134182E-02
+1.060234E+00
-7.229196E-02
+1.026055E+00
-5.143327E-02
+9.926554E-01
-3.186632E-02
+9.600316E-01
-1.353433E-02
+9.281796E-01
+3.617446E-03
+9.264151E-01
-1.417593E-02
+9.243129E-01
-3.190032E-02
+9.218756E-01
-4.954944E-02
+9.191040E-01
-6.711690E-02
+9.387594E-01
-4.913288E-02
+9.584273E-01
-3.037875E-02
+9.780913E-01
-1.083899E-02
+9.977358E-01
+9.501906E-03
+1.000220E+00
+5.137824E-03
+1.002690E+00
+7.521372E-04
+1.005147E+00
-3.655146E-03
+1.007591E+00
-8.084023E-03
+1.028609E+00
-2.390413E-02
+1.049824E+00
-4.038272E-02
+1.071227E+00
-5.753664E-02
+1.092814E+00
-7.538299E-02
+1.108968E+00
-5.760626E-02
+1.125035E+00
-3.930993E-02
+1.141007E+00
-2.048842E-02
+1.156871E+00
-1.136219E-03
+1.131162E+00
+6.906727E-04
+1.106022E+00
+2.436927E-03
+1.081438E+00
+4.105222E-03
+1.057399E+00
+5.698157E-03
+1.061476E+00
+1.081300E-03
+1.065550E+00
-3.571144E-03
+1.069619E+00
-8.259295E-03
+1.073683E+00
-1.298326E-02
+1.065831E+00
-1.978667E-02
+1.057992E+00
-2.649043E-02
+1.050167E+00
-3.309532E-02
+1.042356E+00
-3.960214E-02
+1.047501E+00
-3.023883E-02
+1.052584E+00
-2.078545E-02
+1.057604E+00
-1.124214E-02
+1.062558E+00
-1.609074E-03
+1.067905E+00
-5.575075E-03
+1.073263E+00
-9.580968E-03
+1.078634E+00
-1.362700E-02
+1.084016E+00
-1.771342E-02
+1.080604E+00
-1.692097E-02
+1.077202E+00
-1.613334E-02
+1.073809E+00
-1.535052E-02
+1.070427E+00
-1.457247E-02
+1.069857E+00
-8.889416E-03
+1.069257E+00
-3.212827E-03
+1.068627E+00
+2.457148E-03
+1.067967E+00
+8.120341E-03
+1.069797E+00
+5.535963E-03
+1.071624E+00
+2.942747E-03
+1.073449E+00
+3.406886E-04
+1.075270E+00
-2.270217E-03
+1.073048E+00
-1.608692E-03
+1.070832E+00
-9.498923E-04
+1.068619E+00
-2.938085E-04
+1.066411E+00
+3.595675E-04
+1.068114E+00
+1.168075E-03
+1.069821E+00
+1.979165E-03
+1.071529E+00
+2.792845E-03
+1.073238E+00
+3.609116E-03
+1.074230E+00
+1.691650E-03
+1.075219E+00
-2.293503E-04
+1.076205E+00
-2.153883E-03
+1.077190E+00
-4.081951E-03
+1.075884E+00
-2.455650E-03
+1.074577E+00
-8.332982E-04
+1.073269E+00
+7.851099E-04
+1.071961E+00
+2.399576E-03
+1.071983E+00
+1.961563E-03
+1.072006E+00
+1.523531E-03
+1.072028E+00
+1.085481E-03
+1.072051E+00
+6.474127E-04
+1.071661E+00
-2.550827E-04
+1.071269E+00
-1.156920E-03
+1.070878E+00
-2.058100E-03
+1.070486E+00
-2.958621E-03
+1.070729E+00
-2.833826E-03
+1.070973E+00
-2.708975E-03
+1.071216E+00
-2.584066E-03
+1.071461E+00
-2.459104E-03
+1.073256E+00
-4.497815E-04
+1.075049E+00
+1.566269E-03
+1.076842E+00
+3.589058E-03
+1.078634E+00
+5.618596E-03
+1.076901E+00
+3.385340E-03
+1.075166E+00
+1.159270E-03
+1.073428E+00
-1.059621E-03
+1.071689E+00
-3.271338E-03
+1.071020E+00
-3.181511E-03
+1.070351E+00
-3.091795E-03
+1.069684E+00
-3.002190E-03
+1.069017E+00
-2.912698E-03
+1.070366E+00
-2.888320E-03
+1.071716E+00
-2.863878E-03
+1.073068E+00
-2.839367E-03
+1.074422E+00
-2.814789E-03
+1.072850E+00
-2.909389E-03
+1.071281E+00
-3.003705E-03
+1.069713E+00
-3.097740E-03
+1.068150E+00
-3.191498E-03
+1.067509E+00
-2.572628E-03
+1.066868E+00
-1.954502E-03
+1.066227E+00
-1.337118E-03
+1.065585E+00
-7.204769E-04
+1.065425E+00
-1.476857E-04
+1.065263E+00
+4.249320E-04
+1.065101E+00
+9.973759E-04
+1.064939E+00
+1.569646E-03
+1.064673E+00
+1.525815E-03
+1.064407E+00
+1.482005E-03
+1.064141E+00
+1.438217E-03
+1.063874E+00
+1.394452E-03
+1.063514E+00
+1.788147E-03
+1.063153E+00
+2.181574E-03
+1.062792E+00
+2.574735E-03
+1.062432E+00
+2.967630E-03
+1.062715E+00
+3.821861E-03
+1.062997E+00
+4.676548E-03
+1.063278E+00
+5.531690E-03
+1.063558E+00
+6.387287E-03
+1.062842E+00
+6.937136E-03
+1.062126E+00
+7.486240E-03
+1.061410E+00
+8.034604E-03
+1.060695E+00
+8.582229E-03
+1.060811E+00
+8.812720E-03
+1.060927E+00
+9.043263E-03
+1.061043E+00
+9.273855E-03
+1.061159E+00
+9.504503E-03
+1.060683E+00
+1.063089E-02
+1.060207E+00
+1.175628E-02
+1.059729E+00
+1.288067E-02
+1.059251E+00
+1.400405E-02
+1.058783E+00
+1.391890E-02
+1.058315E+00
+1.383383E-02
+1.057848E+00
+1.374882E-02
+1.057381E+00
+1.366390E-02
+1.056721E+00
+1.543127E-02
+1.056058E+00
+1.719647E-02
+1.055392E+00
+1.895949E-02
+1.054724E+00
+2.072033E-02
+1.054814E+00
+2.248598E-02
+1.054901E+00
+2.425200E-02
+1.054985E+00
+2.601837E-02
+1.055066E+00
+2.778507E-02
+1.055299E+00
+2.960494E-02
+1.055527E+00
+3.142569E-02
+1.055754E+00
+3.324731E-02
+1.055977E+00
+3.506982E-02
+1.057157E+00
+3.942507E-02
+1.058320E+00
+4.379057E-02
+1.059467E+00
+4.816633E-02
+1.060598E+00
+5.255223E-02
+1.063457E+00
+5.466128E-02
+1.066320E+00
+5.678151E-02
+1.069186E+00
+5.891294E-02
+1.072057E+00
+6.105561E-02
+1.079422E+00
+6.152428E-02
+1.086838E+00
+6.199653E-02
+1.094305E+00
+6.247234E-02
+1.101823E+00
+6.295185E-02
+1.105444E+00
+6.059808E-02
+1.109070E+00
+5.822853E-02
+1.112702E+00
+5.584309E-02
+1.116340E+00
+5.344173E-02
+1.118087E+00
+4.697736E-02
+1.119798E+00
+4.049448E-02
+1.121474E+00
+3.399327E-02
+1.123113E+00
+2.747389E-02
+1.121831E+00
+2.566374E-02
+1.120546E+00
+2.385774E-02
+1.119261E+00
+2.205592E-02
+1.117974E+00
+2.025827E-02
+1.116735E+00
+1.965353E-02
+1.115496E+00
+1.905011E-02
+1.114259E+00
+1.844801E-02
+1.113024E+00
+1.784724E-02
+1.112664E+00
+1.626999E-02
+1.112302E+00
+1.469378E-02
+1.111938E+00
+1.311862E-02
+1.111571E+00
+1.154452E-02
+1.110859E+00
+1.154953E-02
+1.110148E+00
+1.155452E-02
+1.109437E+00
+1.155950E-02
+1.108726E+00
+1.156448E-02
+1.108396E+00
+1.084043E-02
+1.108065E+00
+1.011681E-02
+1.107734E+00
+9.393627E-03
+1.107402E+00
+8.670876E-03
+1.107222E+00
+8.281508E-03
+1.107043E+00
+7.892272E-03
+1.106863E+00
+7.503158E-03
+1.106684E+00
+7.114186E-03
+1.106362E+00
+7.009634E-03
+1.106039E+00
+6.905141E-03
+1.105716E+00
+6.800710E-03
+1.105395E+00
+6.696348E-03
+1.105131E+00
+6.274057E-03
+1.104867E+00
+5.851968E-03
+1.104604E+00
+5.430083E-03
+1.104339E+00
+5.008399E-03
+1.104044E+00
+4.751141E-03
+1.103748E+00
+4.494024E-03
+1.103452E+00
+4.237042E-03
+1.103157E+00
+3.980202E-03
+1.103225E+00
+4.052873E-03
+1.103295E+00
+4.125553E-03
+1.103363E+00
+4.198241E-03
+1.103432E+00
+4.270940E-03
+1.102981E+00
+4.522708E-03
+1.102530E+00
+4.774272E-03
+1.102079E+00
+5.025626E-03
+1.101629E+00
+5.276782E-03
+1.102129E+00
+5.071265E-03
+1.102628E+00
+4.865560E-03
+1.103128E+00
+4.659669E-03
+1.103629E+00
+4.453593E-03
+1.103214E+00
+4.809964E-03
+1.102800E+00
+5.166066E-03
+1.102385E+00
+5.521900E-03
+1.101972E+00
+5.877475E-03
+1.102226E+00
+5.549752E-03
+1.102480E+00
+5.221880E-03
+1.102733E+00
+4.893857E-03
+1.102989E+00
+4.565691E-03
+1.103585E+00
+5.088697E-03
+1.104180E+00
+5.612268E-03
+1.104776E+00
+6.136405E-03
+1.105371E+00
+6.661109E-03
+1.105709E+00
+6.755154E-03
+1.106047E+00
+6.849254E-03
+1.106385E+00
+6.943413E-03
+1.106724E+00
+7.037637E-03
+1.108061E+00
+7.056418E-03
+1.109399E+00
+7.075234E-03
+1.110738E+00
+7.094086E-03
+1.112079E+00
+7.112970E-03
+1.112198E+00
+6.830898E-03
+1.112317E+00
+6.548765E-03
+1.112436E+00
+6.266573E-03
+1.112556E+00
+5.984328E-03
+1.115472E+00
+4.997280E-03
+1.118394E+00
+4.005021E-03
+1.121323E+00
+3.007534E-03
+1.124259E+00
+2.004796E-03
+1.128895E+00
+3.225369E-03
+1.133549E+00
+4.455977E-03
+1.138221E+00
+5.696681E-03
+1.142911E+00
+6.947544E-03
+1.152637E+00
+5.800385E-04
+1.162409E+00
-5.896118E-03
+1.172228E+00
-1.248211E-02
+1.182092E+00
-1.917913E-02
+1.174792E+00
-3.645664E-02
+1.167281E+00
-5.352417E-02
+1.159563E+00
-7.037987E-02
+1.151644E+00
-8.702190E-02
+1.125710E+00
-9.740345E-02
+1.100229E+00
-1.072833E-01
+1.075196E+00
-1.166770E-01
+1.050606E+00
-1.256001E-01
+1.054915E+00
-1.009436E-01
+1.058645E+00
-7.615377E-02
+1.061796E+00
-5.124421E-02
+1.064361E+00
-2.622839E-02
+1.064277E+00
-2.641500E-02
+1.064193E+00
-2.660159E-02
+1.064109E+00
-2.678816E-02
+1.064025E+00
-2.697468E-02
+1.064542E+00
-2.543968E-02
+1.065056E+00
-2.390324E-02
+1.065569E+00
-2.236537E-02
+1.066080E+00
-2.082607E-02
+1.066385E+00
-1.989458E-02
+1.066690E+00
-1.896257E-02
+1.066994E+00
-1.803004E-02
+1.067297E+00
-1.709700E-02
+1.066838E+00
-1.648292E-02
+1.066377E+00
-1.586936E-02
+1.065917E+00
-1.525634E-02
+1.065457E+00
-1.464385E-02
+1.064993E+00
-1.406051E-02
+1.064530E+00
-1.347767E-02
+1.064065E+00
-1.289534E-02
+1.063601E+00
-1.231354E-02
+1.063694E+00
-1.163741E-02
+1.063786E+00
-1.096116E-02
+1.063877E+00
-1.028481E-02
+1.063968E+00
-9.608349E-03
+1.063574E+00
-9.186355E-03
+1.063179E+00
-8.764671E-03
+1.062784E+00
-8.343300E-03
+1.062391E+00
-7.922253E-03
+1.062005E+00
-6.969254E-03
+1.061619E+00
-6.016950E-03
+1.061231E+00
-5.065345E-03
+1.060845E+00
-4.114441E-03
+1.060445E+00
-3.758003E-03
+1.060045E+00
-3.401835E-03
+1.059645E+00
-3.045935E-03
+1.059246E+00
-2.690303E-03
+1.059130E+00
-2.226213E-03
+1.059015E+00
-1.762224E-03
+1.058899E+00
-1.298338E-03
+1.058783E+00
-8.345527E-04
+1.058111E+00
-3.310756E-04
+1.057440E+00
+1.717633E-04
+1.056770E+00
+6.739645E-04
+1.056099E+00
+1.175528E-03
+1.055295E+00
+1.636479E-03
+1.054491E+00
+2.096727E-03
+1.053688E+00
+2.556274E-03
+1.052885E+00
+3.015118E-03
+1.051917E+00
+3.542372E-03
+1.050950E+00
+4.068653E-03
+1.049983E+00
+4.593964E-03
+1.049017E+00
+5.118304E-03
+1.047399E+00
+5.822028E-03
+1.045782E+00
+6.523571E-03
+1.044168E+00
+7.222936E-03
+1.042556E+00
+7.920133E-03
+1.039659E+00
+9.502115E-03
+1.036768E+00
+1.107526E-02
+1.033882E+00
+1.263961E-02
+1.031002E+00
+1.419519E-02
+1.027135E+00
+1.582867E-02
+1.023281E+00
+1.744974E-02
+1.019438E+00
+1.905846E-02
+1.015607E+00
+2.065490E-02
+1.009384E+00
+2.508036E-02
+1.003181E+00
+2.945125E-02
+9.969951E-01
+3.376796E-02
+9.908269E-01
+3.803091E-02
+9.857784E-01
+4.783998E-02
+9.806548E-01
+5.755196E-02
+9.754578E-01
+6.716655E-02
+9.701875E-01
+7.668351E-02
+9.723876E-01
+8.933122E-02
+9.744330E-01
+1.020485E-01
+9.763227E-01
+1.148335E-01
+9.780556E-01
+1.276846E-01
+1.005905E+00
+1.409409E-01
+1.034454E+00
+1.548607E-01
+1.063718E+00
+1.694706E-01
+1.093710E+00
+1.847980E-01
+1.115648E+00
+1.762132E-01
+1.137892E+00
+1.672322E-01
+1.160444E+00
+1.578446E-01
+1.183302E+00
+1.480397E-01
+1.179243E+00
+1.272554E-01
+1.174854E+00
+1.066547E-01
+1.170143E+00
+8.624215E-02
+1.165114E+00
+6.602226E-02
+1.161352E+00
+6.019803E-02
+1.157576E+00
+5.441222E-02
+1.153785E+00
+4.866477E-02
+1.149980E+00
+4.295567E-02
+1.146878E+00
+4.040392E-02
+1.143779E+00
+3.786582E-02
+1.140683E+00
+3.534133E-02
+1.137591E+00
+3.283039E-02
+1.136338E+00
+3.187295E-02
+1.135087E+00
+3.091761E-02
+1.133836E+00
+2.996435E-02
+1.132586E+00
+2.901318E-02
+1.129616E+00
+2.618348E-02
+1.126647E+00
+2.336859E-02
+1.123679E+00
+2.056848E-02
+1.120713E+00
+1.778308E-02
+1.117800E+00
+1.650356E-02
+1.114894E+00
+1.523060E-02
+1.111994E+00
+1.396417E-02
+1.109101E+00
+1.270424E-02
+1.106425E+00
+1.272770E-02
+1.103757E+00
+1.275098E-02
+1.101094E+00
+1.277408E-02
+1.098439E+00
+1.279699E-02
+1.095710E+00
+1.274567E-02
+1.092988E+00
+1.269453E-02
+1.090273E+00
+1.264356E-02
+1.087565E+00
+1.259277E-02
+1.084216E+00
+1.276232E-02
+1.080877E+00
+1.293072E-02
+1.077549E+00
+1.309795E-02
+1.074231E+00
+1.326404E-02
+1.070472E+00
+1.386764E-02
+1.066725E+00
+1.446686E-02
+1.062991E+00
+1.506172E-02
+1.059271E+00
+1.565225E-02
+1.054749E+00
+1.682488E-02
+1.050245E+00
+1.798725E-02
+1.045758E+00
+1.913939E-02
+1.041290E+00
+2.028139E-02
+1.035523E+00
+2.243853E-02
+1.029783E+00
+2.457125E-02
+1.024070E+00
+2.667975E-02
+1.018385E+00
+2.876422E-02
+1.010319E+00
+3.260859E-02
+1.002300E+00
+3.639073E-02
+9.943300E-01
+4.011130E-02
+9.864067E-01
+4.377098E-02
+9.751898E-01
+5.071270E-02
+9.640442E-01
+5.749335E-02
+9.529706E-01
+6.411527E-02
+9.419685E-01
+7.058071E-02
+9.286536E-01
+8.635475E-02
+9.152297E-01
+1.016910E-01
+9.017061E-01
+1.165931E-01
+8.880919E-01
+1.310649E-01
+8.797508E-01
+1.640946E-01
+8.701943E-01
+1.966833E-01
+8.594440E-01
+2.287866E-01
+8.475226E-01
+2.603614E-01
+8.617159E-01
+3.105449E-01
+8.738829E-01
+3.630317E-01
+8.838452E-01
+4.177951E-01
+8.914200E-01
+4.747987E-01
+9.526103E-01
+5.154680E-01
+1.017944E+00
+5.595137E-01
+1.087697E+00
+6.072095E-01
+1.162164E+00
+6.588512E-01
+1.238489E+00
+6.321660E-01
+1.316640E+00
+6.009403E-01
+1.396482E+00
+5.649103E-01
+1.477865E+00
+5.238081E-01
+1.497160E+00
+4.644747E-01
+1.514074E+00
+4.044358E-01
+1.528581E+00
+3.437868E-01
+1.540662E+00
+2.826239E-01
+1.532321E+00
+2.522818E-01
+1.523503E+00
+2.223557E-01
+1.514221E+00
+1.928504E-01
+1.504487E+00
+1.637707E-01
+1.492338E+00
+1.446004E-01
+1.480078E+00
+1.257518E-01
+1.467711E+00
+1.072231E-01
+1.455243E+00
+8.901288E-02
+1.444647E+00
+7.918353E-02
+1.434068E+00
+6.949620E-02
+1.423511E+00
+5.994963E-02
+1.412975E+00
+5.054257E-02
+1.404412E+00
+4.460832E-02
+1.395877E+00
+3.874495E-02
+1.387372E+00
+3.295188E-02
+1.378896E+00
+2.722860E-02
+1.372175E+00
+2.399270E-02
+1.365480E+00
+2.078782E-02
+1.358811E+00
+1.761379E-02
+1.352167E+00
+1.447036E-02
+1.346816E+00
+1.287779E-02
+1.341484E+00
+1.129762E-02
+1.336171E+00
+9.729782E-03
+1.330878E+00
+8.174194E-03
+1.326713E+00
+7.531394E-03
+1.322561E+00
+6.892537E-03
+1.318422E+00
+6.257608E-03
+1.314295E+00
+5.626584E-03
+1.311286E+00
+5.203306E-03
+1.308284E+00
+4.781938E-03
+1.305288E+00
+4.362470E-03
+1.302301E+00
+3.944908E-03
+1.299661E+00
+2.470626E-03
+1.297025E+00
+1.002307E-03
+1.294394E+00
-4.600626E-04
+1.291766E+00
-1.916502E-03
+1.283767E+00
-5.937560E-03
+1.275805E+00
-9.908764E-03
+1.267880E+00
-1.383054E-02
+1.259992E+00
-1.770331E-02
+1.248910E+00
-5.858460E-03
+1.237818E+00
+5.777876E-03
+1.226715E+00
+1.720746E-02
+1.215607E+00
+2.843207E-02
+1.220579E+00
+3.344602E-02
+1.225551E+00
+3.850097E-02
+1.230524E+00
+4.359711E-02
+1.235495E+00
+4.873454E-02
+1.233643E+00
+5.445490E-02
+1.231767E+00
+6.015908E-02
+1.229867E+00
+6.584696E-02
+1.227941E+00
+7.151844E-02
+1.234575E+00
+8.543573E-02
+1.241097E+00
+9.951000E-02
+1.247503E+00
+1.137409E-01
+1.253792E+00
+1.281282E-01
+1.252640E+00
+1.020475E-01
+1.250958E+00
+7.606898E-02
+1.248747E+00
+5.020321E-02
+1.246013E+00
+2.446068E-02
+1.275902E+00
+5.632897E-02
+1.305722E+00
+8.972745E-02
+1.335434E+00
+1.246919E-01
+1.364995E+00
+1.612578E-01
+1.355905E+00
+1.297831E-01
+1.346207E+00
+9.879942E-02
+1.335919E+00
+6.831546E-02
+1.325057E+00
+3.833956E-02
+1.308610E+00
+4.960965E-02
+1.292264E+00
+6.059708E-02
+1.276019E+00
+7.130615E-02
+1.259876E+00
+8.174120E-02
+1.256678E+00
+7.847427E-02
+1.253481E+00
+7.522391E-02
+1.250284E+00
+7.199000E-02
+1.247088E+00
+6.877254E-02
+1.238186E+00
+7.232811E-02
+1.229335E+00
+7.583015E-02
+1.220534E+00
+7.927920E-02
+1.211783E+00
+8.267574E-02
+1.204853E+00
+9.194081E-02
+1.197884E+00
+1.011025E-01
+1.190879E+00
+1.101611E-01
+1.183838E+00
+1.191169E-01
+1.156986E+00
+1.124014E-01
+1.130730E+00
+1.059307E-01
+1.105057E+00
+9.969704E-02
+1.079954E+00
+9.369303E-02
+1.028355E+00
+1.235002E-01
+9.781421E-01
+1.503390E-01
+9.293447E-01
+1.743866E-01
+8.819881E-01
+1.958134E-01
+8.510748E-01
+3.207397E-01
+8.024772E-01
+4.408348E-01
+7.369450E-01
+5.535971E-01
+6.555799E-01
+6.566399E-01
+6.324838E-01
+7.274769E-01
+6.034776E-01
+7.992431E-01
+5.682789E-01
+8.715485E-01
+5.266243E-01
+9.439705E-01
+5.758067E-01
+1.218652E+00
+6.139015E-01
+1.564515E+00
+6.322185E-01
+1.998000E+00
+6.185640E-01
+2.538831E+00
+1.204455E+00
+2.614144E+00
+1.853741E+00
+2.571929E+00
+2.546760E+00
+2.389281E+00
+3.257425E+00
+2.045583E+00
+3.223150E+00
+1.673079E+00
+3.162114E+00
+1.325220E+00
+3.077801E+00
+1.002617E+00
+2.973537E+00
+7.055791E-01
+2.875404E+00
+5.349010E-01
+2.773592E+00
+3.763610E-01
+2.668835E+00
+2.295960E-01
+2.561813E+00
+9.422465E-02
+2.541670E+00
+5.404786E-02
+2.521080E+00
+1.451936E-02
+2.500054E+00
-2.435945E-02
+2.478609E+00
-6.258734E-02
+2.477881E+00
-8.553244E-02
+2.476941E+00
-1.084695E-01
+2.475789E+00
-1.313964E-01
+2.474425E+00
-1.543113E-01
+2.459673E+00
-1.720202E-01
+2.444870E+00
-1.895212E-01
+2.430017E+00
-2.068150E-01
+2.415117E+00
-2.239024E-01
+2.309076E+00
-3.428017E-01
+2.200887E+00
-4.514592E-01
+2.091177E+00
-5.501606E-01
+1.980533E+00
-6.392147E-01
+1.999892E+00
-5.342921E-01
+2.013789E+00
-4.290813E-01
+2.022246E+00
-3.238618E-01
+2.025296E+00
-2.189105E-01
+2.057888E+00
-1.990077E-01
+2.090736E+00
-1.784365E-01
+2.123837E+00
-1.571842E-01
+2.157186E+00
-1.352377E-01
+2.203751E+00
-1.355512E-01
+2.251317E+00
-1.358154E-01
+2.299907E+00
-1.360280E-01
+2.349542E+00
-1.361867E-01
+2.425822E+00
-1.597379E-01
+2.504423E+00
-1.846838E-01
+2.585411E+00
-2.110890E-01
+2.668851E+00
-2.390212E-01
+2.848623E+00
-5.156681E-01
+3.015270E+00
-8.307594E-01
+3.164072E+00
-1.185947E+00
+3.289789E+00
-1.582555E+00
+2.405576E+00
-1.272887E+00
+1.755714E+00
-1.016948E+00
+1.278900E+00
-8.077241E-01
+9.296669E-01
-6.382443E-01
+1.105772E+00
-5.748588E-01
+1.290407E+00
-4.816026E-01
+1.480376E+00
-3.544311E-01
+1.671626E+00
-1.893390E-01
+1.735358E+00
-9.805848E-02
+1.795789E+00
-1.915864E-04
+1.852432E+00
+1.042774E-01
+1.904785E+00
+2.153362E-01
+2.007876E+00
+2.422252E-01
+2.116427E+00
+2.714077E-01
+2.230719E+00
+3.030528E-01
+2.351048E+00
+3.373414E-01
+2.487535E+00
+3.318775E-01
+2.631684E+00
+3.246799E-01
+2.783910E+00
+3.155704E-01
+2.944651E+00
+3.043566E-01
+2.991074E+00
+9.468879E-02
+3.022774E+00
-1.200683E-01
+3.039262E+00
-3.388959E-01
+3.040117E+00
-5.607313E-01
+3.078618E+00
-6.059829E-01
+3.117146E+00
-6.523763E-01
+3.155684E+00
-6.999289E-01
+3.194218E+00
-7.486576E-01
+3.005342E+00
-8.014146E-01
+2.824841E+00
-8.459696E-01
+2.652512E+00
-8.829936E-01
+2.488145E+00
-9.131161E-01
+2.486247E+00
-7.971925E-01
+2.479647E+00
-6.831709E-01
+2.468499E+00
-5.712136E-01
+2.452954E+00
-4.614739E-01
+2.501552E+00
-4.352844E-01
+2.550621E+00
-4.079688E-01
+2.600154E+00
-3.795007E-01
+2.650146E+00
-3.498544E-01
+2.691729E+00
-4.319584E-01
+2.731788E+00
-5.168401E-01
+2.770214E+00
-6.045105E-01
+2.806898E+00
-6.949769E-01
+2.630359E+00
-5.535167E-01
+2.461718E+00
-4.278957E-01
+2.300930E+00
-3.167297E-01
+2.147913E+00
-2.187345E-01
+2.303272E+00
-1.324039E-01
+2.465059E+00
-3.293002E-02
+2.633090E+00
+8.087729E-02
+2.807113E+00
+2.102801E-01
+2.847686E+00
+2.326334E-01
+2.888713E+00
+2.555991E-01
+2.930198E+00
+2.791891E-01
+2.972142E+00
+3.034157E-01
+3.217545E+00
+4.689344E-01
+3.476640E+00
+6.603878E-01
+3.749409E+00
+8.806823E-01
+4.035699E+00
+1.132976E+00
+4.208886E+00
+9.767454E-01
+4.379868E+00
+8.077255E-01
+4.547976E+00
+6.256398E-01
+4.712514E+00
+4.302356E-01
+4.722442E+00
+3.232133E-01
+4.729939E+00
+2.159622E-01
+4.735000E+00
+1.085372E-01
+4.737622E+00
+9.937638E-04
+4.215335E+00
-5.275163E-01
+3.691692E+00
-9.394974E-01
+3.179839E+00
-1.247648E+00
+2.690055E+00
-1.464730E+00
+3.073600E+00
-1.374914E+00
+3.486255E+00
-1.243638E+00
+3.927262E+00
-1.064428E+00
+4.395236E+00
-8.302571E-01
+4.762366E+00
-1.990890E+00
+4.898547E+00
-3.389041E+00
+4.717088E+00
-4.999946E+00
+4.126067E+00
-6.774848E+00
+3.772335E+00
-4.121718E+00
+3.167326E+00
-2.336091E+00
+2.506530E+00
-1.184175E+00
+1.893292E+00
-4.778292E-01
+2.666666E+00
+4.575097E-01
+3.121315E+00
+2.076545E+00
+2.788398E+00
+4.382770E+00
+1.072032E+00
+7.117414E+00
+4.300048E+00
+7.903951E+00
+8.428511E+00
+7.449010E+00
+1.308450E+01
+5.150836E+00
+1.757282E+01
+4.617793E-01
+1.527241E+01
-3.018990E+00
+1.260788E+01
-5.578874E+00
+9.807867E+00
-7.272307E+00
+7.059337E+00
-8.190798E+00
+8.104265E+00
-6.310308E+00
+8.726313E+00
-4.363774E+00
+8.942167E+00
-2.434704E+00
+8.782976E+00
-5.977501E-01
+8.001158E+00
-1.347484E+00
+7.215865E+00
-1.963979E+00
+6.439511E+00
-2.457954E+00
+5.682504E+00
-2.840374E+00
+4.913207E+00
-1.741808E+00
+4.176272E+00
-9.245144E-01
+3.493968E+00
-3.330263E-01
+2.878856E+00
+8.006804E-02
+3.642189E+00
+1.435080E+00
+3.990452E+00
+3.520203E+00
+3.470246E+00
+6.346272E+00
+1.497096E+00
+9.717233E+00
+2.481651E-03
+7.646588E+00
-9.017330E-01
+5.878249E+00
-1.387831E+00
+4.412065E+00
-1.588230E+00
+3.227560E+00
-1.601874E+00
+1.881419E+00
-1.383959E+00
+9.827176E-01
-1.087299E+00
+4.210169E-01
-7.950324E-01
+9.700488E-02
-5.670756E-01
-4.132960E-02
-3.893417E-01
-1.064637E-01
-2.566174E-01
-1.274884E-01
-1.612869E-01
-1.239534E-01
-3.421069E-01
-5.242702E-02
-5.529424E-01
+2.025449E-01
-6.580056E-01
+7.555786E-01
-3.608584E-01
+1.666106E+00
-8.063167E-01
+1.242064E+00
-1.037500E+00
+7.604362E-01
-1.076908E+00
+2.980412E-01
-9.664806E-01
-8.965819E-02
-7.078513E-01
-3.798849E-02
-5.176453E-01
-7.624871E-03
-3.779768E-01
+9.133009E-03
-2.755756E-01
+1.739672E-02
-2.701091E-01
+5.106010E-02
-2.605707E-01
+8.364497E-02
-2.471422E-01
+1.146639E-01
-2.300630E-01
+1.436574E-01
-2.465705E-01
+1.713625E-01
-2.633160E-01
+2.028948E-01
-2.801161E-01
+2.386719E-01
-2.967458E-01
+2.791455E-01
-2.736710E-01
+2.951055E-01
-2.498540E-01
+3.092816E-01
-2.254256E-01
+3.216496E-01
-2.005166E-01
+3.321940E-01
-2.316554E-01
+3.768653E-01
-2.675663E-01
+4.275054E-01
-3.089722E-01
+4.849060E-01
-3.567051E-01
+5.499636E-01
-2.458078E-01
+6.423305E-01
-1.118169E-01
+7.128705E-01
+4.110000E-02
+7.559637E-01
+2.074375E-01
+7.667552E-01
+2.098577E-01
+7.058791E-01
+2.107034E-01
+6.494025E-01
+2.101907E-01
+5.970398E-01
+2.085136E-01
+5.485206E-01
+2.309112E-01
+6.135346E-01
+2.556921E-01
+6.862455E-01
+2.831069E-01
+7.675637E-01
+3.134326E-01
+8.585070E-01
+2.084719E-01
+7.097205E-01
+1.314403E-01
+5.840839E-01
+7.576199E-02
+4.785993E-01
+3.628161E-02
+3.905026E-01
-4.800735E-02
+4.481937E-01
-1.560974E-01
+4.940030E-01
-2.882969E-01
+5.210088E-01
-4.433782E-01
+5.213438E-01
-4.377903E-01
+5.413009E-01
-4.316067E-01
+5.614556E-01
-4.248124E-01
+5.817960E-01
-4.173920E-01
+6.023107E-01
-3.375996E-01
+5.553723E-01
-2.694452E-01
+5.095862E-01
-2.115333E-01
+4.654372E-01
-1.626029E-01
+4.232807E-01
-2.596956E-01
+3.727940E-01
-3.420448E-01
+3.003940E-01
-4.047956E-01
+2.102116E-01
-4.442161E-01
+1.074295E-01
-2.790740E-01
+1.813307E-01
-1.477636E-01
+1.921029E-01
-5.497273E-02
+1.677096E-01
+2.849371E-03
+1.284908E-01
-4.393294E-02
+1.094433E-01
-7.653700E-02
+7.650070E-02
-9.216712E-02
+3.694715E-02
-9.109129E-02
-2.063170E-03
-1.042287E-01
-6.144979E-02
-8.095054E-02
-1.387909E-01
-3.829423E-03
-2.133298E-01
+1.338736E-01
-2.497125E-01
+4.750142E-02
-4.520860E-01
-2.034696E-01
-7.003502E-01
-7.267629E-01
-9.170119E-01
-1.635425E+00
-9.216620E-01
-1.437773E+00
-8.473875E-01
-1.263370E+00
-7.779645E-01
-1.109547E+00
-7.132539E-01
-9.739360E-01
-6.530861E-01
-1.350222E+00
-6.721350E-01
-1.833347E+00
-6.342615E-01
-2.443344E+00
-5.061275E-01
-3.200266E+00
-2.418997E-01
-3.855017E+00
+5.356334E-01
-4.431216E+00
+1.625384E+00
-4.834092E+00
+3.064982E+00
-4.941655E+00
+4.874669E+00
