#I+8.670000E+02
+2.000000E+00
+8.010000E+02
+8.010000E+02
+1.000000E+01
+0.000000E+00
+3.000000E+00
+0.000000E+00
+1.000000E+00
+1.000000E+00
+1.000000E+00
+1.000000E+00
+2.497000E+03
-1.092400E+04
+2.025600E+04
-1.299100E+04
-1.119200E+04
+0.000000E+00
+0.000000E+00
+0.000000E+00
+0.000000E+00
+0.000000E+00
+0.000000E+00
+0.000000E+00
+0.000000E+00
+0.000000E+00
+0.000000E+00
+0.000000E+00
+0.000000E+00
+0.000000E+00
+0.000000E+00
+0.000000E+00
+0.000000E+00
+0.000000E+00
+0.000000E+00
+0.000000E+00
+1.000000E+00
+0.000000E+00
+1.000000E+00
+0.000000E+00
+0.000000E+00
+1.000000E+00
+0.000000E+00
+1.000000E+00
+2.000000E+00
+3.000000E+00
+4.500000E+01
+4.500000E+01
+0.000000E+00
+0.000000E+00
+2.000000E+00
+0.000000E+00
+0.000000E+00
+0.000000E+00
+0.000000E+00
+0.000000E+00
+2.499999E-03
+3.990503E-04
+0.000000E+00
+0.000000E+00
+0.000000E+00
+1.000000E+00
+1.000000E+00
+0.000000E+00
+0.000000E+00
+9.9999904632568339E+00
+9.9999904632568339E+00
+4.521819E-06
+4.124554E-06
+3.762190E-06
+3.431662E-06
+3.130173E-06
+2.825002E-06
+2.549583E-06
+2.301016E-06
+2.076683E-06
+2.191629E-06
+2.312937E-06
+2.440960E-06
+2.576069E-06
+2.746325E-06
+2.927834E-06
+3.121339E-06
+3.327634E-06
+3.489120E-06
+3.658442E-06
+3.835982E-06
+4.022138E-06
+4.396560E-06
+4.805837E-06
+5.253214E-06
+5.742240E-06
+6.040294E-06
+6.353817E-06
+6.683615E-06
+7.030533E-06
+7.755687E-06
+8.555635E-06
+9.438092E-06
+1.041158E-05
+1.098156E-05
+1.158276E-05
+1.221686E-05
+1.288568E-05
+1.452524E-05
+1.637340E-05
+1.845673E-05
+2.080512E-05
+2.255411E-05
+2.445013E-05
+2.650553E-05
+2.873371E-05
+3.246146E-05
+3.667282E-05
+4.143054E-05
+4.680553E-05
+5.447047E-05
+6.339063E-05
+7.377157E-05
+8.585251E-05
+8.900881E-05
+9.228114E-05
+9.567378E-05
+9.919118E-05
+1.004410E-04
+1.017065E-04
+1.029880E-04
+1.042856E-04
+1.004024E-04
+9.666376E-05
+9.306433E-05
+8.959894E-05
+8.432851E-05
+7.936811E-05
+7.469949E-05
+7.030548E-05
+6.270570E-05
+5.592743E-05
+4.988188E-05
+4.448982E-05
+4.289433E-05
+4.135606E-05
+3.987295E-05
+3.844302E-05
+3.502135E-05
+3.190424E-05
+2.906457E-05
+2.647765E-05
+2.508712E-05
+2.376961E-05
+2.252130E-05
+2.133854E-05
+1.971813E-05
+1.822077E-05
+1.683711E-05
+1.555853E-05
+1.508925E-05
+1.463413E-05
+1.419273E-05
+1.376465E-05
+1.300839E-05
+1.229367E-05
+1.161823E-05
+1.097990E-05
+1.061558E-05
+1.026334E-05
+9.922798E-06
+9.593554E-06
+9.534369E-06
+9.475550E-06
+9.417094E-06
+9.358999E-06
+8.850558E-06
+8.369739E-06
+7.915043E-06
+7.485050E-06
+7.424826E-06
+7.365085E-06
+7.305825E-06
+7.247044E-06
+7.014886E-06
+6.790166E-06
+6.572645E-06
+6.362092E-06
+6.368672E-06
+6.375259E-06
+6.381852E-06
+6.388455E-06
+6.424049E-06
+6.459842E-06
+6.495833E-06
+6.532027E-06
+6.733350E-06
+6.940878E-06
+7.154802E-06
+7.375319E-06
+7.623440E-06
+7.879907E-06
+8.145003E-06
+8.419021E-06
+8.481578E-06
+8.544599E-06
+8.608087E-06
+8.672046E-06
+8.693303E-06
+8.714613E-06
+8.735973E-06
+8.757390E-06
+8.602837E-06
+8.451012E-06
+8.301866E-06
+8.155355E-06
+8.135277E-06
+8.115248E-06
+8.095269E-06
+8.075336E-06
+8.082557E-06
+8.089786E-06
+8.097020E-06
+8.104263E-06
+8.181012E-06
+8.258488E-06
+8.336698E-06
+8.415645E-06
+8.517176E-06
+8.619931E-06
+8.723926E-06
+8.829174E-06
+8.896988E-06
+8.965322E-06
+9.034182E-06
+9.103574E-06
+9.157682E-06
+9.212112E-06
+9.266865E-06
+9.321938E-06
+9.383708E-06
+9.445886E-06
+9.508476E-06
+9.571480E-06
+9.671456E-06
+9.772475E-06
+9.874549E-06
+9.977688E-06
+9.917590E-06
+9.857855E-06
+9.798477E-06
+9.739459E-06
+9.790614E-06
+9.842039E-06
+9.893733E-06
+9.945699E-06
+1.006196E-05
+1.017959E-05
+1.029858E-05
+1.041897E-05
+1.049840E-05
+1.057843E-05
+1.065908E-05
+1.074034E-05
+1.112938E-05
+1.153251E-05
+1.195025E-05
+1.238311E-05
+1.258310E-05
+1.278631E-05
+1.299281E-05
+1.320264E-05
+1.423189E-05
+1.534139E-05
+1.653739E-05
+1.782662E-05
+2.030356E-05
+2.312467E-05
+2.633777E-05
+2.999730E-05
+3.174877E-05
+3.360250E-05
+3.556447E-05
+3.764098E-05
+4.225278E-05
+4.742962E-05
+5.324073E-05
+5.976384E-05
+6.048325E-05
+6.121131E-05
+6.194814E-05
+6.269383E-05
+7.217968E-05
+8.310079E-05
+9.567431E-05
+1.101503E-04
+9.094091E-05
+7.508151E-05
+6.198785E-05
+5.117765E-05
+3.747939E-05
+2.744761E-05
+2.010096E-05
+1.472071E-05
+1.188791E-05
+9.600244E-06
+7.752807E-06
+6.260887E-06
+3.418464E-06
+1.866492E-06
+1.019110E-06
+5.564369E-07
+5.657854E-07
+5.752910E-07
+5.849563E-07
+5.947840E-07
+6.218023E-07
+6.500479E-07
+6.795766E-07
+7.104469E-07
+6.617962E-07
+6.164770E-07
+5.742612E-07
+5.349364E-07
+5.145167E-07
+4.948765E-07
+4.759860E-07
+4.578166E-07
+1.042887E-06
+2.375653E-06
+5.411640E-06
+1.232750E-05
+1.434798E-05
+1.669963E-05
+1.943672E-05
+2.262241E-05
+2.488016E-05
+2.736324E-05
+3.009412E-05
+3.309757E-05
+4.091155E-05
+5.057032E-05
+6.250942E-05
+7.726722E-05
+8.079133E-05
+8.447618E-05
+8.832909E-05
+9.235774E-05
+8.108528E-05
+7.118864E-05
+6.249991E-05
+5.487164E-05
+3.469350E-05
+2.193553E-05
+1.386910E-05
+8.768964E-06
+6.777338E-06
+5.238055E-06
+4.048376E-06
+3.128900E-06
+3.313239E-06
+3.508438E-06
+3.715138E-06
+3.934015E-06
+4.880621E-06
+6.055002E-06
+7.511963E-06
+9.319499E-06
+9.808473E-06
+1.032310E-05
+1.086473E-05
+1.143479E-05
+8.379249E-06
+6.140195E-06
+4.499448E-06
+3.297131E-06
+1.598305E-06
+7.747881E-07
+3.755833E-07
+1.820663E-07
+2.538954E-07
+3.540626E-07
+4.937478E-07
+6.885422E-07
+8.741399E-07
+1.109766E-06
+1.408905E-06
+1.788679E-06
+1.989947E-06
+2.213862E-06
+2.462973E-06
+2.740116E-06
+3.105628E-06
+3.519896E-06
+3.989425E-06
+4.521587E-06
+4.758746E-06
+5.008344E-06
+5.271034E-06
+5.547501E-06
+5.093013E-06
+4.675760E-06
+4.292690E-06
+3.941004E-06
+3.597658E-06
+3.284225E-06
+2.998098E-06
+2.736899E-06
+2.611602E-06
+2.492040E-06
+2.377953E-06
+2.269088E-06
+2.393846E-06
+2.525462E-06
+2.664315E-06
+2.810804E-06
+3.143194E-06
+3.514890E-06
+3.930541E-06
+4.395347E-06
+5.066370E-06
+5.839836E-06
+6.731386E-06
+7.759045E-06
+8.855035E-06
+1.010584E-05
+1.153332E-05
+1.316244E-05
+1.100435E-05
+9.200104E-06
+7.691675E-06
+6.430563E-06
+7.764389E-06
+9.374877E-06
+1.131941E-05
+1.366728E-05
+1.216801E-05
+1.083320E-05
+9.644816E-06
+8.586797E-06
+8.407258E-06
+8.231473E-06
+8.059363E-06
+7.890854E-06
+8.493518E-06
+9.142210E-06
+9.840445E-06
+1.059201E-05
+1.227927E-05
+1.423531E-05
+1.650293E-05
+1.913179E-05
+2.167398E-05
+2.455397E-05
+2.781664E-05
+3.151286E-05
+3.419953E-05
+3.711525E-05
+4.027956E-05
+4.371367E-05
+5.121605E-05
+6.000602E-05
+7.030458E-05
+8.237061E-05
+9.882998E-05
+1.185783E-04
+1.422727E-04
+1.707018E-04
+2.129283E-04
+2.656005E-04
+3.313021E-04
+4.132566E-04
+4.872043E-04
+5.743842E-04
+6.771641E-04
+7.983352E-04
+8.485561E-04
+9.019362E-04
+9.586742E-04
+1.018982E-03
+9.287135E-04
+8.464418E-04
+7.714584E-04
+7.031175E-04
+6.028200E-04
+5.168297E-04
+4.431056E-04
+3.798980E-04
+5.998058E-04
+9.470097E-04
+1.495196E-03
+2.360705E-03
+1.667127E-03
+1.177323E-03
+8.314243E-04
+5.871507E-04
+1.293919E-03
+2.851444E-03
+6.283803E-03
+1.384778E-02
+1.059862E-02
+8.111823E-03
+6.208515E-03
+4.751787E-03
+4.464535E-03
+4.194648E-03
+3.941076E-03
+3.702832E-03
+3.947461E-03
+4.208251E-03
+4.486270E-03
+4.782657E-03
+4.973384E-03
+5.171716E-03
+5.377959E-03
+5.592425E-03
+5.902777E-03
+6.230352E-03
+6.576106E-03
+6.941048E-03
+7.058513E-03
+7.177966E-03
+7.299440E-03
+7.422967E-03
+7.153772E-03
+6.894339E-03
+6.644315E-03
+6.403358E-03
+5.929228E-03
+5.490205E-03
+5.083689E-03
+4.707272E-03
+4.619039E-03
+4.532459E-03
+4.447502E-03
+4.364138E-03
+4.840538E-03
+5.368943E-03
+5.955031E-03
+6.605100E-03
+5.914235E-03
+5.295632E-03
+4.741732E-03
+4.245767E-03
+4.306515E-03
+4.368131E-03
+4.430629E-03
+4.494021E-03
+5.063547E-03
+5.705249E-03
+6.428273E-03
+7.242925E-03
+8.865967E-03
+1.085271E-02
+1.328466E-02
+1.626157E-02
+1.449690E-02
+1.292373E-02
+1.152128E-02
+1.027101E-02
+8.112218E-03
+6.407166E-03
+5.060486E-03
+3.996857E-03
+2.974281E-03
+2.213326E-03
+1.647058E-03
+1.225666E-03
+1.820395E-03
+2.703703E-03
+4.015619E-03
+5.964114E-03
+4.787195E-03
+3.842521E-03
+3.084263E-03
+2.475635E-03
+1.915721E-03
+1.482442E-03
+1.147158E-03
+8.877050E-04
+8.011411E-04
+7.230184E-04
+6.525138E-04
+5.888843E-04
+5.731072E-04
+5.577527E-04
+5.428095E-04
+5.282668E-04
+3.208976E-04
+1.949304E-04
+1.184111E-04
+7.192926E-05
+2.173107E-04
+6.565332E-04
+1.983500E-03
+5.992502E-03
+4.001395E-03
+2.671866E-03
+1.784094E-03
+1.191299E-03
+9.182529E-04
+7.077889E-04
+5.455633E-04
+4.205198E-04
+3.900367E-04
+3.617633E-04
+3.355394E-04
+3.112165E-04
+3.241345E-04
+3.375888E-04
+3.516016E-04
+3.661960E-04
+3.980015E-04
+4.325694E-04
+4.701396E-04
+5.109733E-04
+5.884339E-04
+6.776372E-04
+7.803632E-04
+8.986618E-04
+1.077435E-03
+1.291771E-03
+1.548747E-03
+1.856843E-03
+2.214684E-03
+2.641486E-03
+3.150539E-03
+3.757692E-03
+3.639321E-03
+3.524679E-03
+3.413648E-03
+3.306116E-03
+2.643061E-03
+2.112984E-03
+1.689217E-03
+1.350437E-03
+9.006427E-04
+6.006630E-04
+4.005985E-04
+2.671700E-04
+1.287594E-04
+6.205409E-05
+2.990624E-05
+1.441295E-05
+2.988934E-05
+6.198404E-05
+1.285415E-04
+2.665674E-04
+3.867511E-04
+5.611203E-04
+8.141051E-04
+1.181151E-03
+8.210449E-04
+5.707272E-04
+3.967255E-04
+2.757729E-04
+4.779802E-04
+8.284537E-04
+1.435908E-03
+2.488771E-03
+3.296076E-03
+4.365256E-03
+5.781256E-03
+7.656577E-03
+7.078913E-03
+6.544832E-03
+6.051046E-03
+5.594514E-03
+4.264317E-03
+3.250399E-03
+2.477558E-03
+1.888473E-03
+1.414101E-03
+1.058887E-03
+7.929015E-04
+5.937294E-04
+7.084137E-04
+8.452502E-04
+1.008518E-03
+1.203322E-03
+1.504097E-03
+1.880052E-03
+2.349979E-03
+2.937367E-03
+3.198461E-03
+3.482764E-03
+3.792337E-03
+4.129427E-03
+1.349308E-03
+4.408924E-04
+1.440635E-04
+4.707330E-05
+7.126277E-05
+1.078824E-04
+1.633198E-04
+2.472447E-04
+4.678977E-04
+8.854723E-04
+1.675710E-03
+3.171195E-03
+3.071986E-03
+2.975881E-03
+2.882783E-03
+2.792597E-03
+2.835680E-03
+2.879427E-03
+2.923849E-03
+2.968956E-03
+2.603991E-03
+2.283891E-03
+2.003140E-03
+1.756900E-03
+1.752501E-03
+1.748112E-03
+1.743735E-03
+1.739368E-03
+1.708232E-03
+1.677652E-03
+1.647621E-03
+1.618126E-03
+1.308905E-03
+1.058776E-03
+8.564462E-04
+6.927809E-04
+6.969239E-04
+7.010917E-04
+7.052844E-04
+7.095021E-04
+1.162882E-03
+1.905978E-03
+3.123921E-03
+5.120145E-03
+4.293247E-03
+3.599892E-03
+3.018513E-03
+2.531026E-03
+3.605522E-03
+5.136174E-03
+7.316634E-03
+1.042277E-02
+8.943269E-03
+7.673782E-03
+6.584498E-03
+5.649835E-03
+6.721977E-03
+7.997574E-03
+9.515235E-03
+1.132090E-02
+1.074518E-02
+1.019875E-02
+9.680096E-03
+9.187825E-03
+8.533422E-03
+7.925628E-03
+7.361124E-03
+6.836828E-03
+7.532803E-03
+8.299628E-03
+9.144515E-03
+1.007541E-02
+7.827915E-03
+6.081766E-03
+4.725124E-03
+3.671105E-03
+7.919250E-03
+1.708328E-02
+3.685178E-02
+7.949607E-02
+7.719052E-02
+7.495183E-02
+7.277808E-02
+7.066737E-02
+7.948260E-02
+8.939746E-02
+1.005491E-01
+1.130918E-01
+8.564419E-02
+6.485815E-02
+4.911693E-02
+3.719614E-02
+4.013295E-02
+4.330165E-02
+4.672053E-02
+5.040935E-02
+2.952770E-02
+1.729609E-02
+1.013133E-02
+5.934513E-03
+9.016590E-03
+1.369934E-02
+2.081406E-02
+3.162380E-02
+2.272948E-02
+1.633672E-02
+1.174195E-02
+8.439476E-03
+6.662221E-03
+5.259234E-03
+4.151701E-03
+3.277402E-03
+4.275600E-03
+5.577821E-03
+7.276660E-03
+9.492915E-03
+9.567929E-03
+9.643536E-03
+9.719741E-03
+9.796547E-03
+6.638628E-03
+4.498665E-03
+3.048520E-03
+2.065829E-03
+2.048091E-03
+2.030504E-03
+2.013070E-03
+1.995784E-03
+1.347726E-03
+9.101008E-04
+6.145786E-04
+4.150164E-04
+4.330283E-04
+4.518220E-04
+4.714313E-04
+4.918918E-04
+6.427574E-04
+8.398943E-04
+1.097494E-03
+1.434101E-03
+1.112308E-03
+8.627211E-04
+6.691382E-04
+5.189927E-04
+6.237873E-04
+7.497420E-04
+9.011294E-04
+1.083085E-03
+6.244988E-04
+3.600813E-04
+2.076202E-04
+1.197122E-04
+1.933853E-04
+3.123983E-04
+5.046541E-04
+8.152277E-04
+3.659865E-04
+1.643052E-04
+7.376280E-05
+3.311489E-05
+6.344283E-05
+1.215463E-04
+2.328632E-04
+4.461289E-04
+4.283280E-04
+4.112373E-04
+3.948286E-04
+3.790746E-04
+2.599022E-04
+1.781949E-04
+1.221745E-04
+8.376557E-05
+7.032236E-05
+5.903660E-05
+4.956205E-05
+4.160802E-05
+1.038876E-04
+2.593885E-04
+6.476457E-04
+1.617054E-03
+9.057389E-04
+5.073193E-04
+2.841579E-04
+1.591615E-04
