#I+8.670000E+02
+3.000000E+00
+8.010000E+02
+8.010000E+02
+1.000000E+01
+1.000000E+00
+3.000000E+00
+0.000000E+00
+1.000000E+00
+1.000000E+00
+1.000000E+00
+1.000000E+00
+2.497000E+03
-1.092400E+04
+2.025600E+04
-1.299100E+04
-1.119200E+04
+0.000000E+00
+0.000000E+00
+0.000000E+00
+0.000000E+00
+0.000000E+00
+0.000000E+00
+0.000000E+00
+0.000000E+00
+0.000000E+00
+0.000000E+00
+0.000000E+00
+0.000000E+00
+0.000000E+00
+0.000000E+00
+0.000000E+00
+0.000000E+00
+0.000000E+00
+0.000000E+00
+0.000000E+00
+1.000000E+00
+0.000000E+00
+1.000000E+00
+0.000000E+00
+0.000000E+00
+1.000000E+00
+0.000000E+00
+1.000000E+00
+2.000000E+00
+3.000000E+00
+4.500000E+01
+4.500000E+01
+0.000000E+00
+0.000000E+00
+2.000000E+00
+0.000000E+00
+0.000000E+00
+0.000000E+00
+0.000000E+00
+0.000000E+00
+2.499999E-03
+1.002377E-03
+0.000000E+00
+0.000000E+00
+0.000000E+00
+1.000000E+00
+1.000000E+00
+0.000000E+00
+0.000000E+00
+9.9999904632568339E+00
+9.9999904632568339E+00
+1.300560E-05
+1.358901E-05
+1.419860E-05
+1.483554E-05
+1.550104E-05
+1.654535E-05
+1.766002E-05
+1.884978E-05
+2.011969E-05
+2.017566E-05
+2.023178E-05
+2.028805E-05
+2.034449E-05
+1.816956E-05
+1.622715E-05
+1.449238E-05
+1.294307E-05
+1.290453E-05
+1.286611E-05
+1.282780E-05
+1.278961E-05
+1.153084E-05
+1.039596E-05
+9.372781E-06
+8.450301E-06
+7.885641E-06
+7.358712E-06
+6.866992E-06
+6.408130E-06
+5.683403E-06
+5.040639E-06
+4.470568E-06
+3.964970E-06
+3.889012E-06
+3.814509E-06
+3.741432E-06
+3.669757E-06
+3.622737E-06
+3.576321E-06
+3.530499E-06
+3.485263E-06
+3.437271E-06
+3.389939E-06
+3.343258E-06
+3.297221E-06
+3.210133E-06
+3.125345E-06
+3.042796E-06
+2.962429E-06
+2.931389E-06
+2.900675E-06
+2.870282E-06
+2.840207E-06
+2.772008E-06
+2.705445E-06
+2.640481E-06
+2.577077E-06
+2.571592E-06
+2.566118E-06
+2.560656E-06
+2.555207E-06
+2.534652E-06
+2.514263E-06
+2.494037E-06
+2.473975E-06
+2.428956E-06
+2.384756E-06
+2.341360E-06
+2.298755E-06
+2.297786E-06
+2.296818E-06
+2.295850E-06
+2.294884E-06
+2.286666E-06
+2.278477E-06
+2.270317E-06
+2.262188E-06
+2.283778E-06
+2.305573E-06
+2.327577E-06
+2.349790E-06
+2.333904E-06
+2.318126E-06
+2.302454E-06
+2.286887E-06
+2.333475E-06
+2.381012E-06
+2.429517E-06
+2.479011E-06
+2.492397E-06
+2.505855E-06
+2.519386E-06
+2.532990E-06
+2.565387E-06
+2.598197E-06
+2.631427E-06
+2.665084E-06
+2.730788E-06
+2.798113E-06
+2.867097E-06
+2.937782E-06
+2.979638E-06
+3.022091E-06
+3.065149E-06
+3.108818E-06
+3.210863E-06
+3.316257E-06
+3.425111E-06
+3.537539E-06
+3.592473E-06
+3.648260E-06
+3.704914E-06
+3.762447E-06
+3.939937E-06
+4.125801E-06
+4.320433E-06
+4.524246E-06
+4.694992E-06
+4.872182E-06
+5.056059E-06
+5.246878E-06
+5.476782E-06
+5.716759E-06
+5.967252E-06
+6.228723E-06
+6.545484E-06
+6.878355E-06
+7.228153E-06
+7.595740E-06
+7.974273E-06
+8.371671E-06
+8.788873E-06
+9.226865E-06
+9.972626E-06
+1.077866E-05
+1.164984E-05
+1.259144E-05
+1.326879E-05
+1.398256E-05
+1.473474E-05
+1.552737E-05
+1.707384E-05
+1.877432E-05
+2.064417E-05
+2.270025E-05
+2.347301E-05
+2.427207E-05
+2.509834E-05
+2.595273E-05
+2.621360E-05
+2.647709E-05
+2.674323E-05
+2.701206E-05
+2.587448E-05
+2.478481E-05
+2.374103E-05
+2.274121E-05
+2.041092E-05
+1.831942E-05
+1.644223E-05
+1.475740E-05
+1.413133E-05
+1.353182E-05
+1.295775E-05
+1.240803E-05
+1.154442E-05
+1.074092E-05
+9.993339E-06
+9.297791E-06
+8.830668E-06
+8.387012E-06
+7.965647E-06
+7.565449E-06
+6.903840E-06
+6.300089E-06
+5.749137E-06
+5.246367E-06
+4.825583E-06
+4.438550E-06
+4.082558E-06
+3.755117E-06
+3.473335E-06
+3.212697E-06
+2.971618E-06
+2.748628E-06
+2.551568E-06
+2.368637E-06
+2.198821E-06
+2.041179E-06
+1.948114E-06
+1.859293E-06
+1.774521E-06
+1.693614E-06
+1.571451E-06
+1.458100E-06
+1.352924E-06
+1.255335E-06
+1.150166E-06
+1.053808E-06
+9.655220E-07
+8.846328E-07
+8.160241E-07
+7.527365E-07
+6.943571E-07
+6.405055E-07
+6.339521E-07
+6.274659E-07
+6.210460E-07
+6.146917E-07
+6.069176E-07
+5.992420E-07
+5.916634E-07
+5.841805E-07
+6.305876E-07
+6.806812E-07
+7.347543E-07
+7.931231E-07
+1.161512E-06
+1.701010E-06
+2.491093E-06
+3.648153E-06
+4.770007E-06
+6.236846E-06
+8.154757E-06
+1.066245E-05
+9.094672E-06
+7.757413E-06
+6.616781E-06
+5.643866E-06
+5.711237E-06
+5.779413E-06
+5.848403E-06
+5.918214E-06
+5.667014E-06
+5.426476E-06
+5.196149E-06
+4.975597E-06
+5.011490E-06
+5.047643E-06
+5.084055E-06
+5.120730E-06
+4.459518E-06
+3.883685E-06
+3.382206E-06
+2.945480E-06
+2.289489E-06
+1.779594E-06
+1.383259E-06
+1.075192E-06
+1.004300E-06
+9.380833E-07
+8.762321E-07
+8.184588E-07
+7.205210E-07
+6.343026E-07
+5.584012E-07
+4.915822E-07
+3.987324E-07
+3.234201E-07
+2.623327E-07
+2.127834E-07
+1.869047E-07
+1.641734E-07
+1.442067E-07
+1.266683E-07
+1.519791E-07
+1.823476E-07
+2.187843E-07
+2.625017E-07
+5.762786E-07
+1.265123E-06
+2.777367E-06
+6.097250E-06
+8.456112E-06
+1.172756E-05
+1.626463E-05
+2.255699E-05
+1.741296E-05
+1.344201E-05
+1.037662E-05
+8.010276E-06
+4.822948E-06
+2.903873E-06
+1.748407E-06
+1.052707E-06
+1.047599E-06
+1.042517E-06
+1.037459E-06
+1.032425E-06
+9.979026E-07
+9.645341E-07
+9.322815E-07
+9.011076E-07
+8.510317E-07
+8.037387E-07
+7.590737E-07
+7.168910E-07
+5.085041E-07
+3.606913E-07
+2.558451E-07
+1.814757E-07
+2.536110E-07
+3.544196E-07
+4.952990E-07
+6.921771E-07
+9.345171E-07
+1.261703E-06
+1.703442E-06
+2.299839E-06
+2.797833E-06
+3.403661E-06
+4.140672E-06
+5.037271E-06
+5.495916E-06
+5.996321E-06
+6.542288E-06
+7.137970E-06
+7.411219E-06
+7.694927E-06
+7.989496E-06
+8.295345E-06
+8.287079E-06
+8.278821E-06
+8.270572E-06
+8.262328E-06
+8.110095E-06
+7.960667E-06
+7.813993E-06
+7.670023E-06
+7.022590E-06
+6.429806E-06
+5.887061E-06
+5.390129E-06
+4.724295E-06
+4.140709E-06
+3.629213E-06
+3.180901E-06
+2.982561E-06
+2.796587E-06
+2.622210E-06
+2.458705E-06
+2.393061E-06
+2.329170E-06
+2.266984E-06
+2.206458E-06
+2.325869E-06
+2.451743E-06
+2.584430E-06
+2.724298E-06
+2.864002E-06
+3.010869E-06
+3.165269E-06
+3.327586E-06
+3.529552E-06
+3.743776E-06
+3.971002E-06
+4.212021E-06
+4.278480E-06
+4.345987E-06
+4.414559E-06
+4.484214E-06
+4.627854E-06
+4.776094E-06
+4.929083E-06
+5.086974E-06
+5.348704E-06
+5.623900E-06
+5.913254E-06
+6.217499E-06
+6.590010E-06
+6.984840E-06
+7.403326E-06
+7.846886E-06
+8.417710E-06
+9.030058E-06
+9.686953E-06
+1.039163E-05
+1.131247E-05
+1.231491E-05
+1.340618E-05
+1.459415E-05
+1.624443E-05
+1.808133E-05
+2.012595E-05
+2.240176E-05
+2.478897E-05
+2.743057E-05
+3.035368E-05
+3.358828E-05
+3.722974E-05
+4.126598E-05
+4.573981E-05
+5.069868E-05
+5.559779E-05
+6.097031E-05
+6.686199E-05
+7.332303E-05
+8.082566E-05
+8.909599E-05
+9.821256E-05
+1.082620E-04
+1.216228E-04
+1.366325E-04
+1.534946E-04
+1.724377E-04
+2.082438E-04
+2.514849E-04
+3.037048E-04
+3.667681E-04
+4.598591E-04
+5.765781E-04
+7.229219E-04
+9.064098E-04
+1.097500E-03
+1.328877E-03
+1.609033E-03
+1.948251E-03
+2.191501E-03
+2.465123E-03
+2.772908E-03
+3.119121E-03
+3.468570E-03
+3.857169E-03
+4.289304E-03
+4.769853E-03
+5.100595E-03
+5.454270E-03
+5.832469E-03
+6.236892E-03
+6.491150E-03
+6.755773E-03
+7.031184E-03
+7.317821E-03
+7.149715E-03
+6.985470E-03
+6.824998E-03
+6.668213E-03
+5.747508E-03
+4.953928E-03
+4.269921E-03
+3.680356E-03
+3.085460E-03
+2.586722E-03
+2.168602E-03
+1.818066E-03
+1.531220E-03
+1.289631E-03
+1.086158E-03
+9.147888E-04
+7.828389E-04
+6.699215E-04
+5.732914E-04
+4.905994E-04
+4.212229E-04
+3.616571E-04
+3.105146E-04
+2.666042E-04
+2.362626E-04
+2.093740E-04
+1.855456E-04
+1.644290E-04
+1.507273E-04
+1.381674E-04
+1.266541E-04
+1.161002E-04
+1.074961E-04
+9.952961E-05
+9.215354E-05
+8.532410E-05
+9.378280E-05
+1.030801E-04
+1.132990E-04
+1.245310E-04
+1.799261E-04
+2.599625E-04
+3.756013E-04
+5.426800E-04
+6.168683E-04
+7.011985E-04
+7.970573E-04
+9.060204E-04
+9.178525E-04
+9.298391E-04
+9.419823E-04
+9.542841E-04
+7.841528E-04
+6.443528E-04
+5.294764E-04
+4.350804E-04
+4.940627E-04
+5.610408E-04
+6.370990E-04
+7.234681E-04
+1.263417E-03
+2.206347E-03
+3.853019E-03
+6.728659E-03
+7.741487E-03
+8.906769E-03
+1.024745E-02
+1.178995E-02
+5.834551E-03
+2.887372E-03
+1.428888E-03
+7.071203E-04
+1.032192E-03
+1.506704E-03
+2.199355E-03
+3.210426E-03
+1.542343E-03
+7.409672E-04
+3.559731E-04
+1.710155E-04
+5.696813E-04
+1.897704E-03
+6.321572E-03
+2.105822E-02
+5.863754E-02
+1.632788E-01
+4.546569E-01
+1.266012E+00
+9.254729E-01
+6.765338E-01
+4.945558E-01
+3.615271E-01
+2.626265E-01
+1.907815E-01
+1.385906E-01
+1.006773E-01
+7.834336E-02
+6.096393E-02
+4.743990E-02
+3.691599E-02
+2.922143E-02
+2.313069E-02
+1.830946E-02
+1.449314E-02
+1.285415E-02
+1.140051E-02
+1.011125E-02
+8.967798E-03
+8.332802E-03
+7.742769E-03
+7.194516E-03
+6.685085E-03
+6.304869E-03
+5.946280E-03
+5.608085E-03
+5.289124E-03
+4.901391E-03
+4.542082E-03
+4.209112E-03
+3.900553E-03
+3.086775E-03
+2.442777E-03
+1.933137E-03
+1.529824E-03
+1.137322E-03
+8.455226E-04
+6.285897E-04
+4.673142E-04
+7.273182E-04
+1.131983E-03
+1.761795E-03
+2.742024E-03
+2.948221E-03
+3.169924E-03
+3.408298E-03
+3.664597E-03
+2.468472E-03
+1.662762E-03
+1.120036E-03
+7.544558E-04
+6.490072E-04
+5.582968E-04
+4.802648E-04
+4.131391E-04
+5.203278E-04
+6.553266E-04
+8.253508E-04
+1.039488E-03
+7.453499E-04
+5.344426E-04
+3.832144E-04
+2.747784E-04
+2.192455E-04
+1.749358E-04
+1.395812E-04
+1.113717E-04
+2.578928E-04
+5.971775E-04
+1.382827E-03
+3.202079E-03
+6.059069E-03
+1.146515E-02
+2.169469E-02
+4.105135E-02
+2.591811E-02
+1.636361E-02
+1.033130E-02
+6.522755E-03
+2.526747E-03
+9.787963E-04
+3.791603E-04
+1.468768E-04
+8.601407E-05
+5.037159E-05
+2.949863E-05
+1.727501E-05
+3.634139E-05
+7.645129E-05
+1.608304E-04
+3.383386E-04
+7.742845E-04
+1.771942E-03
+4.055072E-03
+9.279992E-03
+4.760048E-03
+2.441604E-03
+1.252388E-03
+6.423957E-04
+4.975866E-04
+3.854203E-04
+2.985387E-04
+2.312420E-04
+2.160362E-04
+2.018302E-04
+1.885584E-04
+1.761593E-04
+2.289876E-04
+2.976586E-04
+3.869233E-04
+5.029576E-04
+4.876190E-04
+4.727481E-04
+4.583307E-04
+4.443529E-04
+2.764867E-04
+1.720364E-04
+1.070450E-04
+6.660585E-05
+3.221782E-05
+1.558403E-05
+7.538129E-06
+3.646255E-06
+4.602384E-06
+5.809232E-06
+7.332542E-06
+9.255302E-06
+1.136375E-05
+1.395251E-05
+1.713102E-05
+2.103362E-05
+1.712913E-05
+1.394943E-05
+1.135998E-05
+9.251218E-06
+1.492976E-05
+2.409387E-05
+3.888306E-05
+6.275008E-05
+1.344158E-04
+2.879298E-04
+6.167693E-04
+1.321171E-03
+1.490236E-03
+1.680935E-03
+1.896038E-03
+2.138666E-03
+1.781919E-03
+1.484681E-03
+1.237024E-03
+1.030679E-03
+1.066657E-03
+1.103891E-03
+1.142425E-03
+1.182304E-03
+1.254184E-03
+1.330434E-03
+1.411320E-03
+1.497124E-03
+5.378517E-04
+1.932268E-04
+6.941802E-05
+2.493889E-05
+4.092049E-05
+6.714361E-05
+1.101713E-04
+1.807724E-04
+1.552175E-04
+1.332751E-04
+1.144347E-04
+9.825757E-05
+2.138597E-04
+4.654704E-04
+1.013106E-03
+2.205048E-03
+1.850845E-03
+1.553539E-03
+1.303990E-03
+1.094526E-03
+7.558824E-04
+5.220140E-04
+3.605040E-04
+2.489648E-04
+1.972399E-04
+1.562614E-04
+1.237966E-04
+9.807663E-05
+7.411274E-05
+5.600416E-05
+4.232019E-05
+3.197974E-05
+3.931817E-05
+4.834056E-05
+5.943332E-05
+7.307158E-05
+7.354891E-05
+7.402936E-05
+7.451295E-05
+7.499971E-05
+6.546160E-05
+5.713651E-05
+4.987016E-05
+4.352791E-05
+3.624444E-05
+3.017970E-05
+2.512977E-05
+2.092482E-05
+1.449285E-05
+1.003797E-05
+6.952452E-06
+4.815373E-06
+5.249033E-06
+5.721748E-06
+6.237033E-06
+6.798725E-06
+6.076371E-06
+5.430767E-06
+4.853757E-06
+4.338052E-06
+1.121926E-06
+2.901573E-07
+7.504172E-08
+1.940759E-08
+1.180484E-07
+7.180405E-07
+4.367547E-06
+2.656602E-05
+2.715824E-05
+2.776366E-05
+2.838258E-05
+2.901529E-05
+1.877032E-05
+1.214273E-05
+7.855273E-06
+5.081664E-06
+5.474092E-06
+5.896825E-06
+6.352203E-06
+6.842750E-06
+5.871253E-06
+5.037685E-06
+4.322462E-06
+3.708782E-06
+3.315898E-06
+2.964633E-06
+2.650579E-06
+2.369794E-06
+2.806246E-06
+3.323081E-06
+3.935103E-06
+4.659842E-06
+5.528229E-06
+6.558444E-06
+7.780645E-06
+9.230609E-06
+5.246937E-06
+2.982506E-06
+1.695340E-06
+9.636785E-07
+5.857689E-07
+3.560578E-07
+2.164286E-07
+1.315555E-07
+2.360262E-07
+4.234590E-07
+7.597358E-07
+1.363057E-06
+1.923753E-06
+2.715094E-06
+3.831954E-06
+5.408240E-06
+3.777850E-06
+2.638964E-06
+1.843411E-06
+1.287689E-06
+3.342512E-07
+8.676309E-08
+2.252149E-08
+5.846005E-09
