#I+8.670000E+02
+3.000000E+00
+8.010000E+02
+8.010000E+02
+1.000000E+01
+1.000000E+00
+3.000000E+00
+0.000000E+00
+1.000000E+00
+1.000000E+00
+1.000000E+00
+1.000000E+00
+2.497000E+03
-1.092400E+04
+2.025600E+04
-1.299100E+04
-1.119200E+04
+0.000000E+00
+0.000000E+00
+0.000000E+00
+0.000000E+00
+0.000000E+00
+0.000000E+00
+0.000000E+00
+0.000000E+00
+0.000000E+00
+0.000000E+00
+0.000000E+00
+0.000000E+00
+0.000000E+00
+0.000000E+00
+0.000000E+00
+0.000000E+00
+0.000000E+00
+0.000000E+00
+0.000000E+00
+1.000000E+00
+0.000000E+00
+1.000000E+00
+0.000000E+00
+0.000000E+00
+1.000000E+00
+0.000000E+00
+1.000000E+00
+2.000000E+00
+3.000000E+00
+4.500000E+01
+4.500000E+01
+0.000000E+00
+0.000000E+00
+2.000000E+00
+0.000000E+00
+0.000000E+00
+0.000000E+00
+0.000000E+00
+0.000000E+00
+2.499999E-03
+1.002377E-03
+0.000000E+00
+0.000000E+00
+0.000000E+00
+1.000000E+00
+1.000000E+00
+0.000000E+00
+0.000000E+00
+9.9999904632568339E+00
+9.9999904632568339E+00
+6.973708E-08
+7.215831E-08
+7.466362E-08
+7.725590E-08
+7.993817E-08
+9.716615E-08
+1.181070E-07
+1.435610E-07
+1.745009E-07
+1.765150E-07
+1.785525E-07
+1.806134E-07
+1.826981E-07
+1.731700E-07
+1.641388E-07
+1.555786E-07
+1.474648E-07
+1.367968E-07
+1.269006E-07
+1.177203E-07
+1.092041E-07
+9.554166E-08
+8.358853E-08
+7.313085E-08
+6.398151E-08
+6.048009E-08
+5.717028E-08
+5.404161E-08
+5.108417E-08
+4.479028E-08
+3.927183E-08
+3.443329E-08
+3.019088E-08
+2.803412E-08
+2.603144E-08
+2.417181E-08
+2.244504E-08
+2.160233E-08
+2.079126E-08
+2.001064E-08
+1.925932E-08
+1.823954E-08
+1.727375E-08
+1.635910E-08
+1.549288E-08
+1.498336E-08
+1.449059E-08
+1.401402E-08
+1.355313E-08
+1.332820E-08
+1.310701E-08
+1.288948E-08
+1.267557E-08
+1.259433E-08
+1.251361E-08
+1.243341E-08
+1.235372E-08
+1.154226E-08
+1.078410E-08
+1.007574E-08
+9.413911E-09
+1.001948E-08
+1.066401E-08
+1.135000E-08
+1.208012E-08
+1.060094E-08
+9.302880E-09
+8.163763E-09
+7.164129E-09
+7.514714E-09
+7.882455E-09
+8.268193E-09
+8.672804E-09
+9.213945E-09
+9.788850E-09
+1.039963E-08
+1.104851E-08
+1.081511E-08
+1.058665E-08
+1.036300E-08
+1.014409E-08
+1.045574E-08
+1.077696E-08
+1.110806E-08
+1.144933E-08
+1.145423E-08
+1.145914E-08
+1.146404E-08
+1.146895E-08
+1.134680E-08
+1.122594E-08
+1.110638E-08
+1.098809E-08
+1.049204E-08
+1.001839E-08
+9.566122E-09
+9.134270E-09
+9.604871E-09
+1.009972E-08
+1.062006E-08
+1.116721E-08
+1.177285E-08
+1.241134E-08
+1.308446E-08
+1.379409E-08
+1.255121E-08
+1.142032E-08
+1.039133E-08
+9.455050E-09
+9.123793E-09
+8.804141E-09
+8.495689E-09
+8.198043E-09
+9.623994E-09
+1.129797E-08
+1.326312E-08
+1.557008E-08
+1.447598E-08
+1.345876E-08
+1.251302E-08
+1.163374E-08
+1.304001E-08
+1.461627E-08
+1.638306E-08
+1.836343E-08
+1.899291E-08
+1.964397E-08
+2.031735E-08
+2.101381E-08
+2.428454E-08
+2.806435E-08
+3.243248E-08
+3.748051E-08
+4.636841E-08
+5.736394E-08
+7.096687E-08
+8.779556E-08
+9.934093E-08
+1.124046E-07
+1.271861E-07
+1.439115E-07
+1.797137E-07
+2.244227E-07
+2.802543E-07
+3.499758E-07
+4.106452E-07
+4.818318E-07
+5.653587E-07
+6.633655E-07
+8.752866E-07
+1.154909E-06
+1.523860E-06
+2.010678E-06
+2.401310E-06
+2.867834E-06
+3.424994E-06
+4.090398E-06
+4.066100E-06
+4.041946E-06
+4.017937E-06
+3.994069E-06
+3.694080E-06
+3.416622E-06
+3.160004E-06
+2.922660E-06
+2.474849E-06
+2.095652E-06
+1.774556E-06
+1.502658E-06
+1.121634E-06
+8.372245E-07
+6.249321E-07
+4.664701E-07
+3.741561E-07
+3.001110E-07
+2.407194E-07
+1.930813E-07
+1.905392E-07
+1.880306E-07
+1.855551E-07
+1.831121E-07
+1.879318E-07
+1.928782E-07
+1.979549E-07
+2.031652E-07
+1.638545E-07
+1.321500E-07
+1.065801E-07
+8.595778E-08
+3.947884E-08
+1.813191E-08
+8.327655E-09
+3.824739E-09
+9.709611E-09
+2.464915E-08
+6.257515E-08
+1.588555E-07
+2.563597E-07
+4.137112E-07
+6.676438E-07
+1.077438E-06
+1.365313E-06
+1.730103E-06
+2.192359E-06
+2.778123E-06
+3.655511E-06
+4.809995E-06
+6.329089E-06
+8.327946E-06
+9.028846E-06
+9.788737E-06
+1.061258E-05
+1.150577E-05
+1.358788E-05
+1.604677E-05
+1.895063E-05
+2.237999E-05
+2.650421E-05
+3.138844E-05
+3.717274E-05
+4.402300E-05
+4.997267E-05
+5.672642E-05
+6.439294E-05
+7.309559E-05
+7.307298E-05
+7.305038E-05
+7.302778E-05
+7.300520E-05
+5.846769E-05
+4.682503E-05
+3.750077E-05
+3.003324E-05
+2.593821E-05
+2.240153E-05
+1.934709E-05
+1.670911E-05
+1.276906E-05
+9.758079E-06
+7.457099E-06
+5.698694E-06
+4.648433E-06
+3.791733E-06
+3.092923E-06
+2.522901E-06
+2.516158E-06
+2.509433E-06
+2.502726E-06
+2.496037E-06
+2.357600E-06
+2.226841E-06
+2.103334E-06
+1.986677E-06
+1.914502E-06
+1.844949E-06
+1.777923E-06
+1.713332E-06
+1.651454E-06
+1.591810E-06
+1.534321E-06
+1.478908E-06
+1.513311E-06
+1.548514E-06
+1.584536E-06
+1.621396E-06
+1.506641E-06
+1.400007E-06
+1.300921E-06
+1.208847E-06
+1.312743E-06
+1.425570E-06
+1.548093E-06
+1.681148E-06
+2.296830E-06
+3.137990E-06
+4.287207E-06
+5.857300E-06
+8.171378E-06
+1.139970E-05
+1.590345E-05
+2.218652E-05
+2.279510E-05
+2.342037E-05
+2.406280E-05
+2.472283E-05
+1.675214E-05
+1.135122E-05
+7.691562E-06
+5.211786E-06
+5.104792E-06
+4.999994E-06
+4.897348E-06
+4.796810E-06
+4.456863E-06
+4.141008E-06
+3.847538E-06
+3.574867E-06
+3.003586E-06
+2.523598E-06
+2.120315E-06
+1.781478E-06
+9.229030E-07
+4.781143E-07
+2.476894E-07
+1.283166E-07
+1.505159E-07
+1.765557E-07
+2.071005E-07
+2.429296E-07
+1.617916E-07
+1.077536E-07
+7.176413E-08
+4.779505E-08
+2.664947E-08
+1.485916E-08
+8.285143E-09
+4.619614E-09
+7.516949E-09
+1.223144E-08
+1.990276E-08
+3.238540E-08
+3.756914E-08
+4.358262E-08
+5.055863E-08
+5.865130E-08
+6.817549E-08
+7.924630E-08
+9.211487E-08
+1.070732E-07
+1.218794E-07
+1.387331E-07
+1.579174E-07
+1.797545E-07
+2.002445E-07
+2.230701E-07
+2.484975E-07
+2.768234E-07
+2.906806E-07
+3.052315E-07
+3.205109E-07
+3.365551E-07
+3.455718E-07
+3.548300E-07
+3.643363E-07
+3.740973E-07
+3.661934E-07
+3.584566E-07
+3.508832E-07
+3.434698E-07
+2.931891E-07
+2.502690E-07
+2.136320E-07
+1.823583E-07
+1.706228E-07
+1.596425E-07
+1.493688E-07
+1.397563E-07
+1.732229E-07
+2.147036E-07
+2.661174E-07
+3.298429E-07
+3.187356E-07
+3.080023E-07
+2.976304E-07
+2.876079E-07
+2.925827E-07
+2.976437E-07
+3.027922E-07
+3.080299E-07
+2.588722E-07
+2.175595E-07
+1.828397E-07
+1.536608E-07
+1.193729E-07
+9.273593E-08
+7.204278E-08
+5.596707E-08
+7.875091E-08
+1.108099E-07
+1.559200E-07
+2.193941E-07
+3.365639E-07
+5.163093E-07
+7.920497E-07
+1.215053E-06
+1.784013E-06
+2.619396E-06
+3.845956E-06
+5.646863E-06
+7.772634E-06
+1.069866E-05
+1.472618E-05
+2.026988E-05
+2.634768E-05
+3.424787E-05
+4.451688E-05
+5.786501E-05
+6.975303E-05
+8.408338E-05
+1.013578E-04
+1.221812E-04
+1.411698E-04
+1.631096E-04
+1.884590E-04
+2.177482E-04
+2.434535E-04
+2.721934E-04
+3.043261E-04
+3.402520E-04
+4.032140E-04
+4.778267E-04
+5.662461E-04
+6.710273E-04
+8.431695E-04
+1.059472E-03
+1.331264E-03
+1.672781E-03
+1.943134E-03
+2.257182E-03
+2.621985E-03
+3.045747E-03
+1.392801E-03
+6.369188E-04
+2.912589E-04
+1.331908E-04
+1.113701E-04
+9.312430E-05
+7.786771E-05
+6.511061E-05
+8.295244E-05
+1.056833E-04
+1.346430E-04
+1.715384E-04
+1.255301E-04
+9.186161E-05
+6.722338E-05
+4.919337E-05
+5.442409E-05
+6.021099E-05
+6.661319E-05
+7.369619E-05
+7.558956E-05
+7.753157E-05
+7.952348E-05
+8.156654E-05
+8.640269E-05
+9.152558E-05
+9.695221E-05
+1.027006E-04
+1.096272E-04
+1.170208E-04
+1.249132E-04
+1.333378E-04
+1.413145E-04
+1.497684E-04
+1.587280E-04
+1.682236E-04
+1.770673E-04
+1.863759E-04
+1.961739E-04
+2.064870E-04
+2.126677E-04
+2.190333E-04
+2.255896E-04
+2.323419E-04
+2.340002E-04
+2.356704E-04
+2.373524E-04
+2.390464E-04
+2.441313E-04
+2.493244E-04
+2.546278E-04
+2.600441E-04
+3.051964E-04
+3.581887E-04
+4.203822E-04
+4.933749E-04
+5.150792E-04
+5.377384E-04
+5.613944E-04
+5.860912E-04
+1.008117E-03
+1.734030E-03
+2.982650E-03
+5.130364E-03
+7.290106E-03
+1.035904E-02
+1.471991E-02
+2.091660E-02
+2.829148E-02
+3.826664E-02
+5.175890E-02
+7.000834E-02
+9.107549E-02
+1.184823E-01
+1.541364E-01
+2.005197E-01
+1.781169E-01
+1.582171E-01
+1.405405E-01
+1.248389E-01
+9.309910E-02
+6.942904E-02
+5.177699E-02
+3.861289E-02
+2.725636E-02
+1.923993E-02
+1.358123E-02
+9.586820E-03
+6.157114E-03
+3.954393E-03
+2.539700E-03
+1.631116E-03
+1.799062E-03
+1.984299E-03
+2.188609E-03
+2.413956E-03
+5.762693E-03
+1.375693E-02
+3.284111E-02
+7.839966E-02
+5.582695E-02
+3.975334E-02
+2.830762E-02
+2.015734E-02
+9.453803E-03
+4.433840E-03
+2.079473E-03
+9.752738E-04
+6.479152E-04
+4.304372E-04
+2.859574E-04
+1.899734E-04
+1.784649E-04
+1.676536E-04
+1.574972E-04
+1.479561E-04
+1.467238E-04
+1.455017E-04
+1.442897E-04
+1.430879E-04
+1.448303E-04
+1.465938E-04
+1.483789E-04
+1.501857E-04
+1.672232E-04
+1.861934E-04
+2.073158E-04
+2.308343E-04
+2.633225E-04
+3.003832E-04
+3.426599E-04
+3.908867E-04
+4.540637E-04
+5.274517E-04
+6.127011E-04
+7.117289E-04
+6.825086E-04
+6.544879E-04
+6.276176E-04
+6.018504E-04
+4.521623E-04
+3.397036E-04
+2.552149E-04
+1.917396E-04
+3.411564E-04
+6.070093E-04
+1.080033E-03
+1.921669E-03
+1.615543E-03
+1.358184E-03
+1.141822E-03
+9.599274E-04
+2.131726E-04
+4.733958E-05
+1.051277E-05
+2.334588E-06
+7.523063E-06
+2.424259E-05
+7.812021E-05
+2.517375E-04
+2.464713E-04
+2.413153E-04
+2.362671E-04
+2.313246E-04
+3.116390E-04
+4.198382E-04
+5.656034E-04
+7.619773E-04
+1.070037E-03
+1.502641E-03
+2.110142E-03
+2.963251E-03
+3.821888E-03
+4.929326E-03
+6.357658E-03
+8.199865E-03
+9.662168E-03
+1.138525E-02
+1.341561E-02
+1.580805E-02
+6.023752E-03
+2.295386E-03
+8.746707E-04
+3.332983E-04
+3.996361E-04
+4.791773E-04
+5.745500E-04
+6.889054E-04
+9.247136E-04
+1.241237E-03
+1.666106E-03
+2.236403E-03
+3.523021E-03
+5.549838E-03
+8.742696E-03
+1.377243E-02
+5.701089E-03
+2.359963E-03
+9.769059E-04
+4.043898E-04
+1.659637E-04
+6.811239E-05
+2.795369E-05
+1.147233E-05
+1.807327E-05
+2.847226E-05
+4.485460E-05
+7.066301E-05
+8.985648E-05
+1.142633E-04
+1.452994E-04
+1.847657E-04
+2.035505E-04
+2.242452E-04
+2.470438E-04
+2.721605E-04
+2.662931E-04
+2.605522E-04
+2.549350E-04
+2.494389E-04
+2.883394E-04
+3.333065E-04
+3.852863E-04
+4.453724E-04
+4.870574E-04
+5.326441E-04
+5.824974E-04
+6.370170E-04
+3.919012E-04
+2.411028E-04
+1.483296E-04
+9.125430E-05
+7.021188E-05
+5.402166E-05
+4.156475E-05
+3.198030E-05
+6.033802E-05
+1.138412E-04
+2.147870E-04
+4.052442E-04
+5.828644E-04
+8.383363E-04
+1.205783E-03
+1.734283E-03
+1.283024E-03
+9.491823E-04
+7.022059E-04
+5.194925E-04
+8.256340E-04
+1.312187E-03
+2.085471E-03
+3.314459E-03
+2.524938E-03
+1.923486E-03
+1.465302E-03
+1.116259E-03
+9.363404E-04
+7.854210E-04
+6.588268E-04
+5.526369E-04
+6.112974E-04
+6.761845E-04
+7.479592E-04
+8.273525E-04
+5.186304E-04
+3.251063E-04
+2.037946E-04
+1.277497E-04
+1.471866E-04
+1.695809E-04
+1.953824E-04
+2.251096E-04
+3.398442E-04
+5.130572E-04
+7.745541E-04
+1.169332E-03
+1.145835E-03
+1.122811E-03
+1.100250E-03
+1.078141E-03
+9.304337E-04
+8.029623E-04
+6.929548E-04
+5.980186E-04
+4.170740E-04
+2.908783E-04
+2.028662E-04
+1.414842E-04
+2.218746E-04
+3.479423E-04
+5.456409E-04
+8.556707E-04
+1.746407E-03
+3.564384E-03
+7.274840E-03
+1.484782E-02
+1.256342E-02
+1.063048E-02
+8.994937E-03
+7.611030E-03
+7.038128E-03
+6.508349E-03
+6.018450E-03
+5.565426E-03
+3.111131E-03
+1.739155E-03
+9.722054E-04
+5.434727E-04
+5.301143E-04
+5.170841E-04
+5.043744E-04
+4.919771E-04
+3.810070E-04
+2.950673E-04
+2.285120E-04
+1.769689E-04
+1.274966E-04
+9.185445E-05
+6.617619E-05
+4.767639E-05
+3.308876E-05
+2.296453E-05
+1.593803E-05
+1.106144E-05
+1.485600E-05
+1.995228E-05
+2.679681E-05
+3.598930E-05
+4.199486E-05
+4.900256E-05
+5.717965E-05
+6.672129E-05
+3.651485E-05
+1.998364E-05
+1.093654E-05
+5.985286E-06
+6.629259E-06
+7.342518E-06
+8.132518E-06
+9.007521E-06
+1.061802E-05
+1.251648E-05
+1.475437E-05
+1.739238E-05
+8.244225E-06
+3.907875E-06
+1.852386E-06
+8.780557E-07
+1.448390E-06
+2.389182E-06
+3.941057E-06
+6.500942E-06
+5.611113E-06
+4.843081E-06
+4.180175E-06
+3.608005E-06
+3.935642E-06
+4.293031E-06
+4.682873E-06
+5.108113E-06
+7.161992E-06
+1.004170E-05
+1.407928E-05
+1.974031E-05
+1.775245E-05
+1.596478E-05
+1.435712E-05
+1.291134E-05
+5.186647E-06
+2.083540E-06
+8.369841E-07
+3.362267E-07
+6.022974E-07
+1.078921E-06
+1.932718E-06
+3.462160E-06
+3.834704E-06
+4.247337E-06
+4.704370E-06
+5.210583E-06
