Hz,real,imaginary,V^2 (rms) 
9.99999046326,6.973708e-08,6.973708e-08,9.86231243363e-08
10.0577210151,7.215831e-08,7.215831e-08,1.0204726064e-07
10.1157848488,7.466362e-08,7.466362e-08,1.0559030402e-07
10.1741838887,7.72559e-08,7.72559e-08,1.09256341553e-07
10.2329200697,7.993817e-08,7.993817e-08,1.13049644165e-07
10.2919953382,9.716615e-08,9.716615e-08,1.37413687134e-07
10.3514116519,1.18107e-07,1.18107e-07,1.67028521211e-07
10.4111709795,1.43561e-07,1.43561e-07,2.03025913228e-07
10.4712753014,1.745009e-07,1.745009e-07,2.46781539426e-07
10.5317266092,1.76515e-07,1.76515e-07,2.49629906962e-07
10.592526906,1.785525e-07,1.785525e-07,2.52511367096e-07
10.6536782067,1.806134e-07,1.806134e-07,2.55425919826e-07
10.7151825375,1.826981e-07,1.826981e-07,2.5837413084e-07
10.7770419365,1.7317e-07,1.7317e-07,2.44899362596e-07
10.8392584537,1.641388e-07,1.641388e-07,2.32127317072e-07
10.9018341505,1.555786e-07,1.555786e-07,2.20021366135e-07
10.9647711006,1.474648e-07,1.474648e-07,2.08546720133e-07
11.0280713896,1.367968e-07,1.367968e-07,1.93459889849e-07
11.091737115,1.269006e-07,1.269006e-07,1.79464549593e-07
11.1557703865,1.177203e-07,1.177203e-07,1.66481644827e-07
11.2201733259,1.092041e-07,1.092041e-07,1.54437919287e-07
11.2849480674,9.554166e-08,9.554166e-08,1.35116311344e-07
11.3500967575,8.358853e-08,8.358853e-08,1.18212032785e-07
11.4156215548,7.313085e-08,7.313085e-08,1.03422639898e-07
11.4815246308,6.398151e-08,6.398151e-08,9.04835191831e-08
11.5478081693,6.048009e-08,6.048009e-08,8.55317635315e-08
11.6144743666,5.717028e-08,5.717028e-08,8.08509853407e-08
11.681525432,5.404161e-08,5.404161e-08,7.64263777945e-08
11.7489635872,5.108417e-08,5.108417e-08,7.22439260366e-08
11.816791067,4.479028e-08,4.479028e-08,6.33430214385e-08
11.8850101189,3.927183e-08,3.927183e-08,5.55387546052e-08
11.9536230036,3.443329e-08,3.443329e-08,4.86960257151e-08
12.0226319946,3.019088e-08,3.019088e-08,4.2696351956e-08
12.0920393787,2.803412e-08,2.803412e-08,3.96462327132e-08
12.1618474559,2.603144e-08,2.603144e-08,3.68140154961e-08
12.2320585393,2.417181e-08,2.417181e-08,3.41841015291e-08
12.3026749556,2.244504e-08,2.244504e-08,3.1742079976e-08
12.3736990447,2.160233e-08,2.160233e-08,3.05503080649e-08
12.4451331602,2.079126e-08,2.079126e-08,2.94032818708e-08
12.5169796691,2.001064e-08,2.001064e-08,2.82993184798e-08
12.5892409524,1.925932e-08,1.925932e-08,2.72367915461e-08
12.6619194044,1.823954e-08,1.823954e-08,2.57946048394e-08
12.7350174335,1.727375e-08,1.727375e-08,2.4428771523e-08
12.808537462,1.63591e-08,1.63591e-08,2.31352610882e-08
12.8824819261,1.549288e-08,1.549288e-08,2.19102410162e-08
12.956853276,1.498336e-08,1.498336e-08,2.11896709219e-08
13.0316539763,1.449059e-08,1.449059e-08,2.04927889048e-08
13.1068865055,1.401402e-08,1.401402e-08,1.98188171474e-08
13.1825533567,1.355313e-08,1.355313e-08,1.91670202586e-08
13.2586570372,1.33282e-08,1.33282e-08,1.8848921202e-08
13.3352000689,1.310701e-08,1.310701e-08,1.85361113042e-08
13.4121849882,1.288948e-08,1.288948e-08,1.82284774279e-08
13.489614346,1.267557e-08,1.267557e-08,1.79259630048e-08
13.5674907083,1.259433e-08,1.259433e-08,1.7811072295e-08
13.6458166555,1.251361e-08,1.251361e-08,1.76969169762e-08
13.7245947832,1.243341e-08,1.243341e-08,1.75834970485e-08
13.8038277017,1.235372e-08,1.235372e-08,1.74707983698e-08
13.8835180367,1.154226e-08,1.154226e-08,1.63232206324e-08
13.9636684289,1.07841e-08,1.07841e-08,1.5251020478e-08
14.0442815341,1.007574e-08,1.007574e-08,1.42492481589e-08
14.1253600237,9.413911e-09,9.413911e-09,1.33132806112e-08
14.2069065844,1.001948e-08,1.001948e-08,1.41696845039e-08
14.2889239182,1.066401e-08,1.066401e-08,1.50811875713e-08
14.3714147431,1.135e-08,1.135e-08,1.60513239329e-08
14.4543817926,1.208012e-08,1.208012e-08,1.70838695391e-08
14.5378278159,1.060094e-08,1.060094e-08,1.49919931219e-08
14.6217555781,9.30288e-09,9.30288e-09,1.31562590651e-08
14.7061678604,8.163763e-09,8.163763e-09,1.15453043546e-08
14.7910674599,7.164129e-09,7.164129e-09,1.01316083944e-08
14.8764571899,7.514714e-09,7.514714e-09,1.06274104562e-08
14.9623398801,7.882455e-09,7.882455e-09,1.11474747658e-08
15.0487183762,8.268193e-09,8.268193e-09,1.16929906769e-08
15.1355955406,8.672804e-09,8.672804e-09,1.22651970406e-08
15.2229742522,9.213945e-09,9.213945e-09,1.3030485982e-08
15.3108574064,9.78885e-09,9.78885e-09,1.384352443e-08
15.3992479154,1.039963e-08,1.039963e-08,1.47072977897e-08
15.4881487081,1.104851e-08,1.104851e-08,1.5624952686e-08
15.5775627305,1.081511e-08,1.081511e-08,1.52948752406e-08
15.6674929455,1.058665e-08,1.058665e-08,1.49717840101e-08
15.757942333,1.0363e-08,1.0363e-08,1.46554951469e-08
15.8489138904,1.014409e-08,1.014409e-08,1.43459096559e-08
15.9404106321,1.045574e-08,1.045574e-08,1.47866493126e-08
16.03243559,1.077696e-08,1.077696e-08,1.52409229932e-08
16.1249918136,1.110806e-08,1.110806e-08,1.57091691037e-08
16.2180823699,1.144933e-08,1.144933e-08,1.61917977661e-08
16.3117103437,1.145423e-08,1.145423e-08,1.61987274125e-08
16.4058788374,1.145914e-08,1.145914e-08,1.62056712011e-08
16.5005909715,1.146404e-08,1.146404e-08,1.62126008476e-08
16.5958498845,1.146895e-08,1.146895e-08,1.62195446362e-08
16.6916587331,1.13468e-08,1.13468e-08,1.60467984495e-08
16.7880206919,1.122594e-08,1.122594e-08,1.58758765984e-08
16.8849389541,1.110638e-08,1.110638e-08,1.57067932249e-08
16.9824167314,1.098809e-08,1.098809e-08,1.55395059026e-08
17.0804572538,1.049204e-08,1.049204e-08,1.4837985265e-08
17.17906377,1.001839e-08,1.001839e-08,1.41681430111e-08
17.2782395477,9.566122e-09,9.566122e-09,1.35285394717e-08
17.3779878732,9.13427e-09,9.13427e-09,1.29178085164e-08
17.4783120518,9.604871e-09,9.604871e-09,1.3583338833e-08
17.5792154079,1.009972e-08,1.009972e-08,1.42831610002e-08
17.6807012853,1.062006e-08,1.062006e-08,1.50190328852e-08
17.7827730468,1.116721e-08,1.116721e-08,1.57928198359e-08
17.8854340747,1.177285e-08,1.177285e-08,1.66493241378e-08
17.988687771,1.241134e-08,1.241134e-08,1.75522853552e-08
18.0925375572,1.308446e-08,1.308446e-08,1.85042207883e-08
18.1969868745,1.379409e-08,1.379409e-08,1.95077891586e-08
18.302039184,1.255121e-08,1.255121e-08,1.77500914062e-08
18.4076979669,1.142032e-08,1.142032e-08,1.61507714306e-08
18.5139667243,1.039133e-08,1.039133e-08,1.46955598171e-08
18.6208489778,9.45505e-09,9.45505e-09,1.33714599429e-08
18.7283482689,9.123793e-09,9.123793e-09,1.29029918009e-08
18.83646816,8.804141e-09,8.804141e-09,1.24509356072e-08
18.9452122338,8.495689e-09,8.495689e-09,1.20147186055e-08
19.0545840938,8.198043e-09,8.198043e-09,1.15937835955e-08
19.1645873641,9.623994e-09,9.623994e-09,1.3610382839e-08
19.27522569,1.129797e-08,1.129797e-08,1.59777424013e-08
19.3865027376,1.326312e-08,1.326312e-08,1.87568841834e-08
19.4984221944,1.557008e-08,1.557008e-08,2.20194183032e-08
19.610987769,1.447598e-08,1.447598e-08,2.04721272446e-08
19.7242031915,1.345876e-08,1.345876e-08,1.90335609247e-08
19.8380722135,1.251302e-08,1.251302e-08,1.76960825902e-08
19.9525986083,1.163374e-08,1.163374e-08,1.64525928891e-08
20.0677861709,1.304001e-08,1.304001e-08,1.84413589955e-08
20.1836387183,1.461627e-08,1.461627e-08,2.06705272653e-08
20.3001600895,1.638306e-08,1.638306e-08,2.31691456452e-08
20.4173541456,1.836343e-08,1.836343e-08,2.59698117577e-08
20.5352247701,1.899291e-08,1.899291e-08,2.68600309109e-08
20.6537758689,1.964397e-08,1.964397e-08,2.77807687929e-08
20.7730113704,2.031735e-08,2.031735e-08,2.87330719215e-08
20.8929352257,2.101381e-08,2.101381e-08,2.97180150991e-08
21.0135514086,2.428454e-08,2.428454e-08,3.4343525824e-08
21.1348639161,2.806435e-08,2.806435e-08,3.96889843892e-08
21.2568767681,3.243248e-08,3.243248e-08,4.58664530774e-08
21.3795940077,3.748051e-08,3.748051e-08,5.30054455667e-08
21.5030197013,4.636841e-08,4.636841e-08,6.55748342877e-08
21.627157939,5.736394e-08,5.736394e-08,8.11248619392e-08
21.7520128342,7.096687e-08,7.096687e-08,1.00362310033e-07
21.8775885244,8.779556e-08,8.779556e-08,1.24161671668e-07
22.0038891706,9.934093e-08,9.934093e-08,1.40489290505e-07
22.1309189581,1.124046e-07,1.124046e-07,1.58964109793e-07
22.2586820963,1.271861e-07,1.271861e-07,1.79868307565e-07
22.3871828188,1.439115e-07,1.439115e-07,2.03521595081e-07
22.5164253838,1.797137e-07,1.797137e-07,2.54153551884e-07
22.646414074,2.244227e-07,2.244227e-07,3.17381626044e-07
22.7771531967,2.802543e-07,2.802543e-07,3.96339431973e-07
22.9086470844,3.499758e-07,3.499758e-07,4.94940522862e-07
23.0409000942,4.106452e-07,4.106452e-07,5.80740011163e-07
23.1739166087,4.818318e-07,4.818318e-07,6.81413066343e-07
23.3077010356,5.653587e-07,5.653587e-07,7.99537941146e-07
23.4422578082,6.633655e-07,6.633655e-07,9.3814048691e-07
23.5775913851,8.752866e-07,8.752866e-07,1.23784218068e-06
23.713706251,1.154909e-06,1.154909e-06,1.63328797111e-06
23.8506069163,1.52386e-06,1.52386e-06,2.15506347916e-06
23.9882979174,2.010678e-06,2.010678e-06,2.84352809717e-06
24.126783817,2.40131e-06,2.40131e-06,3.39596516946e-06
24.2660692042,2.867834e-06,2.867834e-06,4.05572973743e-06
24.4061586943,3.424994e-06,3.424994e-06,4.84367296585e-06
24.5470569295,4.090398e-06,4.090398e-06,5.7846963271e-06
24.6887685789,4.0661e-06,4.0661e-06,5.75033376597e-06
24.8312983381,4.041946e-06,4.041946e-06,5.71617485158e-06
24.9746509303,4.017937e-06,4.017937e-06,5.68222099816e-06
25.1188311058,3.994069e-06,3.994069e-06,5.64846654885e-06
25.2638436421,3.69408e-06,3.69408e-06,5.22421803649e-06
25.4096933446,3.416622e-06,3.416622e-06,4.8318331699e-06
25.5563850463,3.160004e-06,3.160004e-06,4.46892051395e-06
25.7039236081,2.92266e-06,2.92266e-06,4.13326541021e-06
25.8523139189,2.474849e-06,2.474849e-06,3.49996502063e-06
26.001560896,2.095652e-06,2.095652e-06,2.96369948041e-06
26.151669485,1.774556e-06,1.774556e-06,2.50960116239e-06
26.30264466,1.502658e-06,1.502658e-06,2.12507932321e-06
26.4544914238,1.121634e-06,1.121634e-06,1.58623001482e-06
26.6072148082,8.372245e-07,8.372245e-07,1.18401424265e-06
26.760819874,6.249321e-07,6.249321e-07,8.83787451382e-07
26.9153117111,4.664701e-07,4.664701e-07,6.59688341862e-07
27.070695439,3.741561e-07,3.741561e-07,5.29136631065e-07
27.2269762066,3.00111e-07,3.00111e-07,4.24421046417e-07
27.3841591925,2.407194e-07,2.407194e-07,3.40428640206e-07
27.5422496054,1.930813e-07,1.930813e-07,2.73058193101e-07
27.7012526838,1.905392e-07,1.905392e-07,2.69463120804e-07
27.8611736966,1.880306e-07,1.880306e-07,2.65915424661e-07
28.0220179431,1.855551e-07,1.855551e-07,2.62414538987e-07
28.1837907532,1.831121e-07,1.831121e-07,2.58959615255e-07
28.3464974876,1.879318e-07,1.879318e-07,2.65775700361e-07
28.5101435378,1.928782e-07,1.928782e-07,2.72770966326e-07
28.6747343267,1.979549e-07,1.979549e-07,2.79950504318e-07
28.8402753081,2.031652e-07,2.031652e-07,2.87318981242e-07
29.0067719676,1.638545e-07,1.638545e-07,2.31725256156e-07
29.1742298225,1.3215e-07,1.3215e-07,1.86888322268e-07
29.3426544217,1.065801e-07,1.065801e-07,1.50727022899e-07
29.5120513464,8.595778e-08,8.595778e-08,1.21562658267e-07
29.6824262098,3.947884e-08,3.947884e-08,5.58315109548e-08
29.8537846576,1.813191e-08,1.813191e-08,2.56423930337e-08
30.0261323681,8.327655e-09,8.327655e-09,1.17770826438e-08
30.1994750524,3.824739e-09,3.824739e-09,5.40899776634e-09
30.3738184546,9.709611e-09,9.709611e-09,1.37314635616e-08
30.5491683518,2.464915e-08,2.464915e-08,3.4859162231e-08
30.7255305546,6.257515e-08,6.257515e-08,8.84946257975e-08
30.9029109071,1.588555e-07,1.588555e-07,2.24655602558e-07
31.0813152871,2.563597e-07,2.563597e-07,3.62547364586e-07
31.2607496065,4.137112e-07,4.137112e-07,5.85075989946e-07
31.441219811,6.676438e-07,6.676438e-07,9.44190916794e-07
31.622731881,1.077438e-06,1.077438e-06,1.52372743222e-06
31.8052918312,1.365313e-06,1.365313e-06,1.93084416148e-06
31.9889057111,1.730103e-06,1.730103e-06,2.4467351269e-06
32.1735796051,2.192359e-06,2.192359e-06,3.10046383139e-06
32.3593196326,2.778123e-06,2.778123e-06,3.92885922454e-06
32.5461319486,3.655511e-06,3.655511e-06,5.1696732336e-06
32.7340227434,4.809995e-06,4.809995e-06,6.80236016395e-06
32.9229982432,6.329089e-06,6.329089e-06,8.95068350127e-06
33.11306471,8.327946e-06,8.327946e-06,1.17774941799e-05
33.3042284421,9.028846e-06,9.028846e-06,1.27687164658e-05
33.496495774,9.788737e-06,9.788737e-06,1.38433646239e-05
33.6898730769,1.061258e-05,1.061258e-05,1.50084545678e-05
33.8843667586,1.150577e-05,1.150577e-05,1.62716159795e-05
34.0799832642,1.358788e-05,1.358788e-05,1.92161641799e-05
34.2767290758,1.604677e-05,1.604677e-05,2.26935597663e-05
34.4746107129,1.895063e-05,1.895063e-05,2.68002379615e-05
34.6736347326,2.237999e-05,2.237999e-05,3.16500853838e-05
34.8738077301,2.650421e-05,2.650421e-05,3.7482613242e-05
35.0751363385,3.138844e-05,3.138844e-05,4.43899575497e-05
35.2776272292,3.717274e-05,3.717274e-05,5.25701930586e-05
35.481287112,4.4023e-05,4.4023e-05,6.22579236564e-05
35.6861227357,4.997267e-05,4.997267e-05,7.0672027662e-05
35.8921408879,5.672642e-05,5.672642e-05,8.02232725089e-05
36.0993483954,6.439294e-05,6.439294e-05,9.10653690691e-05
36.3077521244,7.309559e-05,7.309559e-05,0.000103372774728
36.5173589808,7.307298e-05,7.307298e-05,0.000103340799359
36.7281759103,7.305038e-05,7.305038e-05,0.000103308838133
36.9402098987,7.302778e-05,7.302778e-05,0.000103276876906
37.1534679722,7.30052e-05,7.30052e-05,0.000103244943964
37.3679571975,5.846769e-05,5.846769e-05,8.26858001586e-05
37.5836846821,4.682503e-05,4.682503e-05,6.62205924845e-05
37.8006575745,3.750077e-05,3.750077e-05,5.30340975334e-05
38.0188830647,3.003324e-05,3.003324e-05,4.247341533e-05
38.2383683838,2.593821e-05,2.593821e-05,3.66821683657e-05
38.459120805,2.240153e-05,2.240153e-05,3.16805475439e-05
38.6811476434,1.934709e-05,1.934709e-05,2.73609170705e-05
38.9044562561,1.670911e-05,1.670911e-05,2.36302499772e-05
39.129054043,1.276906e-05,1.276906e-05,1.80581778308e-05
39.3549484466,9.758079e-06,9.758079e-06,1.38000076645e-05
39.5821469523,7.457099e-06,7.457099e-06,1.05459305418e-05
39.8106570887,5.698694e-06,5.698694e-06,8.05917034261e-06
40.040486428,4.648433e-06,4.648433e-06,6.57387699238e-06
40.2716425861,3.791733e-06,3.791733e-06,5.3623202335e-06
40.5041332226,3.092923e-06,3.092923e-06,4.37405365398e-06
40.7379660418,2.522901e-06,2.522901e-06,3.56792081072e-06
40.9731487919,2.516158e-06,2.516158e-06,3.55838476867e-06
41.2096892664,2.509433e-06,2.509433e-06,3.54887418247e-06
41.4475953034,2.502726e-06,2.502726e-06,3.5393890521e-06
41.6868747863,2.496037e-06,2.496037e-06,3.52992937759e-06
41.9275356443,2.3576e-06,2.3576e-06,3.33414989465e-06
42.169585852,2.226841e-06,2.226841e-06,3.14922874345e-06
42.4130334302,2.103334e-06,2.103334e-06,2.974563469e-06
42.6578864461,1.986677e-06,1.986677e-06,2.80958555745e-06
42.9041530132,1.914502e-06,1.914502e-06,2.70751469359e-06
43.1518412923,1.844949e-06,1.844949e-06,2.60915189769e-06
43.4009594908,1.777923e-06,1.777923e-06,2.51436281946e-06
43.6515158637,1.713332e-06,1.713332e-06,2.42301735125e-06
43.9035187138,1.651454e-06,1.651454e-06,2.33550864444e-06
44.1569763917,1.59181e-06,1.59181e-06,2.25115929072e-06
44.4118972961,1.534321e-06,1.534321e-06,2.16985756723e-06
44.6682898744,1.478908e-06,1.478908e-06,2.0914917511e-06
44.9261626225,1.513311e-06,1.513311e-06,2.14014494029e-06
45.1855240857,1.548514e-06,1.548514e-06,2.18992950032e-06
45.4463828584,1.584536e-06,1.584536e-06,2.24087230127e-06
45.7087475846,1.621396e-06,1.621396e-06,2.29300021318e-06
45.9726269583,1.506641e-06,1.506641e-06,2.13071213583e-06
46.2380297236,1.400007e-06,1.400007e-06,1.97990888682e-06
46.5049646752,1.300921e-06,1.300921e-06,1.83978012178e-06
46.7734406585,1.208847e-06,1.208847e-06,1.70956782223e-06
47.0434665699,1.312743e-06,1.312743e-06,1.85649895451e-06
47.3150513572,1.42557e-06,1.42557e-06,2.01606042811e-06
47.5882040201,1.548093e-06,1.548093e-06,2.18933411641e-06
47.8629336098,1.681148e-06,1.681148e-06,2.37750230196e-06
48.1392492302,2.29683e-06,2.29683e-06,3.24820813647e-06
48.4171600373,3.13799e-06,3.13799e-06,4.43778801659e-06
48.6966752405,4.287207e-06,4.287207e-06,6.0630262841e-06
48.9778041018,5.8573e-06,5.8573e-06,8.28347309889e-06
49.2605559372,8.171378e-06,8.171378e-06,1.15560735909e-05
49.544940116,1.13997e-05,1.13997e-05,1.6121610347e-05
49.830966062,1.590345e-05,1.590345e-05,2.24908746785e-05
50.1186432531,2.218652e-05,2.218652e-05,3.13764774859e-05
50.4079812221,2.27951e-05,2.27951e-05,3.22371395757e-05
50.6989895567,2.342037e-05,2.342037e-05,3.31214048898e-05
50.9916779002,2.40628e-05,2.40628e-05,3.40299381087e-05
51.2860559511,2.472283e-05,2.472283e-05,3.49633614862e-05
51.5821334645,1.675214e-05,1.675214e-05,2.36911035868e-05
51.8799202513,1.135122e-05,1.135122e-05,1.60530492735e-05
52.1794261793,7.691562e-06,7.691562e-06,1.08775112962e-05
52.4806611732,5.211786e-06,5.211786e-06,7.37057844539e-06
52.783635215,5.104792e-06,5.104792e-06,7.21926607949e-06
53.0883583443,4.999994e-06,4.999994e-06,7.07105932658e-06
53.3948406587,4.897348e-06,4.897348e-06,6.92589596126e-06
53.7030923141,4.79681e-06,4.79681e-06,6.78371375813e-06
54.0131235251,4.456863e-06,4.456863e-06,6.30295610024e-06
54.324944565,4.141008e-06,4.141008e-06,5.8562696755e-06
54.6385657668,3.847538e-06,3.847538e-06,5.44124042135e-06
54.9539975227,3.574867e-06,3.574867e-06,5.05562539508e-06
55.2712502853,3.003586e-06,3.003586e-06,4.24771205695e-06
55.5903345674,2.523598e-06,2.523598e-06,3.56890651758e-06
55.9112609424,2.120315e-06,2.120315e-06,2.9985782295e-06
56.2340400449,1.781478e-06,1.781478e-06,2.51939034867e-06
56.5586825707,9.22903e-07,9.22903e-07,1.30518193935e-06
56.8851992775,4.781143e-07,4.781143e-07,6.76155727425e-07
57.213600985,2.476894e-07,2.476894e-07,3.50285708736e-07
57.5438985756,1.283166e-07,1.283166e-07,1.81467075998e-07
57.8761029941,1.505159e-07,1.505159e-07,2.12861627133e-07
58.210225249,1.765557e-07,1.765557e-07,2.49687465454e-07
58.5462764119,2.071005e-07,2.071005e-07,2.92884335874e-07
58.8842676185,2.429296e-07,2.429296e-07,3.43554335022e-07
59.2242100689,1.617916e-07,1.617916e-07,2.28807874998e-07
59.5661150277,1.077536e-07,1.077536e-07,1.52386602515e-07
59.9099938246,7.176413e-08,7.176413e-08,1.01489805938e-07
60.2558578547,4.779505e-08,4.779505e-08,6.75924079243e-08
60.6037185787,2.664947e-08,2.664947e-08,3.76880419041e-08
60.9535875239,1.485916e-08,1.485916e-08,2.10140255975e-08
61.3054762837,8.285143e-09,8.285143e-09,1.17169615968e-08
61.6593965186,4.619614e-09,4.619614e-09,6.53312077173e-09
62.0153599566,7.516949e-09,7.516949e-09,1.06305712235e-08
62.3733783931,1.223144e-08,1.223144e-08,1.72978683354e-08
62.7334636917,1.990276e-08,1.990276e-08,2.81467531207e-08
63.0956277846,3.23854e-08,3.23854e-08,4.57998719029e-08
63.4598826729,3.756914e-08,3.756914e-08,5.31307873147e-08
63.8262404266,4.358262e-08,4.358262e-08,6.16351322878e-08
64.194713186,5.055863e-08,5.055863e-08,7.1500700241e-08
64.5653131609,5.86513e-08,5.86513e-08,8.29454639108e-08
64.938052632,6.817549e-08,6.817549e-08,9.64147025794e-08
65.3129439507,7.92463e-08,7.92463e-08,1.12071192228e-07
65.6899995397,9.211487e-08,9.211487e-08,1.3027009845e-07
66.0692318935,1.070732e-07,1.070732e-07,1.51424371607e-07
66.4506535786,1.218794e-07,1.218794e-07,1.72363500454e-07
66.8342772344,1.387331e-07,1.387331e-07,1.9619823157e-07
67.2201155727,1.579174e-07,1.579174e-07,2.23328928815e-07
67.6081813792,1.797545e-07,1.797545e-07,2.54211251798e-07
67.9984875132,2.002445e-07,2.002445e-07,2.83188487691e-07
68.3910469082,2.230701e-07,2.230701e-07,3.1546876078e-07
68.7858725723,2.484975e-07,2.484975e-07,3.51428534716e-07
69.182977589,2.768234e-07,2.768234e-07,3.91487406662e-07
69.5823751171,2.906806e-07,2.906806e-07,4.11084446839e-07
69.9840783913,3.052315e-07,3.052315e-07,4.31662526963e-07
70.3881007229,3.205109e-07,3.205109e-07,4.53270861668e-07
70.7944554999,3.365551e-07,3.365551e-07,4.75960786906e-07
71.2031561878,3.455718e-07,3.455718e-07,4.88712326334e-07
71.6142163295,3.5483e-07,3.5483e-07,5.01805398337e-07
72.0276495463,3.643363e-07,3.643363e-07,5.15249336725e-07
72.4434695382,3.740973e-07,3.740973e-07,5.29053475307e-07
72.8616900841,3.661934e-07,3.661934e-07,5.17875672732e-07
73.2823250427,3.584566e-07,3.584566e-07,5.06934185242e-07
73.7053883523,3.508832e-07,3.508832e-07,4.96223780249e-07
74.1308940322,3.434698e-07,3.434698e-07,4.85739649426e-07
74.5588561821,2.931891e-07,2.931891e-07,4.1463200156e-07
74.9892889835,2.50269e-07,2.50269e-07,3.53933814042e-07
75.4222066996,2.13632e-07,2.13632e-07,3.02121271757e-07
75.8576236759,1.823583e-07,1.823583e-07,2.57893581071e-07
76.2955543409,1.706228e-07,1.706228e-07,2.4129707781e-07
76.7360132062,1.596425e-07,1.596425e-07,2.25768588631e-07
77.1790148672,1.493688e-07,1.493688e-07,2.11239382755e-07
77.6245740037,1.397563e-07,1.397563e-07,1.97645254887e-07
78.0727053801,1.732229e-07,1.732229e-07,2.44974174494e-07
78.5234238462,2.147036e-07,2.147036e-07,3.0363674301e-07
78.9767443373,2.661174e-07,2.661174e-07,3.76346836263e-07
79.4326818752,3.298429e-07,3.298429e-07,4.66468302632e-07
79.8912515681,3.187356e-07,3.187356e-07,4.50760208331e-07
80.3524686117,3.080023e-07,3.080023e-07,4.35581029902e-07
80.8163482892,2.976304e-07,2.976304e-07,4.20912948255e-07
81.2829059723,2.876079e-07,2.876079e-07,4.06738992826e-07
81.7521571212,2.925827e-07,2.925827e-07,4.13774422456e-07
82.2241172855,2.976437e-07,2.976437e-07,4.20931757295e-07
82.6988021044,3.027922e-07,3.027922e-07,4.28212835821e-07
83.1762273076,3.080299e-07,3.080299e-07,4.35620062196e-07
83.6564087154,2.588722e-07,2.588722e-07,3.66100576161e-07
84.1393622397,2.175595e-07,2.175595e-07,3.07675595523e-07
84.625103884,1.828397e-07,1.828397e-07,2.5857438348e-07
85.1136497443,1.536608e-07,1.536608e-07,2.17309187365e-07
85.6050160094,1.193729e-07,1.193729e-07,1.6881877416e-07
86.0992189619,9.273593e-08,9.273593e-08,1.31148409925e-07
86.5962749779,7.204278e-08,7.204278e-08,1.01883876547e-07
87.0962005286,5.596707e-08,5.596707e-08,7.91493894403e-08
87.5990121797,7.875091e-08,7.875091e-08,1.11370604971e-07
88.1047265931,1.108099e-07,1.108099e-07,1.56708863425e-07
88.6133605264,1.5592e-07,1.5592e-07,2.20504178645e-07
89.1249308343,2.193941e-07,2.193941e-07,3.10270111725e-07
89.6394544686,3.365639e-07,3.365639e-07,4.75973231985e-07
90.1569484791,5.163093e-07,5.163093e-07,7.30171614439e-07
90.6774300139,7.920497e-07,7.920497e-07,1.12012742781e-06
91.2009163202,1.215053e-06,1.215053e-06,1.7183444316e-06
91.7274247448,1.784013e-06,1.784013e-06,2.52297538005e-06
92.2569727344,2.619396e-06,2.619396e-06,3.70438534843e-06
92.7895778367,3.845956e-06,3.845956e-06,5.43900313549e-06
93.3252577005,5.646863e-06,5.646863e-06,7.98587023946e-06
93.8640300768,7.772634e-06,7.772634e-06,1.09921644182e-05
94.4059128186,1.069866e-05,1.069866e-05,1.51301900712e-05
94.9509238824,1.472618e-05,1.472618e-05,2.08259634779e-05
95.4990813282,2.026988e-05,2.026988e-05,2.86659392037e-05
96.0504033201,2.634768e-05,2.634768e-05,3.72612463931e-05
96.6049081274,3.424787e-05,3.424787e-05,4.84338022364e-05
97.1626141246,4.451688e-05,4.451688e-05,6.29563754505e-05
97.7235397923,5.786501e-05,5.786501e-05,8.18334819289e-05
98.287703718,6.975303e-05,6.975303e-05,9.86456810426e-05
98.8551245962,8.408338e-05,8.408338e-05,0.000118911856366
99.4258212296,0.0001013578,0.0001013578,0.000143341575412
99.9998125293,0.0001221812,0.0001221812,0.000172790310107
100.577117516,0.0001411698,0.0001411698,0.000199644245757
101.157755319,0.0001631096,0.0001631096,0.000230671808473
101.741745179,0.000188459,0.000188459,0.000266521273751
102.329106448,0.0002177482,0.0002177482,0.000307942457622
102.91985859,0.0002434535,0.0002434535,0.000344295241507
103.514021179,0.0002721934,0.0002721934,0.000384939597868
104.111613905,0.0003043261,0.0003043261,0.000430382098004
104.71265657,0.000340252,0.000340252,0.000481188993025
105.317169091,0.000403214,0.000403214,0.000570230707339
105.9251715,0.0004778267,0.0004778267,0.000675748999604
106.536683943,0.0005662461,0.0005662461,0.000800792914261
107.151726685,0.0006710273,0.0006710273,0.000948975908383
107.770320105,0.0008431695,0.0008431695,0.00119242174228
108.392484703,0.001059472,0.001059472,0.00149831967135
109.018241096,0.001331264,0.001331264,0.0018826916039
109.647610017,0.001672781,0.001672781,0.00236566957708
110.280612324,0.001943134,0.001943134,0.00274800645631
110.917268991,0.002257182,0.002257182,0.00319213739714
111.557601116,0.002621985,0.002621985,0.00370804674734
112.201629918,0.003045747,0.003045747,0.00430733671496
112.849376736,0.001392801,0.001392801,0.00196971806389
113.500863036,0.0006369188,0.0006369188,0.00090073920509
114.156110407,0.0002912589,0.0002912589,0.000411902286542
114.81514056,0.0001331908,0.0001331908,0.000188360235743
115.477975334,0.0001113701,0.0001113701,0.000157501105863
116.144636693,9.31243e-05,9.31243e-05,0.000131697648047
116.815146729,7.786771e-05,7.786771e-05,0.000110121571553
117.48952766,6.511061e-05,6.511061e-05,9.20803077164e-05
118.167801833,8.295244e-05,8.295244e-05,0.00011731246568
118.849991724,0.0001056833,0.0001056833,0.000149458756176
119.536119939,0.000134643,0.000134643,0.000190413956679
120.226209214,0.0001715384,0.0001715384,0.000242591931748
120.920282416,0.0001255301,0.0001255301,0.000177526369906
121.618362544,9.186161e-05,9.186161e-05,0.000129911934723
122.320472732,6.722338e-05,6.722338e-05,9.50682157046e-05
123.026636244,4.919337e-05,4.919337e-05,6.95699310328e-05
123.736876481,5.442409e-05,5.442409e-05,7.69672861978e-05
124.451216978,6.021099e-05,6.021099e-05,8.51511986619e-05
125.169681406,6.661319e-05,6.661319e-05,9.42052767309e-05
125.892293573,7.369619e-05,7.369619e-05,0.000104222151393
126.619077423,7.558956e-05,7.558956e-05,0.000106899780926
127.350057041,7.753157e-05,7.753157e-05,0.000109646197806
128.085256649,7.952348e-05,7.952348e-05,0.000112463183943
128.824700609,8.156654e-05,8.156654e-05,0.000115352507104
129.568413423,8.640269e-05,8.640269e-05,0.000122191856024
130.316419737,9.152558e-05,9.152558e-05,0.00012943671654
131.068744336,9.695221e-05,9.695221e-05,0.000137111130284
131.825412151,0.0001027006,0.0001027006,0.000145240581384
132.586448256,0.0001096272,0.0001096272,0.000155036273045
133.351877867,0.0001170208,0.0001170208,0.00016549240244
134.121726351,0.0001249132,0.0001249132,0.000176653941559
134.896019216,0.0001333378,0.0001333378,0.000188568125137
135.674782122,0.0001413145,0.0001413145,0.00019984888246
136.458040872,0.0001497684,0.0001497684,0.000211804502495
137.245821423,0.000158728,0.000158728,0.000224475290328
138.038149879,0.0001682236,0.0001682236,0.000237904096631
138.835052496,0.0001770673,0.0001770673,0.000250410977113
139.636555679,0.0001863759,0.0001863759,0.000263575325479
140.442685989,0.0001961739,0.0001961739,0.000277431789964
141.253470138,0.000206487,0.000206487,0.000292016715854
142.068934993,0.0002126677,0.0002126677,0.000300757545619
142.889107576,0.0002190333,0.0002190333,0.000309759863471
143.714015066,0.0002255896,0.0002255896,0.00031903187185
144.543684796,0.0002323419,0.0002323419,0.000328581066088
145.37814426,0.0002340002,0.0002340002,0.000330926256438
146.21742111,0.0002356704,0.0002356704,0.00033328827593
147.061543155,0.0002373524,0.0002373524,0.000335666983142
147.910538368,0.0002390464,0.0002390464,0.000338062660916
148.764434882,0.0002441313,0.0002441313,0.00034525379546
149.623260993,0.0002493244,0.0002493244,0.000352597947911
150.487045158,0.0002546278,0.0002546278,0.000360098088117
151.355816003,0.0002600441,0.0002600441,0.000367757893035
152.229602313,0.0003051964,0.0003051964,0.000431612888067
153.108433046,0.0003581887,0.0003581887,0.000506555317429
153.992337321,0.0004203822,0.0004203822,0.00059451020862
154.88134443,0.0004933749,0.0004933749,0.000697737474914
155.77548383,0.0005150792,0.0005150792,0.000728431990336
156.674785152,0.0005377384,0.0005377384,0.000760476938289
157.579278194,0.0005613944,0.0005613944,0.00079393157432
158.48899293,0.0005860912,0.0005860912,0.000828858123828
159.403959505,0.001008117,0.001008117,0.00142569273386
160.324208236,0.00173403,0.00173403,0.00245228874356
161.24976962,0.00298265,0.00298265,0.00421810408181
162.180674325,0.005130364,0.005130364,0.00725543034871
163.1169532,0.007290106,0.007290106,0.0103097667763
164.05863727,0.01035904,0.01035904,0.0146498948612
165.005757739,0.01471991,0.01471991,0.0208170963589
165.958345992,0.0209166,0.0209166,0.0295805393987
166.916433595,0.02829148,0.02829148,0.0400101947156
167.880052295,0.03826664,0.03826664,0.0541172012744
168.849234025,0.0517589,0.0517589,0.0731981383535
169.8240109,0.07000834,0.07000834,0.0990067439072
170.804415221,0.09107549,0.09107549,0.128800193158
171.790479475,0.1184823,0.1184823,0.167559275561
172.782236339,0.1541364,0.1541364,0.217981787335
173.779718674,0.2005197,0.2005197,0.283577679263
174.782959536,0.1781169,0.1781169,0.251895335668
175.791992169,0.1582171,0.1582171,0.223752768619
176.806850008,0.1405405,0.1405405,0.198754281163
177.827566682,0.1248389,0.1248389,0.176548865492
178.854176016,0.0930991,0.0930991,0.131662009865
179.886712028,0.06942904,0.06942904,0.0981874899905
180.925208934,0.05177699,0.05177699,0.0732237214769
181.969701144,0.03861289,0.03861289,0.0546068727204
183.020223272,0.02725636,0.02725636,0.0385463139729
184.076810128,0.01923993,0.01923993,0.0272093699451
185.139496723,0.01358123,0.01358123,0.0192067596597
186.208318273,0.00958682,0.00958682,0.013557810864
187.283310195,0.006157114,0.006157114,0.00870747412388
188.36450811,0.003954393,0.003954393,0.00559235621155
189.451947847,0.0025397,0.0025397,0.00359167818436
190.545665439,0.001631116,0.001631116,0.002306746369
191.645697129,0.001799062,0.001799062,0.00254425787995
192.752079368,0.001984299,0.001984299,0.0028062225576
193.86484882,0.002188609,0.002188609,0.00309516053053
194.984042357,0.002413956,0.002413956,0.00341384931417
196.109697066,0.005762693,0.005762693,0.00814967859639
197.241850248,0.01375693,0.01375693,0.0194552369826
198.38053942,0.03284111,0.03284111,0.0464443431654
199.525802313,0.07839966,0.07839966,0.110873862457
200.677676878,0.05582695,0.05582695,0.0789512298359
201.836201285,0.03975334,0.03975334,0.0562197125776
203.001413923,0.02830762,0.02830762,0.0400330201225
204.173353405,0.02015734,0.02015734,0.0285067836094
205.352058565,0.009453803,0.009453803,0.0133696964186
206.537568461,0.00443384,0.00443384,0.00627039666139
207.729922378,0.002079473,0.002079473,0.00294081891919
208.929159826,0.0009752738,0.0009752738,0.00137924543499
210.135320544,0.0006479152,0.0006479152,0.000916290463108
211.348444502,0.0004304372,0.0004304372,0.00060873012599
212.568571898,0.0002859574,0.0002859574,0.000404404833341
213.795743164,0.0001899734,0.0001899734,0.00026866295877
215.029998963,0.0001784649,0.0001784649,0.000252387481988
216.271380197,0.0001676536,0.0001676536,0.000237097994901
217.519927999,0.0001574972,0.0001574972,0.000222734676276
218.775683744,0.0001479561,0.0001479561,0.000209241523256
220.038689043,0.0001467238,0.0001467238,0.000207498787883
221.308985748,0.0001455017,0.0001455017,0.000205770477488
222.586615953,0.0001442897,0.0001442897,0.000204056450651
223.871621995,0.0001430879,0.0001430879,0.000202356848791
225.164046454,0.0001448303,0.0001448303,0.000204820974503
226.463932159,0.0001465938,0.0001465938,0.00020731494012
227.771322182,0.0001483789,0.0001483789,0.00020983945275
229.086259848,0.0001501857,0.0001501857,0.000212394653814
230.408788728,0.0001672232,0.0001672232,0.000236489317383
231.738952648,0.0001861934,0.0001861934,0.000263317231504
233.076795685,0.0002073158,0.0002073158,0.000293188816054
234.422362171,0.0002308343,0.0002308343,0.000326448997721
235.775696694,0.0002633225,0.0002633225,0.000372394250778
237.136844099,0.0003003832,0.0003003832,0.000424805995349
238.505849491,0.0003426599,0.0003426599,0.000484594277861
239.882758234,0.0003908867,0.0003908867,0.000552797272491
241.267615955,0.0004540637,0.0004540637,0.000642143042721
242.660468543,0.0005274517,0.0005274517,0.000745929347637
244.061362154,0.0006127011,0.0006127011,0.000866490205301
245.470343209,0.0007117289,0.0007117289,0.00100653666311
246.887458397,0.0006825086,0.0006825086,0.000965212918556
248.312754677,0.0006544879,0.0006544879,0.000925585664589
249.746279278,0.0006276176,0.0006276176,0.000887585321904
251.188079705,0.0006018504,0.0006018504,0.0008511449982
252.638203732,0.0004521623,0.0004521623,0.000639454057054
254.096699414,0.0003397036,0.0003397036,0.000480413438307
255.56361508,0.0002552149,0.0002552149,0.0003609283729
257.038999339,0.0001917396,0.0001917396,0.000271160742764
258.522901081,0.0003411564,0.0003411564,0.00048246800777
260.015369477,0.0006070093,0.0006070093,0.000858440784547
261.516453985,0.001080033,0.001080033,0.00152739731641
263.026204344,0.001921669,0.001921669,0.00271765036219
264.544670583,0.001615543,0.001615543,0.0022847228212
266.071903021,0.001358184,0.001358184,0.001920762233
267.607952264,0.001141822,0.001141822,0.00161478015822
269.152869212,0.0009599274,0.0009599274,0.00135754234797
270.70670506,0.0002131726,0.0002131726,0.000301471582046
272.269511296,4.733958e-05,4.733958e-05,6.6948276073e-05
273.841339708,1.051277e-05,1.051277e-05,1.48673019121e-05
275.42224238,2.334588e-06,2.334588e-06,3.30160601215e-06
277.0122717,7.523063e-06,7.523063e-06,1.06392177252e-05
278.611480355,2.424259e-05,2.424259e-05,3.42841995651e-05
280.219921339,7.812021e-05,7.812021e-05,0.000110478660477
281.83764795,0.0002517375,0.0002517375,0.000356010586658
283.464713795,0.0002464713,0.0002464713,0.000348563055196
285.10117279,0.0002413153,0.0002413153,0.000341271370068
286.747079163,0.0002362671,0.0002362671,0.000334132137163
288.402487452,0.0002313246,0.0002313246,0.000327142386631
290.067452514,0.000311639,0.000311639,0.000440724100364
291.74202952,0.0004198382,0.0004198382,0.000593740876442
293.426273962,0.0005656034,0.0005656034,0.000799883999204
295.120241648,0.0007619773,0.0007619773,0.00107759863188
296.823988713,0.001070037,0.001070037,0.00151326083764
298.537571612,0.001502641,0.001502641,0.00212505528158
300.26104713,0.002110142,0.002110142,0.00298419143493
301.994472377,0.002963251,0.002963251,0.00419066975292
303.737904793,0.003821888,0.003821888,0.00540496584347
305.49140215,0.004929326,0.004929326,0.00697111968256
307.255022553,0.006357658,0.006357658,0.00899108616853
309.028824445,0.008199865,0.008199865,0.0115963602926
310.812866602,0.009662168,0.009662168,0.0136643690275
312.607208143,0.01138525,0.01138525,0.016101174961
314.411908526,0.01341561,0.01341561,0.0189725376095
316.227027554,0.01580805,0.01580805,0.0223559587047
318.052625375,0.006023752,0.006023752,0.00851887177477
319.888762483,0.002295386,0.002295386,0.00324616601208
321.735499721,0.0008746707,0.0008746707,0.00123697116655
323.592898286,0.0003332983,0.0003332983,0.000471354976176
325.461019725,0.0003996361,0.0003996361,0.000565170792634
327.339925943,0.0004791773,0.0004791773,0.000677659036441
329.2296792,0.00057455,0.00057455,0.000812536402261
331.130342118,0.0006889054,0.0006889054,0.000974259359872
333.041977678,0.0009247136,0.0009247136,0.00130774251443
334.964649226,0.001241237,0.001241237,0.00175537419952
336.898420474,0.001666106,0.001666106,0.00235622970155
338.8433555,0.002236403,0.002236403,0.00316275145353
340.799518754,0.003523021,0.003523021,0.00498230407873
342.766975058,0.005549838,0.005549838,0.00784865616857
344.745789606,0.008742696,0.008742696,0.0123640392549
346.73602797,0.01377243,0.01377243,0.0194771572928
348.737756102,0.005701089,0.005701089,0.0080625573841
350.751040331,0.002359963,0.002359963,0.0033374916813
352.775947373,0.0009769059,0.0009769059,0.00138155357294
354.812544325,0.0004043898,0.0004043898,0.000571893539645
356.860898676,0.0001659637,0.0001659637,0.000234708115402
358.9210783,6.811239e-05,6.811239e-05,9.63254657036e-05
360.993151467,2.795369e-05,2.795369e-05,3.95324875164e-05
363.077186837,1.147233e-05,1.147233e-05,1.6224324678e-05
365.173253471,1.807327e-05,1.807327e-05,2.55594635504e-05
367.281420824,2.847226e-05,2.847226e-05,4.02658562434e-05
369.401758755,4.48546e-05,4.48546e-05,6.34339836548e-05
371.534337526,7.066301e-05,7.066301e-05,9.99325871001e-05
373.679227803,8.985648e-05,8.985648e-05,0.000127076252683
375.836500662,0.0001142633,0.0001142633,0.000161592708542
378.006227589,0.0001452994,0.0001452994,0.000205484382085
380.18848048,0.0001847657,0.0001847657,0.000261298158801
382.38333165,0.0002035505,0.0002035505,0.000287863877728
384.590853829,0.0002242452,0.0002242452,0.000317130603137
386.811120167,0.0002470438,0.0002470438,0.00034937269246
389.044204238,0.0002721605,0.0002721605,0.000384893070242
391.290180039,0.0002662931,0.0002662931,0.000376595313586
393.549121994,0.0002605522,0.0002605522,0.000368476454946
395.821104958,0.000254935,0.000254935,0.000360532534524
398.106204217,0.0002494389,0.0002494389,0.000352759875363
400.404495494,0.0002883394,0.0002883394,0.000407773490047
402.716054945,0.0003333065,0.0003333065,0.000471366572727
405.04095917,0.0003852863,0.0003852863,0.000544877110857
407.379285207,0.0004453724,0.0004453724,0.000629851688387
409.731110543,0.0004870574,0.0004870574,0.000688803180734
412.096513109,0.0005326441,0.0005326441,0.000753272510138
414.475571287,0.0005824974,0.0005824974,0.000823775723127
416.868363913,0.000637017,0.000637017,0.000900878080862
419.274970276,0.0003919012,0.0003919012,0.00055423199215
421.695470124,0.0002411028,0.0002411028,0.000340970849686
424.129943664,0.0001483296,0.0001483296,0.000209769732021
426.578471567,9.12543e-05,9.12543e-05,0.000129053068685
429.041134971,7.021188e-05,7.021188e-05,9.92945929357e-05
431.51801548,5.402166e-05,5.402166e-05,7.63981642339e-05
434.00919517,4.156475e-05,4.156475e-05,5.87814331666e-05
436.514756592,3.19803e-05,3.19803e-05,4.52269739888e-05
439.034782772,6.033802e-05,6.033802e-05,8.53308462107e-05
441.569357216,0.0001138412,0.0001138412,0.000160995768997
444.118563912,0.000214787,0.000214787,0.000303754688421
446.682487334,0.0004052442,0.0004052442,0.000573101843713
449.26121244,0.0005828644,0.0005828644,0.000824294739504
451.854824684,0.0008383363,0.0008383363,0.00118558656529
454.463410008,0.001205783,0.001205783,0.00170523467188
457.087054853,0.001734283,0.001734283,0.00245264653959
459.72584616,0.001283024,0.001283024,0.00181446994165
462.379871368,0.0009491823,0.0009491823,0.00134234648182
465.049218426,0.0007022059,0.0007022059,0.000993069107358
467.733975785,0.0005194925,0.0005194925,0.000734673339051
470.434232413,0.000825634,0.000825634,0.00116762280036
473.150077785,0.001312187,0.001312187,0.00185571265177
475.881601898,0.002085471,0.002085471,0.00294930137214
478.628895265,0.003314459,0.003314459,0.00468735286973
481.392048923,0.002524938,0.002524938,0.00357080156375
484.171154435,0.001923486,0.001923486,0.00272021998823
486.966303892,0.001465302,0.001465302,0.00207224996137
489.777589916,0.001116259,0.001116259,0.00157862861692
492.605105665,0.0009363404,0.0009363404,0.00132418529268
495.448944835,0.000785421,0.000785421,0.00111075303037
498.30920166,0.0006588268,0.0006588268,0.000931721795815
501.185970921,0.0005526369,0.0005526369,0.000781546599048
504.079347946,0.0006112974,0.0006112974,0.000864505073723
506.989428613,0.0006761845,0.0006761845,0.000956269290566
509.916309351,0.0007479592,0.0007479592,0.00105777404474
512.86008715,0.0008273525,0.0008273525,0.00117005312636
515.820859556,0.0005186304,0.0005186304,0.000733454145539
518.798724681,0.0003251063,0.0003251063,0.000459769738673
521.793781203,0.0002037946,0.0002037946,0.000288209087258
524.806128367,0.0001277497,0.0001277497,0.000180665358329
527.835865994,0.0001471866,0.0001471866,0.00020815328592
530.883094481,0.0001695809,0.0001695809,0.000239823608699
533.947914803,0.0001953824,0.0001953824,0.000276312439929
537.030428518,0.0002251096,0.0002251096,0.00031835304934
540.130737772,0.0003398442,0.0003398442,0.000480612276734
543.248945299,0.0005130572,0.0005130572,0.000725572450513
546.385154428,0.0007745541,0.0007745541,0.00109538491301
549.539469082,0.001169332,0.001169332,0.00165368517332
552.711993787,0.001145835,0.001145835,0.00162045539724
555.902833669,0.001122811,0.001122811,0.00158789454418
559.112094463,0.00110025,0.00110025,0.001555988472
562.339882514,0.001078141,0.001078141,0.00152472162435
565.586304782,0.0009304337,0.0009304337,0.00131583195743
568.851468843,0.0008029623,0.0008029623,0.00113556017473
572.135482894,0.0006929548,0.0006929548,0.000979986076272
575.438455757,0.0005980186,0.0005980186,0.000845726014671
578.760496883,0.000417074,0.000417074,0.000589831707313
582.101716354,0.0002908783,0.0002908783,0.00041136403686
585.462224888,0.0002028662,0.0002028662,0.000286896131387
588.842133841,0.0001414842,0.0001414842,0.000200088874502
592.241555215,0.0002218746,0.0002218746,0.000313778068466
595.660601653,0.0003479423,0.0003479423,0.000492064719583
599.099386455,0.0005456409,0.0005456409,0.000771652760965
602.55802357,0.0008556707,0.0008556707,0.00121010110887
606.036627607,0.001746407,0.001746407,0.00246979246482
609.535313836,0.003564384,0.003564384,0.00504080019431
613.054198193,0.00727484,0.00727484,0.0102881773921
616.593397283,0.01484782,0.01484782,0.0209979884157
620.153028384,0.01256342,0.01256342,0.0177673589538
623.733209451,0.01063048,0.01063048,0.0150337689905
627.334059121,0.008994937,0.008994937,0.0127207618981
630.955696715,0.00761103,0.00761103,0.0107636218496
634.598242242,0.007038128,0.007038128,0.00995341607132
638.261816405,0.006508349,0.006508349,0.00920419542446
641.946540605,0.00601845,0.00601845,0.00851137361446
645.652536941,0.005565426,0.005565426,0.00787070092958
649.379928219,0.003111131,0.003111131,0.00439980365452
653.128837952,0.001739155,0.001739155,0.00245953658807
656.89939037,0.0009722054,0.0009722054,0.00137490606209
660.691710415,0.0005434727,0.0005434727,0.00076858646312
664.505923754,0.0005301143,0.0005301143,0.000749694832668
668.342156778,0.0005170841,0.0005170841,0.000731267347107
672.200536608,0.0005043744,0.0005043744,0.000713293116994
676.081191098,0.0004919771,0.0004919771,0.000695760687197
679.984248843,0.000381007,0.000381007,0.000538825266759
683.909839177,0.0002950673,0.0002950673,0.000417288177473
687.858092182,0.000228512,0.000228512,0.000323164769565
691.829138692,0.0001769689,0.0001769689,0.000250271818498
695.823110294,0.0001274966,0.0001274966,0.000180307420876
699.840139336,9.185445e-05,9.185445e-05,0.000129901808954
703.880358931,6.617619e-05,6.617619e-05,9.35872654042e-05
707.943902959,4.767639e-05,4.767639e-05,6.7424597343e-05
712.030906073,3.308876e-05,3.308876e-05,4.67945731541e-05
716.141503704,2.296453e-05,2.296453e-05,3.24767497795e-05
720.275832064,1.593803e-05,1.593803e-05,2.25397781835e-05
724.434028153,1.106144e-05,1.106144e-05,1.56432384674e-05
728.616229761,1.4856e-05,1.4856e-05,2.10095566826e-05
732.822575472,1.995228e-05,1.995228e-05,2.82167849763e-05
737.053204672,2.679681e-05,2.679681e-05,3.78964121303e-05
741.308257551,3.59893e-05,3.59893e-05,5.08965561603e-05
745.587875109,4.199486e-05,4.199486e-05,5.9389700562e-05
749.892199159,4.900256e-05,4.900256e-05,6.9300084943e-05
754.221372332,5.717965e-05,5.717965e-05,8.08642365217e-05
758.575538085,6.672129e-05,6.672129e-05,9.4358153217e-05
762.954840701,3.651485e-05,3.651485e-05,5.1639796098e-05
767.359425297,1.998364e-05,1.998364e-05,2.82611347136e-05
771.789437827,1.093654e-05,1.093654e-05,1.54666031934e-05
776.245025089,5.985286e-06,5.985286e-06,8.46447263588e-06
780.726334726,6.629259e-06,6.629259e-06,9.37518798628e-06
785.233515235,7.342518e-06,7.342518e-06,1.03838885376e-05
789.766715971,8.132518e-06,8.132518e-06,1.15011172518e-05
794.32608715,9.007521e-06,9.007521e-06,1.27385583616e-05
798.911779856,1.061802e-05,1.061802e-05,1.50161478895e-05
803.523946043,1.251648e-05,1.251648e-05,1.77009757692e-05
808.162738546,1.475437e-05,1.475437e-05,2.08658301583e-05
812.82831108,1.739238e-05,1.739238e-05,2.45965396779e-05
817.520818247,8.244225e-06,8.244225e-06,1.16590948063e-05
822.240415543,3.907875e-06,3.907875e-06,5.52656982506e-06
826.98725936,1.852386e-06,1.852386e-06,2.61966940395e-06
831.761506995,8.780557e-07,8.780557e-07,1.24175827946e-06
836.563316651,1.44839e-06,1.44839e-06,2.04833278161e-06
841.392847445,2.389182e-06,2.389182e-06,3.37881358738e-06
846.250259414,3.941057e-06,3.941057e-06,5.57349625949e-06
851.135713517,6.500942e-06,6.500942e-06,9.1937203446e-06
856.049371643,5.611113e-06,5.611113e-06,7.93531210461e-06
860.991396616,4.843081e-06,4.843081e-06,6.84915083387e-06
865.961952199,4.180175e-06,4.180175e-06,5.91166017809e-06
870.9612031,3.608005e-06,3.608005e-06,5.10248960411e-06
875.989314981,3.935642e-06,3.935642e-06,5.56583829305e-06
881.046454456,4.293031e-06,4.293031e-06,6.07126266389e-06
886.132789105,4.682873e-06,4.682873e-06,6.62258250747e-06
891.248487472,5.108113e-06,5.108113e-06,7.22396268273e-06
896.393719077,7.161992e-06,7.161992e-06,1.012858622e-05
901.568654415,1.00417e-05,1.00417e-05,1.42011083293e-05
906.77346497,1.407928e-05,1.407928e-05,1.99111087244e-05
912.008323211,1.974031e-05,1.974031e-05,2.79170141274e-05
917.273402607,1.775245e-05,1.775245e-05,2.51057555554e-05
922.568877626,1.596478e-05,1.596478e-05,2.25776083963e-05
927.894923743,1.435712e-05,1.435712e-05,2.03040338206e-05
933.251717448,1.291134e-05,1.291134e-05,1.82593921364e-05
938.639436248,5.186647e-06,5.186647e-06,7.33502653064e-06
944.058258676,2.08354e-06,2.08354e-06,2.94657052575e-06
949.508364294,8.369841e-07,8.369841e-07,1.18367426571e-06
954.989933703,3.362267e-07,3.362267e-07,4.75496359172e-07
960.503148545,6.022974e-07,6.022974e-07,8.51777151662e-07
966.04819151,1.078921e-06,1.078921e-06,1.52582471093e-06
971.625246345,1.932718e-06,1.932718e-06,2.73327600784e-06
977.234497856,3.46216e-06,3.46216e-06,4.89623362711e-06
982.876131917,3.834704e-06,3.834704e-06,5.42309040449e-06
988.550335473,4.247337e-06,4.247337e-06,6.00664158937e-06
994.257296551,4.70437e-06,4.70437e-06,6.65298385642e-06
999.997204261,5.210583e-06,5.210583e-06,7.36887714647e-06
