#I+8.670000E+02
+3.000000E+00
+8.010000E+02
+8.010000E+02
+1.000000E+01
+1.000000E+00
+3.000000E+00
+0.000000E+00
+1.000000E+00
+1.000000E+00
+1.000000E+00
+1.000000E+00
+2.497000E+03
-1.092400E+04
+2.025600E+04
-1.299100E+04
-1.119200E+04
+0.000000E+00
+0.000000E+00
+0.000000E+00
+0.000000E+00
+0.000000E+00
+0.000000E+00
+0.000000E+00
+0.000000E+00
+0.000000E+00
+0.000000E+00
+0.000000E+00
+0.000000E+00
+0.000000E+00
+0.000000E+00
+0.000000E+00
+0.000000E+00
+0.000000E+00
+0.000000E+00
+0.000000E+00
+1.000000E+00
+0.000000E+00
+1.000000E+00
+0.000000E+00
+0.000000E+00
+1.000000E+00
+0.000000E+00
+1.000000E+00
+2.000000E+00
+3.000000E+00
+4.500000E+01
+4.500000E+01
+0.000000E+00
+0.000000E+00
+2.000000E+00
+0.000000E+00
+0.000000E+00
+0.000000E+00
+0.000000E+00
+0.000000E+00
+2.499999E-03
+1.002377E-03
+0.000000E+00
+0.000000E+00
+0.000000E+00
+1.000000E+00
+1.000000E+00
+0.000000E+00
+0.000000E+00
+9.9999904632568339E+00
+9.9999904632568339E+00
+1.779389E-06
+1.726463E-06
+1.675112E-06
+1.625288E-06
+1.576946E-06
+1.790188E-06
+2.032266E-06
+2.307078E-06
+2.619052E-06
+2.765744E-06
+2.920652E-06
+3.084236E-06
+3.256984E-06
+4.131215E-06
+5.240106E-06
+6.646642E-06
+8.430723E-06
+8.575634E-06
+8.723038E-06
+8.872974E-06
+9.025487E-06
+1.004347E-05
+1.117627E-05
+1.243684E-05
+1.383960E-05
+1.426001E-05
+1.469318E-05
+1.513952E-05
+1.559942E-05
+1.428895E-05
+1.308856E-05
+1.198901E-05
+1.098184E-05
+9.985378E-06
+9.079333E-06
+8.255498E-06
+7.506414E-06
+6.538930E-06
+5.696143E-06
+4.961981E-06
+4.322444E-06
+4.021065E-06
+3.740700E-06
+3.479884E-06
+3.237250E-06
+2.851690E-06
+2.512050E-06
+2.212862E-06
+1.949307E-06
+1.799938E-06
+1.662014E-06
+1.534658E-06
+1.417061E-06
+1.207661E-06
+1.029204E-06
+8.771181E-07
+7.475058E-07
+7.177932E-07
+6.892617E-07
+6.618642E-07
+6.355556E-07
+5.738333E-07
+5.181051E-07
+4.677891E-07
+4.223594E-07
+4.362210E-07
+4.505375E-07
+4.653238E-07
+4.805953E-07
+5.118804E-07
+5.452022E-07
+5.806930E-07
+6.184940E-07
+6.884879E-07
+7.664029E-07
+8.531354E-07
+9.496836E-07
+1.169515E-06
+1.440234E-06
+1.773617E-06
+2.184173E-06
+2.418786E-06
+2.678600E-06
+2.966321E-06
+3.284948E-06
+4.030768E-06
+4.945919E-06
+6.068848E-06
+7.446730E-06
+8.556610E-06
+9.831909E-06
+1.129728E-05
+1.298106E-05
+1.463945E-05
+1.650971E-05
+1.861891E-05
+2.099756E-05
+2.124764E-05
+2.150070E-05
+2.175677E-05
+2.201589E-05
+2.180578E-05
+2.159768E-05
+2.139156E-05
+2.118740E-05
+2.077699E-05
+2.037453E-05
+1.997987E-05
+1.959285E-05
+1.851767E-05
+1.750149E-05
+1.654108E-05
+1.563337E-05
+1.550328E-05
+1.537428E-05
+1.524636E-05
+1.511949E-05
+1.454576E-05
+1.399380E-05
+1.346279E-05
+1.295192E-05
+1.293707E-05
+1.292224E-05
+1.290742E-05
+1.289262E-05
+1.297523E-05
+1.305837E-05
+1.314204E-05
+1.322625E-05
+1.342952E-05
+1.363592E-05
+1.384550E-05
+1.405828E-05
+1.427962E-05
+1.450444E-05
+1.473280E-05
+1.496477E-05
+1.495420E-05
+1.494365E-05
+1.493310E-05
+1.492257E-05
+1.521789E-05
+1.551905E-05
+1.582617E-05
+1.613937E-05
+1.600319E-05
+1.586817E-05
+1.573428E-05
+1.560153E-05
+1.589020E-05
+1.618420E-05
+1.648365E-05
+1.678863E-05
+1.666829E-05
+1.654882E-05
+1.643020E-05
+1.631243E-05
+1.634666E-05
+1.638097E-05
+1.641535E-05
+1.644980E-05
+1.598220E-05
+1.552789E-05
+1.508650E-05
+1.465766E-05
+1.407774E-05
+1.352076E-05
+1.298582E-05
+1.247204E-05
+1.160009E-05
+1.078911E-05
+1.003482E-05
+9.333265E-06
+6.907559E-06
+5.112291E-06
+3.783611E-06
+2.800254E-06
+2.709141E-06
+2.620992E-06
+2.535711E-06
+2.453206E-06
+3.949181E-06
+6.357408E-06
+1.023418E-05
+1.647504E-05
+1.822608E-05
+2.016324E-05
+2.230628E-05
+2.467710E-05
+2.772628E-05
+3.115224E-05
+3.500151E-05
+3.932640E-05
+4.222406E-05
+4.533522E-05
+4.867563E-05
+5.226217E-05
+5.606459E-05
+6.014365E-05
+6.451949E-05
+6.921372E-05
+6.963845E-05
+7.006578E-05
+7.049573E-05
+7.092833E-05
+4.785430E-05
+3.228659E-05
+2.178329E-05
+1.469685E-05
+1.248369E-05
+1.060381E-05
+9.007006E-06
+7.650662E-06
+7.558523E-06
+7.467494E-06
+7.377561E-06
+7.288713E-06
+8.886638E-06
+1.083488E-05
+1.321024E-05
+1.610636E-05
+2.132827E-05
+2.824319E-05
+3.740002E-05
+4.952563E-05
+5.467727E-05
+6.036478E-05
+6.664390E-05
+7.357620E-05
+7.873462E-05
+8.425469E-05
+9.016177E-05
+9.648302E-05
+8.957797E-05
+8.316709E-05
+7.721502E-05
+7.168893E-05
+6.433416E-05
+5.773394E-05
+5.181085E-05
+4.649544E-05
+4.379010E-05
+4.124217E-05
+3.884250E-05
+3.658245E-05
+3.329795E-05
+3.030834E-05
+2.758715E-05
+2.511028E-05
+2.326654E-05
+2.155817E-05
+1.997525E-05
+1.850855E-05
+1.739584E-05
+1.635002E-05
+1.536707E-05
+1.444322E-05
+1.320887E-05
+1.208001E-05
+1.104762E-05
+1.010347E-05
+9.544133E-06
+9.015766E-06
+8.516650E-06
+8.045163E-06
+7.639763E-06
+7.254791E-06
+6.889218E-06
+6.542065E-06
+6.723306E-06
+6.909569E-06
+7.100991E-06
+7.297717E-06
+6.926959E-06
+6.575036E-06
+6.240994E-06
+5.923921E-06
+6.784142E-06
+7.769277E-06
+8.897465E-06
+1.018948E-05
+1.305278E-05
+1.672068E-05
+2.141929E-05
+2.743823E-05
+4.489124E-05
+7.344581E-05
+1.201635E-04
+1.965976E-04
+1.986323E-04
+2.006880E-04
+2.027649E-04
+2.048635E-04
+1.825957E-04
+1.627484E-04
+1.450584E-04
+1.292911E-04
+1.319083E-04
+1.345785E-04
+1.373028E-04
+1.400821E-04
+1.245571E-04
+1.107527E-04
+9.847824E-05
+8.756410E-05
+9.187691E-05
+9.640214E-05
+1.011503E-04
+1.061323E-04
+8.082820E-05
+6.155713E-05
+4.688068E-05
+3.570338E-05
+2.987307E-05
+2.499485E-05
+2.091323E-05
+1.749813E-05
+1.743055E-05
+1.736323E-05
+1.729617E-05
+1.722938E-05
+1.568026E-05
+1.427043E-05
+1.298735E-05
+1.181964E-05
+1.149975E-05
+1.118852E-05
+1.088571E-05
+1.059110E-05
+1.046125E-05
+1.033299E-05
+1.020630E-05
+1.008117E-05
+9.825637E-06
+9.576579E-06
+9.333835E-06
+9.097244E-06
+9.295834E-06
+9.498759E-06
+9.706113E-06
+9.917996E-06
+1.045685E-05
+1.102498E-05
+1.162398E-05
+1.225553E-05
+1.384422E-05
+1.563886E-05
+1.766614E-05
+1.995621E-05
+2.372298E-05
+2.820073E-05
+3.352366E-05
+3.985130E-05
+3.951889E-05
+3.918925E-05
+3.886237E-05
+3.853819E-05
+3.172567E-05
+2.611742E-05
+2.150056E-05
+1.769983E-05
+2.534437E-05
+3.629058E-05
+5.196446E-05
+7.440787E-05
+8.169734E-05
+8.970094E-05
+9.848863E-05
+1.081372E-04
+1.243895E-04
+1.430845E-04
+1.645891E-04
+1.893257E-04
+2.182960E-04
+2.516992E-04
+2.902138E-04
+3.346217E-04
+3.157182E-04
+2.978827E-04
+2.810547E-04
+2.651774E-04
+2.102603E-04
+1.667163E-04
+1.321901E-04
+1.048141E-04
+9.882916E-05
+9.318595E-05
+8.786499E-05
+8.284783E-05
+9.560396E-05
+1.103242E-04
+1.273108E-04
+1.469130E-04
+1.824867E-04
+2.266743E-04
+2.815615E-04
+3.497392E-04
+3.900532E-04
+4.350142E-04
+4.851578E-04
+5.410818E-04
+5.591162E-04
+5.777519E-04
+5.970086E-04
+6.169074E-04
+6.841667E-04
+7.587591E-04
+8.414841E-04
+9.332288E-04
+1.089700E-03
+1.272405E-03
+1.485745E-03
+1.734854E-03
+2.140814E-03
+2.641768E-03
+3.259948E-03
+4.022784E-03
+4.417647E-03
+4.851269E-03
+5.327453E-03
+5.850379E-03
+3.250157E-03
+1.805613E-03
+1.003102E-03
+5.572694E-04
+4.367308E-04
+3.422649E-04
+2.682322E-04
+2.102129E-04
+2.705405E-04
+3.481811E-04
+4.481032E-04
+5.767017E-04
+5.857679E-04
+5.949767E-04
+6.043302E-04
+6.138310E-04
+5.374694E-04
+4.706074E-04
+4.120631E-04
+3.608018E-04
+3.367960E-04
+3.143875E-04
+2.934700E-04
+2.739441E-04
+2.684341E-04
+2.630348E-04
+2.577442E-04
+2.525599E-04
+2.640969E-04
+2.761610E-04
+2.887762E-04
+3.019677E-04
+3.274374E-04
+3.550553E-04
+3.850026E-04
+4.174760E-04
+5.160707E-04
+6.379505E-04
+7.886144E-04
+9.748602E-04
+1.075099E-03
+1.185646E-03
+1.307559E-03
+1.442007E-03
+1.116289E-03
+8.641435E-04
+6.689521E-04
+5.178502E-04
+4.413870E-04
+3.762140E-04
+3.206641E-04
+2.733164E-04
+3.306670E-04
+4.000515E-04
+4.839952E-04
+5.855532E-04
+1.011364E-03
+1.746823E-03
+3.017103E-03
+5.211130E-03
+5.434697E-03
+5.667857E-03
+5.911020E-03
+6.164611E-03
+5.335717E-03
+4.618277E-03
+3.997303E-03
+3.459824E-03
+6.127839E-03
+1.085327E-02
+1.922269E-02
+3.404611E-02
+6.722829E-02
+1.327506E-01
+2.621326E-01
+5.176137E-01
+5.088224E-01
+5.001805E-01
+4.916853E-01
+4.833341E-01
+2.918199E-01
+1.761904E-01
+1.063775E-01
+6.422691E-02
+4.584170E-02
+3.271934E-02
+2.335330E-02
+1.666832E-02
+7.469002E-03
+3.346828E-03
+1.499699E-03
+6.720083E-04
+1.257803E-03
+2.354238E-03
+4.406443E-03
+8.247575E-03
+1.513365E-02
+2.776904E-02
+5.095398E-02
+9.349653E-02
+9.024870E-02
+8.711371E-02
+8.408761E-02
+8.116661E-02
+5.027128E-02
+3.113598E-02
+1.928435E-02
+1.194393E-02
+6.933396E-03
+4.024803E-03
+2.336378E-03
+1.356256E-03
+9.939342E-04
+7.284064E-04
+5.338137E-04
+3.912061E-04
+3.236210E-04
+2.677120E-04
+2.214618E-04
+1.832019E-04
+1.722764E-04
+1.620025E-04
+1.523412E-04
+1.432561E-04
+1.494083E-04
+1.558247E-04
+1.625167E-04
+1.694961E-04
+1.992153E-04
+2.341455E-04
+2.752003E-04
+3.234539E-04
+2.769929E-04
+2.372055E-04
+2.031333E-04
+1.739552E-04
+2.031900E-04
+2.373379E-04
+2.772248E-04
+3.238150E-04
+3.758526E-04
+4.362528E-04
+5.063594E-04
+5.877322E-04
+2.535074E-04
+1.093457E-04
+4.716424E-05
+2.034341E-05
+2.846905E-05
+3.984028E-05
+5.575344E-05
+7.802273E-05
+3.842793E-05
+1.892661E-05
+9.321777E-06
+4.591180E-06
+1.260034E-05
+3.458122E-05
+9.490701E-05
+2.604693E-04
+4.308440E-04
+7.126618E-04
+1.178818E-03
+1.949893E-03
+2.536943E-03
+3.300736E-03
+4.294482E-03
+5.587415E-03
+2.957171E-03
+1.565099E-03
+8.283376E-04
+4.384020E-04
+8.186888E-04
+1.528851E-03
+2.855035E-03
+5.331605E-03
+2.861850E-03
+1.536157E-03
+8.245645E-04
+4.426020E-04
+2.041530E-04
+9.416690E-05
+4.343509E-05
+2.003471E-05
+3.357646E-05
+5.627126E-05
+9.430581E-05
+1.580485E-04
+1.053316E-04
+7.019841E-05
+4.678383E-05
+3.117914E-05
+1.046402E-04
+3.511827E-04
+1.178603E-03
+3.955508E-03
+2.030014E-03
+1.041827E-03
+5.346780E-04
+2.744031E-04
+2.431133E-04
+2.153915E-04
+1.908308E-04
+1.690707E-04
+2.122992E-04
+2.665805E-04
+3.347407E-04
+4.203284E-04
+3.893552E-04
+3.606643E-04
+3.340876E-04
+3.094693E-04
+2.441252E-04
+1.925784E-04
+1.519157E-04
+1.198389E-04
+1.619014E-04
+2.187277E-04
+2.954995E-04
+3.992176E-04
+5.734067E-04
+8.235989E-04
+1.182957E-03
+1.699111E-03
+9.982481E-04
+5.864827E-04
+3.445655E-04
+2.024363E-04
+9.635153E-05
+4.585944E-05
+2.182725E-05
+1.038889E-05
+2.369846E-05
+5.405941E-05
+1.233169E-04
+2.813028E-04
+4.309075E-04
+6.600762E-04
+1.011123E-03
+1.548867E-03
+2.955170E-03
+5.638335E-03
+1.075770E-02
+2.052522E-02
+1.557683E-02
+1.182144E-02
+8.971428E-03
+6.808518E-03
+7.832529E-03
+9.010551E-03
+1.036575E-02
+1.192478E-02
+7.693619E-03
+4.963764E-03
+3.202518E-03
+2.066197E-03
+1.712134E-03
+1.418742E-03
+1.175627E-03
+9.741713E-04
+6.595170E-04
+4.464951E-04
+3.022786E-04
+2.046436E-04
+1.416400E-04
+9.803338E-05
+6.785188E-05
+4.696235E-05
+4.755943E-05
+4.816411E-05
+4.877648E-05
+4.939661E-05
+5.307204E-05
+5.702093E-05
+6.126365E-05
+6.582209E-05
+6.402691E-05
+6.228068E-05
+6.058208E-05
+5.892981E-05
+6.099343E-05
+6.312931E-05
+6.533998E-05
+6.762806E-05
+2.702538E-05
+1.079983E-05
+4.315804E-06
+1.724673E-06
+3.935364E-06
+8.979730E-06
+2.048998E-05
+4.675415E-05
+8.052919E-05
+1.387032E-04
+2.389019E-04
+4.114841E-04
+6.447326E-04
+1.010197E-03
+1.582824E-03
+2.480044E-03
+1.577805E-03
+1.003800E-03
+6.386177E-04
+4.062886E-04
+2.008492E-04
+9.929004E-05
+4.908415E-05
+2.426479E-05
+4.291291E-05
+7.589259E-05
+1.342180E-04
+2.373681E-04
+1.893468E-04
+1.510405E-04
+1.204839E-04
+9.610914E-05
+5.696943E-05
+3.376907E-05
+2.001688E-05
+1.186515E-05
+8.316776E-06
+5.829574E-06
+4.086190E-06
+2.864181E-06
+4.969922E-06
+8.623801E-06
+1.496401E-05
+2.596553E-05
+1.728766E-05
+1.150999E-05
+7.663267E-06
+5.102148E-06
+5.326422E-06
+5.560554E-06
+5.804978E-06
+6.060148E-06
+9.813919E-06
+1.589285E-05
+2.573718E-05
+4.167928E-05
+2.583783E-05
+1.601739E-05
+9.929508E-06
+6.155500E-06
+4.949045E-06
+3.979049E-06
+3.199170E-06
+2.572143E-06
+2.793873E-06
+3.034717E-06
+3.296323E-06
+3.580481E-06
+2.730665E-06
+2.082550E-06
+1.588264E-06
+1.211294E-06
+1.565093E-06
+2.022232E-06
+2.612894E-06
+3.376079E-06
+3.881669E-06
+4.462973E-06
+5.131332E-06
+5.899782E-06
+4.770596E-06
+3.857531E-06
+3.119221E-06
+2.522219E-06
+9.817627E-07
+3.821468E-07
+1.487490E-07
+5.789989E-08
+1.646013E-07
+4.679383E-07
+1.330283E-06
+3.781810E-06
+5.347013E-06
+7.560017E-06
+1.068893E-05
+1.511283E-05
