#I+8.670000E+02
+2.000000E+00
+8.010000E+02
+8.010000E+02
+1.000000E+01
+0.000000E+00
+3.000000E+00
+0.000000E+00
+1.000000E+00
+1.000000E+00
+1.000000E+00
+1.000000E+00
+2.497000E+03
-1.092400E+04
+2.025600E+04
-1.299100E+04
-1.119200E+04
+0.000000E+00
+0.000000E+00
+0.000000E+00
+0.000000E+00
+0.000000E+00
+0.000000E+00
+0.000000E+00
+0.000000E+00
+0.000000E+00
+0.000000E+00
+0.000000E+00
+0.000000E+00
+0.000000E+00
+0.000000E+00
+0.000000E+00
+0.000000E+00
+0.000000E+00
+0.000000E+00
+0.000000E+00
+1.000000E+00
+0.000000E+00
+1.000000E+00
+0.000000E+00
+0.000000E+00
+1.000000E+00
+0.000000E+00
+1.000000E+00
+2.000000E+00
+3.000000E+00
+4.500000E+01
+4.500000E+01
+0.000000E+00
+0.000000E+00
+2.000000E+00
+0.000000E+00
+0.000000E+00
+0.000000E+00
+0.000000E+00
+0.000000E+00
+2.499999E-03
+1.588666E-04
+0.000000E+00
+0.000000E+00
+0.000000E+00
+1.000000E+00
+1.000000E+00
+0.000000E+00
+0.000000E+00
+9.9999904632568339E+00
+9.9999904632568339E+00
+2.038148E-06
+2.072731E-06
+2.107900E-06
+2.143667E-06
+2.180041E-06
+2.240531E-06
+2.302700E-06
+2.366593E-06
+2.432258E-06
+2.583142E-06
+2.743385E-06
+2.913569E-06
+3.094310E-06
+3.364290E-06
+3.657826E-06
+3.976973E-06
+4.323965E-06
+4.694280E-06
+5.096309E-06
+5.532769E-06
+6.006609E-06
+6.502290E-06
+7.038877E-06
+7.619744E-06
+8.248542E-06
+8.665083E-06
+9.102659E-06
+9.562333E-06
+1.004522E-05
+9.432582E-06
+8.857309E-06
+8.317120E-06
+7.809876E-06
+6.908905E-06
+6.111872E-06
+5.406787E-06
+4.783043E-06
+3.976460E-06
+3.305895E-06
+2.748409E-06
+2.284934E-06
+2.064477E-06
+1.865291E-06
+1.685323E-06
+1.522718E-06
+1.268012E-06
+1.055911E-06
+8.792882E-07
+7.322092E-07
+6.817003E-07
+6.346755E-07
+5.908946E-07
+5.501338E-07
+5.140116E-07
+4.802613E-07
+4.487270E-07
+4.192632E-07
+4.580402E-07
+5.004036E-07
+5.466852E-07
+5.972472E-07
+6.527169E-07
+7.133385E-07
+7.795903E-07
+8.519958E-07
+9.621383E-07
+1.086519E-06
+1.226980E-06
+1.385599E-06
+1.538393E-06
+1.708036E-06
+1.896385E-06
+2.105506E-06
+2.376569E-06
+2.682530E-06
+3.027879E-06
+3.417689E-06
+3.985073E-06
+4.646649E-06
+5.418057E-06
+6.317527E-06
+6.898474E-06
+7.532843E-06
+8.225548E-06
+8.981957E-06
+1.111010E-05
+1.374248E-05
+1.699856E-05
+2.102613E-05
+2.418378E-05
+2.781565E-05
+3.199295E-05
+3.679757E-05
+3.906255E-05
+4.146694E-05
+4.401933E-05
+4.672881E-05
+4.678981E-05
+4.685088E-05
+4.691203E-05
+4.697329E-05
+4.732662E-05
+4.768260E-05
+4.804126E-05
+4.840260E-05
+4.809796E-05
+4.779523E-05
+4.749440E-05
+4.719547E-05
+4.626123E-05
+4.534548E-05
+4.444786E-05
+4.356800E-05
+4.314302E-05
+4.272217E-05
+4.230543E-05
+4.189274E-05
+4.081360E-05
+3.976226E-05
+3.873799E-05
+3.774012E-05
+3.728741E-05
+3.684012E-05
+3.639821E-05
+3.596160E-05
+3.428012E-05
+3.267726E-05
+3.114935E-05
+2.969287E-05
+2.855538E-05
+2.746146E-05
+2.640945E-05
+2.539773E-05
+2.322735E-05
+2.124244E-05
+1.942716E-05
+1.776700E-05
+1.708296E-05
+1.642526E-05
+1.579288E-05
+1.518486E-05
+1.494523E-05
+1.470939E-05
+1.447727E-05
+1.424882E-05
+1.412935E-05
+1.401089E-05
+1.389342E-05
+1.377694E-05
+1.440696E-05
+1.506579E-05
+1.575474E-05
+1.647521E-05
+1.650142E-05
+1.652768E-05
+1.655398E-05
+1.658032E-05
+1.748038E-05
+1.842931E-05
+1.942974E-05
+2.048448E-05
+2.056762E-05
+2.065110E-05
+2.073492E-05
+2.081908E-05
+2.079939E-05
+2.077972E-05
+2.076007E-05
+2.074044E-05
+2.022430E-05
+1.972101E-05
+1.923024E-05
+1.875169E-05
+1.595253E-05
+1.357122E-05
+1.154538E-05
+9.821939E-06
+9.747346E-06
+9.673320E-06
+9.599856E-06
+9.526949E-06
+9.964870E-06
+1.042292E-05
+1.090202E-05
+1.140315E-05
+1.146052E-05
+1.151818E-05
+1.157612E-05
+1.163437E-05
+1.173767E-05
+1.184188E-05
+1.194703E-05
+1.205311E-05
+1.266148E-05
+1.330057E-05
+1.397191E-05
+1.467714E-05
+1.553390E-05
+1.644067E-05
+1.740037E-05
+1.841610E-05
+1.964976E-05
+2.096605E-05
+2.237053E-05
+2.386908E-05
+2.234674E-05
+2.092149E-05
+1.958714E-05
+1.833790E-05
+1.616944E-05
+1.425740E-05
+1.257146E-05
+1.108489E-05
+9.071009E-06
+7.423008E-06
+6.074412E-06
+4.970827E-06
+4.515253E-06
+4.101432E-06
+3.725538E-06
+3.384093E-06
+3.494618E-06
+3.608752E-06
+3.726614E-06
+3.848325E-06
+3.877682E-06
+3.907264E-06
+3.937071E-06
+3.967106E-06
+3.686534E-06
+3.425805E-06
+3.183516E-06
+2.958362E-06
+2.638709E-06
+2.353595E-06
+2.099288E-06
+1.872460E-06
+1.597943E-06
+1.363673E-06
+1.163748E-06
+9.931341E-07
+9.370166E-07
+8.840700E-07
+8.341152E-07
+7.869834E-07
+7.476523E-07
+7.102868E-07
+6.747888E-07
+6.410647E-07
+5.948795E-07
+5.520216E-07
+5.122514E-07
+4.753466E-07
+4.302379E-07
+3.894099E-07
+3.524563E-07
+3.190095E-07
+2.704187E-07
+2.292291E-07
+1.943135E-07
+1.647160E-07
+1.228994E-07
+9.169874E-08
+6.841905E-08
+5.104941E-08
+6.263114E-08
+7.684045E-08
+9.427347E-08
+1.156615E-07
+1.766310E-07
+2.697398E-07
+4.119296E-07
+6.290732E-07
+8.571643E-07
+1.167957E-06
+1.591439E-06
+2.168468E-06
+2.660826E-06
+3.264977E-06
+4.006301E-06
+4.915947E-06
+6.498749E-06
+8.591169E-06
+1.135729E-05
+1.501404E-05
+1.931416E-05
+2.484588E-05
+3.196192E-05
+4.111604E-05
+4.406415E-05
+4.722365E-05
+5.060969E-05
+5.423853E-05
+4.189114E-05
+3.235463E-05
+2.498910E-05
+1.930034E-05
+1.871181E-05
+1.814122E-05
+1.758803E-05
+1.705171E-05
+2.152997E-05
+2.718435E-05
+3.432372E-05
+4.333808E-05
+3.830421E-05
+3.385504E-05
+2.992265E-05
+2.644703E-05
+2.152767E-05
+1.752335E-05
+1.426387E-05
+1.161067E-05
+9.333731E-06
+7.503319E-06
+6.031865E-06
+4.848974E-06
+4.506089E-06
+4.187451E-06
+3.891345E-06
+3.616176E-06
+2.908688E-06
+2.339617E-06
+1.881882E-06
+1.513700E-06
+1.207240E-06
+9.628252E-07
+7.678940E-07
+6.124280E-07
+4.366113E-07
+3.112684E-07
+2.219090E-07
+1.582030E-07
+1.167850E-07
+8.621030E-08
+6.364017E-08
+4.697898E-08
+3.915768E-08
+3.263852E-08
+2.720470E-08
+2.267552E-08
+2.442479E-08
+2.630900E-08
+2.833856E-08
+3.052470E-08
+3.396554E-08
+3.779425E-08
+4.205454E-08
+4.679506E-08
+5.472127E-08
+6.399003E-08
+7.482874E-08
+8.750335E-08
+1.904741E-07
+4.146169E-07
+9.025226E-07
+1.964579E-06
+1.905418E-06
+1.848038E-06
+1.792386E-06
+1.738411E-06
+4.277461E-07
+1.052494E-07
+2.589723E-08
+6.372156E-09
+1.260164E-08
+2.492112E-08
+4.928424E-08
+9.746508E-08
+1.600507E-07
+2.628248E-07
+4.315936E-07
+7.087347E-07
+1.126195E-06
+1.789547E-06
+2.843629E-06
+4.518587E-06
+5.899208E-06
+7.701668E-06
+1.005486E-05
+1.312705E-05
+1.412621E-05
+1.520142E-05
+1.635847E-05
+1.760358E-05
+1.770147E-05
+1.779990E-05
+1.789888E-05
+1.799841E-05
+1.873108E-05
+1.949357E-05
+2.028710E-05
+2.111293E-05
+2.228898E-05
+2.353055E-05
+2.484128E-05
+2.622500E-05
+2.744426E-05
+2.872020E-05
+3.005546E-05
+3.145281E-05
+3.072093E-05
+3.000609E-05
+2.930787E-05
+2.862591E-05
+2.938985E-05
+3.017418E-05
+3.097944E-05
+3.180621E-05
+3.203636E-05
+3.226817E-05
+3.250167E-05
+3.273684E-05
+3.230920E-05
+3.188713E-05
+3.147058E-05
+3.105948E-05
+4.422408E-05
+6.296851E-05
+8.965778E-05
+1.276594E-04
+1.692518E-04
+2.243954E-04
+2.975052E-04
+3.944348E-04
+5.297461E-04
+7.114761E-04
+9.555488E-04
+1.283351E-03
+1.285133E-03
+1.286918E-03
+1.288705E-03
+1.290496E-03
+9.165407E-04
+6.509492E-04
+4.623197E-04
+3.283503E-04
+2.316736E-04
+1.634615E-04
+1.153333E-04
+8.137547E-05
+6.614407E-05
+5.376360E-05
+4.370043E-05
+3.552085E-05
+2.984645E-05
+2.507853E-05
+2.107228E-05
+1.770602E-05
+1.498439E-05
+1.268111E-05
+1.073187E-05
+9.082256E-06
+7.436816E-06
+6.089482E-06
+4.986246E-06
+4.082883E-06
+2.747208E-06
+1.848486E-06
+1.243772E-06
+8.368845E-07
+1.322766E-06
+2.090742E-06
+3.304592E-06
+5.223184E-06
+5.237503E-06
+5.251861E-06
+5.266258E-06
+5.280694E-06
+5.758648E-06
+6.279862E-06
+6.848250E-06
+7.468080E-06
+5.261618E-06
+3.707060E-06
+2.611800E-06
+1.840138E-06
+4.191732E-06
+9.548534E-06
+2.175103E-05
+4.954766E-05
+5.841187E-05
+6.886190E-05
+8.118148E-05
+9.570508E-05
+7.231699E-05
+5.464441E-05
+4.129059E-05
+3.120013E-05
+3.768274E-05
+4.551227E-05
+5.496859E-05
+6.638969E-05
+4.884524E-05
+3.593717E-05
+2.644024E-05
+1.945301E-05
+2.151251E-05
+2.379003E-05
+2.630869E-05
+2.909398E-05
+4.581203E-05
+7.213665E-05
+1.135880E-04
+1.788583E-04
+1.307997E-04
+9.565428E-05
+6.995232E-05
+5.115638E-05
+1.304870E-04
+3.328392E-04
+8.489885E-04
+2.165556E-03
+2.498432E-03
+2.882475E-03
+3.325551E-03
+3.836734E-03
+4.055167E-03
+4.286034E-03
+4.530045E-03
+4.787950E-03
+4.585482E-03
+4.391576E-03
+4.205870E-03
+4.028015E-03
+3.862654E-03
+3.704082E-03
+3.552020E-03
+3.406201E-03
+2.417874E-03
+1.716315E-03
+1.218317E-03
+8.648158E-04
+6.995096E-04
+5.658010E-04
+4.576503E-04
+3.701723E-04
+3.199416E-04
+2.765268E-04
+2.390033E-04
+2.065717E-04
+1.887032E-04
+1.723804E-04
+1.574696E-04
+1.438485E-04
+1.371863E-04
+1.308326E-04
+1.247732E-04
+1.189944E-04
+1.225894E-04
+1.262931E-04
+1.301086E-04
+1.340394E-04
+1.176681E-04
+1.032964E-04
+9.067997E-05
+7.960449E-05
+9.817425E-05
+1.210759E-04
+1.493198E-04
+1.841525E-04
+1.148533E-04
+7.163234E-05
+4.467606E-05
+2.786381E-05
+4.989749E-05
+8.935461E-05
+1.600130E-04
+2.865455E-04
+2.947876E-04
+3.032667E-04
+3.119897E-04
+3.209637E-04
+5.492999E-04
+9.400763E-04
+1.608854E-03
+2.753408E-03
+2.613847E-03
+2.481360E-03
+2.355588E-03
+2.236190E-03
+1.792554E-03
+1.436931E-03
+1.151859E-03
+9.233430E-04
+1.205788E-03
+1.574632E-03
+2.056304E-03
+2.685316E-03
+4.502748E-03
+7.550225E-03
+1.266024E-02
+2.122875E-02
+2.385834E-02
+2.681366E-02
+3.013505E-02
+3.386787E-02
+2.199167E-02
+1.428000E-02
+9.272536E-03
+6.021000E-03
+3.260867E-03
+1.766027E-03
+9.564491E-04
+5.179957E-04
+4.192644E-04
+3.393516E-04
+2.746704E-04
+2.223176E-04
+1.601145E-04
+1.153154E-04
+8.305085E-05
+5.981373E-05
+1.852481E-04
+5.737289E-04
+1.776886E-03
+5.503169E-03
+2.357847E-03
+1.010225E-03
+4.328335E-04
+1.854485E-04
+2.049610E-04
+2.265264E-04
+2.503610E-04
+2.767033E-04
+4.592952E-04
+7.623765E-04
+1.265456E-03
+2.100511E-03
+3.200891E-03
+4.877720E-03
+7.432979E-03
+1.132685E-02
+9.149492E-03
+7.390689E-03
+5.969981E-03
+4.822374E-03
+7.551871E-03
+1.182628E-02
+1.852004E-02
+2.900252E-02
+2.517621E-02
+2.185471E-02
+1.897141E-02
+1.646851E-02
+1.390352E-02
+1.173804E-02
+9.909831E-03
+8.366367E-03
+3.228172E-03
+1.245594E-03
+4.806138E-04
+1.854453E-04
+3.099998E-04
+5.182114E-04
+8.662685E-04
+1.448100E-03
+9.867058E-04
+6.723214E-04
+4.581062E-04
+3.121443E-04
+3.828822E-04
+4.696508E-04
+5.760828E-04
+7.066345E-04
+9.650282E-04
+1.317908E-03
+1.799825E-03
+2.457964E-03
+1.234674E-03
+6.201966E-04
+3.115346E-04
+1.564886E-04
+1.466082E-04
+1.373517E-04
+1.286796E-04
+1.205550E-04
+1.512078E-04
+1.896545E-04
+2.378768E-04
+2.983603E-04
+1.525774E-04
+7.802605E-05
+3.990147E-05
+2.040506E-05
+1.024028E-05
+5.139082E-06
+2.579048E-06
+1.294294E-06
+1.403363E-06
+1.521624E-06
+1.649850E-06
+1.788882E-06
+2.301638E-06
+2.961367E-06
+3.810198E-06
+4.902332E-06
+1.257120E-05
+3.223672E-05
+8.266561E-05
+2.119821E-04
+3.304797E-04
+5.152172E-04
+8.032225E-04
+1.252222E-03
+1.110571E-03
+9.849437E-04
+8.735271E-04
+7.747139E-04
+8.779337E-04
+9.949061E-04
+1.127463E-03
+1.277681E-03
+1.071145E-03
+8.979959E-04
+7.528358E-04
+6.311407E-04
+7.315305E-04
+8.478884E-04
+9.827544E-04
+1.139072E-03
+1.127486E-03
+1.116017E-03
+1.104665E-03
+1.093429E-03
+7.735381E-04
+5.472338E-04
+3.871365E-04
+2.738769E-04
+3.559393E-04
+4.625903E-04
+6.011975E-04
+7.813359E-04
+5.257550E-04
+3.537766E-04
+2.380536E-04
+1.601845E-04
+3.559150E-04
+7.908099E-04
+1.757106E-03
+3.904126E-03
+2.972273E-03
+2.262839E-03
+1.722735E-03
+1.311545E-03
+1.498603E-03
+1.712340E-03
+1.956561E-03
+2.235614E-03
+3.367597E-03
+5.072748E-03
+7.641288E-03
+1.151038E-02
+8.429825E-03
+6.173726E-03
+4.521433E-03
+3.311348E-03
+1.882528E-03
+1.070232E-03
+6.084357E-04
+3.459005E-04
+3.230401E-04
+3.016905E-04
+2.817519E-04
+2.631310E-04
+1.779912E-04
+1.203996E-04
+8.144263E-05
+5.509069E-05
+3.128387E-05
+1.776490E-05
+1.008800E-05
+5.728583E-06
+1.270050E-05
+2.815750E-05
+6.242630E-05
+1.384016E-04
+1.847839E-04
+2.467101E-04
+3.293896E-04
+4.397774E-04
+5.096847E-04
+5.907045E-04
+6.846032E-04
+7.934284E-04
+1.114761E-03
+1.566231E-03
+2.200543E-03
+3.091747E-03
+2.489734E-03
+2.004942E-03
+1.614548E-03
+1.300169E-03
+1.498792E-03
+1.727759E-03
+1.991705E-03
+2.295975E-03
+2.349773E-03
+2.404832E-03
+2.461181E-03
+2.518850E-03
