#I+8.670000E+02
+3.000000E+00
+8.010000E+02
+8.010000E+02
+1.000000E+01
+1.000000E+00
+3.000000E+00
+0.000000E+00
+1.000000E+00
+1.000000E+00
+1.000000E+00
+1.000000E+00
+2.497000E+03
-1.092400E+04
+2.025600E+04
-1.299100E+04
-1.119200E+04
+0.000000E+00
+0.000000E+00
+0.000000E+00
+0.000000E+00
+0.000000E+00
+0.000000E+00
+0.000000E+00
+0.000000E+00
+0.000000E+00
+0.000000E+00
+0.000000E+00
+0.000000E+00
+0.000000E+00
+0.000000E+00
+0.000000E+00
+0.000000E+00
+0.000000E+00
+0.000000E+00
+0.000000E+00
+1.000000E+00
+0.000000E+00
+1.000000E+00
+0.000000E+00
+0.000000E+00
+1.000000E+00
+0.000000E+00
+1.000000E+00
+2.000000E+00
+3.000000E+00
+4.500000E+01
+4.500000E+01
+0.000000E+00
+0.000000E+00
+2.000000E+00
+0.000000E+00
+0.000000E+00
+0.000000E+00
+0.000000E+00
+0.000000E+00
+2.499999E-03
+1.002377E-03
+0.000000E+00
+0.000000E+00
+0.000000E+00
+1.000000E+00
+1.000000E+00
+0.000000E+00
+0.000000E+00
+9.9999904632568339E+00
+9.9999904632568339E+00
+1.548056E-06
+1.721266E-06
+1.913856E-06
+2.127994E-06
+2.366093E-06
+2.621580E-06
+2.904655E-06
+3.218295E-06
+3.565804E-06
+3.913758E-06
+4.295665E-06
+4.714841E-06
+5.174919E-06
+6.097708E-06
+7.185048E-06
+8.466282E-06
+9.975982E-06
+1.215376E-05
+1.480695E-05
+1.803934E-05
+2.197736E-05
+2.260348E-05
+2.324742E-05
+2.390972E-05
+2.459088E-05
+2.381877E-05
+2.307090E-05
+2.234651E-05
+2.164487E-05
+1.894035E-05
+1.657376E-05
+1.450288E-05
+1.269075E-05
+1.183501E-05
+1.103697E-05
+1.029275E-05
+9.598705E-06
+8.141635E-06
+6.905745E-06
+5.857461E-06
+4.968307E-06
+4.704239E-06
+4.454208E-06
+4.217464E-06
+3.993303E-06
+3.523607E-06
+3.109158E-06
+2.743456E-06
+2.420768E-06
+2.283366E-06
+2.153762E-06
+2.031515E-06
+1.916206E-06
+1.622212E-06
+1.373324E-06
+1.162622E-06
+9.842465E-07
+9.419549E-07
+9.014805E-07
+8.627452E-07
+8.256742E-07
+7.135956E-07
+6.167307E-07
+5.330145E-07
+4.606621E-07
+4.403395E-07
+4.209135E-07
+4.023445E-07
+3.845946E-07
+3.609526E-07
+3.387640E-07
+3.179393E-07
+2.983949E-07
+3.248490E-07
+3.536484E-07
+3.850010E-07
+4.191332E-07
+4.944759E-07
+5.833621E-07
+6.882262E-07
+8.119409E-07
+9.155123E-07
+1.032295E-06
+1.163975E-06
+1.312452E-06
+1.602072E-06
+1.955602E-06
+2.387146E-06
+2.913920E-06
+3.371406E-06
+3.900717E-06
+4.513131E-06
+5.221696E-06
+6.481447E-06
+8.045115E-06
+9.986024E-06
+1.239518E-05
+1.478285E-05
+1.763045E-05
+2.102658E-05
+2.507690E-05
+2.579444E-05
+2.653252E-05
+2.729172E-05
+2.807263E-05
+2.848768E-05
+2.890887E-05
+2.933628E-05
+2.977002E-05
+2.858562E-05
+2.744835E-05
+2.635632E-05
+2.530773E-05
+2.492129E-05
+2.454076E-05
+2.416604E-05
+2.379704E-05
+2.220779E-05
+2.072467E-05
+1.934060E-05
+1.804897E-05
+1.794589E-05
+1.784341E-05
+1.774150E-05
+1.764018E-05
+1.707134E-05
+1.652084E-05
+1.598809E-05
+1.547252E-05
+1.525537E-05
+1.504128E-05
+1.483018E-05
+1.462206E-05
+1.441594E-05
+1.421273E-05
+1.401238E-05
+1.381486E-05
+1.376851E-05
+1.372231E-05
+1.367627E-05
+1.363038E-05
+1.359976E-05
+1.356921E-05
+1.353872E-05
+1.350831E-05
+1.321385E-05
+1.292581E-05
+1.264406E-05
+1.236844E-05
+1.225612E-05
+1.214482E-05
+1.203453E-05
+1.192524E-05
+1.150283E-05
+1.109539E-05
+1.070238E-05
+1.032330E-05
+1.029155E-05
+1.025989E-05
+1.022833E-05
+1.019687E-05
+9.656421E-06
+9.144616E-06
+8.659937E-06
+8.200946E-06
+7.163895E-06
+6.257984E-06
+5.466630E-06
+4.775347E-06
+3.748736E-06
+2.942827E-06
+2.310174E-06
+1.813530E-06
+1.612693E-06
+1.434099E-06
+1.275282E-06
+1.134053E-06
+1.841004E-06
+2.988658E-06
+4.851740E-06
+7.876239E-06
+1.037174E-05
+1.365791E-05
+1.798528E-05
+2.368371E-05
+2.574994E-05
+2.799644E-05
+3.043892E-05
+3.309447E-05
+3.535797E-05
+3.777628E-05
+4.036000E-05
+4.312043E-05
+4.528157E-05
+4.755102E-05
+4.993422E-05
+5.243687E-05
+5.555249E-05
+5.885323E-05
+6.235008E-05
+6.605472E-05
+6.786491E-05
+6.972470E-05
+7.163545E-05
+7.359855E-05
+5.757490E-05
+4.503987E-05
+3.523393E-05
+2.756290E-05
+2.405653E-05
+2.099622E-05
+1.832523E-05
+1.599401E-05
+1.345934E-05
+1.132635E-05
+9.531391E-06
+8.020893E-06
+9.256822E-06
+1.068319E-05
+1.232935E-05
+1.422917E-05
+1.875907E-05
+2.473107E-05
+3.260428E-05
+4.298396E-05
+4.763133E-05
+5.278117E-05
+5.848781E-05
+6.481142E-05
+7.460896E-05
+8.588760E-05
+9.887122E-05
+1.138176E-04
+1.116804E-04
+1.095834E-04
+1.075258E-04
+1.055068E-04
+9.456136E-05
+8.475139E-05
+7.595912E-05
+6.807896E-05
+6.450948E-05
+6.112715E-05
+5.792216E-05
+5.488520E-05
+4.904975E-05
+4.383473E-05
+3.917418E-05
+3.500914E-05
+3.243861E-05
+3.005682E-05
+2.784991E-05
+2.580505E-05
+2.401964E-05
+2.235776E-05
+2.081086E-05
+1.937100E-05
+1.830105E-05
+1.729020E-05
+1.633519E-05
+1.543293E-05
+1.610109E-05
+1.679817E-05
+1.752544E-05
+1.828420E-05
+1.846764E-05
+1.865291E-05
+1.884005E-05
+1.902906E-05
+2.022752E-05
+2.150146E-05
+2.285563E-05
+2.429508E-05
+2.142486E-05
+1.889373E-05
+1.666163E-05
+1.469322E-05
+1.039282E-05
+7.351054E-06
+5.199551E-06
+3.677748E-06
+2.861514E-06
+2.226433E-06
+1.732302E-06
+1.347837E-06
+2.190557E-06
+3.560178E-06
+5.786139E-06
+9.403857E-06
+1.365867E-05
+1.983859E-05
+2.881463E-05
+4.185193E-05
+4.766492E-05
+5.428531E-05
+6.182522E-05
+7.041239E-05
+6.483655E-05
+5.970225E-05
+5.497453E-05
+5.062120E-05
+4.451646E-05
+3.914792E-05
+3.442681E-05
+3.027505E-05
+2.869302E-05
+2.719366E-05
+2.577265E-05
+2.442589E-05
+2.129567E-05
+1.856659E-05
+1.618725E-05
+1.411282E-05
+1.260738E-05
+1.126253E-05
+1.006114E-05
+8.987899E-06
+8.232957E-06
+7.541427E-06
+6.907982E-06
+6.327744E-06
+6.005089E-06
+5.698886E-06
+5.408296E-06
+5.132524E-06
+5.070851E-06
+5.009920E-06
+4.949720E-06
+4.890244E-06
+4.976046E-06
+5.063354E-06
+5.152195E-06
+5.242593E-06
+5.263326E-06
+5.284141E-06
+5.305037E-06
+5.326019E-06
+5.599391E-06
+5.886795E-06
+6.188951E-06
+6.506617E-06
+6.821864E-06
+7.152385E-06
+7.498920E-06
+7.862245E-06
+8.788130E-06
+9.823052E-06
+1.097985E-05
+1.227287E-05
+1.392909E-05
+1.580882E-05
+1.794222E-05
+2.036353E-05
+2.236333E-05
+2.455951E-05
+2.697138E-05
+2.962011E-05
+3.319652E-05
+3.720476E-05
+4.169696E-05
+4.673157E-05
+5.618048E-05
+6.753990E-05
+8.119616E-05
+9.761365E-05
+1.014910E-04
+1.055223E-04
+1.097137E-04
+1.140717E-04
+1.302933E-04
+1.488216E-04
+1.699847E-04
+1.941574E-04
+2.253500E-04
+2.615540E-04
+3.035743E-04
+3.523454E-04
+3.800549E-04
+4.099435E-04
+4.421826E-04
+4.769572E-04
+4.020330E-04
+3.388785E-04
+2.856448E-04
+2.407735E-04
+2.035314E-04
+1.720497E-04
+1.454376E-04
+1.229418E-04
+1.368527E-04
+1.523377E-04
+1.695749E-04
+1.887624E-04
+2.110918E-04
+2.360627E-04
+2.639874E-04
+2.952155E-04
+3.034754E-04
+3.119665E-04
+3.206951E-04
+3.296679E-04
+3.326557E-04
+3.356707E-04
+3.387129E-04
+3.417828E-04
+3.179581E-04
+2.957942E-04
+2.751752E-04
+2.559935E-04
+2.359148E-04
+2.174109E-04
+2.003584E-04
+1.846434E-04
+1.685277E-04
+1.538185E-04
+1.403932E-04
+1.281396E-04
+1.361030E-04
+1.445613E-04
+1.535452E-04
+1.630874E-04
+1.948867E-04
+2.328863E-04
+2.782952E-04
+3.325579E-04
+2.294745E-04
+1.583439E-04
+1.092618E-04
+7.539376E-05
+1.028923E-04
+1.404205E-04
+1.916363E-04
+2.615323E-04
+3.493716E-04
+4.667129E-04
+6.234648E-04
+8.328644E-04
+9.250396E-04
+1.027416E-03
+1.141123E-03
+1.267414E-03
+1.297991E-03
+1.329305E-03
+1.361375E-03
+1.394219E-03
+1.367547E-03
+1.341386E-03
+1.315725E-03
+1.290555E-03
+1.272220E-03
+1.254146E-03
+1.236327E-03
+1.218763E-03
+1.260954E-03
+1.304606E-03
+1.349770E-03
+1.396496E-03
+1.447841E-03
+1.501074E-03
+1.556264E-03
+1.613484E-03
+1.363273E-03
+1.151863E-03
+9.732371E-04
+8.223118E-04
+9.469483E-04
+1.090476E-03
+1.255757E-03
+1.446091E-03
+1.621144E-03
+1.817388E-03
+2.037387E-03
+2.284017E-03
+2.560189E-03
+2.869755E-03
+3.216752E-03
+3.605708E-03
+5.569354E-03
+8.602390E-03
+1.328720E-02
+2.052333E-02
+2.128187E-02
+2.206845E-02
+2.288410E-02
+2.372990E-02
+6.043018E-03
+1.538905E-03
+3.918952E-04
+9.979932E-05
+2.754315E-04
+7.601505E-04
+2.097904E-03
+5.789911E-03
+1.590877E-02
+4.371209E-02
+1.201065E-01
+3.300136E-01
+3.047622E-01
+2.814429E-01
+2.599080E-01
+2.400208E-01
+1.522849E-01
+9.661947E-02
+6.130171E-02
+3.889380E-02
+2.912837E-02
+2.181483E-02
+1.633757E-02
+1.223554E-02
+5.278913E-03
+2.277539E-03
+9.826235E-04
+4.239438E-04
+6.777554E-04
+1.083522E-03
+1.732218E-03
+2.769283E-03
+6.341903E-03
+1.452352E-02
+3.326013E-02
+7.616866E-02
+5.993544E-02
+4.716188E-02
+3.711064E-02
+2.920155E-02
+1.930661E-02
+1.276457E-02
+8.439302E-03
+5.579645E-03
+2.927388E-03
+1.535868E-03
+8.058007E-04
+4.227672E-04
+2.985530E-04
+2.108344E-04
+1.488886E-04
+1.051433E-04
+7.159295E-05
+4.874825E-05
+3.319309E-05
+2.260146E-05
+2.024011E-05
+1.812547E-05
+1.623176E-05
+1.453590E-05
+1.782724E-05
+2.186383E-05
+2.681442E-05
+3.288596E-05
+4.958146E-05
+7.475291E-05
+1.127034E-04
+1.699206E-04
+2.155111E-04
+2.733337E-04
+3.466704E-04
+4.396837E-04
+4.363768E-04
+4.330947E-04
+4.298374E-04
+4.266046E-04
+6.012396E-04
+8.473633E-04
+1.194240E-03
+1.683116E-03
+1.458483E-03
+1.263831E-03
+1.095158E-03
+9.489955E-04
+7.907115E-04
+6.588278E-04
+5.489412E-04
+4.573828E-04
+4.180891E-04
+3.821711E-04
+3.493387E-04
+3.193270E-04
+2.909753E-04
+2.651408E-04
+2.416001E-04
+2.201494E-04
+2.759034E-04
+3.457775E-04
+4.333475E-04
+5.430949E-04
+8.236540E-04
+1.249148E-03
+1.894449E-03
+2.873108E-03
+4.054992E-03
+5.723059E-03
+8.077303E-03
+1.140000E-02
+1.292414E-02
+1.465205E-02
+1.661098E-02
+1.883182E-02
+1.794663E-02
+1.710306E-02
+1.629913E-02
+1.553299E-02
+1.318282E-02
+1.118824E-02
+9.495433E-03
+8.058757E-03
+8.912023E-03
+9.855635E-03
+1.089916E-02
+1.205317E-02
+1.429112E-02
+1.694460E-02
+2.009076E-02
+2.382109E-02
+2.504688E-02
+2.633575E-02
+2.769095E-02
+2.911589E-02
+2.101796E-02
+1.517229E-02
+1.095246E-02
+7.906286E-03
+6.826936E-03
+5.894938E-03
+5.090173E-03
+4.395274E-03
+4.080731E-03
+3.788698E-03
+3.517564E-03
+3.265832E-03
+1.951065E-03
+1.165600E-03
+6.963495E-04
+4.160113E-04
+2.679792E-04
+1.726224E-04
+1.111970E-04
+7.162904E-05
+9.228047E-05
+1.188859E-04
+1.531621E-04
+1.973205E-04
+2.824989E-04
+4.044469E-04
+5.790368E-04
+8.289932E-04
+3.854541E-04
+1.792233E-04
+8.333281E-05
+3.874694E-05
+4.793769E-05
+5.930848E-05
+7.337640E-05
+9.078128E-05
+1.476066E-04
+2.400023E-04
+3.902339E-04
+6.345044E-04
+7.534034E-04
+8.945828E-04
+1.062218E-03
+1.261265E-03
+2.728769E-03
+5.903739E-03
+1.277284E-02
+2.763426E-02
+2.313060E-02
+1.936091E-02
+1.620559E-02
+1.356450E-02
+1.397217E-02
+1.439208E-02
+1.482462E-02
+1.527015E-02
+1.271591E-02
+1.058892E-02
+8.817706E-03
+7.342763E-03
+4.947851E-03
+3.334063E-03
+2.246627E-03
+1.513868E-03
+8.534185E-04
+4.811009E-04
+2.712128E-04
+1.528919E-04
+1.179392E-04
+9.097704E-05
+7.017872E-05
+5.413512E-05
+4.479686E-05
+3.706945E-05
+3.067500E-05
+2.538359E-05
+2.093748E-05
+1.727013E-05
+1.424514E-05
+1.175000E-05
+1.946602E-05
+3.224901E-05
+5.342635E-05
+8.851051E-05
+5.863102E-05
+3.883828E-05
+2.572721E-05
+1.704218E-05
+1.522247E-05
+1.359705E-05
+1.214520E-05
+1.084837E-05
+1.256591E-05
+1.455537E-05
+1.685981E-05
+1.952911E-05
+6.412622E-05
+2.105663E-04
+6.914200E-04
+2.270365E-03
+2.499119E-03
+2.750923E-03
+3.028098E-03
+3.333199E-03
+3.184831E-03
+3.043067E-03
+2.907613E-03
+2.778188E-03
+9.664190E-04
+3.361780E-04
+1.169427E-04
+4.067955E-05
+7.069559E-05
+1.228594E-04
+2.135132E-04
+3.710570E-04
+2.691783E-04
+1.952718E-04
+1.416573E-04
+1.027634E-04
+7.516588E-05
+5.497981E-05
+4.021479E-05
+2.941496E-05
+1.955684E-05
+1.300256E-05
+8.644883E-06
+5.747636E-06
+9.582101E-06
+1.597468E-05
+2.663200E-05
+4.439925E-05
+2.443186E-05
+1.344428E-05
+7.398072E-06
+4.070986E-06
+3.344312E-06
+2.747349E-06
+2.256945E-06
+1.854079E-06
+2.872815E-06
+4.451302E-06
+6.897098E-06
+1.068675E-05
+4.815050E-06
+2.169481E-06
+9.774867E-07
+4.404187E-07
+3.120062E-07
+2.210348E-07
+1.565879E-07
+1.109316E-07
+2.551449E-07
+5.868383E-07
+1.349739E-06
+3.104426E-06
+1.749346E-06
+9.857583E-07
+5.554757E-07
+3.130109E-07
+7.510166E-07
+1.801937E-06
+4.323443E-06
+1.037337E-05
+3.126127E-06
+9.420926E-07
+2.839099E-07
+8.555929E-08
+1.668747E-07
+3.254722E-07
+6.348005E-07
+1.238115E-06
+1.156382E-06
+1.080045E-06
+1.008747E-06
+9.421561E-07
+8.481730E-07
+7.635651E-07
+6.873971E-07
+6.188272E-07
+9.510918E-07
+1.461758E-06
+2.246614E-06
+3.452880E-06
