Hz,real,imaginary,V^2 (rms) 
9.99999046326,2.195256e-06,2.195256e-06,3.10456080808e-06
10.0577210151,2.42048e-06,2.42048e-06,3.42307564345e-06
10.1157848488,2.668809e-06,2.668809e-06,3.77426588318e-06
10.1741838887,2.942617e-06,2.942617e-06,4.16148887027e-06
10.2329200697,3.244516e-06,3.244516e-06,4.58843853054e-06
10.2919953382,3.59064e-06,3.59064e-06,5.0779317856e-06
10.3514116519,3.973689e-06,3.973689e-06,5.61964487645e-06
10.4111709795,4.397601e-06,4.397601e-06,6.21914697611e-06
10.4712753014,4.866734e-06,4.866734e-06,6.88260122726e-06
10.5317266092,5.337964e-06,5.337964e-06,7.54902108426e-06
10.592526906,5.854822e-06,5.854822e-06,8.27996867768e-06
10.6536782067,6.421726e-06,6.421726e-06,9.08169200304e-06
10.7151825375,7.043521e-06,7.043521e-06,9.96104292506e-06
10.7770419365,8.282408e-06,8.282408e-06,1.17130937227e-05
10.8392584537,9.739204e-06,9.739204e-06,1.37733143835e-05
10.9018341505,1.145224e-05,1.145224e-05,1.61959131276e-05
10.9647711006,1.346658e-05,1.346658e-05,1.90446200748e-05
11.0280713896,1.639942e-05,1.639942e-05,2.31922821791e-05
11.091737115,1.997099e-05,1.997099e-05,2.8243244912e-05
11.1557703865,2.43204e-05,2.43204e-05,3.43942395223e-05
11.2201733259,2.961707e-05,2.961707e-05,4.18848620718e-05
11.2849480674,3.036699e-05,3.036699e-05,4.29454091064e-05
11.3500967575,3.11359e-05,3.11359e-05,4.40328120567e-05
11.4156215548,3.192429e-05,3.192429e-05,4.51477638871e-05
11.4815246308,3.273263e-05,3.273263e-05,4.62909292781e-05
11.5478081693,3.157397e-05,3.157397e-05,4.4652336592e-05
11.6144743666,3.045632e-05,3.045632e-05,4.3071740804e-05
11.681525432,2.937824e-05,2.937824e-05,4.15471054467e-05
11.7489635872,2.833833e-05,2.833833e-05,4.0076450621e-05
11.816791067,2.478888e-05,2.478888e-05,3.5056770292e-05
11.8850101189,2.168401e-05,2.168401e-05,3.06658210286e-05
11.9536230036,1.896803e-05,1.896803e-05,2.68248452775e-05
12.0226319946,1.659223e-05,1.659223e-05,2.3464956696e-05
12.0920393787,1.548733e-05,1.548733e-05,2.19023921309e-05
12.1618474559,1.445601e-05,1.445601e-05,2.04438853998e-05
12.2320585393,1.349336e-05,1.349336e-05,1.9082492714e-05
12.3026749556,1.259481e-05,1.259481e-05,1.78117511175e-05
12.3736990447,1.069183e-05,1.069183e-05,1.51205309926e-05
12.4451331602,9.076377e-06,9.076377e-06,1.28359354506e-05
12.5169796691,7.705004e-06,7.705004e-06,1.08965211549e-05
12.5892409524,6.540839e-06,6.540839e-06,9.2501432231e-06
12.6619194044,6.181393e-06,6.181393e-06,8.74180981496e-06
12.7350174335,5.841699e-06,5.841699e-06,8.2614099531e-06
12.808537462,5.520673e-06,5.520673e-06,7.80741063003e-06
12.8824819261,5.21729e-06,5.21729e-06,7.37836227683e-06
12.956853276,4.611692e-06,4.611692e-06,6.52191737189e-06
13.0316539763,4.076389e-06,4.076389e-06,5.76488460931e-06
13.1068865055,3.603221e-06,3.603221e-06,5.09572400643e-06
13.1825533567,3.184976e-06,3.184976e-06,4.50423625503e-06
13.2586570372,2.999397e-06,2.999397e-06,4.24178791634e-06
13.3352000689,2.824632e-06,2.824632e-06,3.99463288311e-06
13.4121849882,2.660049e-06,2.660049e-06,3.76187737238e-06
13.489614346,2.505057e-06,2.505057e-06,3.54268558392e-06
13.5674907083,2.11535e-06,2.11535e-06,2.99155665917e-06
13.6458166555,1.786268e-06,1.786268e-06,2.52616443163e-06
13.7245947832,1.508382e-06,1.508382e-06,2.13317428164e-06
13.8038277017,1.273725e-06,1.273725e-06,1.80131916973e-06
13.8835180367,1.209579e-06,1.209579e-06,1.71060302656e-06
13.9636684289,1.148663e-06,1.148663e-06,1.6244547932e-06
14.0442815341,1.090815e-06,1.090815e-06,1.54264536704e-06
14.1253600237,1.03588e-06,1.03588e-06,1.46495554499e-06
14.2069065844,8.943465e-07,8.943465e-07,1.26479694976e-06
14.2889239182,7.721509e-07,7.721509e-07,1.09198627498e-06
14.3714147431,6.666511e-07,6.666511e-07,9.42787026991e-07
14.4543817926,5.755658e-07,5.755658e-07,8.13972960398e-07
14.5378278159,5.467963e-07,5.467963e-07,7.73286743315e-07
14.6217555781,5.194648e-07,5.194648e-07,7.34634165335e-07
14.7061678604,4.934996e-07,4.934996e-07,6.97913827346e-07
14.7910674599,4.688322e-07,4.688322e-07,6.63028855717e-07
14.8764571899,4.370232e-07,4.370232e-07,6.18044136512e-07
14.9623398801,4.073723e-07,4.073723e-07,5.76111431595e-07
15.0487183762,3.797331e-07,3.797331e-07,5.37023700102e-07
15.1355955406,3.539693e-07,3.539693e-07,5.00588184724e-07
15.2229742522,3.838823e-07,3.838823e-07,5.42891555015e-07
15.3108574064,4.163232e-07,4.163232e-07,5.88769915771e-07
15.3992479154,4.515057e-07,4.515057e-07,6.38525484429e-07
15.4881487081,4.896614e-07,4.896614e-07,6.92485792851e-07
15.5775627305,5.759102e-07,5.759102e-07,8.14460015549e-07
15.6674929455,6.77351e-07,6.77351e-07,9.57918970687e-07
15.757942333,7.966595e-07,7.966595e-07,1.12664666949e-06
15.8489138904,9.369832e-07,9.369832e-07,1.32509434916e-06
15.9404106321,1.050994e-06,1.050994e-06,1.48632996877e-06
16.03243559,1.178877e-06,1.178877e-06,1.66718384177e-06
16.1249918136,1.322321e-06,1.322321e-06,1.87004429201e-06
16.2180823699,1.48322e-06,1.48322e-06,2.09758983998e-06
16.3117103437,1.800975e-06,1.800975e-06,2.54696327049e-06
16.4058788374,2.186803e-06,2.186803e-06,3.09260646084e-06
16.5005909715,2.655288e-06,2.655288e-06,3.75514430161e-06
16.5958498845,3.224139e-06,3.224139e-06,4.55962110078e-06
16.6916587331,3.702334e-06,3.702334e-06,5.23589095524e-06
16.7880206919,4.251454e-06,4.251454e-06,6.01246390661e-06
16.8849389541,4.882017e-06,4.882017e-06,6.90421465314e-06
16.9824167314,5.606105e-06,5.606105e-06,7.92822972309e-06
17.0804572538,6.912515e-06,6.912515e-06,9.77577246311e-06
17.17906377,8.523362e-06,8.523362e-06,1.20538541374e-05
17.2782395477,1.050959e-05,1.050959e-05,1.4862804713e-05
17.3779878732,1.295867e-05,1.295867e-05,1.83263268643e-05
17.4783120518,1.525615e-05,1.525615e-05,2.15754542396e-05
17.5792154079,1.796096e-05,1.796096e-05,2.54006332252e-05
17.6807012853,2.114531e-05,2.114531e-05,2.99039841826e-05
17.7827730468,2.489421e-05,2.489421e-05,3.52057294066e-05
17.8854340747,2.551926e-05,2.551926e-05,3.60896835937e-05
17.988687771,2.616e-05,2.616e-05,3.69958267917e-05
18.0925375572,2.681682e-05,2.681682e-05,3.79247105437e-05
18.1969868745,2.749014e-05,2.749014e-05,3.88769288195e-05
18.302039184,2.755448e-05,2.755448e-05,3.89679193201e-05
18.4076979669,2.761898e-05,2.761898e-05,3.90591360949e-05
18.5139667243,2.768362e-05,2.768362e-05,3.91505508596e-05
18.6208489778,2.774843e-05,2.774843e-05,3.92422060406e-05
18.7283482689,2.649728e-05,2.649728e-05,3.7472812742e-05
18.83646816,2.530254e-05,2.530254e-05,3.57831952305e-05
18.9452122338,2.416168e-05,2.416168e-05,3.41697755457e-05
19.0545840938,2.307225e-05,2.307225e-05,3.26290888645e-05
19.1645873641,2.256836e-05,2.256836e-05,3.19164807925e-05
19.27522569,2.207547e-05,2.207547e-05,3.12194290698e-05
19.3865027376,2.159335e-05,2.159335e-05,3.05376084271e-05
19.4984221944,2.112176e-05,2.112176e-05,2.98706794532e-05
19.610987769,1.964885e-05,1.964885e-05,2.7787670155e-05
19.7242031915,1.827865e-05,1.827865e-05,2.58499147319e-05
19.8380722135,1.700401e-05,1.700401e-05,2.40473015567e-05
19.9525986083,1.581824e-05,1.581824e-05,2.23703695409e-05
20.0677861709,1.563902e-05,1.563902e-05,2.21169141862e-05
20.1836387183,1.546182e-05,1.546182e-05,2.1866315543e-05
20.3001600895,1.528663e-05,1.528663e-05,2.1618559469e-05
20.4173541456,1.511342e-05,1.511342e-05,2.13736035378e-05
20.5352247701,1.455559e-05,1.455559e-05,2.05847127863e-05
20.6537758689,1.401834e-05,1.401834e-05,1.982492655e-05
20.7730113704,1.350092e-05,1.350092e-05,1.90931841685e-05
20.8929352257,1.30026e-05,1.30026e-05,1.83884532661e-05
21.0135514086,1.274306e-05,1.274306e-05,1.80214082781e-05
21.1348639161,1.24887e-05,1.24887e-05,1.76616889164e-05
21.2568767681,1.223942e-05,1.223942e-05,1.73091537596e-05
21.3795940077,1.199511e-05,1.199511e-05,1.69636472442e-05
21.5030197013,1.172819e-05,1.172819e-05,1.65861653601e-05
21.627157939,1.146721e-05,1.146721e-05,1.62170839046e-05
21.7520128342,1.121204e-05,1.121204e-05,1.58562190299e-05
21.8775885244,1.096255e-05,1.096255e-05,1.55033868882e-05
22.0038891706,1.082382e-05,1.082382e-05,1.53071930407e-05
22.1309189581,1.068685e-05,1.068685e-05,1.5113488209e-05
22.2586820963,1.055161e-05,1.055161e-05,1.49222299669e-05
22.3871828188,1.041809e-05,1.041809e-05,1.4733404172e-05
22.5164253838,1.02971e-05,1.02971e-05,1.45622984731e-05
22.646414074,1.017752e-05,1.017752e-05,1.43931868153e-05
22.7771531967,1.005934e-05,1.005934e-05,1.42260550565e-05
22.9086470844,9.942518e-06,9.942518e-06,1.40608437997e-05
23.0409000942,9.590418e-06,9.590418e-06,1.35628992044e-05
23.1739166087,9.250787e-06,9.250787e-06,1.3082588438e-05
23.3077010356,8.923183e-06,8.923183e-06,1.26192864181e-05
23.4422578082,8.607181e-06,8.607181e-06,1.2172392104e-05
23.5775913851,8.419307e-06,8.419307e-06,1.19066981452e-05
23.713706251,8.235532e-06,8.235532e-06,1.16468010478e-05
23.8506069163,8.055769e-06,8.055769e-06,1.13925777751e-05
23.9882979174,7.879929e-06,7.879929e-06,1.11439024623e-05
24.126783817,7.45108e-06,7.45108e-06,1.05374183903e-05
24.2660692042,7.04557e-06,7.04557e-06,9.96394064865e-06
24.4061586943,6.662129e-06,6.662129e-06,9.42167318608e-06
24.5470569295,6.299555e-06,6.299555e-06,8.90891611792e-06
24.6887685789,6.161696e-06,6.161696e-06,8.71395405042e-06
24.8312983381,6.026853e-06,6.026853e-06,8.52325725103e-06
24.9746509303,5.894962e-06,5.894962e-06,8.33673521007e-06
25.1188311058,5.765958e-06,5.765958e-06,8.15429600367e-06
25.2638436421,5.260172e-06,5.260172e-06,7.43900658282e-06
25.4096933446,4.798753e-06,4.798753e-06,6.78646157508e-06
25.5563850463,4.37781e-06,4.37781e-06,6.19115827549e-06
25.7039236081,3.993791e-06,3.993791e-06,5.64807339748e-06
25.8523139189,3.229632e-06,3.229632e-06,4.56738937587e-06
26.001560896,2.611685e-06,2.611685e-06,3.69348034765e-06
26.151669485,2.111974e-06,2.111974e-06,2.98678227418e-06
26.30264466,1.707875e-06,1.707875e-06,2.41529998784e-06
26.4544914238,1.035593e-06,1.035593e-06,1.4645496657e-06
26.6072148082,6.279458e-07,6.279458e-07,8.88049466795e-07
26.760819874,3.807634e-07,3.807634e-07,5.38480764335e-07
26.9153117111,2.308808e-07,2.308808e-07,3.26514758652e-07
27.070695439,4.355512e-07,4.355512e-07,6.15962414148e-07
27.2269762066,8.216571e-07,8.216571e-07,1.16199861444e-06
27.3841591925,1.550037e-06,1.550037e-06,2.19208334758e-06
27.5422496054,2.924108e-06,2.924108e-06,4.13531319144e-06
27.7012526838,4.030565e-06,4.030565e-06,5.70007968703e-06
27.8611736966,5.555697e-06,5.555697e-06,7.85694204584e-06
28.0220179431,7.657925e-06,7.657925e-06,1.08299413946e-05
28.1837907532,1.055562e-05,1.055562e-05,1.49279009633e-05
28.3464974876,1.277835e-05,1.277835e-05,1.80713158748e-05
28.5101435378,1.546913e-05,1.546913e-05,2.18766534441e-05
28.6747343267,1.872651e-05,1.872651e-05,2.64832844179e-05
28.8402753081,2.266981e-05,2.266981e-05,3.20599527584e-05
29.0067719676,2.418525e-05,2.418525e-05,3.42031085594e-05
29.1742298225,2.580198e-05,2.580198e-05,3.64895100521e-05
29.3426544217,2.75268e-05,2.75268e-05,3.89287738887e-05
29.5120513464,2.936691e-05,2.936691e-05,4.1531082407e-05
29.6824262098,3.048401e-05,3.048401e-05,4.31109003775e-05
29.8537846576,3.16436e-05,3.16436e-05,4.47508082823e-05
30.0261323681,3.28473e-05,3.28473e-05,4.64530971473e-05
30.1994750524,3.409681e-05,3.409681e-05,4.82201711357e-05
30.3738184546,3.539508e-05,3.539508e-05,5.00562021773e-05
30.5491683518,3.674279e-05,3.674279e-05,5.19621519374e-05
30.7255305546,3.81418e-05,3.81418e-05,5.39406508533e-05
30.9029109071,3.959407e-05,3.959407e-05,5.59944707835e-05
31.0813152871,4.089319e-05,4.089319e-05,5.78317039067e-05
31.2607496065,4.223493e-05,4.223493e-05,5.97292108119e-05
31.441219811,4.36207e-05,4.36207e-05,6.16889855402e-05
31.622731881,4.505192e-05,4.505192e-05,6.37130362749e-05
31.8052918312,4.553878e-05,4.553878e-05,6.44015602899e-05
31.9889057111,4.603089e-05,4.603089e-05,6.50975089261e-05
32.1735796051,4.652833e-05,4.652833e-05,6.58009953206e-05
32.3593196326,4.703114e-05,4.703114e-05,6.65120760419e-05
32.5461319486,3.612762e-05,3.612762e-05,5.10921701803e-05
32.7340227434,2.775193e-05,2.775193e-05,3.9247155788e-05
32.9229982432,2.131803e-05,2.131803e-05,3.01482471491e-05
33.11306471,1.637574e-05,1.637574e-05,2.31587936019e-05
33.3042284421,1.453535e-05,1.453535e-05,2.05560891038e-05
33.496495774,1.290181e-05,1.290181e-05,1.82459146812e-05
33.6898730769,1.145184e-05,1.145184e-05,1.61953474421e-05
33.8843667586,1.016483e-05,1.016483e-05,1.43752404452e-05
34.0799832642,9.413617e-06,9.413617e-06,1.33128648324e-05
34.2767290758,8.717921e-06,8.717921e-06,1.23290021139e-05
34.4746107129,8.073639e-06,8.073639e-06,1.14178497715e-05
34.6736347326,7.476969e-06,7.476969e-06,1.05740309652e-05
34.8738077301,8.437324e-06,8.437324e-06,1.19321780309e-05
35.0751363385,9.521029e-06,9.521029e-06,1.34647683395e-05
35.2776272292,1.074393e-05,1.074393e-05,1.51942115192e-05
35.481287112,1.21239e-05,1.21239e-05,1.71457838089e-05
35.6861227357,1.529792e-05,1.529792e-05,2.16345259401e-05
35.8921408879,1.930291e-05,1.930291e-05,2.72984371153e-05
36.0993483954,2.43564e-05,2.43564e-05,3.44451512106e-05
36.3077521244,3.07329e-05,3.07329e-05,4.34628839911e-05
36.5173589808,3.344711e-05,3.344711e-05,4.73013565842e-05
36.7281759103,3.640103e-05,3.640103e-05,5.14788303103e-05
36.9402098987,3.961584e-05,3.961584e-05,5.60252582128e-05
37.1534679722,4.311455e-05,4.311455e-05,6.09731813456e-05
37.3679571975,4.85308e-05,4.85308e-05,6.86329155528e-05
37.5836846821,5.462747e-05,5.462747e-05,7.72549089521e-05
37.8006575745,6.149002e-05,6.149002e-05,8.69600202346e-05
38.0188830647,6.921467e-05,6.921467e-05,9.78843250292e-05
38.2383683838,6.75304e-05,6.75304e-05,9.55024075525e-05
38.459120805,6.588713e-05,6.588713e-05,9.31784728318e-05
38.6811476434,6.428383e-05,6.428383e-05,9.09110642273e-05
38.9044562561,6.271955e-05,6.271955e-05,8.86988382359e-05
39.129054043,5.562329e-05,5.562329e-05,7.86632111018e-05
39.3549484466,4.932992e-05,4.932992e-05,6.97630418948e-05
39.5821469523,4.37486e-05,4.37486e-05,6.18698634548e-05
39.8106570887,3.879875e-05,3.879875e-05,5.48697184531e-05
40.040486428,3.681814e-05,3.681814e-05,5.20687129294e-05
40.2716425861,3.493863e-05,3.493863e-05,4.94106843967e-05
40.5041332226,3.315507e-05,3.315507e-05,4.68883496554e-05
40.7379660418,3.146256e-05,3.146256e-05,4.4494779059e-05
40.9731487919,2.790341e-05,2.790341e-05,3.94613808585e-05
41.2096892664,2.474687e-05,2.474687e-05,3.49973591803e-05
41.4475953034,2.194742e-05,2.194742e-05,3.10383390231e-05
41.6868747863,1.946465e-05,1.946465e-05,2.75271720168e-05
41.9275356443,1.793122e-05,1.793122e-05,2.53585745139e-05
42.169585852,1.65186e-05,1.65186e-05,2.33608281514e-05
42.4130334302,1.521726e-05,1.521726e-05,2.15204554742e-05
42.6578864461,1.401845e-05,1.401845e-05,1.98250821134e-05
42.9041530132,1.306313e-05,1.306313e-05,1.8474055613e-05
43.1518412923,1.217292e-05,1.217292e-05,1.72151085577e-05
43.4009594908,1.134337e-05,1.134337e-05,1.6041947697e-05
43.6515158637,1.057036e-05,1.057036e-05,1.49487464712e-05
43.9035187138,1.000024e-05,1.000024e-05,1.4142475035e-05
44.1569763917,9.460866e-06,9.460866e-06,1.3379685009e-05
44.4118972961,8.950586e-06,8.950586e-06,1.26580401124e-05
44.6682898744,8.46783e-06,8.46783e-06,1.19753200299e-05
44.9261626225,8.896595e-06,8.896595e-06,1.25816853079e-05
45.1855240857,9.347071e-06,9.347071e-06,1.32187545767e-05
45.4463828584,9.820356e-06,9.820356e-06,1.38880806425e-05
45.7087475846,1.031761e-05,1.031761e-05,1.45913039933e-05
45.9726269583,1.063753e-05,1.063753e-05,1.50437391962e-05
46.2380297236,1.096737e-05,1.096737e-05,1.55102033976e-05
46.5049646752,1.130745e-05,1.130745e-05,1.59911491459e-05
46.7734406585,1.165806e-05,1.165806e-05,1.6486986563e-05
47.0434665699,1.250303e-05,1.250303e-05,1.76819545968e-05
47.3150513572,1.340924e-05,1.340924e-05,1.89635290691e-05
47.5882040201,1.438114e-05,1.438114e-05,2.03380032304e-05
47.8629336098,1.542348e-05,1.542348e-05,2.1812094595e-05
48.1392492302,1.368032e-05,1.368032e-05,1.93468940816e-05
48.4171600373,1.213417e-05,1.213417e-05,1.71603077821e-05
48.6966752405,1.076276e-05,1.076276e-05,1.52208411606e-05
48.9778041018,9.546354e-06,9.546354e-06,1.3500583298e-05
49.2605559372,6.638424e-06,6.638424e-06,9.38814925358e-06
49.544940116,4.616282e-06,4.616282e-06,6.52840861214e-06
49.830966062,3.210109e-06,3.210109e-06,4.5397796845e-06
50.1186432531,2.232271e-06,2.232271e-06,3.15690792309e-06
50.4079812221,1.205336e-06,1.205336e-06,1.70460251842e-06
50.6989895567,6.508325e-07,6.508325e-07,9.20416148333e-07
50.9916779002,3.514231e-07,3.514231e-07,4.96987314151e-07
51.2860559511,1.897542e-07,1.897542e-07,2.68352963157e-07
51.5821334645,3.563646e-07,3.563646e-07,5.0397565047e-07
51.8799202513,6.692642e-07,6.692642e-07,9.46482508451e-07
52.1794261793,1.2569e-06,1.2569e-06,1.77752502655e-06
52.4806611732,2.3605e-06,2.3605e-06,3.33825111398e-06
52.783635215,3.762598e-06,3.762598e-06,5.32111712136e-06
53.0883583443,5.997518e-06,5.997518e-06,8.48177129618e-06
53.3948406587,9.559944e-06,9.559944e-06,1.35198024603e-05
53.7030923141,1.523839e-05,1.523839e-05,2.15503378067e-05
54.0131235251,1.805461e-05,1.805461e-05,2.55330743254e-05
54.324944565,2.13913e-05,2.13913e-05,3.02518665768e-05
54.6385657668,2.534464e-05,2.534464e-05,3.58427336215e-05
54.9539975227,3.002861e-05,3.002861e-05,4.24668675212e-05
55.2712502853,2.756968e-05,2.756968e-05,3.89894153663e-05
55.5903345674,2.53121e-05,2.53121e-05,3.57967151121e-05
55.9112609424,2.323939e-05,2.323939e-05,3.28654605193e-05
56.2340400449,2.133639e-05,2.133639e-05,3.01742121101e-05
56.5586825707,1.952254e-05,1.952254e-05,2.760904084e-05
56.8851992775,1.786289e-05,1.786289e-05,2.52619413012e-05
57.213600985,1.634434e-05,1.634434e-05,2.3114387296e-05
57.5438985756,1.495487e-05,1.495487e-05,2.11493799775e-05
57.8761029941,1.40666e-05,1.40666e-05,1.98931764965e-05
58.210225249,1.323109e-05,1.323109e-05,1.8711586923e-05
58.5462764119,1.24452e-05,1.24452e-05,1.76001706264e-05
58.8842676185,1.1706e-05,1.1706e-05,1.65547839611e-05
59.2242100689,1.011609e-05,1.011609e-05,1.43063116762e-05
59.5661150277,8.742132e-06,8.742132e-06,1.23632416385e-05
59.9099938246,7.55478e-06,7.55478e-06,1.06840723367e-05
60.2558578547,6.528691e-06,6.528691e-06,9.23296335674e-06
60.6037185787,5.720268e-06,5.720268e-06,8.08968058601e-06
60.9535875239,5.011949e-06,5.011949e-06,7.08796624972e-06
61.3054762837,4.391338e-06,4.391338e-06,6.21028975656e-06
61.6593965186,3.847574e-06,3.847574e-06,5.44129133303e-06
62.0153599566,3.431609e-06,3.431609e-06,4.85302798856e-06
62.3733783931,3.060616e-06,3.060616e-06,4.32836465642e-06
62.7334636917,2.72973e-06,2.72973e-06,3.86042118762e-06
63.0956277846,2.434617e-06,2.434617e-06,3.44306838058e-06
63.4598826729,2.210378e-06,2.210378e-06,3.12594654557e-06
63.8262404266,2.006792e-06,2.006792e-06,2.83803246326e-06
64.194713186,1.821957e-06,1.821957e-06,2.57663629946e-06
64.5653131609,1.654146e-06,1.654146e-06,2.33931570735e-06
64.938052632,1.56176e-06,1.56176e-06,2.20866217317e-06
65.3129439507,1.474535e-06,1.474535e-06,2.08530739519e-06
65.6899995397,1.39218e-06,1.39218e-06,1.96883983726e-06
66.0692318935,1.314426e-06,1.314426e-06,1.85887907594e-06
66.4506535786,1.280529e-06,1.280529e-06,1.81094147881e-06
66.8342772344,1.247507e-06,1.247507e-06,1.76424131856e-06
67.2201155727,1.215336e-06,1.215336e-06,1.71874465404e-06
67.6081813792,1.183995e-06,1.183995e-06,1.67442178678e-06
67.9984875132,1.114436e-06,1.114436e-06,1.5760505056e-06
68.3910469082,1.048963e-06,1.048963e-06,1.48345770103e-06
68.7858725723,9.87337e-07,9.87337e-07,1.39630537603e-06
69.182977589,9.293311e-07,9.293311e-07,1.31427264556e-06
69.5823751171,8.986714e-07,8.986714e-07,1.270913282e-06
69.9840783913,8.690231e-07,8.690231e-07,1.22898425404e-06
70.3881007229,8.40353e-07,8.40353e-07,1.18843860978e-06
70.7944554999,8.126286e-07,8.126286e-07,1.14923038729e-06
71.2031561878,7.835615e-07,7.835615e-07,1.10812330025e-06
71.6142163295,7.555341e-07,7.555341e-07,1.06848657106e-06
72.0276495463,7.285092e-07,7.285092e-07,1.03026759095e-06
72.4434695382,7.024512e-07,7.024512e-07,9.93416013945e-07
72.8616900841,6.120113e-07,6.120113e-07,8.65514680786e-07
73.2823250427,5.332154e-07,5.332154e-07,7.54080450346e-07
73.7053883523,4.645644e-07,4.645644e-07,6.56993275076e-07
74.1308940322,4.04752e-07,4.04752e-07,5.72405767798e-07
74.5588561821,2.185793e-07,2.185793e-07,3.09117810514e-07
74.9892889835,1.1804e-07,1.1804e-07,1.66933768903e-07
75.4222066996,6.374547e-08,6.374547e-08,9.01497082138e-08
75.8576236759,3.442463e-08,3.442463e-08,4.86837786257e-08
76.2955543409,6.949455e-08,6.949455e-08,9.8280135121e-08
76.7360132062,1.402918e-07,1.402918e-07,1.9840256625e-07
77.1790148672,2.832133e-07,2.832133e-07,4.00524089904e-07
77.6245740037,5.717355e-07,5.717355e-07,8.0855609819e-07
78.0727053801,1.259511e-06,1.259511e-06,1.78121753816e-06
78.5234238462,2.774651e-06,2.774651e-06,3.92394907505e-06
78.9767443373,6.112446e-06,6.112446e-06,8.64430403247e-06
79.4326818752,1.346548e-05,1.346548e-05,1.90430644399e-05
79.8912515681,1.237288e-05,1.237288e-05,1.74978947016e-05
80.3524686117,1.136893e-05,1.136893e-05,1.60780949957e-05
80.8163482892,1.044645e-05,1.044645e-05,1.47735112687e-05
81.2829059723,9.598816e-06,9.598816e-06,1.35747757699e-05
81.7521571212,8.458488e-06,8.458488e-06,1.19621084468e-05
82.2241172855,7.453629e-06,7.453629e-06,1.05410232207e-05
82.6988021044,6.568147e-06,6.568147e-06,9.28876256706e-06
83.1762273076,5.787857e-06,5.787857e-06,8.18526586648e-06
83.6564087154,5.758809e-06,5.758809e-06,8.14418579092e-06
84.1393622397,5.729908e-06,5.729908e-06,8.10331360475e-06
84.625103884,5.701151e-06,5.701151e-06,8.06264506534e-06
85.1136497443,5.672538e-06,5.672538e-06,8.02218017268e-06
85.6050160094,5.822784e-06,5.822784e-06,8.23466010357e-06
86.0992189619,5.97701e-06,5.97701e-06,8.45276860444e-06
86.5962749779,6.135321e-06,6.135321e-06,8.67665416771e-06
87.0962005286,6.297823e-06,6.297823e-06,8.90646670003e-06
87.5990121797,5.985911e-06,5.985911e-06,8.46535651936e-06
88.1047265931,5.689448e-06,5.689448e-06,8.04609452402e-06
88.6133605264,5.407667e-06,5.407667e-06,7.6475960122e-06
89.1249308343,5.139841e-06,5.139841e-06,7.26883285064e-06
89.6394544686,4.045663e-06,4.045663e-06,5.72143148339e-06
90.1569484791,3.184416e-06,3.184416e-06,4.50344429544e-06
90.6774300139,2.506512e-06,2.506512e-06,3.54474326465e-06
91.2009163202,1.972921e-06,1.972921e-06,2.79013163569e-06
91.7274247448,1.773389e-06,1.773389e-06,2.50795077516e-06
92.2569727344,1.594036e-06,1.594036e-06,2.25430733011e-06
92.7895778367,1.432822e-06,1.432822e-06,2.02631630487e-06
93.3252577005,1.287912e-06,1.287912e-06,1.82138261754e-06
93.8640300768,1.455808e-06,1.455808e-06,2.05882341781e-06
94.4059128186,1.64559e-06,1.64559e-06,2.32721569611e-06
94.9509238824,1.860113e-06,1.860113e-06,2.63059703215e-06
95.4990813282,2.102601e-06,2.102601e-06,2.97352685046e-06
96.0504033201,2.220419e-06,2.220419e-06,3.14014666395e-06
96.6049081274,2.34484e-06,2.34484e-06,3.31610452959e-06
97.1626141246,2.476232e-06,2.476232e-06,3.50192087798e-06
97.7235397923,2.614986e-06,2.614986e-06,3.69814866662e-06
98.287703718,2.481464e-06,2.481464e-06,3.50932004334e-06
98.8551245962,2.35476e-06,2.35476e-06,3.33013352813e-06
99.4258212296,2.234526e-06,2.234526e-06,3.16009697468e-06
99.9998125293,2.120431e-06,2.120431e-06,2.99874227828e-06
100.577117516,2.263594e-06,2.263594e-06,3.20120533451e-06
101.157755319,2.416422e-06,2.416422e-06,3.41733676482e-06
101.741745179,2.579569e-06,2.579569e-06,3.64806146488e-06
102.329106448,2.753732e-06,2.753732e-06,3.89436514154e-06
102.91985859,2.184458e-06,2.184458e-06,3.08929013003e-06
103.514021179,1.732869e-06,1.732869e-06,2.45064684162e-06
104.111613905,1.374636e-06,1.374636e-06,1.94402887453e-06
104.71265657,1.09046e-06,1.09046e-06,1.54214332123e-06
105.317169091,8.916853e-07,8.916853e-07,1.26103344463e-06
105.9251715,7.291439e-07,7.291439e-07,1.0311651923e-06
106.536683943,5.962315e-07,5.962315e-07,8.43198673614e-07
107.151726685,4.87547e-07,4.87547e-07,6.89495579694e-07
107.770320105,4.623981e-07,4.623981e-07,6.53929664236e-07
108.392484703,4.385464e-07,4.385464e-07,6.2019826661e-07
109.018241096,4.159251e-07,4.159251e-07,5.88206917351e-07
109.647610017,3.944706e-07,3.944706e-07,5.57865672477e-07
110.280612324,4.779154e-07,4.779154e-07,6.75874440347e-07
110.917268991,5.790116e-07,5.790116e-07,8.18846057491e-07
111.557601116,7.014934e-07,7.014934e-07,9.92061480195e-07
112.201629918,8.498845e-07,8.498845e-07,1.20191818635e-06
112.849376736,1.172927e-06,1.172927e-06,1.65876927107e-06
113.500863036,1.618758e-06,1.618758e-06,2.2892695178e-06
114.156110407,2.23405e-06,2.23405e-06,3.15942380902e-06
114.81514056,3.083215e-06,3.083215e-06,4.36032446871e-06
115.477975334,4.429611e-06,4.429611e-06,6.26441595224e-06
116.144636693,6.363959e-06,6.363959e-06,8.99999712819e-06
116.815146729,9.14301e-06,9.14301e-06,1.29301687429e-05
117.48952766,1.313564e-05,1.313564e-05,1.85766002385e-05
118.167801833,1.400926e-05,1.400926e-05,1.98120854908e-05
118.849991724,1.494099e-05,1.494099e-05,2.11297506933e-05
119.536119939,1.59347e-05,1.59347e-05,2.25350688523e-05
120.226209214,1.699449e-05,1.699449e-05,2.40338382436e-05
120.920282416,1.005276e-05,1.005276e-05,1.42167495313e-05
121.618362544,5.946512e-06,5.946512e-06,8.40963791921e-06
122.320472732,3.517542e-06,3.517542e-06,4.97455560262e-06
123.026636244,2.080732e-06,2.080732e-06,2.94259941406e-06
123.736876481,2.587491e-06,2.587491e-06,3.65926486472e-06
124.451216978,3.217671e-06,3.217671e-06,4.55047396745e-06
125.169681406,4.00133e-06,4.00133e-06,5.65873515353e-06
125.892293573,4.975849e-06,4.975849e-06,7.03691314012e-06
126.619077423,5.443288e-06,5.443288e-06,7.6979717135e-06
127.350057041,5.954638e-06,5.954638e-06,8.42112981862e-06
128.085256649,6.514026e-06,6.514026e-06,9.21222391485e-06
128.824700609,7.12596e-06,7.12596e-06,1.00776292769e-05
129.568413423,7.395288e-06,7.395288e-06,1.04585165873e-05
130.316419737,7.674795e-06,7.674795e-06,1.08537991774e-05
131.068744336,7.964865e-06,7.964865e-06,1.12640201055e-05
131.825412151,8.265904e-06,8.265904e-06,1.16897535421e-05
132.586448256,8.312349e-06,8.312349e-06,1.1755436691e-05
133.351877867,8.359054e-06,8.359054e-06,1.18214875354e-05
134.121726351,8.406023e-06,8.406023e-06,1.18879117322e-05
134.896019216,8.453251e-06,8.453251e-06,1.19547022103e-05
135.674782122,8.014205e-06,8.014205e-06,1.13337974026e-05
136.458040872,7.597962e-06,7.597962e-06,1.07451409068e-05
137.245821423,7.203338e-06,7.203338e-06,1.0187058294e-05
138.038149879,6.82921e-06,6.82921e-06,9.65796140229e-06
138.835052496,7.328597e-06,7.328597e-06,1.03642012706e-05
139.636555679,7.864502e-06,7.864502e-06,1.11220853897e-05
140.442685989,8.439596e-06,8.439596e-06,1.19353911241e-05
141.253470138,9.056741e-06,9.056741e-06,1.28081659531e-05
142.068934993,1.42667e-05,1.42667e-05,2.01761606303e-05
142.889107576,2.247373e-05,2.247373e-05,3.17826537631e-05
143.714015066,3.540191e-05,3.540191e-05,5.00658612559e-05
144.543684796,5.576712e-05,5.576712e-05,7.88666174385e-05
145.37814426,6.340399e-05,6.340399e-05,8.96667825666e-05
146.21742111,7.208667e-05,7.208667e-05,0.00010194594638
147.061543155,8.195836e-05,8.195836e-05,0.000115906624262
147.910538368,9.318193e-05,9.318193e-05,0.000131779149174
148.764434882,9.094619e-05,9.094619e-05,0.000128617335344
149.623260993,8.87641e-05,8.87641e-05,0.000125531394072
150.487045158,8.663436e-05,8.663436e-05,0.00012251948688
151.355816003,8.455571e-05,8.455571e-05,0.000119579831858
152.229602313,7.384171e-05,7.384171e-05,0.000104427947751
153.108433046,6.448528e-05,6.448528e-05,9.11959575494e-05
153.992337321,5.631441e-05,5.631441e-05,7.9640602379e-05
154.88134443,4.917885e-05,4.917885e-05,6.95493966519e-05
155.77548383,6.192326e-05,6.192326e-05,8.75727141184e-05
156.674785152,7.797031e-05,7.797031e-05,0.000110266669864
157.579278194,9.817585e-05,9.817585e-05,0.000138841618568
158.48899293,0.0001236175,0.0001236175,0.000174821545047
159.403959505,0.0001022003,0.0001022003,0.000144533050339
160.324208236,8.449366e-05,8.449366e-05,0.000119492079907
161.24976962,6.985478e-05,6.985478e-05,9.87895772726e-05
162.180674325,5.775214e-05,5.775214e-05,8.16738596441e-05
163.1169532,6.085627e-05,6.085627e-05,8.60637623894e-05
164.05863727,6.412723e-05,6.412723e-05,9.06895983834e-05
165.005757739,6.757401e-05,6.757401e-05,9.55640814059e-05
165.958345992,7.120609e-05,7.120609e-05,0.000100700618202
166.916433595,9.04361e-05,9.04361e-05,0.000127895959148
167.880052295,0.0001148594,0.0001148594,0.000162435721246
168.849234025,0.0001458785,0.0001458785,0.000206303353159
169.8240109,0.0001852747,0.0001852747,0.000262017993505
170.804415221,0.0002403386,0.0002403386,0.000339890107682
171.790479475,0.0003117676,0.0003117676,0.000440905968229
172.782236339,0.0004044253,0.0004044253,0.000571943744227
173.779718674,0.0005246213,0.0005246213,0.00074192655757
174.782959536,0.0004697503,0.0004697503,0.000664327245189
175.791992169,0.0004206183,0.0004206183,0.000594844104442
176.806850008,0.0003766252,0.0003766252,0.000532628465771
177.827566682,0.0003372332,0.0003372332,0.000476919765122
178.854176016,0.0005427384,0.0005427384,0.000767548006101
179.886712028,0.0008734753,0.0008734753,0.00123528061566
180.925208934,0.001405759,0.001405759,0.00198804344323
181.969701144,0.002262409,0.002262409,0.00319952949143
183.020223272,0.002387407,0.002387407,0.0033763033583
184.076810128,0.00251931,0.00251931,0.00356284236982
185.139496723,0.002658502,0.002658502,0.003759689584
186.208318273,0.002805382,0.002805382,0.00396740927204
187.283310195,0.001992514,0.001992514,0.00281784032202
188.36450811,0.001415177,0.001415177,0.00200136250656
189.451947847,0.001005125,0.001005125,0.00142146140688
190.545665439,0.000713887,0.000713887,0.0010095886774
191.645697129,0.0005159462,0.0005159462,0.000729658113495
192.752079368,0.0003728888,0.0003728888,0.000527344398217
193.86484882,0.0002694972,0.0002694972,0.000381126595262
194.984042357,0.0001947731,0.0001947731,0.000275450759605
196.109697066,0.0003790416,0.0003790416,0.000536045771424
197.241850248,0.0007376408,0.0007376408,0.00104318162352
198.38053942,0.001435499,0.001435499,0.00203010215457
199.525802313,0.002793579,0.002793579,0.00395071730936
200.677676878,0.003529741,0.003529741,0.00499180759386
201.836201285,0.004459895,0.004459895,0.00630724399576
203.001413923,0.005635163,0.005635163,0.00796932394078
204.173353405,0.007120137,0.007120137,0.0100693943114
205.352058565,0.002970887,0.002970887,0.00420146868768
206.537568461,0.001239607,0.001239607,0.00175306903141
207.729922378,0.0005172277,0.0005172277,0.000731470428175
208.929159826,0.0002158139,0.0002158139,0.000305206944329
210.135320544,0.0001080716,0.0001080716,0.000152836322427
211.348444502,5.411823e-05,5.411823e-05,7.65347348376e-05
212.568571898,2.71004e-05,2.71004e-05,3.83257532257e-05
213.795743164,1.357087e-05,1.357087e-05,1.91921084072e-05
215.029998963,1.186659e-05,1.186659e-05,1.67818925171e-05
216.271380197,1.037635e-05,1.037635e-05,1.46743748979e-05
217.519927999,9.073252e-06,9.073252e-06,1.28315160332e-05
218.775683744,7.933804e-06,7.933804e-06,1.1220093218e-05
220.038689043,6.137457e-06,6.137457e-06,8.67967492788e-06
221.308985748,4.747832e-06,4.747832e-06,6.71444840627e-06
222.586615953,3.672843e-06,3.672843e-06,5.19418438307e-06
223.871621995,2.841249e-06,2.841249e-06,4.01813286988e-06
225.164046454,2.75638e-06,2.75638e-06,3.89810997905e-06
226.463932159,2.674047e-06,2.674047e-06,3.78167353382e-06
227.771322182,2.594173e-06,2.594173e-06,3.66871463974e-06
229.086259848,2.516684e-06,2.516684e-06,3.55912864501e-06
230.408788728,2.861399e-06,2.861399e-06,4.04662927316e-06
231.738952648,3.253329e-06,3.253329e-06,4.60090199466e-06
233.076795685,3.698944e-06,3.698944e-06,5.23109677126e-06
234.422362171,4.205595e-06,4.205595e-06,5.94760948685e-06
235.775696694,7.174208e-06,7.174208e-06,1.01458622529e-05
237.136844099,1.223828e-05,1.223828e-05,1.73075415561e-05
238.505849491,2.087694e-05,2.087694e-05,2.95244516888e-05
239.882758234,3.561341e-05,3.561341e-05,5.03649674244e-05
241.267615955,4.393807e-05,4.393807e-05,6.21378144985e-05
242.660468543,5.420863e-05,5.420863e-05,7.66625797437e-05
244.061362154,6.687995e-05,6.687995e-05,9.45825323408e-05
245.470343209,8.251323e-05,8.251323e-05,0.000116691328941
246.887458397,0.0001232605,0.0001232605,0.000174316670805
248.312754677,0.0001841299,0.0001841299,0.000260399001818
249.746279278,0.0002750582,0.0002750582,0.000388991036882
251.188079705,0.0004108895,0.0004108895,0.000581085503537
252.638203732,0.0005034721,0.0005034721,0.000712017072096
254.096699414,0.0006169155,0.0006169155,0.000872450266938
255.56361508,0.0007559203,0.0007559203,0.00106903274033
257.038999339,0.0009262463,0.0009262463,0.00130991007956
258.522901081,0.0007957987,0.0007957987,0.00112542931446
260.015369477,0.0006837227,0.0006837227,0.000966929915242
261.516453985,0.0005874308,0.0005874308,0.000830752604316
263.026204344,0.0005047,0.0005047,0.00071375358493
264.544670583,0.0004360896,0.0004360896,0.00061672382673
266.071903021,0.0003768064,0.0003768064,0.000532884721269
267.607952264,0.0003255822,0.0003255822,0.000460442762907
269.152869212,0.0002813217,0.0002813217,0.00039784896353
270.70670506,0.0003076119,0.0003076119,0.000435028920927
272.269511296,0.000336359,0.000336359,0.000475683459626
273.841339708,0.0003677926,0.0003677926,0.00052013728306
275.42224238,0.0004021635,0.0004021635,0.000568745075991
277.0122717,0.0003485886,0.0003485886,0.000492978725809
278.611480355,0.0003021507,0.0003021507,0.000427305617821
280.219921339,0.0002618991,0.0002618991,0.000370381259193
281.83764795,0.0002270097,0.0002270097,0.00032104019653
283.464713795,0.000266875,0.000266875,0.000377418244458
285.10117279,0.000313741,0.000313741,0.000443696777272
286.747079163,0.0003688371,0.0003688371,0.000521614429126
288.402487452,0.0004336088,0.0004336088,0.000613215445724
290.067452514,0.0006549883,0.0006549883,0.000926293337056
291.74202952,0.0009893936,0.0009893936,0.00139921384765
293.426273962,0.00149453,0.00149453,0.00211358459537
295.120241648,0.002257565,0.002257565,0.00319267904094
296.823988713,0.003298605,0.003298605,0.00466493192791
298.537571612,0.004819704,0.004819704,0.00681609076342
300.26104713,0.007042235,0.007042235,0.00995922424642
301.994472377,0.01028965,0.01028965,0.0145517625821
303.737904793,0.01128709,0.01128709,0.0159623557577
305.49140215,0.01238121,0.01238121,0.0175096751006
307.255022553,0.0135814,0.0135814,0.019207000076
309.028824445,0.01489793,0.01489793,0.0210688546573
310.812866602,0.01377941,0.01377941,0.0194870285035
312.607208143,0.01274488,0.01274488,0.0180239821468
314.411908526,0.01178801,0.01178801,0.0166707636154
316.227027554,0.01090298,0.01090298,0.0154191421863
318.052625375,0.008916337,0.008916337,0.0126096047121
319.888762483,0.007291682,0.007291682,0.0103119955769
321.735499721,0.005963057,0.005963057,0.0084330360826
323.592898286,0.004876522,0.004876522,0.00689644354961
325.461019725,0.005863293,0.005863293,0.00829194848077
327.339925943,0.007049738,0.007049738,0.00996983509078
329.2296792,0.008476263,0.008476263,0.0119872460928
331.130342118,0.01019144,0.01019144,0.0144128726681
333.041977678,0.01150707,0.01150707,0.0162734544572
334.964649226,0.01299253,0.01299253,0.0183742121355
336.898420474,0.01466975,0.01466975,0.0207461594066
338.8433555,0.01656348,0.01656348,0.0234242980561
340.799518754,0.0154243,0.0154243,0.0218132542501
342.766975058,0.01436347,0.01436347,0.0203130140767
344.745789606,0.0133756,0.0133756,0.0189159549249
346.73602797,0.01245567,0.01245567,0.0176149774424
348.737756102,0.007604256,0.007604256,0.010754041967
350.751040331,0.004642442,0.004642442,0.00656540443893
352.775947373,0.002834237,0.002834237,0.00400821640438
354.812544325,0.001730318,0.001730318,0.00244703918282
356.860898676,0.001551326,0.001551326,0.00219390626886
358.9210783,0.00139085,0.00139085,0.00196695893323
360.993151467,0.001246974,0.001246974,0.00176348754273
363.077186837,0.001117982,0.001117982,0.00158106530689
365.173253471,0.001369546,0.001369546,0.00193683052749
367.281420824,0.001677717,0.001677717,0.00237265013522
369.401758755,0.002055231,0.002055231,0.00290653555401
371.534337526,0.002517692,0.002517692,0.00356055417228
373.679227803,0.001745251,0.001745251,0.00246815763395
375.836500662,0.001209799,0.001209799,0.00171091415355
378.006227589,0.0008386268,0.0008386268,0.00118599739433
380.18848048,0.0005813318,0.0005813318,0.000822127315799
382.38333165,0.0002294252,0.0002294252,0.00032445622939
384.590853829,9.054369e-05,9.054369e-05,0.000128048114385
386.811120167,3.573348e-05,3.573348e-05,5.05347720468e-05
389.044204238,1.410237e-05,1.410237e-05,1.99437629156e-05
391.290180039,3.105717e-05,3.105717e-05,4.39214710229e-05
393.549121994,6.839615e-05,6.839615e-05,9.67267629441e-05
395.821104958,0.0001506266,0.0001506266,0.000213018180574
398.106204217,0.0003317199,0.0003317199,0.000469122781489
400.404495494,0.0002938426,0.0002938426,0.000415556190123
402.716054945,0.0002602903,0.0002602903,0.000368106072414
405.04095917,0.0002305692,0.0002305692,0.000326074089706
407.379285207,0.0002042418,0.0002042418,0.000288841523563
409.731110543,0.0003418589,0.0003418589,0.000483461492798
412.096513109,0.0005722017,0.0005722017,0.000809215404553
414.475571287,0.0009577483,0.0009577483,0.0013544606352
416.868363913,0.001603075,0.001603075,0.0022670904065
419.274970276,0.0007589428,0.0007589428,0.00107330720083
421.695470124,0.0003593059,0.0003593059,0.000508135276821
424.129943664,0.000170106,0.000170106,0.000240566212241
426.578471567,8.053317e-05,8.053317e-05,0.000113891101235
429.041134971,9.360979e-05,9.360979e-05,0.000132384234589
431.51801548,0.0001088097,0.0001088097,0.000153880153458
434.00919517,0.0001264778,0.0001264778,0.000178866620099
436.514756592,0.0001470147,0.0001470147,0.000207910182608
439.034782772,0.0002569903,0.0002569903,0.000363439167658
441.569357216,0.0004492341,0.0004492341,0.0006353129569
444.118563912,0.0007852875,0.0007852875,0.00111056423286
446.682487334,0.001372729,0.001372729,0.00194133196926
449.26121244,0.00109405,0.00109405,0.00154722034791
451.854824684,0.0008719451,0.0008719451,0.00123311658606
454.463410008,0.0006949303,0.0006949303,0.000982779855164
457.087054853,0.0005538515,0.0005538515,0.000783264302841
459.72584616,0.0008806019,0.0008806019,0.00124535915003
462.379871368,0.001400122,0.001400122,0.00198007152138
465.049218426,0.002226139,0.002226139,0.00314823596553
467.733975785,0.003539471,0.003539471,0.00500556789183
470.434232413,0.002916609,0.002916609,0.00412470800394
473.150077785,0.002403356,0.002403356,0.00339885865041
475.881601898,0.001980423,0.001980423,0.00280074106584
478.628895265,0.001631915,0.001631915,0.00230787632564
481.392048923,0.001995638,0.001995638,0.00282225832519
484.171154435,0.002440428,0.002440428,0.0034512863756
486.966303892,0.002984354,0.002984354,0.00422051390172
489.777589916,0.003649511,0.003649511,0.00516118795223
492.605105665,0.002741152,0.002741152,0.00387657433493
495.448944835,0.002058883,0.002058883,0.00291170026194
498.30920166,0.00154643,0.00154643,0.00218698227926
501.185970921,0.001161525,0.001161525,0.00164264440804
504.079347946,0.0007509155,0.0007509155,0.0010619548843
506.989428613,0.0004854602,0.0004854602,0.000686544398832
509.916309351,0.0003138456,0.0003138456,0.000443844704011
512.86008715,0.0002028983,0.0002028983,0.000286941527642
515.820859556,0.0002225479,0.0002225479,0.000314730258458
518.798724681,0.0002441005,0.0002441005,0.000345210237682
521.793781203,0.0002677403,0.0002677403,0.000378641963454
524.806128367,0.0002936696,0.0002936696,0.000415311531177
527.835865994,9.123418e-05,9.123418e-05,0.000129024614708
530.883094481,2.834367e-05,2.834367e-05,4.00840025214e-05
533.947914803,8.805511e-06,8.805511e-06,1.24528730798e-05
537.030428518,2.735602e-06,2.735602e-06,3.86872544965e-06
540.130737772,6.136522e-06,6.136522e-06,8.6783526382e-06
543.248945299,1.376549e-05,1.376549e-05,1.94673426507e-05
546.385154428,3.087884e-05,3.087884e-05,4.36692743183e-05
549.539469082,6.926761e-05,6.926761e-05,9.79591934952e-05
552.711993787,0.0001331127,0.0001331127,0.000188249785664
555.902833669,0.0002558048,0.0002558048,0.00036176261748
559.112094463,0.0004915842,0.0004915842,0.000695205042688
562.339882514,0.0009446853,0.0009446853,0.00133598676343
565.586304782,0.0006952934,0.0006952934,0.000983293356109
568.851468843,0.0005117396,0.0005117396,0.000723709082723
572.135482894,0.0003766431,0.0003766431,0.000532653780194
575.438455757,0.0002772112,0.0002772112,0.000392035838682
578.760496883,0.0003473691,0.0003473691,0.000491254092369
582.101716354,0.0004352826,0.0004352826,0.000615582556385
585.462224888,0.0005454458,0.0005454458,0.000771376847899
588.842133841,0.0006834897,0.0006834897,0.000966600403482
592.241555215,0.000649581,0.000649581,0.00091864626006
595.660601653,0.0006173544,0.0006173544,0.000873070965271
599.099386455,0.0005867267,0.0005867267,0.000829756856546
602.55802357,0.0005576184,0.0005576184,0.000788591503909
606.036627607,0.0004286596,0.0004286596,0.000606216219961
609.535313836,0.0003295247,0.0003295247,0.000466018299877
613.054198193,0.0002533164,0.0002533164,0.000358243488452
616.593397283,0.0001947326,0.0001947326,0.000275393483956
620.153028384,0.0001629628,0.0001629628,0.000230464201922
623.733209451,0.0001363761,0.0001363761,0.000192864930204
627.334059121,0.0001141269,0.0001141269,0.000161399809812
630.955696715,9.550758e-05,9.550758e-05,0.000135068114945
634.598242242,0.0001279351,0.0001279351,0.000180927553524
638.261816405,0.0001713728,0.0001713728,0.000242357737982
641.946540605,0.0002295588,0.0002295588,0.000324645168322
645.652536941,0.0003075007,0.0003075007,0.000434871660379
649.379928219,6.003425e-05,6.003425e-05,8.49012505569e-05
653.128837952,1.172066e-05,1.172066e-05,1.6575516332e-05
656.89939037,2.288258e-06,2.288258e-06,3.23608549781e-06
660.691710415,4.46743e-07,4.46743e-07,6.31790009495e-07
664.505923754,1.327463e-06,1.327463e-06,1.87731617815e-06
668.342156778,3.944453e-06,3.944453e-06,5.57829892874e-06
672.200536608,1.172064e-05,1.172064e-05,1.65754880477e-05
676.081191098,3.482701e-05,3.482701e-05,4.92528298789e-05
679.984248843,2.750136e-05,2.750136e-05,3.88927962957e-05
683.909839177,2.171661e-05,2.171661e-05,3.07119243908e-05
687.858092182,1.714865e-05,1.714865e-05,2.42518534064e-05
691.829138692,1.354153e-05,1.354153e-05,1.91506153813e-05
695.823110294,3.126236e-05,3.126236e-05,4.42116535038e-05
699.840139336,7.217316e-05,7.217316e-05,0.000102068261711
703.880358931,0.000166621,0.000166621,0.000235637677976
707.943902959,0.0003846661,0.0003846661,0.000544000015605
712.030906073,0.0002528544,0.0002528544,0.000357590121786
716.141503704,0.0001662101,0.0001662101,0.000235056577623
720.275832064,0.0001092557,0.0001092557,0.000154510892707
724.434028153,7.181757e-05,7.181757e-05,0.000101565381511
728.616229761,0.0001378772,0.0001378772,0.000194987806182
732.822575472,0.0002647,0.0002647,0.00037434232996
737.053204672,0.0005081776,0.0005081776,0.000718671654014
741.308257551,0.0009756123,0.0009756123,0.00137972414628
745.587875109,0.0006614296,0.0006614296,0.000935402710875
749.892199159,0.0004484252,0.0004484252,0.00063416899955
754.221372332,0.0003040159,0.0003040159,0.000429943408957
758.575538085,0.0002061118,0.0002061118,0.000291486102925
762.954840701,0.0001206734,0.0001206734,0.000170657958898
767.359425297,7.065131e-05,7.065131e-05,9.99160408014e-05
771.789437827,4.13646e-05,4.13646e-05,5.84983783221e-05
776.245025089,2.421796e-05,2.421796e-05,3.4249367485e-05
780.726334726,2.878636e-05,2.878636e-05,4.07100607234e-05
785.233515235,3.421652e-05,3.421652e-05,4.83894666412e-05
789.766715971,4.067102e-05,4.067102e-05,5.75175080795e-05
794.32608715,4.834307e-05,4.834307e-05,6.83674252408e-05
798.911779856,3.450282e-05,3.450282e-05,4.87943559841e-05
803.523946043,2.462493e-05,2.462493e-05,3.48249099785e-05
808.162738546,1.757501e-05,1.757501e-05,2.48548175008e-05
812.82831108,1.254342e-05,1.254342e-05,1.77390746825e-05
817.520818247,1.845067e-05,1.845067e-05,2.60931877489e-05
822.240415543,2.713991e-05,2.713991e-05,3.83816288036e-05
826.98725936,3.992129e-05,3.992129e-05,5.64572297454e-05
831.761506995,5.872201e-05,5.872201e-05,8.30454629518e-05
836.563316651,8.031769e-05,8.031769e-05,0.000113586366496
841.392847445,0.0001098554,0.0001098554,0.00015535899658
846.250259414,0.000150256,0.000150256,0.000212494073028
851.135713517,0.0002055144,0.0002055144,0.000290641251743
856.049371643,0.0001672601,0.0001672601,0.000236541501864
860.991396616,0.0001361264,0.0001361264,0.000192511801077
865.961952199,0.0001107878,0.0001107878,0.000156677609305
870.9612031,9.016585e-05,9.016585e-05,0.000127513767933
875.989314981,7.570887e-05,7.570887e-05,0.000107068510746
881.046454456,6.356988e-05,6.356988e-05,8.99013864544e-05
886.132789105,5.337723e-05,5.337723e-05,7.54868025879e-05
891.248487472,4.481884e-05,4.481884e-05,6.33834113778e-05
896.393719077,4.72633e-05,4.72633e-05,6.68403998625e-05
901.568654415,4.98411e-05,4.98411e-05,7.04859595836e-05
906.77346497,5.255949e-05,5.255949e-05,7.43303435894e-05
912.008323211,5.542613e-05,5.542613e-05,7.83843847559e-05
917.273402607,3.608743e-05,3.608743e-05,5.10353329372e-05
922.568877626,2.349618e-05,2.349618e-05,3.322861642e-05
927.894923743,1.529814e-05,1.529814e-05,2.16348370671e-05
933.251717448,9.960475e-06,9.960475e-06,1.40862388327e-05
938.639436248,9.458701e-06,9.458701e-06,1.33766232366e-05
944.058258676,8.982204e-06,8.982204e-06,1.27027547168e-05
949.508364294,8.529712e-06,8.529712e-06,1.20628343935e-05
954.989933703,8.100016e-06,8.100016e-06,1.14551524826e-05
960.503148545,1.786479e-05,1.786479e-05,2.52646283069e-05
966.04819151,3.940123e-05,3.940123e-05,5.57217538402e-05
971.625246345,8.69004e-05,8.69004e-05,0.000122895724256
977.234497856,0.0001916611,0.0001916611,0.000271049726999
982.876131917,0.0002086301,0.0002086301,0.000295047516939
988.550335473,0.0002271013,0.0002271013,0.000321169738493
994.257296551,0.000247208,0.000247208,0.000349604906327
999.997204261,0.0002690948,0.0002690948,0.000380557515724
