Hz,real,imaginary,unitless (peak only)
40.000021,-3.262263E-2,-6.606246E-3,3.328481E-2
40.161289,-3.330786E-2,-6.329226E-3,3.390387E-2
40.323208,-3.400239E-2,-6.038685E-3,3.453445E-2
40.485779,-3.470623E-2,-5.734256E-3,3.517676E-2
40.649005,-3.541935E-2,-5.415573E-3,3.583098E-2
40.812890,-3.611176E-2,-5.300297E-3,3.649866E-2
40.977435,-3.681640E-2,-5.178652E-3,3.717883E-2
41.142643,-3.753338E-2,-5.050444E-3,3.787165E-2
41.308518,-3.826296E-2,-4.915464E-3,3.857740E-2
41.475062,-3.900475E-2,-5.666242E-3,3.941417E-2
41.642277,-3.974990E-2,-6.445705E-3,4.026912E-2
41.810166,-4.049797E-2,-7.254523E-3,4.114260E-2
41.978732,-4.124849E-2,-8.093378E-3,4.203499E-2
42.147977,-4.225522E-2,-7.654623E-3,4.294295E-2
42.317905,-4.327708E-2,-7.191488E-3,4.387053E-2
42.488518,-4.431400E-2,-6.703221E-3,4.481812E-2
42.659819,-4.536598E-2,-6.189062E-3,4.578621E-2
42.831810,-4.723345E-2,-6.259120E-3,4.764636E-2
43.004495,-4.917707E-2,-6.324560E-3,4.958210E-2
43.177877,-5.119989E-2,-6.384890E-3,5.159647E-2
43.351957,-5.330511E-2,-6.439586E-3,5.369267E-2
43.526739,-5.627093E-2,-5.735672E-3,5.656249E-2
43.702225,-5.938090E-2,-4.936012E-3,5.958570E-2
43.878420,-6.264083E-2,-4.032678E-3,6.277050E-2
44.055324,-6.605665E-2,-3.017204E-3,6.612552E-2
44.232942,-7.286419E-2,-1.087370E-3,7.287230E-2
44.411276,-8.029746E-2,1.268807E-3,8.030748E-2
44.590329,-8.840548E-2,4.115784E-3,8.850123E-2
44.770103,-9.724016E-2,7.526240E-3,9.753098E-2
44.950603,-1.083881E-1,1.338853E-2,1.092119E-1
45.131830,-1.205586E-1,2.051583E-2,1.222918E-1
45.313788,-1.338083E-1,2.911041E-2,1.369382E-1
45.496479,-1.481901E-1,3.940149E-2,1.533388E-1
45.679908,-1.488182E-1,7.288502E-2,1.657078E-1
45.864075,-1.424532E-1,1.085117E-1,1.790746E-1
46.048985,-1.282250E-1,1.449420E-1,1.935196E-1
46.234641,-1.054927E-1,1.805729E-1,2.091298E-1
46.421045,-5.293512E-2,1.682980E-1,1.764266E-1
46.608201,-1.200422E-2,1.483526E-1,1.488375E-1
46.796111,1.792580E-2,1.242765E-1,1.255627E-1
46.984779,3.803297E-2,9.886415E-2,1.059275E-1
47.174207,3.462150E-2,8.336101E-2,9.026465E-2
47.364399,3.136682E-2,7.023151E-2,7.691776E-2
47.555358,2.829904E-2,5.912048E-2,6.554439E-2
47.747087,2.543590E-2,4.972469E-2,5.585275E-2
47.939589,2.578384E-2,4.512059E-2,5.196801E-2
48.132867,2.590885E-2,4.082634E-2,4.835348E-2
48.326924,2.584002E-2,3.682964E-2,4.499032E-2
48.521763,2.560383E-2,3.311791E-2,4.186110E-2
48.717389,2.346801E-2,2.974906E-2,3.789135E-2
48.913802,2.150499E-2,2.671875E-2,3.429805E-2
49.111008,1.970137E-2,2.399333E-2,3.104551E-2
49.309009,1.804471E-2,2.154246E-2,2.810141E-2
49.507808,1.617535E-2,1.997931E-2,2.570632E-2
49.707408,1.448944E-2,1.852103E-2,2.351537E-2
49.907814,1.296971E-2,1.716147E-2,2.151115E-2
50.109027,1.160047E-2,1.589474E-2,1.967775E-2
50.311051,1.030991E-2,1.477005E-2,1.801246E-2
50.513890,9.150518E-3,1.371588E-2,1.648810E-2
50.717547,8.109802E-3,1.272878E-2,1.509274E-2
50.922025,7.176406E-3,1.180535E-2,1.381547E-2
51.127327,6.123786E-3,1.136130E-2,1.290658E-2
51.333457,5.163233E-3,1.089607E-2,1.205750E-2
51.540418,4.289600E-3,1.041552E-2,1.126427E-2
51.748213,3.497803E-3,9.924898E-3,1.052322E-2
51.956847,2.712771E-3,9.376833E-3,9.761359E-3
52.166321,2.014838E-3,8.827636E-3,9.054652E-3
52.376640,1.397627E-3,8.282008E-3,8.399108E-3
52.587807,8.549822E-4,7.743969E-3,7.791024E-3
52.799825,1.274349E-5,7.362981E-3,7.362992E-3
53.012698,-7.396735E-4,6.919053E-3,6.958478E-3
53.226429,-1.401274E-3,6.425156E-3,6.576184E-3
53.441022,-1.972451E-3,5.893587E-3,6.214896E-3
53.656480,-2.678697E-3,5.787847E-3,6.377663E-3
53.872806,-3.387053E-3,5.600079E-3,6.544693E-3
54.090005,-4.088280E-3,5.328410E-3,6.716099E-3
54.308080,-4.772737E-3,4.971973E-3,6.891991E-3
54.527034,-5.103604E-3,4.860398E-3,7.047712E-3
54.746870,-5.436490E-3,4.731248E-3,7.206950E-3
54.967593,-5.770638E-3,4.584051E-3,7.369789E-3
55.189206,-6.105240E-3,4.418365E-3,7.536306E-3
55.411712,-6.607459E-3,4.215670E-3,7.837754E-3
55.635115,-7.116537E-3,3.974662E-3,8.151260E-3
55.859419,-7.630403E-3,3.693463E-3,8.477306E-3
56.084628,-8.146795E-3,3.370242E-3,8.816394E-3
56.310744,-8.543009E-3,3.248113E-3,9.139652E-3
56.537772,-8.949919E-3,3.109680E-3,9.474764E-3
56.765715,-9.367416E-3,2.954033E-3,9.822158E-3
56.994577,-9.795377E-3,2.780230E-3,1.018229E-2
57.224362,-1.028728E-2,2.580525E-3,1.060600E-2
57.455073,-1.079301E-2,2.356839E-3,1.104734E-2
57.686715,-1.131237E-2,2.107742E-3,1.150705E-2
57.919290,-1.184509E-2,1.831755E-3,1.198589E-2
58.152803,-1.224802E-2,1.800703E-3,1.237968E-2
58.387258,-1.266394E-2,1.765530E-3,1.278642E-2
58.622658,-1.309325E-2,1.726000E-3,1.320652E-2
58.859007,-1.353634E-2,1.681867E-3,1.364042E-2
59.096308,-1.412362E-2,1.518856E-3,1.420505E-2
59.334567,-1.473233E-2,1.339037E-3,1.479306E-2
59.573786,-1.536307E-2,1.141350E-3,1.540541E-2
59.813969,-1.601643E-2,9.246791E-4,1.604310E-2
60.055121,-1.646617E-2,8.592285E-4,1.648857E-2
60.297245,-1.692803E-2,7.894033E-4,1.694643E-2
60.540346,-1.740231E-2,7.150128E-4,1.741699E-2
60.784426,-1.788932E-2,6.358571E-4,1.790062E-2
61.029491,-1.842820E-2,4.944556E-4,1.843483E-2
61.275543,-1.898187E-2,3.440097E-4,1.898499E-2
61.522587,-1.955069E-2,1.841167E-4,1.955156E-2
61.770628,-2.013504E-2,1.436137E-5,2.013505E-2
62.019668,-2.066951E-2,-3.013177E-5,2.066953E-2
62.269713,-2.121807E-2,-7.699702E-5,2.121821E-2
62.520766,-2.178108E-2,-1.263288E-4,2.178145E-2
62.772831,-2.235892E-2,-1.782258E-4,2.235963E-2
63.025912,-2.303037E-2,-3.454914E-5,2.303040E-2
63.280013,-2.372100E-2,1.179097E-4,2.372129E-2
63.535139,-2.443130E-2,2.795418E-4,2.443290E-2
63.791293,-2.516183E-2,4.507518E-4,2.516587E-2
64.048481,-2.585622E-2,4.684942E-4,2.586046E-2
64.306705,-2.656976E-2,4.868728E-4,2.657422E-2
64.565970,-2.730299E-2,5.059090E-4,2.730768E-2
64.826281,-2.805649E-2,5.256262E-4,2.806141E-2
65.087641,-2.847465E-2,8.832201E-4,2.848834E-2
65.350054,-2.889468E-2,1.251438E-3,2.892177E-2
65.613526,-2.931648E-2,1.630465E-3,2.936178E-2
65.878060,-2.973995E-2,2.020487E-3,2.980851E-2
66.143660,-2.988983E-2,2.299105E-3,2.997812E-2
66.410332,-3.003806E-2,2.580645E-3,3.014871E-2
66.678078,-3.018459E-2,2.865107E-3,3.032026E-2
66.946904,-3.032942E-2,3.152500E-3,3.049282E-2
67.216813,-2.942767E-2,3.509994E-3,2.963626E-2
67.487811,-2.854609E-2,3.844134E-3,2.880376E-2
67.759902,-2.768445E-2,4.155873E-3,2.799464E-2
68.033089,-2.684254E-2,4.446142E-3,2.720827E-2
68.307378,-2.510792E-2,3.619905E-3,2.536753E-2
68.582773,-2.347488E-2,2.883630E-3,2.365133E-2
68.859278,-2.193825E-2,2.229229E-3,2.205122E-2
69.136898,-2.049311E-2,1.649257E-3,2.055937E-2
69.415637,-1.727776E-2,4.616469E-4,1.728393E-2
69.695500,-1.452507E-2,-3.905270E-4,1.453032E-2
69.976491,-1.217587E-2,-9.819453E-4,1.221540E-2
70.258615,-1.017714E-2,-1.372632E-3,1.026929E-2
70.541877,-8.608209E-3,-3.722047E-3,9.378427E-3
70.826280,-6.648191E-3,-5.399826E-3,8.564845E-3
71.111830,-4.510342E-3,-6.390464E-3,7.821842E-3
71.398532,-2.385973E-3,-6.733040E-3,7.143297E-3
71.686389,-2.216839E-3,-8.039700E-3,8.339733E-3
71.975407,-1.910882E-3,-9.547202E-3,9.736557E-3
72.265590,-1.428845E-3,-1.127718E-2,1.136734E-2
72.556943,-7.232031E-4,-1.325153E-2,1.327125E-2
72.849471,-9.450795E-4,-1.491389E-2,1.494380E-2
73.143178,-1.211313E-3,-1.678349E-2,1.682715E-2
73.438069,-1.529536E-3,-1.888600E-2,1.894784E-2
73.734149,-1.908595E-3,-2.125026E-2,2.133580E-2
74.031423,-5.938948E-3,-2.447548E-2,2.518571E-2
74.329895,-1.120741E-2,-2.753701E-2,2.973034E-2
74.629571,-1.789271E-2,-3.019121E-2,3.509499E-2
74.930455,-2.616099E-2,-3.212247E-2,4.142765E-2
75.232552,-3.312784E-2,-2.621502E-2,4.224549E-2
75.535867,-3.876197E-2,-1.879759E-2,4.307946E-2
75.840404,-4.273636E-2,-1.017057E-2,4.392991E-2
76.146170,-4.479159E-2,-7.051578E-4,4.479714E-2
76.453168,-4.059497E-2,4.759833E-4,4.059776E-2
76.761404,-3.676378E-2,1.441550E-3,3.679203E-2
77.070883,-3.326903E-2,2.220920E-3,3.334308E-2
77.381610,-3.008366E-2,2.839980E-3,3.021741E-2
77.693589,-2.928321E-2,1.702699E-3,2.933267E-2
78.006826,-2.846691E-2,6.274333E-4,2.847382E-2
78.321326,-2.763743E-2,-3.871173E-4,2.764014E-2
78.637094,-2.679728E-2,-1.342303E-3,2.683088E-2
78.954135,-2.803821E-2,-2.009344E-3,2.811012E-2
79.272454,-2.932299E-2,-2.735967E-3,2.945035E-2
79.592057,-3.065236E-2,-3.525986E-3,3.085449E-2
79.912948,-3.202698E-2,-4.383418E-3,3.232556E-2
80.235133,-3.261345E-2,-3.912562E-3,3.284730E-2
80.558617,-3.320134E-2,-3.424266E-3,3.337746E-2
80.883405,-3.379040E-2,-2.918228E-3,3.391618E-2
81.209502,-3.438034E-2,-2.394143E-3,3.446360E-2
81.536914,-3.514004E-2,-2.758202E-3,3.524812E-2
81.865647,-3.591376E-2,-3.137377E-3,3.605054E-2
82.195704,-3.670161E-2,-3.532135E-3,3.687118E-2
82.527092,-3.750380E-2,-3.942954E-3,3.771050E-2
82.859817,-3.744484E-2,-4.574393E-3,3.772322E-2
83.193882,-3.737525E-2,-5.204965E-3,3.773594E-2
83.529295,-3.729501E-2,-5.834491E-3,3.774863E-2
83.866060,-3.720418E-2,-6.462789E-3,3.776134E-2
84.204183,-3.826500E-2,-7.805816E-3,3.905305E-2
84.543668,-3.932101E-2,-9.226261E-3,4.038893E-2
84.884523,-4.036976E-2,-1.072660E-2,4.177053E-2
85.226752,-4.140852E-2,-1.230931E-2,4.319936E-2
85.570360,-4.404876E-2,-1.371975E-2,4.613594E-2
85.915354,-4.684868E-2,-1.526258E-2,4.927215E-2
86.261739,-4.981726E-2,-1.694902E-2,5.262156E-2
86.609520,-5.296398E-2,-1.879116E-2,5.619867E-2
86.958704,-5.486188E-2,-1.964602E-2,5.827342E-2
87.309295,-5.682722E-2,-2.053820E-2,6.042475E-2
87.661299,-5.886240E-2,-2.146928E-2,6.265550E-2
88.014723,-6.096984E-2,-2.244093E-2,6.496858E-2
88.369572,-6.307842E-2,-2.376844E-2,6.740791E-2
88.725852,-6.525557E-2,-2.516254E-2,6.993885E-2
89.083567,-6.750329E-2,-2.662629E-2,7.256482E-2
89.442725,-6.982367E-2,-2.816286E-2,7.528939E-2
89.803331,-7.361735E-2,-2.946891E-2,7.929647E-2
90.165391,-7.761656E-2,-3.083398E-2,8.351685E-2
90.528911,-8.183236E-2,-3.226066E-2,8.796184E-2
90.893896,-8.627655E-2,-3.375166E-2,9.264350E-2
91.260353,-8.836780E-2,-3.517493E-2,9.511122E-2
91.628287,-9.050606E-2,-3.664880E-2,9.764467E-2
91.997705,-9.269230E-2,-3.817490E-2,1.002456E-1
92.368612,-9.492742E-2,-3.975495E-2,1.029158E-1
92.741014,-9.981273E-2,-4.117938E-2,1.079737E-1
93.114918,-1.049460E-1,-4.264656E-2,1.132801E-1
93.490329,-1.103396E-1,-4.415724E-2,1.188473E-1
93.867254,-1.160067E-1,-4.571211E-2,1.246882E-1
94.245698,-1.197372E-1,-4.812249E-2,1.290456E-1
94.625668,-1.235810E-1,-5.064321E-2,1.335552E-1
95.007171,-1.275413E-1,-5.327895E-2,1.382224E-1
95.390211,-1.316216E-1,-5.603453E-2,1.430528E-1
95.774795,-1.378119E-1,-6.014922E-2,1.503664E-1
96.160930,-1.442792E-1,-6.453298E-2,1.580538E-1
96.548622,-1.510350E-1,-6.920220E-2,1.661340E-1
96.937877,-1.580917E-1,-7.417433E-2,1.746277E-1
97.328701,-1.664346E-1,-7.909881E-2,1.842745E-1
97.721101,-1.752124E-1,-8.433892E-2,1.944542E-1
98.115083,-1.844476E-1,-8.991443E-2,2.051963E-1
98.510654,-1.941636E-1,-9.584622E-2,2.165318E-1
98.907819,-2.072812E-1,-9.762479E-2,2.291203E-1
99.306585,-2.211936E-1,-9.925126E-2,2.424406E-1
99.706959,-2.359439E-1,-1.007014E-1,2.565352E-1
100.108948,-2.515777E-1,-1.019486E-1,2.714495E-1
100.512557,-2.664296E-1,-1.123412E-1,2.891458E-1
100.917793,-2.820931E-1,-1.236320E-1,3.079958E-1
101.324663,-2.986074E-1,-1.358916E-1,3.280745E-1
101.733174,-3.160134E-1,-1.491959E-1,3.494623E-1
102.143331,-3.368173E-1,-1.592588E-1,3.725711E-1
102.555142,-3.589907E-1,-1.700002E-1,3.972082E-1
102.968613,-3.826237E-1,-1.814657E-1,4.234746E-1
103.383752,-4.078123E-1,-1.937040E-1,4.514777E-1
103.800564,-4.424366E-1,-2.144940E-1,4.916887E-1
104.219056,-4.799628E-1,-2.374360E-1,5.354812E-1
104.639236,-5.206305E-1,-2.627466E-1,5.831740E-1
105.061110,-5.646991E-1,-2.906635E-1,6.351144E-1
105.484685,-6.191992E-1,-3.093008E-1,6.921522E-1
105.909967,-6.788351E-1,-3.288921E-1,7.543123E-1
106.336964,-7.440804E-1,-3.494552E-1,8.220551E-1
106.765682,-8.154513E-1,-3.710036E-1,8.958820E-1
107.196129,-9.273819E-1,-3.834410E-1,1.003526E+0
107.628312,-1.053172E+0,-3.929875E-1,1.124104E+0
108.062237,-1.194363E+0,-3.987557E-1,1.259170E+0
108.497911,-1.352649E+0,-3.996920E-1,1.410466E+0
108.935342,-1.570393E+0,-4.590902E-1,1.636123E+0
109.374536,-1.823174E+0,-5.272593E-1,1.897885E+0
109.815501,-2.116624E+0,-6.054846E-1,2.201524E+0
110.258244,-2.457285E+0,-6.952383E-1,2.553744E+0
110.702772,-3.274614E+0,-6.650862E-1,3.341472E+0
111.149092,-4.338054E+0,-5.452448E-1,4.372185E+0
111.597212,-5.713769E+0,-2.841410E-1,5.720830E+0
112.047138,-7.483014E+0,1.920312E-1,7.485478E+0
112.498878,-6.096402E+0,4.628076E+0,7.654097E+0
112.952440,-2.296376E+0,7.482045E+0,7.826515E+0
113.407830,2.562060E+0,7.581616E+0,8.002815E+0
113.865056,6.654132E+0,4.762916E+0,8.183083E+0
114.324126,5.422479E+0,4.090104E+0,6.792071E+0
114.785046,4.414468E+0,3.506284E+0,5.637513E+0
115.247825,3.590180E+0,3.000942E+0,4.679214E+0
115.712469,2.916708E+0,2.564532E+0,3.883814E+0
116.178987,2.747649E+0,2.543689E+0,3.744320E+0
116.647385,2.585230E+0,2.519425E+0,3.609836E+0
117.117672,2.429297E+0,2.492025E+0,3.480183E+0
117.589855,2.279689E+0,2.461765E+0,3.355185E+0
118.063942,2.052228E+0,2.475846E+0,3.215813E+0
118.539940,1.833805E+0,2.477357E+0,3.082229E+0
119.017858,1.624690E+0,2.467317E+0,2.954195E+0
119.497702,1.425091E+0,2.446710E+0,2.831479E+0
119.979480,1.216005E+0,2.771095E+0,3.026159E+0
120.463201,9.545873E-1,3.090138E+0,3.234222E+0
120.948873,6.382526E-1,3.397154E+0,3.456591E+0
121.436502,2.650672E-1,3.684727E+0,3.694249E+0
121.926097,-7.877523E-1,4.768498E+0,4.833128E+0
122.417666,-2.457990E+0,5.825803E+0,6.323108E+0
122.911217,-4.905602E+0,6.660937E+0,8.272425E+0
123.406758,-8.274336E+0,6.976100E+0,1.082269E+1
123.904297,-8.958468E+0,2.835487E+0,9.396496E+0
124.403842,-8.127104E+0,-7.121119E-1,8.158243E+0
124.905401,-6.278358E+0,-3.279246E+0,7.083166E+0
125.408981,-3.940695E+0,-4.721280E+0,6.149761E+0
125.914593,-3.334015E+0,-4.279098E+0,5.424605E+0
126.422242,-2.812292E+0,-3.871280E+0,4.784955E+0
126.931938,-2.364443E+0,-3.496280E+0,4.220730E+0
127.443690,-1.980752E+0,-3.152401E+0,3.723038E+0
127.957504,-1.833726E+0,-2.975136E+0,3.494851E+0
128.473390,-1.697154E+0,-2.807550E+0,3.280651E+0
128.991356,-1.570316E+0,-2.649134E+0,3.079578E+0
129.511410,-1.452540E+0,-2.499407E+0,2.890832E+0
130.033561,-1.354287E+0,-2.260479E+0,2.635120E+0
130.557817,-1.261832E+0,-2.043899E+0,2.402029E+0
131.084187,-1.174933E+0,-1.847616E+0,2.189555E+0
131.612679,-1.093344E+0,-1.669766E+0,1.995876E+0
132.143301,-1.037732E+0,-1.558919E+0,1.872730E+0
132.676063,-9.847645E-1,-1.455309E+0,1.757181E+0
133.210973,-9.343294E-1,-1.358472E+0,1.648762E+0
133.748039,-8.863191E-1,-1.267972E+0,1.547034E+0
134.287271,-8.588098E-1,-1.217458E+0,1.489885E+0
134.828677,-8.321084E-1,-1.168924E+0,1.434848E+0
135.372265,-8.061930E-1,-1.122294E+0,1.381843E+0
135.918045,-7.810425E-1,-1.077493E+0,1.330796E+0
136.466026,-7.606880E-1,-1.040731E+0,1.289096E+0
137.016216,-7.408306E-1,-1.005198E+0,1.248701E+0
137.568624,-7.214595E-1,-9.708556E-1,1.209572E+0
138.123259,-7.025634E-1,-9.376632E-1,1.171669E+0
138.680130,-6.920244E-1,-9.050206E-1,1.139280E+0
139.239246,-6.814667E-1,-8.733818E-1,1.107787E+0
139.800617,-6.709009E-1,-8.427197E-1,1.077165E+0
140.364251,-6.603359E-1,-8.130065E-1,1.047389E+0
140.930157,-6.492876E-1,-7.934484E-1,1.025249E+0
141.498345,-6.384028E-1,-7.743434E-1,1.003577E+0
142.068824,-6.276797E-1,-7.556814E-1,9.823626E-1
142.641602,-6.171164E-1,-7.374531E-1,9.615975E-1
143.216690,-6.100275E-1,-7.288529E-1,9.504526E-1
143.794096,-6.030201E-1,-7.203533E-1,9.394371E-1
144.373831,-5.960931E-1,-7.119526E-1,9.285491E-1
144.955903,-5.892459E-1,-7.036501E-1,9.177877E-1
145.540321,-5.927421E-1,-6.991676E-1,9.166125E-1
146.127096,-5.962061E-1,-6.946696E-1,9.154385E-1
146.716236,-5.996386E-1,-6.901566E-1,9.142661E-1
147.307751,-6.030392E-1,-6.856285E-1,9.130951E-1
147.901652,-6.214794E-1,-6.810390E-1,9.219820E-1
148.497947,-6.400110E-1,-6.760646E-1,9.309551E-1
149.096645,-6.586281E-1,-6.707002E-1,9.400158E-1
149.697758,-6.773242E-1,-6.649403E-1,9.491647E-1
150.301294,-7.148248E-1,-6.381410E-1,9.582267E-1
150.907264,-7.513594E-1,-6.093225E-1,9.673752E-1
151.515676,-7.868232E-1,-5.785142E-1,9.766112E-1
152.126542,-8.211121E-1,-5.457507E-1,9.859355E-1
152.739870,-7.553228E-1,-4.896082E-1,9.001271E-1
153.355671,-6.946748E-1,-4.390453E-1,8.217870E-1
153.973955,-6.387786E-1,-3.935220E-1,7.502651E-1
154.594731,-5.872732E-1,-3.525501E-1,6.849682E-1
155.218010,-5.754141E-1,-3.927124E-1,6.966523E-1
155.843803,-5.609962E-1,-4.327889E-1,7.085358E-1
156.472118,-5.439855E-1,-4.726265E-1,7.206220E-1
157.102966,-5.243558E-1,-5.120682E-1,7.329139E-1
157.736358,-5.412022E-1,-5.401698E-1,7.646458E-1
158.372303,-5.584573E-1,-5.696782E-1,7.977517E-1
159.010812,-5.761229E-1,-6.006588E-1,8.322912E-1
159.651896,-5.941996E-1,-6.331791E-1,8.683254E-1
160.295564,-6.289088E-1,-6.669465E-1,9.167027E-1
160.941827,-6.656374E-1,-7.025072E-1,9.677755E-1
161.590696,-7.045022E-1,-7.399556E-1,1.021694E+0
162.242181,-7.456268E-1,-7.793917E-1,1.078615E+0
162.896293,-8.306855E-1,-8.386270E-1,1.180396E+0
163.553041,-9.248835E-1,-9.018248E-1,1.291781E+0
164.212438,-1.029156E+0,-9.691838E-1,1.413676E+0
164.874493,-1.144532E+0,-1.040906E+0,1.547074E+0
165.539217,-1.643508E+0,-1.105337E+0,1.980628E+0
166.206621,-2.287522E+0,-1.094044E+0,2.535683E+0
166.876716,-3.101145E+0,-9.598264E-1,3.246285E+0
167.549512,-4.106713E+0,-6.383323E-1,4.156027E+0
168.225021,-5.010964E+0,9.297114E-1,5.096481E+0
168.903254,-5.420228E+0,3.111346E+0,6.249748E+0
169.584221,-5.007508E+0,5.801852E+0,7.663982E+0
170.267933,-3.437002E+0,8.747209E+0,9.398226E+0
170.954402,-5.246696E-1,7.475009E+0,7.493400E+0
171.643639,1.386753E+0,5.811475E+0,5.974640E+0
172.335654,2.443307E+0,4.089391E+0,4.763703E+0
173.030459,2.835587E+0,2.527002E+0,3.798196E+0
173.728066,2.045786E+0,1.979924E+0,2.846988E+0
174.428485,1.471140E+0,1.545864E+0,2.133998E+0
175.131728,1.054145E+0,1.203076E+0,1.599567E+0
175.837806,7.524091E-1,9.335035E-1,1.198978E+0
176.546731,6.272369E-1,8.566397E-1,1.061724E+0
177.258514,5.196689E-1,7.835098E-1,9.401826E-1
177.973167,4.275194E-1,7.144049E-1,8.325546E-1
178.690701,3.488430E-1,6.494926E-1,7.372463E-1
179.411128,3.217798E-1,5.804731E-1,6.636952E-1
180.134459,2.965931E-1,5.186683E-1,5.974816E-1
180.860707,2.731823E-1,4.633356E-1,5.378740E-1
181.589883,2.514470E-1,4.138075E-1,4.842130E-1
182.321998,2.048376E-1,3.639916E-1,4.176701E-1
183.057066,1.660925E-1,3.197016E-1,3.602719E-1
183.795096,1.339678E-1,2.804021E-1,3.107615E-1
184.536103,1.074068E-1,2.455960E-1,2.680552E-1
185.280097,1.300864E-2,2.497932E-1,2.501317E-1
186.027090,-7.080416E-2,2.224083E-1,2.334067E-1
186.777095,-1.349852E-1,1.709263E-1,2.177999E-1
187.530124,-1.740969E-1,1.048593E-1,2.032368E-1
188.286189,-2.181147E-1,1.296727E-1,2.537499E-1
189.045302,-2.732497E-1,1.603378E-1,3.168179E-1
189.807475,-3.423063E-1,1.982291E-1,3.955608E-1
190.572722,-4.287966E-1,2.450428E-1,4.938750E-1
191.341053,-3.974209E-1,2.701507E-1,4.805463E-1
192.112483,-3.650848E-1,2.921332E-1,4.675775E-1
192.887022,-3.320535E-1,3.110109E-1,4.549586E-1
193.664684,-2.985826E-1,3.268245E-1,4.426803E-1
194.445482,-3.111710E-1,3.423613E-1,4.626431E-1
195.229427,-3.242854E-1,3.586324E-1,4.835062E-1
196.016533,-3.379477E-1,3.756723E-1,5.053101E-1
196.806813,-3.521804E-1,3.935173E-1,5.280974E-1
197.600278,-2.988705E-1,4.524452E-1,5.422455E-1
198.396943,-2.358988E-1,5.043288E-1,5.567726E-1
199.196820,-1.641667E-1,5.476109E-1,5.716891E-1
199.999921,-8.482291E-2,5.808442E-1,5.870050E-1
200.806260,-5.283941E-2,5.747651E-1,5.771888E-1
201.615851,-2.175414E-2,5.671195E-1,5.675366E-1
202.428705,8.367063E-3,5.579833E-1,5.580460E-1
203.244836,3.746367E-2,5.474335E-1,5.487139E-1
204.064258,5.306088E-2,5.420190E-1,5.446100E-1
204.886983,6.837763E-2,5.361947E-1,5.405370E-1
205.713026,8.340420E-2,5.299717E-1,5.364944E-1
206.542399,9.813149E-2,5.233618E-1,5.324823E-1
207.375115,1.520788E-1,5.287322E-1,5.501688E-1
208.211189,2.080931E-1,5.289849E-1,5.684433E-1
209.050634,2.657331E-1,5.237709E-1,5.873245E-1
209.893463,3.245111E-1,5.127757E-1,6.068331E-1
210.739690,3.644685E-1,3.252940E-1,4.885217E-1
211.589329,3.539951E-1,1.713307E-1,3.932769E-1
212.442393,3.118836E-1,5.445357E-2,3.166016E-1
213.298896,2.534699E-1,-2.672591E-2,2.548750E-1
214.158853,2.205912E-1,4.842415E-2,2.258437E-1
215.022277,1.719276E-1,1.024137E-1,2.001191E-1
215.889182,1.159108E-1,1.341967E-1,1.773248E-1
216.759582,5.992255E-2,1.452518E-1,1.571267E-1
217.633491,5.828314E-2,1.541218E-1,1.647739E-1
218.510923,5.628819E-2,1.633683E-1,1.727934E-1
219.391893,5.390882E-2,1.729983E-1,1.812031E-1
220.276415,5.111451E-2,1.830184E-1,1.900222E-1
221.164503,5.202121E-2,1.847835E-1,1.919665E-1
222.056172,5.294090E-2,1.865650E-1,1.939310E-1
222.951435,5.387373E-2,1.883626E-1,1.959154E-1
223.850308,5.481983E-2,1.901766E-1,1.979201E-1
224.752805,5.590042E-2,1.907754E-1,1.987967E-1
225.658940,5.698841E-2,1.913720E-1,1.996770E-1
226.568729,5.808384E-2,1.919666E-1,2.005615E-1
227.482186,5.918678E-2,1.925589E-1,2.014498E-1
228.399325,6.030922E-2,1.930493E-1,2.022504E-1
229.320162,6.143836E-2,1.935367E-1,2.030545E-1
230.244712,6.257425E-2,1.940208E-1,2.038617E-1
231.172989,6.371678E-2,1.945014E-1,2.046720E-1
232.105009,6.388204E-2,1.953323E-1,2.055131E-1
233.040786,6.404756E-2,1.961667E-1,2.063576E-1
233.980336,6.421335E-2,1.970047E-1,2.072057E-1
234.923674,6.437944E-2,1.978462E-1,2.080573E-1
235.870815,6.410076E-2,1.987213E-1,2.088039E-1
236.821775,6.381880E-2,1.995988E-1,2.095531E-1
237.776569,6.353359E-2,2.004788E-1,2.103052E-1
238.735212,6.324513E-2,2.013612E-1,2.110599E-1
239.697721,6.379907E-2,2.032293E-1,2.130081E-1
240.664110,6.435789E-2,2.051148E-1,2.149745E-1
241.634395,6.492157E-2,2.070178E-1,2.169589E-1
242.608591,6.549023E-2,2.089386E-1,2.189619E-1
243.586716,6.706600E-2,2.122808E-1,2.226230E-1
244.568784,6.867580E-2,2.156754E-1,2.263454E-1
245.554812,7.032032E-2,2.191229E-1,2.301299E-1
246.544814,7.200025E-2,2.226242E-1,2.339777E-1
247.538809,7.290293E-2,2.281896E-1,2.395524E-1
248.536810,7.380681E-2,2.338907E-1,2.452597E-1
249.538836,7.471140E-2,2.397310E-1,2.511031E-1
250.544901,7.561623E-2,2.457137E-1,2.570857E-1
251.555022,8.568375E-2,2.391106E-1,2.539992E-1
252.569216,9.532304E-2,2.321405E-1,2.509496E-1
253.587499,1.045232E-1,2.248277E-1,2.479367E-1
254.609887,1.132745E-1,2.171966E-1,2.449602E-1
255.636397,1.260026E-1,2.259245E-1,2.586862E-1
256.667046,1.396971E-1,2.347611E-1,2.731814E-1
257.701850,1.544147E-1,2.436839E-1,2.884887E-1
258.740826,1.702151E-1,2.526675E-1,3.046540E-1
259.783991,1.556480E-1,2.404156E-1,2.864017E-1
260.831361,1.421666E-1,2.286493E-1,2.692431E-1
261.882955,1.296972E-1,2.173580E-1,2.531124E-1
262.938788,1.181708E-1,2.065307E-1,2.379480E-1
263.998878,1.160677E-1,2.199526E-1,2.486983E-1
265.063241,1.133920E-1,2.338975E-1,2.599342E-1
266.131896,1.100993E-1,2.483686E-1,2.716778E-1
267.204860,1.061436E-1,2.633671E-1,2.839519E-1
268.282149,1.144802E-1,2.818193E-1,3.041839E-1
269.363781,1.234651E-1,3.015615E-1,3.258573E-1
270.449775,1.331481E-1,3.226840E-1,3.490750E-1
271.540147,1.435831E-1,3.452833E-1,3.739474E-1
272.634915,1.605785E-1,3.706406E-1,4.039306E-1
273.734096,1.793383E-1,3.977574E-1,4.363177E-1
274.837709,2.000321E-1,4.267463E-1,4.713017E-1
275.945772,2.228446E-1,4.577265E-1,5.090906E-1
277.058302,2.896673E-1,4.980555E-1,5.761653E-1
278.175317,3.684499E-1,5.380047E-1,6.520770E-1
279.296836,4.606997E-1,5.765294E-1,7.379908E-1
280.422877,5.680304E-1,6.123238E-1,8.352239E-1
281.553457,7.612935E-1,4.984569E-1,9.099599E-1
282.688596,9.357801E-1,3.273479E-1,9.913834E-1
283.828311,1.075394E+0,1.006363E-1,1.080093E+0
284.972621,1.163545E+0,-1.757217E-1,1.176739E+0
286.121544,8.835040E-1,-3.499658E-1,9.502923E-1
287.275100,6.314639E-1,-4.361070E-1,7.674216E-1
288.433306,4.174853E-1,-4.580240E-1,6.197418E-1
289.596182,2.451395E-1,-4.363347E-1,5.004811E-1
290.763747,2.074991E-1,-3.600474E-1,4.155599E-1
291.936018,1.755538E-1,-2.970504E-1,3.450479E-1
293.113016,1.484578E-1,-2.450362E-1,2.865004E-1
294.294759,1.254878E-1,-2.020967E-1,2.378871E-1
295.481267,1.519253E-1,-1.428818E-1,2.085582E-1
296.672558,1.609559E-1,-8.675019E-2,1.828453E-1
297.868652,1.559360E-1,-3.715958E-2,1.603024E-1
299.069569,1.404897E-1,3.718203E-3,1.405389E-1
300.275327,1.952431E-1,3.708183E-2,1.987333E-1
301.485946,2.640908E-1,9.607820E-2,2.810249E-1
302.701447,3.467918E-1,1.940508E-1,3.973918E-1
303.921847,4.399810E-1,3.495690E-1,5.619446E-1
305.147168,7.669045E-1,2.525782E-1,8.074269E-1
306.377430,1.159433E+0,-4.067264E-2,1.160146E+0
307.612651,1.542857E+0,-6.311175E-1,1.666948E+0
308.852852,1.766290E+0,-1.617693E+0,2.395143E+0
310.098054,8.805188E-1,-1.689169E+0,1.904890E+0
311.348275,1.990375E-1,-1.501854E+0,1.514986E+0
312.603538,-2.594147E-1,-1.176631E+0,1.204889E+0
313.863861,-5.136858E-1,-8.089482E-1,9.582642E-1
315.129265,-4.386198E-1,-5.728310E-1,7.214726E-1
316.399771,-3.667470E-1,-4.006938E-1,5.431932E-1
317.675399,-3.014887E-1,-2.763314E-1,4.089676E-1
318.956170,-2.443424E-1,-1.873636E-1,3.079096E-1
320.242105,-2.378753E-1,-1.232207E-1,2.678955E-1
321.533225,-2.225520E-1,-6.926410E-2,2.330813E-1
322.829550,-2.011966E-1,-2.538371E-2,2.027915E-1
324.131101,-1.762109E-1,8.945515E-3,1.764378E-1
325.437900,-1.308311E-1,9.756992E-3,1.311944E-1
326.749967,-9.708305E-2,9.560006E-3,9.755261E-2
328.067324,-7.199945E-2,8.818479E-3,7.253748E-2
329.389992,-5.336622E-2,7.824941E-3,5.393684E-2
330.717993,-3.485384E-2,-1.595621E-3,3.489034E-2
332.051349,-2.193830E-2,-5.300974E-3,2.256966E-2
333.390079,-1.328021E-2,-6.065284E-3,1.459971E-2
334.734207,-7.687711E-3,-5.485571E-3,9.444172E-3
336.083755,-4.938778E-3,-8.551439E-3,9.875153E-3
337.438743,-9.943282E-4,-1.027781E-2,1.032580E-2
338.799194,3.507372E-3,-1.021145E-2,1.079701E-2
340.165130,7.762521E-3,-8.197630E-3,1.128972E-2
341.536573,1.084430E-2,-7.183411E-3,1.300770E-2
342.913545,1.403981E-2,-5.243802E-3,1.498712E-2
344.296069,1.712236E-2,-2.235911E-3,1.726773E-2
345.684167,1.980041E-2,1.941712E-3,1.989539E-2
347.077861,2.474294E-2,9.371700E-4,2.476068E-2
348.477174,3.080827E-2,-6.789801E-4,3.081575E-2
349.882129,3.822290E-2,-3.138583E-3,3.835154E-2
351.292748,4.725095E-2,-6.746531E-3,4.773016E-2
352.709054,5.037855E-2,-7.721505E-3,5.096685E-2
354.131071,5.370738E-2,-8.796813E-3,5.442303E-2
355.558820,5.724999E-2,-9.981466E-3,5.811360E-2
356.992326,6.101967E-2,-1.128522E-2,6.205446E-2
358.431611,6.400751E-2,-1.791971E-2,6.646862E-2
359.876699,6.655554E-2,-2.528526E-2,7.119680E-2
361.327613,6.856389E-2,-3.338834E-2,7.626132E-2
362.784377,6.992550E-2,-4.222617E-2,8.168614E-2
364.247014,6.596170E-2,-4.387147E-2,7.921901E-2
365.715548,6.205171E-2,-4.529778E-2,7.682645E-2
367.190003,5.820302E-2,-4.651421E-2,7.450613E-2
368.670402,5.442261E-2,-4.752982E-2,7.225583E-2
370.156770,5.350008E-2,-4.454491E-2,6.961686E-2
371.649130,5.254368E-2,-4.169079E-2,6.707429E-2
373.147507,5.155762E-2,-3.896337E-2,6.462455E-2
374.651925,5.054588E-2,-3.635871E-2,6.226429E-2
376.162408,5.725958E-2,-3.601418E-2,6.764378E-2
377.678982,6.451602E-2,-3.518774E-2,7.348805E-2
379.201669,7.232843E-2,-3.380214E-2,7.983725E-2
380.730496,8.070599E-2,-3.177276E-2,8.673503E-2
382.265486,7.269318E-2,-4.308542E-2,8.450238E-2
383.806665,6.323059E-2,-5.272252E-2,8.232722E-2
385.354058,5.263356E-2,-6.052303E-2,8.020803E-2
386.907689,4.123055E-2,-6.638102E-2,7.814345E-2
388.467584,5.260546E-2,-5.202404E-2,7.398537E-2
390.033768,5.991169E-2,-3.629593E-2,7.004859E-2
391.606266,6.316926E-2,-2.020280E-2,6.632125E-2
393.185104,6.261860E-2,-4.666760E-3,6.279226E-2
394.770308,6.992768E-2,-9.539144E-3,7.057532E-2
396.361902,7.779251E-2,-1.550756E-2,7.932313E-2
397.959914,8.620541E-2,-2.274376E-2,8.915521E-2
399.564368,9.514605E-2,-3.143988E-2,1.002060E-1
401.175291,9.319396E-2,-3.118182E-2,9.827217E-2
402.792709,9.128051E-2,-3.092160E-2,9.637571E-2
404.416647,8.940493E-2,-3.065937E-2,9.451581E-2
406.047133,8.756654E-2,-3.039535E-2,9.269183E-2
407.684192,1.091267E-1,-1.602447E-2,1.102970E-1
409.327852,1.311274E-1,5.575950E-3,1.312459E-1
410.978138,1.520328E-1,3.572512E-2,1.561738E-1
412.635078,1.697535E-1,7.562290E-2,1.858361E-1
414.298698,2.211747E-1,2.599971E-2,2.226976E-1
415.969025,2.623139E-1,-4.910641E-2,2.668708E-1
417.646087,2.826044E-1,-1.497017E-1,3.198060E-1
419.329909,2.699547E-1,-2.720260E-1,3.832410E-1
421.020521,2.333638E-1,-2.715828E-1,3.580725E-1
422.717949,1.992935E-1,-2.687197E-1,3.345567E-1
424.422220,1.677342E-1,-2.637704E-1,3.125853E-1
426.133362,1.386546E-1,-2.570447E-1,2.920566E-1
427.851403,1.227204E-1,-2.565998E-1,2.844359E-1
429.576370,1.072414E-1,-2.554136E-1,2.770141E-1
431.308293,9.224017E-2,-2.535275E-1,2.697859E-1
433.047197,7.773678E-2,-2.509831E-1,2.627461E-1
434.793113,6.838845E-2,-2.608623E-1,2.696778E-1
436.546067,5.835707E-2,-2.705706E-1,2.767923E-1
438.306089,4.763307E-2,-2.800727E-1,2.840944E-1
440.073207,3.620806E-2,-2.893323E-1,2.915891E-1
441.847449,-3.624386E-2,-3.296587E-1,3.316451E-1
443.628845,-1.270377E-1,-3.551676E-1,3.772037E-1
445.417422,-2.342170E-1,-3.594454E-1,4.290205E-1
447.213211,-3.539252E-1,-3.359126E-1,4.879552E-1
449.016239,-3.825071E-1,-2.603764E-1,4.627176E-1
450.826537,-3.977304E-1,-1.853189E-1,4.387853E-1
452.644134,-4.005240E-1,-1.127479E-1,4.160908E-1
454.469058,-3.920640E-1,-4.440119E-2,3.945702E-1
456.301340,-3.556761E-1,-2.581811E-2,3.566119E-1
458.141009,-3.221388E-1,-1.036164E-2,3.223054E-1
459.988096,-2.912895E-1,2.375118E-3,2.912992E-1
461.842629,-2.629668E-1,1.275372E-2,2.632759E-1
463.704639,-2.487209E-1,-3.483710E-2,2.511488E-1
465.574156,-2.269019E-1,-7.690431E-2,2.395804E-1
467.451210,-1.989681E-1,-1.124473E-1,2.285447E-1
469.335832,-1.664645E-1,-1.407877E-1,2.180174E-1
471.228052,-1.951559E-1,-1.441597E-1,2.426270E-1
473.127902,-2.272637E-1,-1.458048E-1,2.700145E-1
475.035410,-2.630388E-1,-1.452821E-1,3.004934E-1
476.950610,-3.027276E-1,-1.420842E-1,3.344128E-1
478.873531,-3.001611E-1,-9.830435E-2,3.158487E-1
480.804204,-2.927094E-1,-5.755960E-2,2.983151E-1
482.742661,-2.810282E-1,-2.022311E-2,2.817549E-1
484.688934,-2.657749E-1,1.343100E-2,2.661141E-1
486.643053,-2.547678E-1,3.102668E-2,2.566501E-1
488.605051,-2.429802E-1,4.720437E-2,2.475230E-1
490.574959,-2.305379E-1,6.196473E-2,2.387202E-1
492.552809,-2.175624E-1,7.531695E-2,2.302304E-1
494.538633,-2.032765E-1,8.331977E-2,2.196896E-1
496.532464,-1.892405E-1,9.018503E-2,2.096314E-1
498.534333,-1.755030E-1,9.597991E-2,2.000336E-1
500.544272,-1.621070E-1,1.007707E-1,1.908754E-1
502.562316,-1.591150E-1,1.139902E-1,1.957329E-1
504.588495,-1.551665E-1,1.273162E-1,2.007139E-1
506.622844,-1.502320E-1,1.406872E-1,2.058216E-1
508.665394,-1.442858E-1,1.540380E-1,2.110595E-1
510.716179,-1.070647E-1,1.677553E-1,1.990093E-1
512.775233,-7.019050E-2,1.740251E-1,1.876471E-1
514.842587,-3.492720E-2,1.734521E-1,1.769337E-1
516.918277,-2.341833E-3,1.668154E-1,1.668318E-1
519.002336,-2.209278E-2,1.640508E-1,1.655317E-1
521.094796,-4.122139E-2,1.589849E-1,1.642419E-1
523.195693,-5.946397E-2,1.517256E-1,1.629620E-1
525.305060,-7.657357E-2,1.424108E-1,1.616921E-1
527.422932,-4.990258E-2,1.660932E-1,1.734278E-1
529.549341,-1.679125E-2,1.852559E-1,1.860153E-1
531.684324,2.211806E-2,1.982866E-1,1.995164E-1
533.827915,6.580411E-2,2.036288E-1,2.139974E-1
535.980148,5.876065E-2,1.846092E-1,1.937353E-1
538.141058,5.246002E-2,1.673625E-1,1.753917E-1
540.310680,4.682482E-2,1.517238E-1,1.587850E-1
542.489050,4.178561E-2,1.375436E-1,1.437508E-1
544.676202,7.230140E-2,1.462457E-1,1.631420E-1
546.872172,1.080822E-1,1.503277E-1,1.851491E-1
549.076995,1.489005E-1,1.482598E-1,2.101246E-1
551.290708,1.942184E-1,1.383721E-1,2.384693E-1
553.513345,2.365605E-1,4.446466E-2,2.407031E-1
555.744944,2.355575E-1,-5.950733E-2,2.429577E-1
557.985540,1.905808E-1,-1.543323E-1,2.452336E-1
560.235169,1.091955E-1,-2.221435E-1,2.475306E-1
562.493868,4.318554E-2,-1.947483E-1,1.994790E-1
564.761673,-3.283886E-3,-1.607219E-1,1.607554E-1
567.038622,-3.318908E-2,-1.252256E-1,1.295491E-1
569.324750,-4.984386E-2,-9.173362E-2,1.044005E-1
571.620096,-8.658753E-2,-7.788928E-2,1.164652E-1
573.924695,-1.200661E-1,-4.964262E-2,1.299240E-1
576.238586,-1.447457E-1,-7.468170E-3,1.449382E-1
578.561806,-1.549843E-1,4.607334E-2,1.616876E-1
580.894393,-1.413373E-1,8.957283E-2,1.673306E-1
583.236383,-1.154844E-1,1.290403E-1,1.731706E-1
585.587816,-7.861401E-2,1.610516E-1,1.792143E-1
587.948730,-3.287510E-2,1.825323E-1,1.854692E-1
590.319161,8.982280E-3,1.427979E-1,1.430801E-1
592.699150,3.302329E-2,1.053233E-1,1.103791E-1
595.088734,4.413325E-2,7.282241E-2,8.515191E-2
597.487952,4.647169E-2,4.642855E-2,6.569040E-2
599.896843,4.043711E-2,5.859066E-2,7.119006E-2
602.315446,3.162242E-2,7.037161E-2,7.715012E-2
604.743800,1.991922E-2,8.120175E-2,8.360921E-2
607.181944,5.323528E-3,9.045257E-2,9.060909E-2
609.629918,3.156342E-2,8.508952E-2,9.075503E-2
612.087762,5.513028E-2,7.227506E-2,9.090122E-2
614.555515,7.395647E-2,5.310475E-2,9.104765E-2
617.033217,8.638193E-2,2.923303E-2,9.119434E-2
619.520909,9.011279E-2,1.213132E-2,9.092571E-2
622.018630,9.050183E-2,-5.316709E-3,9.065787E-2
624.526421,8.755438E-2,-2.246622E-2,9.039082E-2
627.044323,8.139862E-2,-3.868721E-2,9.012456E-2
629.572376,4.751644E-2,-7.104532E-2,8.547075E-2
632.110622,4.201987E-3,-8.094831E-2,8.105730E-2
634.659101,-3.589026E-2,-6.797905E-2,7.687172E-2
637.217855,-6.224965E-2,-3.794359E-2,7.290223E-2
639.786925,-4.746623E-2,-2.278455E-2,5.265148E-2
642.366353,-3.575096E-2,-1.295548E-2,3.802599E-2
644.956180,-2.662432E-2,-6.735695E-3,2.746314E-2
647.556448,-1.961784E-2,-2.923235E-3,1.983444E-2
650.167200,-2.016263E-2,-6.448681E-3,2.116878E-2
652.788478,-2.013100E-2,-1.025583E-2,2.259290E-2
655.420324,-1.944376E-2,-1.426071E-2,2.411281E-2
658.062781,-1.803201E-2,-1.836126E-2,2.573498E-2
660.715891,-2.191329E-2,-1.446245E-2,2.625557E-2
663.379698,-2.495180E-2,-9.743420E-3,2.678669E-2
666.054245,-2.697426E-2,-4.386281E-3,2.732856E-2
668.739574,-2.784671E-2,1.390232E-3,2.788139E-2
671.435730,-2.679976E-2,1.065427E-3,2.682093E-2
674.142756,-2.578952E-2,7.632127E-4,2.580081E-2
676.860696,-2.481480E-2,4.823708E-4,2.481949E-2
679.589594,-2.387447E-2,2.217409E-4,2.387550E-2
682.329494,-2.639709E-2,6.300279E-5,2.639717E-2
685.080441,-2.918487E-2,-1.317432E-4,2.918517E-2
687.842478,-3.226554E-2,-3.683223E-4,3.226764E-2
690.615651,-3.566969E-2,-6.533834E-4,3.567567E-2
693.400005,-3.811490E-2,4.829664E-4,3.811796E-2
696.195584,-4.068864E-2,1.777468E-3,4.072745E-2
699.002434,-4.339441E-2,3.245120E-3,4.351558E-2
701.820601,-4.623543E-2,4.902058E-3,4.649457E-2
704.650130,-5.246853E-2,7.686418E-3,5.302856E-2
707.491066,-5.944546E-2,1.114265E-2,6.048075E-2
710.343457,-6.723960E-2,1.539833E-2,6.898023E-2
713.207347,-7.592876E-2,2.060219E-2,7.867418E-2
716.082784,-7.248901E-2,3.016662E-2,7.851549E-2
718.969813,-6.785323E-2,3.918900E-2,7.835712E-2
721.868482,-6.210359E-2,4.752093E-2,7.819907E-2
724.778838,-5.534060E-2,5.502609E-2,7.804135E-2
727.700927,-6.876199E-2,5.972099E-2,9.107584E-2
730.634798,-8.475845E-2,6.413265E-2,1.062873E-1
733.580496,-1.037310E-1,6.801216E-2,1.240394E-1
736.538071,-1.261269E-1,7.103805E-2,1.447563E-1
739.507570,-1.768225E-1,1.737914E-1,2.479307E-1
742.489042,-2.147554E-1,3.663349E-1,4.246424E-1
745.482533,-1.914833E-1,7.016450E-1,7.273043E-1
748.488094,-3.247789E-3,1.245684E+0,1.245688E+0
751.505772,5.347367E-1,7.348288E-1,9.087996E-1
754.535616,6.314093E-1,2.022817E-1,6.630201E-1
757.577676,4.589033E-1,-1.529165E-1,4.837103E-1
760.632000,2.043140E-1,-2.877319E-1,3.528935E-1
763.698638,1.244277E-1,-2.724165E-1,2.994879E-1
766.777641,6.028042E-2,-2.469126E-1,2.541644E-1
769.869057,1.087701E-2,-2.154256E-1,2.157000E-1
772.972936,-2.528261E-2,-1.813025E-1,1.830568E-1
776.089329,-2.881843E-2,-1.213649E-1,1.247395E-1
779.218287,-2.735994E-2,-8.047695E-2,8.500062E-2
782.359860,-2.373930E-2,-5.283327E-2,5.792157E-2
785.514099,-1.950419E-2,-3.431334E-2,3.946921E-2
788.681054,-1.655573E-2,-3.478912E-2,3.852759E-2
791.860778,-1.365148E-2,-3.504328E-2,3.760843E-2
795.053322,-1.080600E-2,-3.508481E-2,3.671122E-2
798.258736,-8.032797E-3,-3.492346E-2,3.583537E-2
801.477075,-1.077122E-2,-3.127962E-2,3.308223E-2
804.708388,-1.293077E-2,-2.766808E-2,3.054059E-2
807.952729,-1.456203E-2,-2.414254E-2,2.819424E-2
811.210151,-1.571666E-2,-2.074730E-2,2.602814E-2
814.480705,-1.536599E-2,-1.701638E-2,2.292751E-2
817.764445,-1.477538E-2,-1.376871E-2,2.019627E-2
821.061424,-1.401083E-2,-1.096330E-2,1.779037E-2
824.371696,-1.312717E-2,-8.559221E-3,1.567108E-2
827.695314,-1.227690E-2,-7.194440E-3,1.422963E-2
831.032331,-1.144659E-2,-5.993434E-3,1.292075E-2
834.382803,-1.064149E-2,-4.940108E-3,1.173226E-2
837.746782,-9.865655E-3,-4.019636E-3,1.065310E-2
841.124324,-1.074340E-2,-2.672258E-3,1.107075E-2
844.515483,-1.144653E-2,-1.156273E-3,1.150478E-2
847.920315,-1.194506E-2,5.072564E-4,1.195583E-2
851.338873,-1.221128E-2,2.292222E-3,1.242456E-2
854.771214,-1.180241E-2,7.092374E-3,1.376948E-2
858.217394,-9.525815E-3,1.192168E-2,1.526000E-2
861.677467,-5.297509E-3,1.606074E-2,1.691186E-2
865.151490,6.921954E-4,1.872976E-2,1.874255E-2
868.639520,6.167284E-3,1.862327E-2,1.961789E-2
872.141612,1.163925E-2,1.691680E-2,2.053412E-2
875.657824,1.664067E-2,1.360308E-2,2.149315E-2
879.188212,2.069959E-2,8.811349E-3,2.249695E-2
882.732833,2.193982E-2,7.378268E-3,2.314724E-2
886.291745,2.309706E-2,5.808783E-3,2.381630E-2
889.865006,2.415827E-2,4.106029E-3,2.450472E-2
893.452673,2.511026E-2,2.274277E-3,2.521304E-2
897.054804,2.753962E-2,3.073642E-4,2.754134E-2
900.671458,3.001510E-2,-2.044314E-3,3.008464E-2
904.302693,3.250756E-2,-4.818956E-3,3.286280E-2
907.948569,3.498199E-2,-8.055644E-3,3.589754E-2
911.609143,3.215484E-2,-2.639826E-3,3.226302E-2
915.284476,2.893986E-2,1.811301E-3,2.899649E-2
918.974626,2.550473E-2,5.354269E-3,2.606069E-2
922.679654,2.199126E-2,8.061042E-3,2.342212E-2
926.399620,4.588490E-2,1.772785E-2,4.919045E-2
930.134584,9.570600E-2,3.889684E-2,1.033083E-1
933.884605,1.995522E-1,8.516289E-2,2.169650E-1
937.649746,4.159294E-1,1.860967E-1,4.556635E-1
941.430067,2.990372E-1,-9.888895E-2,3.149639E-1
945.225628,1.065362E-1,-1.898615E-1,2.177093E-1
949.036492,-3.412188E-2,-1.465655E-1,1.504850E-1
952.862721,-8.573334E-2,-5.890308E-2,1.040182E-1
956.704376,-8.877011E-2,-5.695751E-2,1.054718E-1
960.561519,-9.178562E-2,-5.488872E-2,1.069456E-1
964.434213,-9.477569E-2,-5.269570E-2,1.084402E-1
968.322520,-9.773599E-2,-5.037761E-2,1.099556E-1
972.226504,-1.087473E-1,-4.501670E-2,1.176966E-1
976.146228,-1.200146E-1,-3.831590E-2,1.259826E-1
980.081754,-1.314353E-1,-3.016307E-2,1.348520E-1
984.033148,-1.428901E-1,-2.044774E-2,1.443457E-1
988.000473,-1.693399E-1,-8.449683E-3,1.695506E-1
991.983792,-1.989774E-1,8.446367E-3,1.991566E-1
995.983171,-2.318132E-1,3.141623E-2,2.339323E-1
999.998674,-2.677322E-1,6.183632E-2,2.747804E-1
