#I+3.880000E+02
+1.000000E+00
+1.610000E+02
+1.610000E+02
+1.000000E+01
+2.000000E+00
+2.000000E+00
+0.000000E+00
+1.000000E+00
+2.000000E+00
+5.000000E+00
+1.000000E+00
+2.497000E+03
-1.092400E+04
+2.025600E+04
-1.299100E+04
-1.119200E+04
+0.000000E+00
+0.000000E+00
+0.000000E+00
+0.000000E+00
+0.000000E+00
+0.000000E+00
+0.000000E+00
+0.000000E+00
+0.000000E+00
+0.000000E+00
+0.000000E+00
+0.000000E+00
+0.000000E+00
+0.000000E+00
+0.000000E+00
+0.000000E+00
+0.000000E+00
+0.000000E+00
+0.000000E+00
+1.000000E+00
+1.000000E+00
+1.000000E+00
+0.000000E+00
+0.000000E+00
+1.000000E+00
+0.000000E+00
+1.000000E+00
+1.000000E+00
+3.000000E+00
+4.500000E+01
+4.500000E+01
+0.000000E+00
+0.000000E+00
+2.000000E+00
+0.000000E+00
+0.000000E+00
+0.000000E+00
+0.000000E+00
+0.000000E+00
+1.250000E-02
+3.981071E-01
+0.000000E+00
+0.000000E+00
+0.000000E+00
+1.000000E+00
+1.000000E+00
+0.000000E+00
+0.000000E+00
+1.0000000000000000E+01
+1.0000000000000000E+01
+3.620380E-02
+5.318090E-02
+4.823372E-04
-2.217833E-02
-9.654945E-02
+6.690046E-02
-1.087267E-01
+2.107568E-02
-5.421786E-02
+4.117516E-02
+2.936798E-02
-6.954569E-02
-5.322985E-03
-1.694029E-02
+1.636031E-02
-7.067384E-02
-4.759903E-02
-2.781867E-02
-1.738377E-01
-8.159618E-02
-6.025624E-02
+2.713367E-02
-3.763786E-02
-6.875095E-02
-1.608019E-02
-7.415365E-02
-2.638955E-02
+6.434978E-03
+1.653696E-01
+1.871113E-02
+7.345185E-03
-3.306888E-02
+2.080098E-03
+5.848248E-04
-2.903843E-02
+3.713779E-02
-5.817811E-02
-2.583763E-02
-5.348654E-03
+6.973301E-02
-6.485315E-03
-1.836115E-02
+1.607577E-02
+3.376919E-02
-3.162248E-02
+1.194407E-01
+2.934189E-02
+6.459992E-02
+5.126646E-03
+2.841852E-02
-7.375871E-02
+7.906528E-02
-4.903198E-02
-5.570108E-02
-1.983514E-01
-2.364884E-03
-4.330757E-02
+5.519008E-03
+1.395214E-02
-1.364676E-01
-1.155924E-01
-4.635040E-02
-5.159737E-02
+7.771423E-02
-1.755908E-02
-2.832491E-03
-2.107320E-02
-3.514486E-03
-1.565423E-03
+4.861435E-02
-5.345522E-03
+4.383806E-02
-7.201131E-02
+2.650915E-02
-8.989048E-02
+1.493367E-02
-2.433244E-03
+2.118802E-03
-1.745276E-01
-5.685829E-02
-1.454061E-01
+1.856620E-02
-2.721187E-02
+5.407599E-02
-9.500076E-02
+1.261637E-02
-5.550896E-02
-5.459090E-02
-1.586939E-01
+4.696486E-02
-1.934185E-01
-7.570464E-03
-1.130876E-01
-5.237169E-02
-1.812883E-01
-3.459851E-02
-2.425963E-01
-2.599487E-02
-1.944487E-01
-5.089334E-02
-2.491836E-01
-2.627896E-02
-2.716210E-01
-3.760263E-02
-2.781854E-01
-5.806424E-02
-3.672696E-01
+6.709459E-02
-2.280420E-01
+5.257115E-02
-2.606037E-01
+3.106662E-02
-2.642479E-01
-9.479303E-03
-2.878825E-01
-2.614148E-02
-2.760717E-01
-6.636815E-02
-3.259506E-01
-4.883720E-02
-3.471285E-01
-4.103080E-02
-3.398895E-01
-6.639877E-02
-3.208418E-01
-4.719011E-02
-3.564341E-01
-6.320959E-02
-3.609349E-01
-8.667362E-02
-3.651465E-01
-9.379824E-02
-3.674455E-01
-9.516130E-02
-3.641936E-01
-9.514768E-02
-3.662920E-01
-9.847714E-02
-3.517738E-01
-1.140775E-01
-3.447350E-01
-1.326558E-01
-3.485906E-01
-1.628606E-01
-3.832530E-01
-1.798036E-01
-4.019943E-01
-1.636682E-01
-3.962933E-01
-1.446663E-01
-3.723524E-01
-1.623634E-01
-3.576370E-01
-1.903960E-01
-3.455824E-01
-2.116647E-01
-3.533223E-01
-2.522606E-01
-4.311989E-01
-2.960669E-01
-3.727059E-01
-3.512574E-01
-4.524850E-01
-3.329477E-01
-4.701557E-01
-3.556432E-01
-4.374103E-01
-2.673426E-01
-4.699343E-01
-2.779030E-01
-4.130173E-01
-2.496146E-01
-3.280612E-01
-2.909078E-01
+2.400143E-02
-3.293887E-01
+2.809294E-01
-7.783185E-01
-1.999964E-01
-1.397072E+00
-5.493131E-01
-1.715555E+00
-1.044439E+00
-1.436081E+00
-1.496065E+00
-7.711283E-01
-1.403248E+00
-7.734605E-01
-1.566417E+00
-1.043595E+00
-1.742336E+00
-7.397923E-01
-1.925109E+00
-1.160424E+00
-2.430453E+00
-1.257855E+00
-3.017690E+00
-4.727111E-01
+4.261588E+00
+1.148483E+00
+3.802283E+00
+3.916605E+00
+3.172227E+00
+2.562573E+00
+2.053692E+00
+1.951396E+00
+1.613732E+00
+1.613247E+00
+9.507060E-01
+9.438815E-01
+2.700101E-01
+6.619485E-01
-1.043102E+00
+1.083882E+00
+1.146066E-01
+2.853116E+00
+9.587621E-01
+1.567404E+00
+1.061902E+00
+1.142541E+00
+7.417911E-01
+8.540379E-01
+7.320824E-01
+7.212551E-01
+7.627289E-01
+2.333996E-01
+4.295176E-01
+2.839459E-01
+3.409677E-01
+3.563428E-01
+2.985429E-01
+3.856122E-01
+2.856235E-01
+4.088585E-01
+2.695909E-01
+3.763033E-01
+2.509896E-01
+3.137513E-01
+2.434824E-01
+3.546839E-01
+2.462250E-01
+3.209625E-01
+1.736679E-01
+2.912555E-01
+1.527594E-01
+3.344053E-01
+2.320989E-01
+3.298547E-01
+2.344051E-01
+2.366125E-01
+1.305542E-01
+1.787317E-01
-3.600021E-02
+1.759347E-01
-8.508664E-02
+5.303679E-02
-1.322025E-01
-3.604371E-02
+3.467962E-02
-1.399911E-01
-2.718816E-01
-5.357546E-02
-8.613068E-01
+2.159477E+00
+1.317081E+00
+3.082195E+00
+1.100712E+00
-8.471366E-01
+1.220699E+00
+3.048450E-01
+5.699839E-01
-1.187350E+00
-8.931836E-02
-5.919662E-01
-1.270370E-01
+2.293072E-02
-1.228268E-02
+6.083380E-02
+5.042465E-01
+2.778673E-01
+1.607299E-01
-5.540982E-01
+2.832521E-01
-1.590100E-01
-4.800304E-02
-3.159180E-02
+1.457984E-04
+2.010841E-02
+2.178271E-01
+5.700477E-02
+5.411235E-03
-1.617778E-01
-3.635161E-02
-4.012159E-02
-4.735732E-04
+6.457631E-02
+5.465709E-02
+1.213265E-01
+1.250984E-01
+1.141459E-01
+1.237962E-01
+1.790666E-01
+3.609800E-01
-1.705745E-01
+3.005646E-01
-2.052680E-01
+1.526584E-01
-1.926999E-01
+6.856427E-02
-2.615920E-02
+6.187900E-02
+9.416807E-02
+3.957936E-02
-1.189111E-02
+1.135941E-02
+3.823119E-02
+6.620437E-03
+2.188161E-02
-6.749228E-03
+1.803035E-02
-3.759646E-03
+1.484205E-02
