#I+3.880000E+02
+1.000000E+00
+1.610000E+02
+1.610000E+02
+1.000000E+01
+2.000000E+00
+1.000000E+00
+0.000000E+00
+1.000000E+00
+2.000000E+00
+5.000000E+00
+1.000000E+00
+2.497000E+03
-1.092400E+04
+2.025600E+04
-1.299100E+04
-1.119200E+04
+0.000000E+00
+0.000000E+00
+0.000000E+00
+0.000000E+00
+0.000000E+00
+0.000000E+00
+0.000000E+00
+0.000000E+00
+0.000000E+00
+0.000000E+00
+0.000000E+00
+0.000000E+00
+0.000000E+00
+0.000000E+00
+0.000000E+00
+0.000000E+00
+0.000000E+00
+0.000000E+00
+0.000000E+00
+1.000000E+00
+1.000000E+00
+1.000000E+00
+0.000000E+00
+0.000000E+00
+1.000000E+00
+0.000000E+00
+1.000000E+00
+1.000000E+00
+3.000000E+00
+4.500000E+01
+4.500000E+01
+0.000000E+00
+0.000000E+00
+2.000000E+00
+0.000000E+00
+0.000000E+00
+0.000000E+00
+0.000000E+00
+0.000000E+00
+1.250000E-02
+2.511886E-01
+0.000000E+00
+0.000000E+00
+0.000000E+00
+1.000000E+00
+1.000000E+00
+0.000000E+00
+0.000000E+00
+1.0000000000000000E+01
+1.0000000000000000E+01
-6.206454E-03
-1.937199E-03
-8.909229E-03
+1.718529E-02
+9.451702E-03
-4.218866E-03
+1.852068E-03
-8.345541E-04
+7.949334E-03
+4.960197E-03
+6.026296E-03
-1.330749E-02
-1.065519E-02
-3.636801E-03
+1.542567E-02
+1.260014E-02
-3.008363E-03
+9.169605E-03
-1.281168E-02
+5.413732E-03
-1.354991E-03
+1.142463E-02
-1.029856E-02
+5.138436E-03
+1.895735E-02
-9.562246E-04
-2.546047E-03
-1.564325E-02
+6.678605E-03
+1.256242E-02
-4.331830E-03
+9.423848E-03
-7.415326E-03
-1.481256E-03
-1.766441E-02
-1.319697E-02
+7.545089E-03
-1.069288E-03
+1.633422E-02
-1.190256E-02
-8.041449E-03
-4.926676E-03
-5.213599E-03
-5.170577E-03
-2.595405E-03
-1.280289E-02
+9.772927E-03
+2.359312E-03
+7.365131E-03
-5.020820E-03
+2.188528E-03
-5.355035E-03
-1.366673E-03
-9.306319E-03
+5.858901E-03
-4.170950E-03
+6.110141E-03
+1.143114E-02
+6.067156E-03
+4.747951E-03
-2.508974E-03
-7.004704E-03
-8.885602E-03
-1.607960E-02
+3.387269E-03
-2.085814E-02
-2.467821E-02
+1.092566E-02
+6.437380E-03
+4.264943E-03
-4.296846E-03
-8.974943E-03
+2.373655E-03
-8.269349E-03
+4.617483E-03
-2.119729E-03
+1.192265E-02
-1.593551E-02
+1.068852E-02
-5.314219E-03
+6.751973E-03
+1.141363E-02
+1.116475E-02
-1.338275E-02
+1.202431E-02
+7.080677E-04
-1.035608E-03
+2.927510E-02
-1.035596E-02
-8.867133E-03
+1.030856E-02
-2.728109E-04
+9.003559E-04
-1.745137E-02
-2.315195E-02
+6.196336E-03
-1.474511E-02
+9.422923E-03
-2.489884E-02
-7.285894E-03
-4.200076E-02
-2.112202E-02
-7.208137E-02
-1.569403E-02
-9.805521E-02
-1.984757E-02
-1.223767E-01
-1.202017E-02
-7.010546E-02
-1.423428E-02
-4.567716E-02
-9.748235E-03
-3.164710E-02
-1.681201E-03
-2.021780E-02
+2.463807E-04
-7.049643E-03
-1.270421E-02
-1.253107E-03
-1.832943E-02
+1.017074E-03
-3.006540E-03
+3.520406E-03
-1.229978E-02
-1.860480E-03
-2.113739E-02
-1.138858E-02
-3.559618E-02
-4.199175E-02
-7.422058E-02
-1.260029E-01
-1.154421E-01
-2.532712E-01
-1.360075E-01
-2.832340E-01
-1.615395E-01
-2.709360E-01
-1.336373E-01
-2.389568E-01
-1.190606E-01
-2.038330E-01
-8.176872E-02
-1.046629E-01
-3.471948E-02
-1.566971E-02
-2.689674E-02
+1.110016E-02
-3.557648E-02
+5.963662E-02
-1.718872E-02
+8.627652E-02
-9.728709E-04
+1.083039E-01
+1.159164E-02
+1.170121E-01
+6.265087E-03
+1.598895E-01
+4.075668E-02
+1.860466E-01
+4.396491E-02
+2.870929E-01
+1.545314E-01
+3.447033E-01
+1.387562E-01
+4.612777E-01
+5.881401E-02
+4.711081E-01
+1.083971E-01
+5.081284E-01
+1.730594E-01
+6.103325E-01
+1.044612E-01
+5.417952E-01
-5.416980E-03
+5.718766E-01
+1.250131E-01
+6.783564E-01
+1.764587E-01
+8.081978E-01
+2.303669E-01
+9.551402E-01
+2.772449E-01
+1.201745E+00
+2.556161E-01
+1.556234E+00
-1.914326E-01
+1.143702E+00
-1.438246E+00
-1.171436E-01
-1.134505E+00
+2.155116E-01
-3.604584E-01
+7.026368E-01
+1.191360E-02
+1.584143E+00
+3.559110E-01
+5.794216E+00
-2.983820E+00
-4.201016E+00
-7.365224E+00
-1.978586E+00
+1.507063E+00
-2.120551E-01
+3.144732E-01
-2.554588E-01
+2.951410E-02
+3.065198E-02
+2.509403E-01
+3.251539E-01
-2.653680E-01
+5.921768E-02
-1.713755E-02
+2.375716E-01
+4.791886E-01
+5.589147E-01
+6.105692E-01
+7.384792E-01
+7.097147E-01
+8.855873E-01
+7.992601E-01
+9.230283E-01
+8.163583E-01
+5.291701E-01
+7.657550E-01
+1.596613E-01
+6.095329E-01
-5.624044E-02
-2.880759E-01
+7.612075E-01
+2.757998E-01
+3.772905E-01
+4.542986E-01
+2.564050E-01
+4.395076E-01
+5.777427E-01
+2.140705E-01
+4.598875E-01
+3.549016E-01
+1.864804E-01
+4.436616E-01
+1.797914E-01
+4.693631E-01
+9.892620E-02
+3.941945E-01
-6.662889E-02
+1.212824E-01
-2.869132E-01
+7.913961E-02
-9.191346E-01
+1.137265E-01
-5.171461E-01
+3.352835E-01
-1.757440E-01
-3.313101E-01
-1.369052E-01
-3.942390E-01
-2.654311E-01
-4.517647E-01
-3.107244E-01
-5.339048E-01
+3.576772E-01
-9.903629E-01
+3.767059E-01
-1.119686E-01
+4.518387E-01
+9.224531E-01
-3.344733E-01
+1.944857E+00
-1.418917E+00
+1.103791E+00
-1.933797E+00
+4.190462E-01
-1.946354E+00
+9.207051E-01
-9.023529E-01
+8.812108E-01
-5.501508E-01
+4.781598E-01
-7.229784E-01
+2.261024E-01
+3.197649E-01
-6.809971E-01
-1.941034E-01
+3.179391E-01
+1.369494E-02
+3.562780E-02
-2.639011E-02
+8.206604E-02
+6.227912E-02
-4.013795E-02
+2.238462E-02
+3.458300E-03
+2.273009E-03
-6.016299E-02
+8.982822E-04
-3.153059E-02
-1.015485E-02
-4.378464E-02
-1.214205E-02
-5.615719E-02
-7.211263E-02
-6.484352E-02
-7.223991E-02
-5.013397E-02
+1.263677E-01
+5.055411E-02
+1.331788E-02
-1.779982E-02
-1.314711E-02
-2.045902E-02
-8.060453E-03
+6.079241E-02
+3.506662E-02
-3.183018E-03
+5.214322E-03
-4.201556E-03
+3.972381E-03
+3.427487E-03
+2.726385E-02
-4.918341E-03
+1.565567E-02
-2.521617E-02
