#I+1.668000E+03
+1.000000E+00
+8.010000E+02
+8.010000E+02
+1.000000E+01
+2.000000E+00
+3.000000E+00
+0.000000E+00
+1.000000E+00
+2.000000E+00
+5.000000E+00
+1.000000E+00
+2.497000E+03
-1.092400E+04
+2.025600E+04
-1.299100E+04
-1.119200E+04
+0.000000E+00
+0.000000E+00
+0.000000E+00
+0.000000E+00
+0.000000E+00
+0.000000E+00
+0.000000E+00
+0.000000E+00
+0.000000E+00
+0.000000E+00
+0.000000E+00
+0.000000E+00
+0.000000E+00
+0.000000E+00
+0.000000E+00
+0.000000E+00
+0.000000E+00
+0.000000E+00
+0.000000E+00
+1.000000E+00
+1.000000E+00
+1.000000E+00
+0.000000E+00
+0.000000E+00
+1.000000E+00
+0.000000E+00
+1.000000E+00
+2.000000E+00
+3.000000E+00
+4.500000E+01
+4.500000E+01
+0.000000E+00
+0.000000E+00
+2.000000E+00
+0.000000E+00
+0.000000E+00
+0.000000E+00
+8.000000E+02
+0.000000E+00
+1.747424E-03
+6.309573E-01
+0.000000E+00
+0.000000E+00
+0.000000E+00
+1.000000E+00
+1.000000E+00
+0.000000E+00
+0.000000E+00
+4.0000021457672111E+01
+4.0000021457672111E+01
+4.485350E-01
+1.056290E-01
+4.462913E-01
+1.094813E-01
+4.440182E-01
+1.133020E-01
+4.417163E-01
+1.170910E-01
+4.393857E-01
+1.208479E-01
+4.402676E-01
+1.144958E-01
+4.410594E-01
+1.081430E-01
+4.417610E-01
+1.017909E-01
+4.423725E-01
+9.544049E-02
+4.490915E-01
+1.008276E-01
+4.558789E-01
+1.063636E-01
+4.627350E-01
+1.120516E-01
+4.696594E-01
+1.178948E-01
+4.706948E-01
+1.233428E-01
+4.716787E-01
+1.288277E-01
+4.726103E-01
+1.343493E-01
+4.734895E-01
+1.399073E-01
+4.758425E-01
+1.375215E-01
+4.781889E-01
+1.351141E-01
+4.805284E-01
+1.326849E-01
+4.828603E-01
+1.302339E-01
+4.907148E-01
+1.304589E-01
+4.986904E-01
+1.306588E-01
+5.067883E-01
+1.308325E-01
+5.150105E-01
+1.309792E-01
+5.167945E-01
+1.302437E-01
+5.185822E-01
+1.295022E-01
+5.203732E-01
+1.287547E-01
+5.221685E-01
+1.280012E-01
+5.356103E-01
+1.277376E-01
+5.493756E-01
+1.273812E-01
+5.634709E-01
+1.269277E-01
+5.779043E-01
+1.263725E-01
+5.920459E-01
+1.076380E-01
+6.057466E-01
+8.808298E-02
+6.189700E-01
+6.770970E-02
+6.316782E-01
+4.652179E-02
+6.031724E-01
+1.506312E-02
+5.745960E-01
-1.355107E-02
+5.460838E-01
-3.945557E-02
+5.177578E-01
-6.278487E-02
+4.911854E-01
-5.912248E-02
+4.659762E-01
-5.567069E-02
+4.420605E-01
-5.241751E-02
+4.193718E-01
-4.935163E-02
+4.142193E-01
-3.168886E-02
+4.084459E-01
-1.453318E-02
+4.020824E-01
+2.099129E-03
+3.951598E-01
+1.819328E-02
+3.965569E-01
+2.534511E-02
+3.978320E-01
+3.255313E-02
+3.989837E-01
+3.981539E-02
+4.000108E-01
+4.712995E-02
+4.027316E-01
+5.258975E-02
+4.054058E-01
+5.812929E-02
+4.080320E-01
+6.374867E-02
+4.106085E-01
+6.944789E-02
+4.113976E-01
+7.454108E-02
+4.121299E-01
+7.966344E-02
+4.128050E-01
+8.481441E-02
+4.134223E-01
+8.999340E-02
+4.179508E-01
+9.256233E-02
+4.225231E-01
+9.517799E-02
+4.271395E-01
+9.784110E-02
+4.318003E-01
+1.005524E-01
+4.312348E-01
+1.043638E-01
+4.306360E-01
+1.081731E-01
+4.300037E-01
+1.119798E-01
+4.293378E-01
+1.157837E-01
+4.292373E-01
+1.163715E-01
+4.291361E-01
+1.169592E-01
+4.290342E-01
+1.175468E-01
+4.289313E-01
+1.181344E-01
+4.313272E-01
+1.204928E-01
+4.337301E-01
+1.228756E-01
+4.361401E-01
+1.252830E-01
+4.385574E-01
+1.277151E-01
+4.432407E-01
+1.288522E-01
+4.479739E-01
+1.299991E-01
+4.527577E-01
+1.311558E-01
+4.575925E-01
+1.323225E-01
+4.550892E-01
+1.372017E-01
+4.525360E-01
+1.420418E-01
+4.499338E-01
+1.468425E-01
+4.472833E-01
+1.516031E-01
+4.506825E-01
+1.474973E-01
+4.540520E-01
+1.433391E-01
+4.573913E-01
+1.391287E-01
+4.606995E-01
+1.348661E-01
+4.634891E-01
+1.358800E-01
+4.662954E-01
+1.369013E-01
+4.691188E-01
+1.379299E-01
+4.719593E-01
+1.389661E-01
+4.717159E-01
+1.463396E-01
+4.713644E-01
+1.537372E-01
+4.709044E-01
+1.611575E-01
+4.703349E-01
+1.685990E-01
+4.742542E-01
+1.677124E-01
+4.781960E-01
+1.668028E-01
+4.821607E-01
+1.658699E-01
+4.861481E-01
+1.649137E-01
+4.839658E-01
+1.658011E-01
+4.817883E-01
+1.666789E-01
+4.796159E-01
+1.675470E-01
+4.774480E-01
+1.684056E-01
+4.795319E-01
+1.703361E-01
+4.816222E-01
+1.722812E-01
+4.837188E-01
+1.742410E-01
+4.858221E-01
+1.762155E-01
+4.889649E-01
+1.789194E-01
+4.921235E-01
+1.816525E-01
+4.952981E-01
+1.844151E-01
+4.984882E-01
+1.872072E-01
+4.978967E-01
+1.890118E-01
+4.972987E-01
+1.908146E-01
+4.966940E-01
+1.926155E-01
+4.960824E-01
+1.944144E-01
+4.977127E-01
+1.955977E-01
+4.993479E-01
+1.967867E-01
+5.009879E-01
+1.979817E-01
+5.026325E-01
+1.991825E-01
+5.029145E-01
+2.005536E-01
+5.031937E-01
+2.019273E-01
+5.034705E-01
+2.033034E-01
+5.037449E-01
+2.046822E-01
+5.035916E-01
+2.046427E-01
+5.034381E-01
+2.046033E-01
+5.032846E-01
+2.045639E-01
+5.031313E-01
+2.045245E-01
+5.020324E-01
+2.061012E-01
+5.009290E-01
+2.076730E-01
+4.998210E-01
+2.092396E-01
+4.987088E-01
+2.108014E-01
+4.966677E-01
+2.130187E-01
+4.946187E-01
+2.152211E-01
+4.925620E-01
+2.174087E-01
+4.904978E-01
+2.195814E-01
+4.872341E-01
+2.237521E-01
+4.839382E-01
+2.278815E-01
+4.806105E-01
+2.319697E-01
+4.772518E-01
+2.360167E-01
+4.747251E-01
+2.425782E-01
+4.721088E-01
+2.491144E-01
+4.694034E-01
+2.556241E-01
+4.666094E-01
+2.621054E-01
+4.629171E-01
+2.710927E-01
+4.590549E-01
+2.800333E-01
+4.550229E-01
+2.889240E-01
+4.508221E-01
+2.977621E-01
+4.486324E-01
+3.160017E-01
+4.458551E-01
+3.344526E-01
+4.424744E-01
+3.530999E-01
+4.384752E-01
+3.719283E-01
+4.595968E-01
+4.135230E-01
+4.809921E-01
+4.588928E-01
+5.025633E-01
+5.083285E-01
+5.241958E-01
+5.621403E-01
+5.906106E-01
+5.708600E-01
+6.619733E-01
+5.764826E-01
+7.384456E-01
+5.785254E-01
+8.201727E-01
+5.764650E-01
+8.381773E-01
+5.576929E-01
+8.557714E-01
+5.383855E-01
+8.729395E-01
+5.185507E-01
+8.896657E-01
+4.981980E-01
+8.934918E-01
+4.885623E-01
+8.972155E-01
+4.789008E-01
+9.008370E-01
+4.692149E-01
+9.043559E-01
+4.595054E-01
+9.088720E-01
+4.533942E-01
+9.133485E-01
+4.472421E-01
+9.177853E-01
+4.410492E-01
+9.221812E-01
+4.348162E-01
+9.229537E-01
+4.355859E-01
+9.237269E-01
+4.363567E-01
+9.245006E-01
+4.371286E-01
+9.252749E-01
+4.379019E-01
+9.306424E-01
+4.381166E-01
+9.360364E-01
+4.383213E-01
+9.414569E-01
+4.385160E-01
+9.469043E-01
+4.387003E-01
+9.517611E-01
+4.405097E-01
+9.566425E-01
+4.423264E-01
+9.615489E-01
+4.441501E-01
+9.664803E-01
+4.459811E-01
+9.750594E-01
+4.502622E-01
+9.837147E-01
+4.545843E-01
+9.924465E-01
+4.589476E-01
+1.001256E+00
+4.633527E-01
+1.008628E+00
+4.748814E-01
+1.016001E+00
+4.865796E-01
+1.023372E+00
+4.984494E-01
+1.030742E+00
+5.104929E-01
+1.048112E+00
+5.220989E-01
+1.065767E+00
+5.339542E-01
+1.083713E+00
+5.460645E-01
+1.101954E+00
+5.584339E-01
+1.115433E+00
+5.660607E-01
+1.129077E+00
+5.737902E-01
+1.142888E+00
+5.816246E-01
+1.156867E+00
+5.895652E-01
+1.166900E+00
+6.026007E-01
+1.176977E+00
+6.158401E-01
+1.187098E+00
+6.292857E-01
+1.197260E+00
+6.429399E-01
+1.227007E+00
+6.476434E-01
+1.257411E+00
+6.522284E-01
+1.288483E+00
+6.566871E-01
+1.320240E+00
+6.610118E-01
+1.337869E+00
+6.794599E-01
+1.355678E+00
+6.983107E-01
+1.373666E+00
+7.175718E-01
+1.391834E+00
+7.372509E-01
+1.414977E+00
+7.492534E-01
+1.438504E+00
+7.614513E-01
+1.462422E+00
+7.738477E-01
+1.486738E+00
+7.864462E-01
+1.516922E+00
+8.038684E-01
+1.547718E+00
+8.216740E-01
+1.579138E+00
+8.398720E-01
+1.611196E+00
+8.584710E-01
+1.631877E+00
+8.854195E-01
+1.652700E+00
+9.129835E-01
+1.673665E+00
+9.411748E-01
+1.694766E+00
+9.700044E-01
+1.767783E+00
+1.004865E+00
+1.843924E+00
+1.040941E+00
+1.923322E+00
+1.078274E+00
+2.006115E+00
+1.116904E+00
+2.073458E+00
+1.147339E+00
+2.143043E+00
+1.178571E+00
+2.214941E+00
+1.210616E+00
+2.289234E+00
+1.243497E+00
+2.369196E+00
+1.283498E+00
+2.451948E+00
+1.324777E+00
+2.537586E+00
+1.367378E+00
+2.626211E+00
+1.411340E+00
+2.734824E+00
+1.557141E+00
+2.845672E+00
+1.713802E+00
+2.958596E+00
+1.881980E+00
+3.073411E+00
+2.062364E+00
+3.264473E+00
+2.088360E+00
+3.465068E+00
+2.111190E+00
+3.675571E+00
+2.130489E+00
+3.896362E+00
+2.145861E+00
+4.343312E+00
+2.264497E+00
+4.838330E+00
+2.383876E+00
+5.386283E+00
+2.502870E+00
+5.992497E+00
+2.620109E+00
+7.007937E+00
+3.113944E+00
+8.195093E+00
+3.700058E+00
+9.582948E+00
+4.395574E+00
+1.120535E+01
+5.220763E+00
+1.291693E+01
+3.995400E+00
+1.458991E+01
+2.413679E+00
+1.616821E+01
+4.515192E-01
+1.758749E+01
-1.908857E+00
+1.345463E+01
-9.875315E+00
+6.313535E+00
-1.442422E+01
-1.667174E+00
-1.476068E+01
-8.341223E+00
-1.126129E+01
-7.276322E+00
-9.994761E+00
-6.346129E+00
-8.869749E+00
-5.533742E+00
-7.870563E+00
-4.824361E+00
-6.983228E+00
-3.999116E+00
-5.924045E+00
-3.313809E+00
-5.024665E+00
-2.744890E+00
-4.261121E+00
-2.272743E+00
-3.613008E+00
-1.547086E+00
-3.407260E+00
-9.410518E-01
-3.142732E+00
-4.458811E-01
-2.841286E+00
-5.138100E-02
-2.520878E+00
+4.752548E-01
-2.541795E+00
+1.008389E+00
-2.452734E+00
+1.525062E+00
-2.251894E+00
+2.001848E+00
-1.942261E+00
+3.032554E+00
-1.608759E+00
+4.136365E+00
-8.609017E-01
+5.184405E+00
+4.017897E-01
+5.989863E+00
+2.253849E+00
+3.042762E+00
+3.883660E+00
+4.487565E-01
+3.776826E+00
-1.217106E+00
+2.667502E+00
-1.870087E+00
+1.269588E+00
-1.945061E+00
+7.404793E-01
-1.899904E+00
+2.505010E-01
-1.755422E+00
-1.789138E-01
-1.534806E+00
-5.329791E-01
-1.487222E+00
-6.482738E-01
-1.431010E+00
-7.594160E-01
-1.366527E+00
-8.657619E-01
-1.294176E+00
-9.666995E-01
-1.262069E+00
-1.000101E+00
-1.229126E+00
-1.032470E+00
-1.195378E+00
-1.063787E+00
-1.160859E+00
-1.094032E+00
-1.127629E+00
-1.088193E+00
-1.095054E+00
-1.082072E+00
-1.063126E+00
-1.075680E+00
-1.031837E+00
-1.069030E+00
-1.033856E+00
-1.061528E+00
-1.035837E+00
-1.054037E+00
-1.037778E+00
-1.046557E+00
-1.039680E+00
-1.039089E+00
-1.015839E+00
-1.021425E+00
-9.925255E-01
-1.004043E+00
-9.697296E-01
-9.869398E-01
-9.474396E-01
-9.701101E-01
-9.277867E-01
-9.627644E-01
-9.084574E-01
-9.553920E-01
-8.894471E-01
-9.479958E-01
-8.707520E-01
-9.405784E-01
-8.686682E-01
-9.347071E-01
-8.665823E-01
-9.288658E-01
-8.644944E-01
-9.230546E-01
-8.624047E-01
-9.172734E-01
-8.445980E-01
-9.059538E-01
-8.271271E-01
-8.947441E-01
-8.099865E-01
-8.836438E-01
-7.931701E-01
-8.726522E-01
-7.925075E-01
-8.650655E-01
-7.918185E-01
-8.575203E-01
-7.911037E-01
-8.500163E-01
-7.903637E-01
-8.425547E-01
-8.119944E-01
-8.413855E-01
-8.338696E-01
-8.398918E-01
-8.559874E-01
-8.380662E-01
-8.783456E-01
-8.359005E-01
-9.141017E-01
-7.892076E-01
-9.474203E-01
-7.410327E-01
-9.782430E-01
-6.915006E-01
-1.006517E+00
-6.407391E-01
-9.006130E-01
-5.617570E-01
-8.057576E-01
-4.923622E-01
-7.208091E-01
-4.314058E-01
-6.447421E-01
-3.778750E-01
-6.089655E-01
-4.118928E-01
-5.716835E-01
-4.430175E-01
-5.331077E-01
-4.712064E-01
-4.934478E-01
-4.964314E-01
-4.886767E-01
-5.094244E-01
-4.836330E-01
-5.224406E-01
-4.783139E-01
-5.354752E-01
-4.727172E-01
-5.485233E-01
-4.677783E-01
-5.524947E-01
-4.628060E-01
-5.564214E-01
-4.578010E-01
-5.603036E-01
-4.527639E-01
-5.641414E-01
-4.533430E-01
-5.656179E-01
-4.539222E-01
-5.670980E-01
-4.545017E-01
-5.685817E-01
-4.550816E-01
-5.700690E-01
-4.535752E-01
-5.706326E-01
-4.520686E-01
-5.711924E-01
-4.505618E-01
-5.717491E-01
-4.490543E-01
-5.723017E-01
-4.545873E-01
-5.800503E-01
-4.601881E-01
-5.879031E-01
-4.658573E-01
-5.958623E-01
-4.715964E-01
-6.039287E-01
-4.684635E-01
-5.745069E-01
-4.648328E-01
-5.461134E-01
-4.607417E-01
-5.187248E-01
-4.562261E-01
-4.923177E-01
-4.330496E-01
-4.963127E-01
-4.101986E-01
-4.995504E-01
-3.876893E-01
-5.020553E-01
-3.655358E-01
-5.038508E-01
-3.594654E-01
-5.091535E-01
-3.533197E-01
-5.143837E-01
-3.470992E-01
-5.195412E-01
-3.408054E-01
-5.246240E-01
-3.375955E-01
-5.329682E-01
-3.342623E-01
-5.413455E-01
-3.308042E-01
-5.497543E-01
-3.272193E-01
-5.581933E-01
-3.286386E-01
-5.589751E-01
-3.300620E-01
-5.597564E-01
-3.314894E-01
-5.605379E-01
-3.329213E-01
-5.613197E-01
-3.256487E-01
-5.618995E-01
-3.184059E-01
-5.624031E-01
-3.111938E-01
-5.628318E-01
-3.040128E-01
-5.631863E-01
-2.948518E-01
-5.800940E-01
-2.851149E-01
-5.970491E-01
-2.747917E-01
-6.140386E-01
-2.638718E-01
-6.310479E-01
-2.743551E-01
-6.389927E-01
-2.850894E-01
-6.469683E-01
-2.960793E-01
-6.549732E-01
-3.073296E-01
-6.630045E-01
-3.174605E-01
-6.714970E-01
-3.278224E-01
-6.800507E-01
-3.384200E-01
-6.886648E-01
-3.492566E-01
-6.973380E-01
-3.608596E-01
-7.115676E-01
-3.728023E-01
-7.260643E-01
-3.850939E-01
-7.408332E-01
-3.977434E-01
-7.558784E-01
-4.171454E-01
-7.774714E-01
-4.373667E-01
-7.996141E-01
-4.584386E-01
-8.223180E-01
-4.803944E-01
-8.455948E-01
-5.186197E-01
-8.661293E-01
-5.587765E-01
-8.865320E-01
-6.009346E-01
-9.067518E-01
-6.451653E-01
-9.267351E-01
-7.654537E-01
-9.404377E-01
-8.953642E-01
-9.454288E-01
-1.034878E+00
-9.403161E-01
-1.183860E+00
-9.236120E-01
-1.280661E+00
-5.869690E-01
-1.296175E+00
-2.586908E-01
-1.239291E+00
+4.435854E-02
-1.121773E+00
+3.087069E-01
-8.439509E-01
+2.136593E-01
-6.346492E-01
+1.468350E-01
-4.770415E-01
+1.000686E-01
-3.584152E-01
+6.751110E-02
-3.459032E-01
-7.162414E-03
-3.197368E-01
-7.405041E-02
-2.824107E-01
-1.310498E-01
-2.366511E-01
-1.766941E-01
-2.321639E-01
-2.052694E-01
-2.249967E-01
-2.347622E-01
-2.149470E-01
-2.649825E-01
-2.018204E-01
-2.957136E-01
-1.995898E-01
-3.149603E-01
-1.965856E-01
-3.349146E-01
-1.927511E-01
-3.555785E-01
-1.880279E-01
-3.769513E-01
-1.873658E-01
-3.916798E-01
-1.864329E-01
-4.068477E-01
-1.852134E-01
-4.224636E-01
-1.836906E-01
-4.385367E-01
-1.855125E-01
-4.531377E-01
-1.872671E-01
-4.681889E-01
-1.889485E-01
-4.837036E-01
-1.905507E-01
-4.996945E-01
-1.915998E-01
-5.137166E-01
-1.925700E-01
-5.280999E-01
-1.934567E-01
-5.428530E-01
-1.942551E-01
-5.579845E-01
-1.949802E-01
-5.719325E-01
-1.956296E-01
-5.862015E-01
-1.961996E-01
-6.007992E-01
-1.966862E-01
-6.157321E-01
-1.956816E-01
-6.337217E-01
-1.944717E-01
-6.521701E-01
-1.930469E-01
-6.710867E-01
-1.913967E-01
-6.904816E-01
-2.049821E-01
-7.104281E-01
-2.192169E-01
-7.308635E-01
-2.341270E-01
-7.517964E-01
-2.497396E-01
-7.732354E-01
-2.497570E-01
-7.908851E-01
-2.496572E-01
-8.088998E-01
-2.494355E-01
-8.272859E-01
-2.490868E-01
-8.460511E-01
-2.774888E-01
-8.787717E-01
-3.078278E-01
-9.123746E-01
-3.402085E-01
-9.468595E-01
-3.747401E-01
-9.822248E-01
-3.763660E-01
-1.003487E+00
-3.779008E-01
-1.025173E+00
-3.793406E-01
-1.047290E+00
-3.806812E-01
-1.069845E+00
-3.851590E-01
-1.129037E+00
-3.890482E-01
-1.191276E+00
-3.922769E-01
-1.256708E+00
-3.947683E-01
-1.325485E+00
-4.414851E-01
-1.411206E+00
-4.926859E-01
-1.502162E+00
-5.487572E-01
-1.598645E+00
-6.101169E-01
-1.700968E+00
-6.983863E-01
-1.813579E+00
-7.960979E-01
-1.932452E+00
-9.041165E-01
-2.057820E+00
-1.023379E+00
-2.189915E+00
-1.327154E+00
-2.425201E+00
-1.690972E+00
-2.671686E+00
-2.124135E+00
-2.926593E+00
-2.637054E+00
-3.186073E+00
-3.823134E+00
-2.669372E+00
-4.956632E+00
-1.751404E+00
-5.912377E+00
-4.132184E-01
-6.548673E+00
+1.328150E+00
-4.885470E+00
+1.899107E+00
-3.523685E+00
+2.118916E+00
-2.441684E+00
+2.107425E+00
-1.606783E+00
+1.954401E+00
-1.320902E+00
+1.561324E+00
-1.085369E+00
+1.246881E+00
-8.914250E-01
+9.954177E-01
-7.318102E-01
+7.943846E-01
-8.708590E-01
+5.013050E-01
-9.126538E-01
+2.024213E-01
-8.665034E-01
-7.452579E-02
-7.483977E-01
-3.075045E-01
-1.010380E+00
-5.291463E-01
-1.349214E+00
-8.743857E-01
-1.779811E+00
-1.403122E+00
-2.315292E+00
-2.201372E+00
-3.627276E+00
-1.651111E+00
-4.949626E+00
-4.673730E-01
-6.025867E+00
+1.467418E+00
-6.505687E+00
+4.187285E+00
-4.140994E+00
+4.856223E+00
-2.114104E+00
+4.821448E+00
-5.215780E-01
+4.311330E+00
+6.147011E-01
+3.529222E+00
+4.846038E-01
+2.844224E+00
+3.818569E-01
+2.292147E+00
+3.007434E-01
+1.847205E+00
+2.367357E-01
+1.488612E+00
+1.704949E-01
+1.371818E+00
+1.134280E-01
+1.262698E+00
+6.452970E-02
+1.160900E+00
+2.288992E-02
+1.066066E+00
+6.126852E-02
+1.020423E+00
+9.635003E-02
+9.752820E-01
+1.282915E-01
+9.307433E-01
+1.572472E-01
+8.868972E-01
+8.422075E-02
+8.115998E-01
+2.315096E-02
+7.388021E-01
-2.727865E-02
+6.690432E-01
-6.829219E-02
+6.027242E-01
-9.062086E-02
+5.964581E-01
-1.125764E-01
+5.893878E-01
-1.341307E-01
+5.815321E-01
-1.552571E-01
+5.729106E-01
-1.604562E-01
+5.596393E-01
-1.653650E-01
+5.465499E-01
-1.699920E-01
+5.336424E-01
-1.743452E-01
+5.209182E-01
-1.840129E-01
+5.131672E-01
-1.934414E-01
+5.052718E-01
-2.026291E-01
+4.972386E-01
-2.115749E-01
+4.890732E-01
-2.186393E-01
+4.849051E-01
-2.256266E-01
+4.806370E-01
-2.325352E-01
+4.762705E-01
-2.393641E-01
+4.718065E-01
-2.422057E-01
+4.839160E-01
-2.450450E-01
+4.963179E-01
-2.478800E-01
+5.090190E-01
-2.507096E-01
+5.220257E-01
-2.427725E-01
+5.221241E-01
-2.348802E-01
+5.221234E-01
-2.270335E-01
+5.220245E-01
-2.192328E-01
+5.218288E-01
-2.133491E-01
+5.185953E-01
-2.075439E-01
+5.153483E-01
-2.018165E-01
+5.120886E-01
-1.961663E-01
+5.088171E-01
-1.919748E-01
+5.049809E-01
-1.878404E-01
+5.011610E-01
-1.837622E-01
+4.973575E-01
-1.797394E-01
+4.935705E-01
-1.880806E-01
+4.735137E-01
-1.956066E-01
+4.538342E-01
-2.023527E-01
+4.345432E-01
-2.083537E-01
+4.156509E-01
-2.227627E-01
+4.117495E-01
-2.371409E-01
+4.073699E-01
-2.514732E-01
+4.025099E-01
-2.657439E-01
+3.971675E-01
-2.846610E-01
+3.969947E-01
-3.039833E-01
+3.961919E-01
-3.236985E-01
+3.947321E-01
-3.437935E-01
+3.925875E-01
-3.638673E-01
+4.226851E-01
-3.850484E-01
+4.550331E-01
-4.073923E-01
+4.897965E-01
-4.309568E-01
+5.271515E-01
-4.294345E-01
+5.372525E-01
-4.277845E-01
+5.474387E-01
-4.260045E-01
+5.577089E-01
-4.240924E-01
+5.680624E-01
-4.295036E-01
+5.972067E-01
-4.345793E-01
+6.275443E-01
-4.392850E-01
+6.591137E-01
-4.435834E-01
+6.919540E-01
-4.451646E-01
+7.100957E-01
-4.465902E-01
+7.286094E-01
-4.478531E-01
+7.475010E-01
-4.489461E-01
+7.667759E-01
-4.522193E-01
+8.012136E-01
-4.550433E-01
+8.369213E-01
-4.573812E-01
+8.739358E-01
-4.591946E-01
+9.122961E-01
-4.317865E-01
+1.029384E+00
-3.930605E-01
+1.154979E+00
-3.413524E-01
+1.288997E+00
-2.748538E-01
+1.431217E+00
+4.444427E-02
+1.571393E+00
+4.134124E-01
+1.644525E+00
+8.190487E-01
+1.635464E+00
+1.244124E+00
+1.531285E+00
+1.274994E+00
+1.171493E+00
+1.256057E+00
+8.551487E-01
+1.199394E+00
+5.828646E-01
+1.115576E+00
+3.536355E-01
+9.301985E-01
+4.079079E-01
+7.652179E-01
+4.376774E-01
+6.200961E-01
+4.481787E-01
+4.938872E-01
+4.438793E-01
+5.389069E-01
+6.968628E-01
+5.374425E-01
+1.037744E+00
+4.543903E-01
+1.482276E+00
+2.401872E-01
+2.042658E+00
+5.220791E-01
+2.253908E+00
+8.634602E-01
+2.455099E+00
+1.270102E+00
+2.637659E+00
+1.747393E+00
+2.791289E+00
+2.023704E+00
+2.444259E+00
+2.243552E+00
+2.077674E+00
+2.406981E+00
+1.699584E+00
+2.515056E+00
+1.317669E+00
+2.636463E+00
+9.596127E-01
+2.708262E+00
+5.929790E-01
+2.730348E+00
+2.244703E-01
+2.703500E+00
-1.393348E-01
+2.551519E+00
-3.242517E-01
+2.394373E+00
-4.886438E-01
+2.233798E+00
-6.332227E-01
+2.071379E+00
-7.587849E-01
+2.046931E+00
-8.605024E-01
+2.017558E+00
-9.616233E-01
+1.983261E+00
-1.061912E+00
+1.944053E+00
-1.161131E+00
+1.630963E+00
-1.282661E+00
+1.332205E+00
-1.356485E+00
+1.052054E+00
-1.388631E+00
+7.936872E-01
-1.385073E+00
+9.332715E-01
-1.282794E+00
+1.060147E+00
-1.166718E+00
+1.172981E+00
-1.038382E+00
+1.270624E+00
-8.994459E-01
+1.220356E+00
-9.770466E-01
+1.165360E+00
-1.051854E+00
+1.105790E+00
-1.123581E+00
+1.041818E+00
-1.191949E+00
+1.095391E+00
-1.257009E+00
+1.151714E+00
-1.325616E+00
+1.210926E+00
-1.397962E+00
+1.273175E+00
-1.474251E+00
+9.848748E-01
-1.792372E+00
+6.192380E-01
-2.055971E+00
+1.861143E-01
-2.246666E+00
-3.003605E-01
-2.347734E+00
-5.036165E-01
-2.094775E+00
-6.625618E-01
-1.845804E+00
-7.818049E-01
-1.604819E+00
-8.659104E-01
-1.374982E+00
-7.166292E-01
-9.875919E-01
-5.856708E-01
-7.046777E-01
-4.735933E-01
-4.991445E-01
-3.794783E-01
-3.506624E-01
-3.363994E-01
-3.953472E-01
-2.880632E-01
-4.347444E-01
-2.351184E-01
-4.682365E-01
-1.782856E-01
-4.952845E-01
-1.938579E-01
-4.443677E-01
-2.050838E-01
-3.966311E-01
-2.125078E-01
-3.520805E-01
-2.166309E-01
-3.106884E-01
-1.692373E-01
-3.420721E-01
-1.173057E-01
-3.662321E-01
-6.193628E-02
-3.825137E-01
-4.323659E-03
-3.904293E-01
-2.798668E-02
-5.193609E-01
-6.682070E-02
-6.896035E-01
-1.281976E-01
-9.139611E-01
-2.226574E-01
-1.209056E+00
-4.585859E-01
-1.039568E+00
-6.345063E-01
-8.367499E-01
-7.493469E-01
-6.167873E-01
-8.056003E-01
-3.944615E-01
-7.202512E-01
-2.898784E-01
-6.399967E-01
-2.049610E-01
-5.653767E-01
-1.366998E-01
-4.966679E-01
-8.246322E-02
-4.777737E-01
-5.735933E-02
-4.586527E-01
-3.420310E-02
-4.393992E-01
-1.291626E-02
-4.200993E-01
+6.580063E-03
-3.621599E-01
-1.308218E-02
-3.113744E-01
-2.743290E-02
-2.669880E-01
-3.752767E-02
-2.283036E-01
-4.424200E-02
-2.419550E-01
-4.006094E-02
-2.562259E-01
-3.525984E-02
-2.711321E-01
-2.978718E-02
-2.866885E-01
-2.358830E-02
-2.463846E-01
-8.155210E-03
-2.112381E-01
+3.362920E-03
-1.806704E-01
+1.174651E-02
-1.541537E-01
+1.763925E-02
-1.592431E-01
-5.725886E-03
-1.608283E-01
-3.023286E-02
-1.586802E-01
-5.536199E-02
-1.526456E-01
-8.055048E-02
-1.780336E-01
-8.112423E-02
-2.068015E-01
-8.010526E-02
-2.392896E-01
-7.706185E-02
-2.758546E-01
-7.148309E-02
-2.790241E-01
-6.752862E-02
-2.821524E-01
-6.349389E-02
-2.852381E-01
-5.937902E-02
-2.882798E-01
-5.518419E-02
-3.221044E-01
-4.368591E-02
-3.588168E-01
-2.893659E-02
-3.985271E-01
-1.041852E-02
-4.413260E-01
+1.244749E-02
-4.493429E-01
+5.716037E-02
-4.530247E-01
+1.036200E-01
-4.521043E-01
+1.514264E-01
-4.463491E-01
+2.001443E-01
-5.178668E-01
+2.389621E-01
-6.007582E-01
+2.851189E-01
-6.968180E-01
+3.399757E-01
-8.081218E-01
+4.051409E-01
-1.080306E+00
+9.501785E-01
-1.279079E+00
+1.899169E+00
-1.201633E+00
+3.440330E+00
-4.597214E-01
+5.781455E+00
+2.160727E+00
+3.573081E+00
+2.764665E+00
+1.180878E+00
+2.112481E+00
-4.714150E-01
+1.036881E+00
-1.163302E+00
+6.525935E-01
-1.153202E+00
+3.350362E-01
-1.075723E+00
+8.505024E-02
-9.542423E-01
-1.008679E-01
-8.083402E-01
-9.470879E-02
-4.438217E-01
-7.382785E-02
-2.417977E-01
-5.256020E-02
-1.306685E-01
-3.543230E-02
-7.000716E-02
-2.159285E-02
-8.372132E-02
-3.456802E-03
-9.521152E-02
+1.877816E-02
-1.032928E-01
+4.461918E-02
-1.067366E-01
+3.137910E-02
-9.904428E-02
+2.015066E-02
-9.110497E-02
+1.074141E-02
-8.310546E-02
+2.964278E-03
-7.519750E-02
-3.773160E-03
-4.685848E-02
-5.836907E-03
-2.877993E-02
-5.767730E-03
-1.741364E-02
-4.876624E-03
-1.036947E-02
+3.570346E-03
-1.468605E-02
+1.581829E-02
-1.213108E-02
+2.628511E-02
+6.270058E-04
+2.648059E-02
+2.239178E-02
+3.372440E-02
+2.856759E-02
+4.294971E-02
+3.644667E-02
+5.469855E-02
+4.649875E-02
+6.966119E-02
+5.932314E-02
+8.725987E-02
+5.864372E-02
+1.072623E-01
+5.557396E-02
+1.296974E-01
+4.946200E-02
+1.545129E-01
+3.955986E-02
+1.603059E-01
+3.826781E-02
+1.662694E-01
+3.683526E-02
+1.724066E-01
+3.525465E-02
+1.787208E-01
+3.351813E-02
+1.865104E-01
+3.754062E-02
+1.946040E-01
+4.185674E-02
+2.030117E-01
+4.648425E-02
+2.117436E-01
+5.144187E-02
+2.374711E-01
+5.687962E-02
+2.663216E-01
+6.288005E-02
+2.986739E-01
+6.949975E-02
+3.349524E-01
+7.680066E-02
+3.713318E-01
+1.286735E-01
+4.062874E-01
+1.921405E-01
+4.381927E-01
+2.686136E-01
+4.650241E-01
+3.594968E-01
+8.287421E-01
+5.929392E-01
+1.473874E+00
+9.740017E-01
+2.616034E+00
+1.592730E+00
+4.634562E+00
+2.591275E+00
+3.499855E+00
-7.169205E-01
+1.467800E+00
-1.903461E+00
-8.887519E-02
-1.614786E+00
-7.550007E-01
-7.835435E-01
-7.234484E-01
-7.276641E-01
-6.928736E-01
-6.754409E-01
-6.632742E-01
-6.266507E-01
-6.346451E-01
-5.810832E-01
-6.344265E-01
-5.265564E-01
-6.316785E-01
-4.743829E-01
-6.266188E-01
-4.245799E-01
-6.194576E-01
-3.771530E-01
-5.819446E-01
-3.586510E-01
-5.466811E-01
-3.410203E-01
-5.135332E-01
-3.242221E-01
-4.823758E-01
-3.082198E-01
