Hz,real,imaginary,unitless (peak only)
40.000021,4.485350E-1,1.056290E-1,4.608049E-1
40.161289,4.462913E-1,1.094813E-1,4.595238E-1
40.323208,4.440182E-1,1.133020E-1,4.582461E-1
40.485779,4.417163E-1,1.170910E-1,4.569722E-1
40.649005,4.393857E-1,1.208479E-1,4.557017E-1
40.812890,4.402676E-1,1.144958E-1,4.549119E-1
40.977435,4.410594E-1,1.081430E-1,4.541237E-1
41.142643,4.417610E-1,1.017909E-1,4.533367E-1
41.308518,4.423725E-1,9.544049E-2,4.525509E-1
41.475062,4.490915E-1,1.008276E-1,4.602710E-1
41.642277,4.558789E-1,1.063636E-1,4.681226E-1
41.810166,4.627350E-1,1.120516E-1,4.761084E-1
41.978732,4.696594E-1,1.178948E-1,4.842305E-1
42.147977,4.706948E-1,1.233428E-1,4.865871E-1
42.317905,4.716787E-1,1.288277E-1,4.889554E-1
42.488518,4.726103E-1,1.343493E-1,4.913352E-1
42.659819,4.734895E-1,1.399073E-1,4.937270E-1
42.831810,4.758425E-1,1.375215E-1,4.953163E-1
43.004495,4.781889E-1,1.351141E-1,4.969109E-1
43.177877,4.805284E-1,1.326849E-1,4.985106E-1
43.351957,4.828603E-1,1.302339E-1,5.001149E-1
43.526739,4.907148E-1,1.304589E-1,5.077603E-1
43.702225,4.986904E-1,1.306588E-1,5.155229E-1
43.878420,5.067883E-1,1.308325E-1,5.234038E-1
44.055324,5.150105E-1,1.309792E-1,5.314051E-1
44.232942,5.167945E-1,1.302437E-1,5.329540E-1
44.411276,5.185822E-1,1.295022E-1,5.345075E-1
44.590329,5.203732E-1,1.287547E-1,5.360653E-1
44.770103,5.221685E-1,1.280012E-1,5.376284E-1
44.950603,5.356103E-1,1.277376E-1,5.506317E-1
45.131830,5.493756E-1,1.273812E-1,5.639499E-1
45.313788,5.634709E-1,1.269277E-1,5.775899E-1
45.496479,5.779043E-1,1.263725E-1,5.915601E-1
45.679908,5.920459E-1,1.076380E-1,6.017510E-1
45.864075,6.057466E-1,8.808298E-2,6.121173E-1
46.048985,6.189700E-1,6.770970E-2,6.226624E-1
46.234641,6.316782E-1,4.652179E-2,6.333890E-1
46.421045,6.031724E-1,1.506312E-2,6.033605E-1
46.608201,5.745960E-1,-1.355107E-2,5.747558E-1
46.796111,5.460838E-1,-3.945557E-2,5.475073E-1
46.984779,5.177578E-1,-6.278487E-2,5.215506E-1
47.174207,4.911854E-1,-5.912248E-2,4.947308E-1
47.364399,4.659762E-1,-5.567069E-2,4.692899E-1
47.555358,4.420605E-1,-5.241751E-2,4.451574E-1
47.747087,4.193718E-1,-4.935163E-2,4.222657E-1
47.939589,4.142193E-1,-3.168886E-2,4.154297E-1
48.132867,4.084459E-1,-1.453318E-2,4.087044E-1
48.326924,4.020824E-1,2.099129E-3,4.020879E-1
48.521763,3.951598E-1,1.819328E-2,3.955784E-1
48.717389,3.965569E-1,2.534511E-2,3.973660E-1
48.913802,3.978320E-1,3.255313E-2,3.991616E-1
49.111008,3.989837E-1,3.981539E-2,4.009654E-1
49.309009,4.000108E-1,4.712995E-2,4.027777E-1
49.507808,4.027316E-1,5.258975E-2,4.061507E-1
49.707408,4.054058E-1,5.812929E-2,4.095520E-1
49.907814,4.080320E-1,6.374867E-2,4.129818E-1
50.109027,4.106085E-1,6.944789E-2,4.164401E-1
50.311051,4.113976E-1,7.454108E-2,4.180961E-1
50.513890,4.121299E-1,7.966344E-2,4.197586E-1
50.717547,4.128050E-1,8.481441E-2,4.214279E-1
50.922025,4.134223E-1,8.999340E-2,4.231038E-1
51.127327,4.179508E-1,9.256233E-2,4.280779E-1
51.333457,4.225231E-1,9.517799E-2,4.331104E-1
51.540418,4.271395E-1,9.784110E-2,4.382020E-1
51.748213,4.318003E-1,1.005524E-1,4.433535E-1
51.956847,4.312348E-1,1.043638E-1,4.436837E-1
52.166321,4.306360E-1,1.081731E-1,4.440144E-1
52.376640,4.300037E-1,1.119798E-1,4.443452E-1
52.587807,4.293378E-1,1.157837E-1,4.446761E-1
52.799825,4.292373E-1,1.163715E-1,4.447325E-1
53.012698,4.291361E-1,1.169592E-1,4.447890E-1
53.226429,4.290342E-1,1.175468E-1,4.448456E-1
53.441022,4.289313E-1,1.181344E-1,4.449020E-1
53.656480,4.313272E-1,1.204928E-1,4.478411E-1
53.872806,4.337301E-1,1.228756E-1,4.507995E-1
54.090005,4.361401E-1,1.252830E-1,4.537775E-1
54.308080,4.385574E-1,1.277151E-1,4.567754E-1
54.527034,4.432407E-1,1.288522E-1,4.615899E-1
54.746870,4.479739E-1,1.299991E-1,4.664551E-1
54.967593,4.527577E-1,1.311558E-1,4.713718E-1
55.189206,4.575925E-1,1.323225E-1,4.763404E-1
55.411712,4.550892E-1,1.372017E-1,4.753215E-1
55.635115,4.525360E-1,1.420418E-1,4.743044E-1
55.859419,4.499338E-1,1.468425E-1,4.732897E-1
56.084628,4.472833E-1,1.516031E-1,4.722773E-1
56.310744,4.506825E-1,1.474973E-1,4.742048E-1
56.537772,4.540520E-1,1.433391E-1,4.761400E-1
56.765715,4.573913E-1,1.391287E-1,4.780833E-1
56.994577,4.606995E-1,1.348661E-1,4.800343E-1
57.224362,4.634891E-1,1.358800E-1,4.829964E-1
57.455073,4.662954E-1,1.369013E-1,4.859767E-1
57.686715,4.691188E-1,1.379299E-1,4.889756E-1
57.919290,4.719593E-1,1.389661E-1,4.919930E-1
58.152803,4.717159E-1,1.463396E-1,4.938939E-1
58.387258,4.713644E-1,1.537372E-1,4.958019E-1
58.622658,4.709044E-1,1.611575E-1,4.977175E-1
58.859007,4.703349E-1,1.685990E-1,4.996404E-1
59.096308,4.742542E-1,1.677124E-1,5.030353E-1
59.334567,4.781960E-1,1.668028E-1,5.064529E-1
59.573786,4.821607E-1,1.658699E-1,5.098939E-1
59.813969,4.861481E-1,1.649137E-1,5.133581E-1
60.055121,4.839658E-1,1.658011E-1,5.115788E-1
60.297245,4.817883E-1,1.666789E-1,5.098057E-1
60.540346,4.796159E-1,1.675470E-1,5.080388E-1
60.784426,4.774480E-1,1.684056E-1,5.062776E-1
61.029491,4.795319E-1,1.703361E-1,5.088863E-1
61.275543,4.816222E-1,1.722812E-1,5.115083E-1
61.522587,4.837188E-1,1.742410E-1,5.141438E-1
61.770628,4.858221E-1,1.762155E-1,5.167930E-1
62.019668,4.889649E-1,1.789194E-1,5.206715E-1
62.269713,4.921235E-1,1.816525E-1,5.245790E-1
62.520766,4.952981E-1,1.844151E-1,5.285160E-1
62.772831,4.984882E-1,1.872072E-1,5.324819E-1
63.025912,4.978967E-1,1.890118E-1,5.325660E-1
63.280013,4.972987E-1,1.908146E-1,5.326502E-1
63.535139,4.966940E-1,1.926155E-1,5.327341E-1
63.791293,4.960824E-1,1.944144E-1,5.328177E-1
64.048481,4.977127E-1,1.955977E-1,5.347676E-1
64.306705,4.993479E-1,1.967867E-1,5.367246E-1
64.565970,5.009879E-1,1.979817E-1,5.386888E-1
64.826281,5.026325E-1,1.991825E-1,5.406599E-1
65.087641,5.029145E-1,2.005536E-1,5.414284E-1
65.350054,5.031937E-1,2.019273E-1,5.421979E-1
65.613526,5.034705E-1,2.033034E-1,5.429685E-1
65.878060,5.037449E-1,2.046822E-1,5.437405E-1
66.143660,5.035916E-1,2.046427E-1,5.435836E-1
66.410332,5.034381E-1,2.046033E-1,5.434266E-1
66.678078,5.032846E-1,2.045639E-1,5.432695E-1
66.946904,5.031313E-1,2.045245E-1,5.431127E-1
67.216813,5.020324E-1,2.061012E-1,5.426917E-1
67.487811,5.009290E-1,2.076730E-1,5.422711E-1
67.759902,4.998210E-1,2.092396E-1,5.418508E-1
68.033089,4.987088E-1,2.108014E-1,5.414312E-1
68.307378,4.966677E-1,2.130187E-1,5.404218E-1
68.582773,4.946187E-1,2.152211E-1,5.394143E-1
68.859278,4.925620E-1,2.174087E-1,5.384086E-1
69.136898,4.904978E-1,2.195814E-1,5.374050E-1
69.415637,4.872341E-1,2.237521E-1,5.361549E-1
69.695500,4.839382E-1,2.278815E-1,5.349076E-1
69.976491,4.806105E-1,2.319697E-1,5.336632E-1
70.258615,4.772518E-1,2.360167E-1,5.324220E-1
70.541877,4.747251E-1,2.425782E-1,5.331117E-1
70.826280,4.721088E-1,2.491144E-1,5.338021E-1
71.111830,4.694034E-1,2.556241E-1,5.344934E-1
71.398532,4.666094E-1,2.621054E-1,5.351855E-1
71.686389,4.629171E-1,2.710927E-1,5.364546E-1
71.975407,4.590549E-1,2.800333E-1,5.377267E-1
72.265590,4.550229E-1,2.889240E-1,5.390018E-1
72.556943,4.508221E-1,2.977621E-1,5.402803E-1
72.849471,4.486324E-1,3.160017E-1,5.487514E-1
73.143178,4.458551E-1,3.344526E-1,5.573556E-1
73.438069,4.424744E-1,3.530999E-1,5.660946E-1
73.734149,4.384752E-1,3.719283E-1,5.749706E-1
74.031423,4.595968E-1,4.135230E-1,6.182479E-1
74.329895,4.809921E-1,4.588928E-1,6.647827E-1
74.629571,5.025633E-1,5.083285E-1,7.148201E-1
74.930455,5.241958E-1,5.621403E-1,7.686241E-1
75.232552,5.906106E-1,5.708600E-1,8.214025E-1
75.535867,6.619733E-1,5.764826E-1,8.778046E-1
75.840404,7.384456E-1,5.785254E-1,9.380797E-1
76.146170,8.201727E-1,5.764650E-1,1.002494E+0
76.453168,8.381773E-1,5.576929E-1,1.006758E+0
76.761404,8.557714E-1,5.383855E-1,1.011041E+0
77.070883,8.729395E-1,5.185507E-1,1.015341E+0
77.381610,8.896657E-1,4.981980E-1,1.019660E+0
77.693589,8.934918E-1,4.885623E-1,1.018342E+0
78.006826,8.972155E-1,4.789008E-1,1.017026E+0
78.321326,9.008370E-1,4.692149E-1,1.015712E+0
78.637094,9.043559E-1,4.595054E-1,1.014399E+0
78.954135,9.088720E-1,4.533942E-1,1.015684E+0
79.272454,9.133485E-1,4.472421E-1,1.016971E+0
79.592057,9.177853E-1,4.410492E-1,1.018260E+0
79.912948,9.221812E-1,4.348162E-1,1.019551E+0
80.235133,9.229537E-1,4.355859E-1,1.020578E+0
80.558617,9.237269E-1,4.363567E-1,1.021606E+0
80.883405,9.245006E-1,4.371286E-1,1.022635E+0
81.209502,9.252749E-1,4.379019E-1,1.023666E+0
81.536914,9.306424E-1,4.381166E-1,1.028611E+0
81.865647,9.360364E-1,4.383213E-1,1.033581E+0
82.195704,9.414569E-1,4.385160E-1,1.038575E+0
82.527092,9.469043E-1,4.387003E-1,1.043593E+0
82.859817,9.517611E-1,4.405097E-1,1.048760E+0
83.193882,9.566425E-1,4.423264E-1,1.053953E+0
83.529295,9.615489E-1,4.441501E-1,1.059172E+0
83.866060,9.664803E-1,4.459811E-1,1.064417E+0
84.204183,9.750594E-1,4.502622E-1,1.074000E+0
84.543668,9.837147E-1,4.545843E-1,1.083670E+0
84.884523,9.924465E-1,4.589476E-1,1.093427E+0
85.226752,1.001256E+0,4.633527E-1,1.103272E+0
85.570360,1.008628E+0,4.748814E-1,1.114829E+0
85.915354,1.016001E+0,4.865796E-1,1.126507E+0
86.261739,1.023372E+0,4.984494E-1,1.138307E+0
86.609520,1.030742E+0,5.104929E-1,1.150231E+0
86.958704,1.048112E+0,5.220989E-1,1.170951E+0
87.309295,1.065767E+0,5.339542E-1,1.192043E+0
87.661299,1.083713E+0,5.460645E-1,1.213516E+0
88.014723,1.101954E+0,5.584339E-1,1.235375E+0
88.369572,1.115433E+0,5.660607E-1,1.250846E+0
88.725852,1.129077E+0,5.737902E-1,1.266511E+0
89.083567,1.142888E+0,5.816246E-1,1.282373E+0
89.442725,1.156867E+0,5.895652E-1,1.298433E+0
89.803331,1.166900E+0,6.026007E-1,1.313310E+0
90.165391,1.176977E+0,6.158401E-1,1.328358E+0
90.528911,1.187098E+0,6.292857E-1,1.343578E+0
90.893896,1.197260E+0,6.429399E-1,1.358971E+0
91.260353,1.227007E+0,6.476434E-1,1.387439E+0
91.628287,1.257411E+0,6.522284E-1,1.416504E+0
91.997705,1.288483E+0,6.566871E-1,1.446176E+0
92.368612,1.320240E+0,6.610118E-1,1.476472E+0
92.741014,1.337869E+0,6.794599E-1,1.500520E+0
93.114918,1.355678E+0,6.983107E-1,1.524959E+0
93.490329,1.373666E+0,7.175718E-1,1.549796E+0
93.867254,1.391834E+0,7.372509E-1,1.575037E+0
94.245698,1.414977E+0,7.492534E-1,1.601106E+0
94.625668,1.438504E+0,7.614513E-1,1.627606E+0
95.007171,1.462422E+0,7.738477E-1,1.654545E+0
95.390211,1.486738E+0,7.864462E-1,1.681930E+0
95.774795,1.516922E+0,8.038684E-1,1.716758E+0
96.160930,1.547718E+0,8.216740E-1,1.752307E+0
96.548622,1.579138E+0,8.398720E-1,1.788592E+0
96.937877,1.611196E+0,8.584710E-1,1.825630E+0
97.328701,1.631877E+0,8.854195E-1,1.856607E+0
97.721101,1.652700E+0,9.129835E-1,1.888109E+0
98.115083,1.673665E+0,9.411748E-1,1.920147E+0
98.510654,1.694766E+0,9.700044E-1,1.952726E+0
98.907819,1.767783E+0,1.004865E+0,2.033423E+0
99.306585,1.843924E+0,1.040941E+0,2.117455E+0
99.706959,1.923322E+0,1.078274E+0,2.204959E+0
100.108948,2.006115E+0,1.116904E+0,2.296078E+0
100.512557,2.073458E+0,1.147339E+0,2.369729E+0
100.917793,2.143043E+0,1.178571E+0,2.445744E+0
101.324663,2.214941E+0,1.210616E+0,2.524194E+0
101.733174,2.289234E+0,1.243497E+0,2.605164E+0
102.143331,2.369196E+0,1.283498E+0,2.694523E+0
102.555142,2.451948E+0,1.324777E+0,2.786949E+0
102.968613,2.537586E+0,1.367378E+0,2.882545E+0
103.383752,2.626211E+0,1.411340E+0,2.981420E+0
103.800564,2.734824E+0,1.557141E+0,3.147054E+0
104.219056,2.845672E+0,1.713802E+0,3.321892E+0
104.639236,2.958596E+0,1.881980E+0,3.506443E+0
105.061110,3.073411E+0,2.062364E+0,3.701243E+0
105.484685,3.264473E+0,2.088360E+0,3.875310E+0
105.909967,3.465068E+0,2.111190E+0,4.057563E+0
106.336964,3.675571E+0,2.130489E+0,4.248389E+0
106.765682,3.896362E+0,2.145861E+0,4.448186E+0
107.196129,4.343312E+0,2.264497E+0,4.898194E+0
107.628312,4.838330E+0,2.383876E+0,5.393728E+0
108.062237,5.386283E+0,2.502870E+0,5.939394E+0
108.497911,5.992497E+0,2.620109E+0,6.540259E+0
108.935342,7.007937E+0,3.113944E+0,7.668626E+0
109.374536,8.195093E+0,3.700058E+0,8.991662E+0
109.815501,9.582948E+0,4.395574E+0,1.054296E+1
110.258244,1.120535E+1,5.220763E+0,1.236189E+1
110.702772,1.291693E+1,3.995400E+0,1.352074E+1
111.149092,1.458991E+1,2.413679E+0,1.478822E+1
111.597212,1.616821E+1,4.515192E-1,1.617451E+1
112.047138,1.758749E+1,-1.908857E+0,1.769078E+1
112.498878,1.345463E+1,-9.875315E+0,1.668978E+1
112.952440,6.313535E+0,-1.442422E+1,1.574544E+1
113.407830,-1.667174E+0,-1.476068E+1,1.485453E+1
113.865056,-8.341223E+0,-1.126129E+1,1.401402E+1
114.324126,-7.276322E+0,-9.994761E+0,1.236285E+1
114.785046,-6.346129E+0,-8.869749E+0,1.090623E+1
115.247825,-5.533742E+0,-7.870563E+0,9.621230E+0
115.712469,-4.824361E+0,-6.983228E+0,8.487634E+0
116.178987,-3.999116E+0,-5.924045E+0,7.147534E+0
116.647385,-3.313809E+0,-5.024665E+0,6.019019E+0
117.117672,-2.744890E+0,-4.261121E+0,5.068686E+0
117.589855,-2.272743E+0,-3.613008E+0,4.268394E+0
118.063942,-1.547086E+0,-3.407260E+0,3.742044E+0
118.539940,-9.410518E-1,-3.142732E+0,3.280601E+0
119.017858,-4.458811E-1,-2.841286E+0,2.876059E+0
119.497702,-5.138100E-2,-2.520878E+0,2.521402E+0
119.979480,4.752548E-1,-2.541795E+0,2.585844E+0
120.463201,1.008389E+0,-2.452734E+0,2.651934E+0
120.948873,1.525062E+0,-2.251894E+0,2.719713E+0
121.436502,2.001848E+0,-1.942261E+0,2.789224E+0
121.926097,3.032554E+0,-1.608759E+0,3.432854E+0
122.417666,4.136365E+0,-8.609017E-1,4.225005E+0
122.911217,5.184405E+0,4.017897E-1,5.199951E+0
123.406758,5.989863E+0,2.253849E+0,6.399867E+0
123.904297,3.042762E+0,3.883660E+0,4.933682E+0
124.403842,4.487565E-1,3.776826E+0,3.803393E+0
124.905401,-1.217106E+0,2.667502E+0,2.932049E+0
125.408981,-1.870087E+0,1.269588E+0,2.260327E+0
125.914593,-1.945061E+0,7.404793E-1,2.081243E+0
126.422242,-1.899904E+0,2.505010E-1,1.916347E+0
126.931938,-1.755422E+0,-1.789138E-1,1.764516E+0
127.443690,-1.534806E+0,-5.329791E-1,1.624714E+0
127.957504,-1.487222E+0,-6.482738E-1,1.622371E+0
128.473390,-1.431010E+0,-7.594160E-1,1.620032E+0
128.991356,-1.366527E+0,-8.657619E-1,1.617696E+0
129.511410,-1.294176E+0,-9.666995E-1,1.615364E+0
130.033561,-1.262069E+0,-1.000101E+0,1.610286E+0
130.557817,-1.229126E+0,-1.032470E+0,1.605224E+0
131.084187,-1.195378E+0,-1.063787E+0,1.600179E+0
131.612679,-1.160859E+0,-1.094032E+0,1.595149E+0
132.143301,-1.127629E+0,-1.088193E+0,1.567071E+0
132.676063,-1.095054E+0,-1.082072E+0,1.539488E+0
133.210973,-1.063126E+0,-1.075680E+0,1.512390E+0
133.748039,-1.031837E+0,-1.069030E+0,1.485770E+0
134.287271,-1.033856E+0,-1.061528E+0,1.481789E+0
134.828677,-1.035837E+0,-1.054037E+0,1.477820E+0
135.372265,-1.037778E+0,-1.046557E+0,1.473860E+0
135.918045,-1.039680E+0,-1.039089E+0,1.469912E+0
136.466026,-1.015839E+0,-1.021425E+0,1.440569E+0
137.016216,-9.925255E-1,-1.004043E+0,1.411811E+0
137.568624,-9.697296E-1,-9.869398E-1,1.383628E+0
138.123259,-9.474396E-1,-9.701101E-1,1.356007E+0
138.680130,-9.277867E-1,-9.627644E-1,1.337050E+0
139.239246,-9.084574E-1,-9.553920E-1,1.318358E+0
139.800617,-8.894471E-1,-9.479958E-1,1.299928E+0
140.364251,-8.707520E-1,-9.405784E-1,1.281755E+0
140.930157,-8.686682E-1,-9.347071E-1,1.276034E+0
141.498345,-8.665823E-1,-9.288658E-1,1.270337E+0
142.068824,-8.644944E-1,-9.230546E-1,1.264666E+0
142.641602,-8.624047E-1,-9.172734E-1,1.259020E+0
143.216690,-8.445980E-1,-9.059538E-1,1.238587E+0
143.794096,-8.271271E-1,-8.947441E-1,1.218485E+0
144.373831,-8.099865E-1,-8.836438E-1,1.198710E+0
144.955903,-7.931701E-1,-8.726522E-1,1.179254E+0
145.540321,-7.925075E-1,-8.650655E-1,1.173204E+0
146.127096,-7.918185E-1,-8.575203E-1,1.167184E+0
146.716236,-7.911037E-1,-8.500163E-1,1.161195E+0
147.307751,-7.903637E-1,-8.425547E-1,1.155237E+0
147.901652,-8.119944E-1,-8.413855E-1,1.169301E+0
148.497947,-8.338696E-1,-8.398918E-1,1.183536E+0
149.096645,-8.559874E-1,-8.380662E-1,1.197944E+0
149.697758,-8.783456E-1,-8.359005E-1,1.212527E+0
150.301294,-9.141017E-1,-7.892076E-1,1.207655E+0
150.907264,-9.474203E-1,-7.410327E-1,1.202803E+0
151.515676,-9.782430E-1,-6.915006E-1,1.197970E+0
152.126542,-1.006517E+0,-6.407391E-1,1.193157E+0
152.739870,-9.006130E-1,-5.617570E-1,1.061449E+0
153.355671,-8.057576E-1,-4.923622E-1,9.442806E-1
153.973955,-7.208091E-1,-4.314058E-1,8.400457E-1
154.594731,-6.447421E-1,-3.778750E-1,7.473165E-1
155.218010,-6.089655E-1,-4.118928E-1,7.351834E-1
155.843803,-5.716835E-1,-4.430175E-1,7.232472E-1
156.472118,-5.331077E-1,-4.712064E-1,7.115049E-1
157.102966,-4.934478E-1,-4.964314E-1,6.999535E-1
157.736358,-4.886767E-1,-5.094244E-1,7.059165E-1
158.372303,-4.836330E-1,-5.224406E-1,7.119305E-1
159.010812,-4.783139E-1,-5.354752E-1,7.179957E-1
159.651896,-4.727172E-1,-5.485233E-1,7.241128E-1
160.295564,-4.677783E-1,-5.524947E-1,7.239247E-1
160.941827,-4.628060E-1,-5.564214E-1,7.237363E-1
161.590696,-4.578010E-1,-5.603036E-1,7.235481E-1
162.242181,-4.527639E-1,-5.641414E-1,7.233607E-1
162.896293,-4.533430E-1,-5.656179E-1,7.248748E-1
163.553041,-4.539222E-1,-5.670980E-1,7.263921E-1
164.212438,-4.545017E-1,-5.685817E-1,7.279127E-1
164.874493,-4.550816E-1,-5.700690E-1,7.294367E-1
165.539217,-4.535752E-1,-5.706326E-1,7.289390E-1
166.206621,-4.520686E-1,-5.711924E-1,7.284413E-1
166.876716,-4.505618E-1,-5.717491E-1,7.279443E-1
167.549512,-4.490543E-1,-5.723017E-1,7.274469E-1
168.225021,-4.545873E-1,-5.800503E-1,7.369586E-1
168.903254,-4.601881E-1,-5.879031E-1,7.465944E-1
169.584221,-4.658573E-1,-5.958623E-1,7.563563E-1
170.267933,-4.715964E-1,-6.039287E-1,7.662461E-1
170.954402,-4.684635E-1,-5.745069E-1,7.412936E-1
171.643639,-4.648328E-1,-5.461134E-1,7.171537E-1
172.335654,-4.607417E-1,-5.187248E-1,6.937999E-1
173.030459,-4.562261E-1,-4.923177E-1,6.712071E-1
173.728066,-4.330496E-1,-4.963127E-1,6.586792E-1
174.428485,-4.101986E-1,-4.995504E-1,6.463849E-1
175.131728,-3.876893E-1,-5.020553E-1,6.343205E-1
175.837806,-3.655358E-1,-5.038508E-1,6.224806E-1
176.546731,-3.594654E-1,-5.091535E-1,6.232597E-1
177.258514,-3.533197E-1,-5.143837E-1,6.240396E-1
177.973167,-3.470992E-1,-5.195412E-1,6.248207E-1
178.690701,-3.408054E-1,-5.246240E-1,6.256026E-1
179.411128,-3.375955E-1,-5.329682E-1,6.308929E-1
180.134459,-3.342623E-1,-5.413455E-1,6.362281E-1
180.860707,-3.308042E-1,-5.497543E-1,6.416083E-1
181.589883,-3.272193E-1,-5.581933E-1,6.470334E-1
182.321998,-3.286386E-1,-5.589751E-1,6.484262E-1
183.057066,-3.300620E-1,-5.597564E-1,6.498216E-1
183.795096,-3.314894E-1,-5.605379E-1,6.512204E-1
184.536103,-3.329213E-1,-5.613197E-1,6.526227E-1
185.280097,-3.256487E-1,-5.618995E-1,6.494445E-1
186.027090,-3.184059E-1,-5.624031E-1,6.462813E-1
186.777095,-3.111938E-1,-5.628318E-1,6.431339E-1
187.530124,-3.040128E-1,-5.631863E-1,6.400020E-1
188.286189,-2.948518E-1,-5.800940E-1,6.507278E-1
189.045302,-2.851149E-1,-5.970491E-1,6.616329E-1
189.807475,-2.747917E-1,-6.140386E-1,6.727213E-1
190.572722,-2.638718E-1,-6.310479E-1,6.839955E-1
191.341053,-2.743551E-1,-6.389927E-1,6.954009E-1
192.112483,-2.850894E-1,-6.469683E-1,7.069964E-1
192.887022,-2.960793E-1,-6.549732E-1,7.187857E-1
193.664684,-3.073296E-1,-6.630045E-1,7.307711E-1
194.445482,-3.174605E-1,-6.714970E-1,7.427580E-1
195.229427,-3.278224E-1,-6.800507E-1,7.549414E-1
196.016533,-3.384200E-1,-6.886648E-1,7.673248E-1
196.806813,-3.492566E-1,-6.973380E-1,7.799105E-1
197.600278,-3.608596E-1,-7.115676E-1,7.978396E-1
198.396943,-3.728023E-1,-7.260643E-1,8.161807E-1
199.196820,-3.850939E-1,-7.408332E-1,8.349438E-1
199.999921,-3.977434E-1,-7.558784E-1,8.541381E-1
200.806260,-4.171454E-1,-7.774714E-1,8.823106E-1
201.615851,-4.373667E-1,-7.996141E-1,9.114123E-1
202.428705,-4.584386E-1,-8.223180E-1,9.414738E-1
203.244836,-4.803944E-1,-8.455948E-1,9.725273E-1
204.064258,-5.186197E-1,-8.661293E-1,1.009528E+0
204.886983,-5.587765E-1,-8.865320E-1,1.047936E+0
205.713026,-6.009346E-1,-9.067518E-1,1.087806E+0
206.542399,-6.451653E-1,-9.267351E-1,1.129193E+0
207.375115,-7.654537E-1,-9.404377E-1,1.212577E+0
208.211189,-8.953642E-1,-9.454288E-1,1.302119E+0
209.050634,-1.034878E+0,-9.403161E-1,1.398273E+0
209.893463,-1.183860E+0,-9.236120E-1,1.501527E+0
210.739690,-1.280661E+0,-5.869690E-1,1.408767E+0
211.589329,-1.296175E+0,-2.586908E-1,1.321738E+0
212.442393,-1.239291E+0,4.435854E-2,1.240085E+0
213.298896,-1.121773E+0,3.087069E-1,1.163475E+0
214.158853,-8.439509E-1,2.136593E-1,8.705765E-1
215.022277,-6.346492E-1,1.468350E-1,6.514139E-1
215.889182,-4.770415E-1,1.000686E-1,4.874242E-1
216.759582,-3.584152E-1,6.751110E-2,3.647180E-1
217.633491,-3.459032E-1,-7.162414E-3,3.459773E-1
218.510923,-3.197368E-1,-7.405041E-2,3.281998E-1
219.391893,-2.824107E-1,-1.310498E-1,3.113356E-1
220.276415,-2.366511E-1,-1.766941E-1,2.953380E-1
221.164503,-2.321639E-1,-2.052694E-1,3.098961E-1
222.056172,-2.249967E-1,-2.347622E-1,3.251720E-1
222.951435,-2.149470E-1,-2.649825E-1,3.412007E-1
223.850308,-2.018204E-1,-2.957136E-1,3.580196E-1
224.752805,-1.995898E-1,-3.149603E-1,3.728754E-1
225.658940,-1.965856E-1,-3.349146E-1,3.883474E-1
226.568729,-1.927511E-1,-3.555785E-1,4.044614E-1
227.482186,-1.880279E-1,-3.769513E-1,4.212443E-1
228.399325,-1.873658E-1,-3.916798E-1,4.341878E-1
229.320162,-1.864329E-1,-4.068477E-1,4.475291E-1
230.244712,-1.852134E-1,-4.224636E-1,4.612803E-1
231.172989,-1.836906E-1,-4.385367E-1,4.754542E-1
232.105009,-1.855125E-1,-4.531377E-1,4.896414E-1
233.040786,-1.872671E-1,-4.681889E-1,5.042517E-1
233.980336,-1.889485E-1,-4.837036E-1,5.192983E-1
234.923674,-1.905507E-1,-4.996945E-1,5.347936E-1
235.870815,-1.915998E-1,-5.137166E-1,5.482839E-1
236.821775,-1.925700E-1,-5.280999E-1,5.621145E-1
237.776569,-1.934567E-1,-5.428530E-1,5.762941E-1
238.735212,-1.942551E-1,-5.579845E-1,5.908314E-1
239.697721,-1.949802E-1,-5.719325E-1,6.042550E-1
240.664110,-1.956296E-1,-5.862015E-1,6.179831E-1
241.634395,-1.961996E-1,-6.007992E-1,6.320237E-1
242.608591,-1.966862E-1,-6.157321E-1,6.463834E-1
243.586716,-1.956816E-1,-6.337217E-1,6.632454E-1
244.568784,-1.944717E-1,-6.521701E-1,6.805476E-1
245.554812,-1.930469E-1,-6.710867E-1,6.983011E-1
246.544814,-1.913967E-1,-6.904816E-1,7.165176E-1
247.538809,-2.049821E-1,-7.104281E-1,7.394091E-1
248.536810,-2.192169E-1,-7.308635E-1,7.630318E-1
249.538836,-2.341270E-1,-7.517964E-1,7.874092E-1
250.544901,-2.497396E-1,-7.732354E-1,8.125656E-1
251.555022,-2.497570E-1,-7.908851E-1,8.293840E-1
252.569216,-2.496572E-1,-8.088998E-1,8.465504E-1
253.587499,-2.494355E-1,-8.272859E-1,8.640718E-1
254.609887,-2.490868E-1,-8.460511E-1,8.819562E-1
255.636397,-2.774888E-1,-8.787717E-1,9.215420E-1
256.667046,-3.078278E-1,-9.123746E-1,9.629047E-1
257.701850,-3.402085E-1,-9.468595E-1,1.006124E+0
258.740826,-3.747401E-1,-9.822248E-1,1.051283E+0
259.783991,-3.763660E-1,-1.003487E+0,1.071745E+0
260.831361,-3.779008E-1,-1.025173E+0,1.092606E+0
261.882955,-3.793406E-1,-1.047290E+0,1.113874E+0
262.938788,-3.806812E-1,-1.069845E+0,1.135556E+0
263.998878,-3.851590E-1,-1.129037E+0,1.192926E+0
265.063241,-3.890482E-1,-1.191276E+0,1.253195E+0
266.131896,-3.922769E-1,-1.256708E+0,1.316509E+0
267.204860,-3.947683E-1,-1.325485E+0,1.383023E+0
268.282149,-4.414851E-1,-1.411206E+0,1.478652E+0
269.363781,-4.926859E-1,-1.502162E+0,1.580895E+0
270.449775,-5.487572E-1,-1.598645E+0,1.690207E+0
271.540147,-6.101169E-1,-1.700968E+0,1.807079E+0
272.634915,-6.983863E-1,-1.813579E+0,1.943402E+0
273.734096,-7.960979E-1,-1.932452E+0,2.090010E+0
274.837709,-9.041165E-1,-2.057820E+0,2.247677E+0
275.945772,-1.023379E+0,-2.189915E+0,2.417236E+0
277.058302,-1.327154E+0,-2.425201E+0,2.764586E+0
278.175317,-1.690972E+0,-2.671686E+0,3.161850E+0
279.296836,-2.124135E+0,-2.926593E+0,3.616199E+0
280.422877,-2.637054E+0,-3.186073E+0,4.135833E+0
281.553457,-3.823134E+0,-2.669372E+0,4.662821E+0
282.688596,-4.956632E+0,-1.751404E+0,5.256959E+0
283.828311,-5.912377E+0,-4.132184E-1,5.926799E+0
284.972621,-6.548673E+0,1.328150E+0,6.681998E+0
286.121544,-4.885470E+0,1.899107E+0,5.241605E+0
287.275100,-3.523685E+0,2.118916E+0,4.111710E+0
288.433306,-2.441684E+0,2.107425E+0,3.225378E+0
289.596182,-1.606783E+0,1.954401E+0,2.530106E+0
290.763747,-1.320902E+0,1.561324E+0,2.045120E+0
291.936018,-1.085369E+0,1.246881E+0,1.653100E+0
293.113016,-8.914250E-1,9.954177E-1,1.336224E+0
294.294759,-7.318102E-1,7.943846E-1,1.080089E+0
295.481267,-8.708590E-1,5.013050E-1,1.004839E+0
296.672558,-9.126538E-1,2.024213E-1,9.348323E-1
297.868652,-8.665034E-1,-7.452579E-2,8.697024E-1
299.069569,-7.483977E-1,-3.075045E-1,8.091095E-1
300.275327,-1.010380E+0,-5.291463E-1,1.140554E+0
301.485946,-1.349214E+0,-8.743857E-1,1.607771E+0
302.701447,-1.779811E+0,-1.403122E+0,2.266380E+0
303.921847,-2.315292E+0,-2.201372E+0,3.194779E+0
305.147168,-3.627276E+0,-1.651111E+0,3.985386E+0
306.377430,-4.949626E+0,-4.673730E-1,4.971643E+0
307.612651,-6.025867E+0,1.467418E+0,6.201967E+0
308.852852,-6.505687E+0,4.187285E+0,7.736751E+0
310.098054,-4.140994E+0,4.856223E+0,6.382063E+0
311.348275,-2.114104E+0,4.821448E+0,5.264579E+0
312.603538,-5.215780E-1,4.311330E+0,4.342765E+0
313.863861,6.147011E-1,3.529222E+0,3.582355E+0
315.129265,4.846038E-1,2.844224E+0,2.885212E+0
316.399771,3.818569E-1,2.292147E+0,2.323737E+0
317.675399,3.007434E-1,1.847205E+0,1.871527E+0
318.956170,2.367357E-1,1.488612E+0,1.507319E+0
320.242105,1.704949E-1,1.371818E+0,1.382372E+0
321.533225,1.134280E-1,1.262698E+0,1.267782E+0
322.829550,6.452970E-2,1.160900E+0,1.162692E+0
324.131101,2.288992E-2,1.066066E+0,1.066312E+0
325.437900,6.126852E-2,1.020423E+0,1.022261E+0
326.749967,9.635003E-2,9.752820E-1,9.800297E-1
328.067324,1.282915E-1,9.307433E-1,9.395434E-1
329.389992,1.572472E-1,8.868972E-1,9.007293E-1
330.717993,8.422075E-2,8.115998E-1,8.159579E-1
332.051349,2.315096E-2,7.388021E-1,7.391647E-1
333.390079,-2.727865E-2,6.690432E-1,6.695991E-1
334.734207,-6.829219E-2,6.027242E-1,6.065808E-1
336.083755,-9.062086E-2,5.964581E-1,6.033029E-1
337.438743,-1.125764E-1,5.893878E-1,6.000429E-1
338.799194,-1.341307E-1,5.815321E-1,5.968003E-1
340.165130,-1.552571E-1,5.729106E-1,5.935750E-1
341.536573,-1.604562E-1,5.596393E-1,5.821875E-1
342.913545,-1.653650E-1,5.465499E-1,5.710187E-1
344.296069,-1.699920E-1,5.336424E-1,5.600638E-1
345.684167,-1.743452E-1,5.209182E-1,5.493196E-1
347.077861,-1.840129E-1,5.131672E-1,5.451617E-1
348.477174,-1.934414E-1,5.052718E-1,5.410353E-1
349.882129,-2.026291E-1,4.972386E-1,5.369402E-1
351.292748,-2.115749E-1,4.890732E-1,5.328757E-1
352.709054,-2.186393E-1,4.849051E-1,5.319174E-1
354.131071,-2.256266E-1,4.806370E-1,5.309607E-1
355.558820,-2.325352E-1,4.762705E-1,5.300059E-1
356.992326,-2.393641E-1,4.718065E-1,5.290525E-1
358.431611,-2.422057E-1,4.839160E-1,5.411454E-1
359.876699,-2.450450E-1,4.963179E-1,5.535147E-1
361.327613,-2.478800E-1,5.090190E-1,5.661668E-1
362.784377,-2.507096E-1,5.220257E-1,5.791081E-1
364.247014,-2.427725E-1,5.221241E-1,5.758056E-1
365.715548,-2.348802E-1,5.221234E-1,5.725221E-1
367.190003,-2.270335E-1,5.220245E-1,5.692572E-1
368.670402,-2.192328E-1,5.218288E-1,5.660109E-1
370.156770,-2.133491E-1,5.185953E-1,5.607664E-1
371.649130,-2.075439E-1,5.153483E-1,5.555703E-1
373.147507,-2.018165E-1,5.120886E-1,5.504222E-1
374.651925,-1.961663E-1,5.088171E-1,5.453220E-1
376.162408,-1.919748E-1,5.049809E-1,5.402407E-1
377.678982,-1.878404E-1,5.011610E-1,5.352068E-1
379.201669,-1.837622E-1,4.973575E-1,5.302198E-1
380.730496,-1.797394E-1,4.935705E-1,5.252791E-1
382.265486,-1.880806E-1,4.735137E-1,5.094993E-1
383.806665,-1.956066E-1,4.538342E-1,4.941937E-1
385.354058,-2.023527E-1,4.345432E-1,4.793479E-1
386.907689,-2.083537E-1,4.156509E-1,4.649483E-1
388.467584,-2.227627E-1,4.117495E-1,4.681462E-1
390.033768,-2.371409E-1,4.073699E-1,4.713661E-1
391.606266,-2.514732E-1,4.025099E-1,4.746082E-1
393.185104,-2.657439E-1,3.971675E-1,4.778722E-1
394.770308,-2.846610E-1,3.969947E-1,4.885045E-1
396.361902,-3.039833E-1,3.961919E-1,4.993735E-1
397.959914,-3.236985E-1,3.947321E-1,5.104842E-1
399.564368,-3.437935E-1,3.925875E-1,5.218418E-1
401.175291,-3.638673E-1,4.226851E-1,5.577294E-1
402.792709,-3.850484E-1,4.550331E-1,5.960851E-1
404.416647,-4.073923E-1,4.897965E-1,6.370786E-1
406.047133,-4.309568E-1,5.271515E-1,6.808909E-1
407.684192,-4.294345E-1,5.372525E-1,6.877894E-1
409.327852,-4.277845E-1,5.474387E-1,6.947580E-1
410.978138,-4.260045E-1,5.577089E-1,7.017970E-1
412.635078,-4.240924E-1,5.680624E-1,7.089071E-1
414.298698,-4.295036E-1,5.972067E-1,7.356148E-1
415.969025,-4.345793E-1,6.275443E-1,7.633289E-1
417.646087,-4.392850E-1,6.591137E-1,7.920872E-1
419.329909,-4.435834E-1,6.919540E-1,8.219286E-1
421.020521,-4.451646E-1,7.100957E-1,8.380975E-1
422.717949,-4.465902E-1,7.286094E-1,8.545844E-1
424.422220,-4.478531E-1,7.475010E-1,8.713955E-1
426.133362,-4.489461E-1,7.667759E-1,8.885369E-1
427.851403,-4.522193E-1,8.012136E-1,9.200247E-1
429.576370,-4.550433E-1,8.369213E-1,9.526288E-1
431.308293,-4.573812E-1,8.739358E-1,9.863880E-1
433.047197,-4.591946E-1,9.122961E-1,1.021344E+0
434.793113,-4.317865E-1,1.029384E+0,1.116276E+0
436.546067,-3.930605E-1,1.154979E+0,1.220030E+0
438.306089,-3.413524E-1,1.288997E+0,1.333430E+0
440.073207,-2.748538E-1,1.431217E+0,1.457370E+0
441.847449,4.444427E-2,1.571393E+0,1.572021E+0
443.628845,4.134124E-1,1.644525E+0,1.695692E+0
445.417422,8.190487E-1,1.635464E+0,1.829094E+0
447.213211,1.244124E+0,1.531285E+0,1.972987E+0
449.016239,1.274994E+0,1.171493E+0,1.731475E+0
450.826537,1.256057E+0,8.551487E-1,1.519526E+0
452.644134,1.199394E+0,5.828646E-1,1.333521E+0
454.469058,1.115576E+0,3.536355E-1,1.170285E+0
456.301340,9.301985E-1,4.079079E-1,1.015706E+0
458.141009,7.652179E-1,4.376774E-1,8.815441E-1
459.988096,6.200961E-1,4.481787E-1,7.651035E-1
461.842629,4.938872E-1,4.438793E-1,6.640432E-1
463.704639,5.389069E-1,6.968628E-1,8.809304E-1
465.574156,5.374425E-1,1.037744E+0,1.168656E+0
467.451210,4.543903E-1,1.482276E+0,1.550359E+0
469.335832,2.401872E-1,2.042658E+0,2.056731E+0
471.228052,5.220791E-1,2.253908E+0,2.313583E+0
473.127902,8.634602E-1,2.455099E+0,2.602513E+0
475.035410,1.270102E+0,2.637659E+0,2.927525E+0
476.950610,1.747393E+0,2.791289E+0,3.293126E+0
478.873531,2.023704E+0,2.444259E+0,3.173292E+0
480.804204,2.243552E+0,2.077674E+0,3.057819E+0
482.742661,2.406981E+0,1.699584E+0,2.946548E+0
484.688934,2.515056E+0,1.317669E+0,2.839324E+0
486.643053,2.636463E+0,9.596127E-1,2.805672E+0
488.605051,2.708262E+0,5.929790E-1,2.772419E+0
490.574959,2.730348E+0,2.244703E-1,2.739560E+0
492.552809,2.703500E+0,-1.393348E-1,2.707088E+0
494.538633,2.551519E+0,-3.242517E-1,2.572040E+0
496.532464,2.394373E+0,-4.886438E-1,2.443726E+0
498.534333,2.233798E+0,-6.332227E-1,2.321815E+0
500.544272,2.071379E+0,-7.587849E-1,2.205984E+0
502.562316,2.046931E+0,-8.605024E-1,2.220448E+0
504.588495,2.017558E+0,-9.616233E-1,2.235008E+0
506.622844,1.983261E+0,-1.061912E+0,2.249662E+0
508.665394,1.944053E+0,-1.161131E+0,2.264413E+0
510.716179,1.630963E+0,-1.282661E+0,2.074912E+0
512.775233,1.332205E+0,-1.356485E+0,1.901268E+0
514.842587,1.052054E+0,-1.388631E+0,1.742158E+0
516.918277,7.936872E-1,-1.385073E+0,1.596360E+0
519.002336,9.332715E-1,-1.282794E+0,1.586366E+0
521.094796,1.060147E+0,-1.166718E+0,1.576433E+0
523.195693,1.172981E+0,-1.038382E+0,1.566564E+0
525.305060,1.270624E+0,-8.994459E-1,1.556756E+0
527.422932,1.220356E+0,-9.770466E-1,1.563294E+0
529.549341,1.165360E+0,-1.051854E+0,1.569860E+0
531.684324,1.105790E+0,-1.123581E+0,1.576454E+0
533.827915,1.041818E+0,-1.191949E+0,1.583075E+0
535.980148,1.095391E+0,-1.257009E+0,1.667319E+0
538.141058,1.151714E+0,-1.325616E+0,1.756048E+0
540.310680,1.210926E+0,-1.397962E+0,1.849497E+0
542.489050,1.273175E+0,-1.474251E+0,1.947920E+0
544.676202,9.848748E-1,-1.792372E+0,2.045135E+0
546.872172,6.192380E-1,-2.055971E+0,2.147201E+0
549.076995,1.861143E-1,-2.246666E+0,2.254362E+0
551.290708,-3.003605E-1,-2.347734E+0,2.366870E+0
553.513345,-5.036165E-1,-2.094775E+0,2.154463E+0
555.744944,-6.625618E-1,-1.845804E+0,1.961117E+0
557.985540,-7.818049E-1,-1.604819E+0,1.785123E+0
560.235169,-8.659104E-1,-1.374982E+0,1.624923E+0
562.493868,-7.166292E-1,-9.875919E-1,1.220203E+0
564.761673,-5.856708E-1,-7.046777E-1,9.162865E-1
567.038622,-4.735933E-1,-4.991445E-1,6.880667E-1
569.324750,-3.794783E-1,-3.506624E-1,5.166894E-1
571.620096,-3.363994E-1,-3.953472E-1,5.190992E-1
573.924695,-2.880632E-1,-4.347444E-1,5.215200E-1
576.238586,-2.351184E-1,-4.682365E-1,5.239524E-1
578.561806,-1.782856E-1,-4.952845E-1,5.263958E-1
580.894393,-1.938579E-1,-4.443677E-1,4.848129E-1
583.236383,-2.050838E-1,-3.966311E-1,4.465149E-1
585.587816,-2.125078E-1,-3.520805E-1,4.112423E-1
587.948730,-2.166309E-1,-3.106884E-1,3.787562E-1
590.319161,-1.692373E-1,-3.420721E-1,3.816472E-1
592.699150,-1.173057E-1,-3.662321E-1,3.845602E-1
595.088734,-6.193628E-2,-3.825137E-1,3.874956E-1
597.487952,-4.323659E-3,-3.904293E-1,3.904532E-1
599.896843,-2.798668E-2,-5.193609E-1,5.201144E-1
602.315446,-6.682070E-2,-6.896035E-1,6.928333E-1
604.743800,-1.281976E-1,-9.139611E-1,9.229082E-1
607.181944,-2.226574E-1,-1.209056E+0,1.229387E+0
609.629918,-4.585859E-1,-1.039568E+0,1.136223E+0
612.087762,-6.345063E-1,-8.367499E-1,1.050118E+0
614.555515,-7.493469E-1,-6.167873E-1,9.705397E-1
617.033217,-8.056003E-1,-3.944615E-1,8.969904E-1
619.520909,-7.202512E-1,-2.898784E-1,7.763963E-1
622.018630,-6.399967E-1,-2.049610E-1,6.720155E-1
624.526421,-5.653767E-1,-1.366998E-1,5.816680E-1
627.044323,-4.966679E-1,-8.246322E-2,5.034672E-1
629.572376,-4.777737E-1,-5.735933E-2,4.812045E-1
632.110622,-4.586527E-1,-3.420310E-2,4.599262E-1
634.659101,-4.393992E-1,-1.291626E-2,4.395890E-1
637.217855,-4.200993E-1,6.580063E-3,4.201508E-1
639.786925,-3.621599E-1,-1.308218E-2,3.623961E-1
642.366353,-3.113744E-1,-2.743290E-2,3.125805E-1
644.956180,-2.669880E-1,-3.752767E-2,2.696125E-1
647.556448,-2.283036E-1,-4.424200E-2,2.325508E-1
650.167200,-2.419550E-1,-4.006094E-2,2.452491E-1
652.788478,-2.562259E-1,-3.525984E-2,2.586406E-1
655.420324,-2.711321E-1,-2.978718E-2,2.727634E-1
658.062781,-2.866885E-1,-2.358830E-2,2.876573E-1
660.715891,-2.463846E-1,-8.155210E-3,2.465195E-1
663.379698,-2.112381E-1,3.362920E-3,2.112649E-1
666.054245,-1.806704E-1,1.174651E-2,1.810519E-1
668.739574,-1.541537E-1,1.763925E-2,1.551596E-1
671.435730,-1.592431E-1,-5.725886E-3,1.593460E-1
674.142756,-1.608283E-1,-3.023286E-2,1.636453E-1
676.860696,-1.586802E-1,-5.536199E-2,1.680606E-1
679.589594,-1.526456E-1,-8.055048E-2,1.725951E-1
682.329494,-1.780336E-1,-8.112423E-2,1.956454E-1
685.080441,-2.068015E-1,-8.010526E-2,2.217740E-1
687.842478,-2.392896E-1,-7.706185E-2,2.513922E-1
690.615651,-2.758546E-1,-7.148309E-2,2.849659E-1
693.400005,-2.790241E-1,-6.752862E-2,2.870794E-1
696.195584,-2.821524E-1,-6.349389E-2,2.892083E-1
699.002434,-2.852381E-1,-5.937902E-2,2.913531E-1
701.820601,-2.882798E-1,-5.518419E-2,2.935141E-1
704.650130,-3.221044E-1,-4.368591E-2,3.250534E-1
707.491066,-3.588168E-1,-2.893659E-2,3.599817E-1
710.343457,-3.985271E-1,-1.041852E-2,3.986633E-1
713.207347,-4.413260E-1,1.244749E-2,4.415015E-1
716.082784,-4.493429E-1,5.716037E-2,4.529640E-1
718.969813,-4.530247E-1,1.036200E-1,4.647241E-1
721.868482,-4.521043E-1,1.514264E-1,4.767895E-1
724.778838,-4.463491E-1,2.001443E-1,4.891679E-1
727.700927,-5.178668E-1,2.389621E-1,5.703410E-1
730.634798,-6.007582E-1,2.851189E-1,6.649836E-1
733.580496,-6.968180E-1,3.399757E-1,7.753314E-1
736.538071,-8.081218E-1,4.051409E-1,9.039911E-1
739.507570,-1.080306E+0,9.501785E-1,1.438715E+0
742.489042,-1.279079E+0,1.899169E+0,2.289735E+0
745.482533,-1.201633E+0,3.440330E+0,3.644145E+0
748.488094,-4.597214E-1,5.781455E+0,5.799704E+0
751.505772,2.160727E+0,3.573081E+0,4.175602E+0
754.535616,2.764665E+0,1.180878E+0,3.006301E+0
757.577676,2.112481E+0,-4.714150E-1,2.164442E+0
760.632000,1.036881E+0,-1.163302E+0,1.558330E+0
763.698638,6.525935E-1,-1.153202E+0,1.325048E+0
766.777641,3.350362E-1,-1.075723E+0,1.126689E+0
769.869057,8.505024E-2,-9.542423E-1,9.580250E-1
772.972936,-1.008679E-1,-8.083402E-1,8.146092E-1
776.089329,-9.470879E-2,-4.438217E-1,4.538143E-1
779.218287,-7.382785E-2,-2.417977E-1,2.528175E-1
782.359860,-5.256020E-2,-1.306685E-1,1.408433E-1
785.514099,-3.543230E-2,-7.000716E-2,7.846305E-2
788.681054,-2.159285E-2,-8.372132E-2,8.646104E-2
791.860778,-3.456802E-3,-9.521152E-2,9.527425E-2
795.053322,1.877816E-2,-1.032928E-1,1.049858E-1
798.258736,4.461918E-2,-1.067366E-1,1.156874E-1
801.477075,3.137910E-2,-9.904428E-2,1.038962E-1
804.708388,2.015066E-2,-9.110497E-2,9.330683E-2
807.952729,1.074141E-2,-8.310546E-2,8.379675E-2
811.210151,2.964278E-3,-7.519750E-2,7.525590E-2
814.480705,-3.773160E-3,-4.685848E-2,4.701015E-2
817.764445,-5.836907E-3,-2.877993E-2,2.936586E-2
821.061424,-5.767730E-3,-1.741364E-2,1.834398E-2
824.371696,-4.876624E-3,-1.036947E-2,1.145894E-2
827.695314,3.570346E-3,-1.468605E-2,1.511382E-2
831.032331,1.581829E-2,-1.213108E-2,1.993443E-2
834.382803,2.628511E-2,6.270058E-4,2.629259E-2
837.746782,2.648059E-2,2.239178E-2,3.467872E-2
841.124324,3.372440E-2,2.856759E-2,4.419776E-2
844.515483,4.294971E-2,3.644667E-2,5.632972E-2
847.920315,5.469855E-2,4.649875E-2,7.179182E-2
851.338873,6.966119E-2,5.932314E-2,9.149818E-2
854.771214,8.725987E-2,5.864372E-2,1.051350E-1
858.217394,1.072623E-1,5.557396E-2,1.208042E-1
861.677467,1.296974E-1,4.946200E-2,1.388089E-1
865.151490,1.545129E-1,3.955986E-2,1.594968E-1
868.639520,1.603059E-1,3.826781E-2,1.648102E-1
872.141612,1.662694E-1,3.683526E-2,1.703008E-1
875.657824,1.724066E-1,3.525465E-2,1.759742E-1
879.188212,1.787208E-1,3.351813E-2,1.818367E-1
882.732833,1.865104E-1,3.754062E-2,1.902510E-1
886.291745,1.946040E-1,4.185674E-2,1.990545E-1
889.865006,2.030117E-1,4.648425E-2,2.082655E-1
893.452673,2.117436E-1,5.144187E-2,2.179028E-1
897.054804,2.374711E-1,5.687962E-2,2.441881E-1
900.671458,2.663216E-1,6.288005E-2,2.736441E-1
904.302693,2.986739E-1,6.949975E-2,3.066534E-1
907.948569,3.349524E-1,7.680066E-2,3.436444E-1
911.609143,3.713318E-1,1.286735E-1,3.929939E-1
915.284476,4.062874E-1,1.921405E-1,4.494301E-1
918.974626,4.381927E-1,2.686136E-1,5.139709E-1
922.679654,4.650241E-1,3.594968E-1,5.877800E-1
926.399620,8.287421E-1,5.929392E-1,1.019014E+0
930.134584,1.473874E+0,9.740017E-1,1.766631E+0
933.884605,2.616034E+0,1.592730E+0,3.062748E+0
937.649746,4.634562E+0,2.591275E+0,5.309790E+0
941.430067,3.499855E+0,-7.169205E-1,3.572529E+0
945.225628,1.467800E+0,-1.903461E+0,2.403664E+0
949.036492,-8.887519E-2,-1.614786E+0,1.617230E+0
952.862721,-7.550007E-1,-7.835435E-1,1.088102E+0
956.704376,-7.234484E-1,-7.276641E-1,1.026096E+0
960.561519,-6.928736E-1,-6.754409E-1,9.676230E-1
964.434213,-6.632742E-1,-6.266507E-1,9.124822E-1
968.322520,-6.346451E-1,-5.810832E-1,8.604836E-1
972.226504,-6.344265E-1,-5.265564E-1,8.244748E-1
976.146228,-6.316785E-1,-4.743829E-1,7.899727E-1
980.081754,-6.266188E-1,-4.245799E-1,7.569143E-1
984.033148,-6.194576E-1,-3.771530E-1,7.252393E-1
988.000473,-5.819446E-1,-3.586510E-1,6.835862E-1
991.983792,-5.466811E-1,-3.410203E-1,6.443253E-1
995.983171,-5.135332E-1,-3.242221E-1,6.073190E-1
999.998674,-4.823758E-1,-3.082198E-1,5.724385E-1
