Hz,real,imaginary,unitless (peak only)
40.000021,-3.675155E-1,-1.024803E-1,3.815362E-1
40.161289,-3.512809E-1,-1.461128E-1,3.804566E-1
40.323208,-3.299078E-1,-1.873232E-1,3.793799E-1
40.485779,-3.037435E-1,-2.255118E-1,3.783063E-1
40.649005,-2.732050E-1,-2.601270E-1,3.772360E-1
40.812890,-3.124018E-1,-2.601644E-1,4.065469E-1
40.977435,-3.545538E-1,-2.573990E-1,4.381354E-1
41.142643,-3.996825E-1,-2.514083E-1,4.721782E-1
41.308518,-4.477817E-1,-2.417360E-1,5.088661E-1
41.475062,-4.273203E-1,-2.088636E-1,4.756329E-1
41.642277,-4.069701E-1,-1.789354E-1,4.445701E-1
41.810166,-3.868348E-1,-1.517527E-1,4.155359E-1
41.978732,-3.670039E-1,-1.271261E-1,3.883979E-1
42.147977,-4.052280E-1,-1.524647E-1,4.329610E-1
42.317905,-4.470772E-1,-1.818258E-1,4.826372E-1
42.488518,-4.928476E-1,-2.157760E-1,5.380130E-1
42.659819,-5.428525E-1,-2.549555E-1,5.997426E-1
42.831810,-6.589757E-1,-3.274153E-1,7.358327E-1
43.004495,-7.994541E-1,-4.194364E-1,9.028033E-1
43.177877,-9.692785E-1,-5.361108E-1,1.107662E+0
43.351957,-1.174433E+0,-6.838187E-1,1.359007E+0
43.526739,-1.225650E+0,-6.538039E-1,1.389128E+0
43.702225,-1.276824E+0,-6.211964E-1,1.419917E+0
43.878420,-1.327855E+0,-5.859422E-1,1.451388E+0
44.055324,-1.378640E+0,-5.479900E-1,1.483557E+0
44.232942,-9.767736E-1,3.891389E-1,1.051435E+0
44.411276,-3.134993E-1,6.760250E-1,7.451789E-1
44.590329,1.677527E-1,5.007771E-1,5.281275E-1
44.770103,3.302365E-1,1.761886E-1,3.742974E-1
44.950603,2.355510E-1,1.588981E-1,2.841353E-1
45.131830,1.654115E-1,1.384269E-1,2.156918E-1
45.313788,1.140549E-1,1.174764E-1,1.637352E-1
45.496479,7.691811E-2,9.763516E-2,1.242941E-1
45.679908,3.232304E-2,9.259473E-2,9.807427E-2
45.864075,3.440984E-4,7.738473E-2,7.738550E-2
46.048985,-1.961086E-2,5.782615E-2,6.106103E-2
46.234641,-2.947802E-2,3.811007E-2,4.818019E-2
46.421045,-5.235567E-2,3.090573E-2,6.079704E-2
46.608201,-7.580875E-2,1.177489E-2,7.671776E-2
46.796111,-9.436591E-2,-2.160544E-2,9.680764E-2
46.984779,-1.005282E-1,-6.940286E-2,1.221584E-1
47.174207,-1.234330E-1,-8.678199E-2,1.508868E-1
47.364399,-1.515400E-1,-1.084891E-1,1.863713E-1
47.555358,-1.860266E-1,-1.355968E-1,2.302008E-1
47.747087,-2.283361E-1,-1.694420E-1,2.843378E-1
47.939589,-2.437159E-1,-1.711336E-1,2.977988E-1
48.132867,-2.598646E-1,-1.724825E-1,3.118971E-1
48.326924,-2.768093E-1,-1.734514E-1,3.266631E-1
48.521763,-2.945766E-1,-1.740006E-1,3.421280E-1
48.717389,-3.132862E-1,-1.676434E-1,3.553204E-1
48.913802,-3.324217E-1,-1.602272E-1,3.690216E-1
49.111008,-3.519524E-1,-1.516936E-1,3.832511E-1
49.309009,-3.718441E-1,-1.419831E-1,3.980292E-1
49.507808,-4.036116E-1,-1.711118E-1,4.383852E-1
49.707408,-4.374149E-1,-2.044403E-1,4.828329E-1
49.907814,-4.732915E-1,-2.424725E-1,5.317873E-1
50.109027,-5.112623E-1,-2.857648E-1,5.857053E-1
50.311051,-5.154425E-1,-2.317666E-1,5.651520E-1
50.513890,-5.149271E-1,-1.795100E-1,5.453199E-1
50.717547,-5.100440E-1,-1.293217E-1,5.261834E-1
50.922025,-5.011364E-1,-8.148839E-2,5.077185E-1
51.127327,-5.187878E-1,-1.397153E-1,5.372719E-1
51.333457,-5.311035E-1,-2.029118E-1,5.685456E-1
51.540418,-5.372676E-1,-2.707654E-1,6.016397E-1
51.748213,-5.364543E-1,-3.428594E-1,6.366599E-1
51.956847,-5.415737E-1,-3.054249E-1,6.217608E-1
52.166321,-5.445489E-1,-2.686461E-1,6.072102E-1
52.376640,-5.454685E-1,-2.326225E-1,5.930001E-1
52.587807,-5.444244E-1,-1.974460E-1,5.791225E-1
52.799825,-5.473017E-1,-1.827144E-1,5.769954E-1
53.012698,-5.497900E-1,-1.679681E-1,5.748759E-1
53.226429,-5.518907E-1,-1.532170E-1,5.727642E-1
53.441022,-5.536054E-1,-1.384713E-1,5.706604E-1
53.656480,-5.521697E-1,-1.627415E-1,5.756528E-1
53.872806,-5.497064E-1,-1.871428E-1,5.806889E-1
54.090005,-5.462021E-1,-2.116334E-1,5.857691E-1
54.308080,-5.416450E-1,-2.361703E-1,5.908940E-1
54.527034,-5.293759E-1,-2.253828E-1,5.753575E-1
54.746870,-5.173389E-1,-2.149828E-1,5.602295E-1
54.967593,-5.055307E-1,-2.049582E-1,5.454990E-1
55.189206,-4.939497E-1,-1.952973E-1,5.311566E-1
55.411712,-5.088004E-1,-2.112474E-1,5.509113E-1
55.635115,-5.239197E-1,-2.280504E-1,5.714008E-1
55.859419,-5.393027E-1,-2.457426E-1,5.926524E-1
56.084628,-5.549432E-1,-2.643623E-1,6.146945E-1
56.310744,-5.251740E-1,-2.086904E-1,5.651189E-1
56.537772,-4.944736E-1,-1.594351E-1,5.195418E-1
56.765715,-4.633098E-1,-1.161226E-1,4.776405E-1
56.994577,-4.320833E-1,-7.828976E-2,4.391187E-1
57.224362,-4.943386E-1,-1.221227E-1,5.092000E-1
57.455073,-5.631892E-1,-1.773917E-1,5.904658E-1
57.686715,-6.388382E-1,-2.463767E-1,6.847012E-1
57.919290,-7.213551E-1,-3.317314E-1,7.939766E-1
58.152803,-6.457340E-1,-2.936195E-1,7.093552E-1
58.387258,-5.780276E-1,-2.598584E-1,6.337525E-1
58.622658,-5.174090E-1,-2.299544E-1,5.662076E-1
58.859007,-4.631373E-1,-2.034692E-1,5.058615E-1
59.096308,-4.810418E-1,-1.835984E-1,5.148879E-1
59.334567,-4.982459E-1,-1.624989E-1,5.240753E-1
59.573786,-5.146767E-1,-1.401852E-1,5.334267E-1
59.813969,-5.302602E-1,-1.166761E-1,5.429449E-1
60.055121,-5.458375E-1,-1.538426E-1,5.671033E-1
60.297245,-5.598249E-1,-1.935426E-1,5.923366E-1
60.540346,-5.720004E-1,-2.357878E-1,6.186924E-1
60.784426,-5.821320E-1,-2.805770E-1,6.462206E-1
61.029491,-5.537561E-1,-2.660064E-1,6.143332E-1
61.275543,-5.267619E-1,-2.521901E-1,5.840188E-1
61.522587,-5.010828E-1,-2.390892E-1,5.552005E-1
61.770628,-4.766549E-1,-2.266670E-1,5.278047E-1
62.019668,-5.045413E-1,-2.182529E-1,5.497238E-1
62.269713,-5.332552E-1,-2.084607E-1,5.725530E-1
62.520766,-5.627793E-1,-1.972034E-1,5.963302E-1
62.772831,-5.930926E-1,-1.843910E-1,6.210949E-1
63.025912,-5.760485E-1,-1.822047E-1,6.041775E-1
63.280013,-5.594791E-1,-1.799964E-1,5.877207E-1
63.535139,-5.433720E-1,-1.777690E-1,5.717123E-1
63.791293,-5.277146E-1,-1.755250E-1,5.561400E-1
64.048481,-5.234782E-1,-1.844833E-1,5.550347E-1
64.306705,-5.190925E-1,-1.933474E-1,5.539316E-1
64.565970,-5.145591E-1,-2.021149E-1,5.528304E-1
64.826281,-5.098807E-1,-2.107836E-1,5.517319E-1
65.087641,-4.924025E-1,-2.025642E-1,5.324401E-1
65.350054,-4.755219E-1,-1.946612E-1,5.138230E-1
65.613526,-4.592182E-1,-1.870628E-1,4.958567E-1
65.878060,-4.434721E-1,-1.797571E-1,4.785187E-1
66.143660,-4.630367E-1,-1.949029E-1,5.023844E-1
66.410332,-4.833637E-1,-2.110759E-1,5.274405E-1
66.678078,-5.044764E-1,-2.283382E-1,5.537461E-1
66.946904,-5.263988E-1,-2.467549E-1,5.813636E-1
67.216813,-5.320887E-1,-2.360362E-1,5.820923E-1
67.487811,-5.375608E-1,-2.251877E-1,5.828217E-1
67.759902,-5.428127E-1,-2.142139E-1,5.835522E-1
68.033089,-5.478412E-1,-2.031190E-1,5.842836E-1
68.307378,-5.567204E-1,-2.070682E-1,5.939822E-1
68.582773,-5.657426E-1,-2.110923E-1,6.038416E-1
68.859278,-5.749103E-1,-2.151927E-1,6.138646E-1
69.136898,-5.842258E-1,-2.193710E-1,6.240540E-1
69.415637,-6.049637E-1,-2.154457E-1,6.421822E-1
69.695500,-6.262318E-1,-2.110427E-1,6.608368E-1
69.976491,-6.480373E-1,-2.061387E-1,6.800335E-1
70.258615,-6.703867E-1,-2.007097E-1,6.997876E-1
70.541877,-6.983179E-1,-1.859733E-1,7.226576E-1
70.826280,-7.266828E-1,-1.698790E-1,7.462753E-1
71.111830,-7.554518E-1,-1.523696E-1,7.706646E-1
71.398532,-7.845944E-1,-1.333869E-1,7.958520E-1
71.686389,-7.945301E-1,-9.007464E-2,7.996196E-1
71.975407,-8.020829E-1,-4.607052E-2,8.034049E-1
72.265590,-8.072068E-1,-1.505183E-3,8.072082E-1
72.556943,-8.098628E-1,4.348782E-2,8.110296E-1
72.849471,-7.776414E-1,9.844990E-2,7.838485E-1
73.143178,-7.427446E-1,1.491821E-1,7.575783E-1
73.438069,-7.055644E-1,1.956502E-1,7.321886E-1
73.734149,-6.664800E-1,2.378481E-1,7.076491E-1
74.031423,-5.990652E-1,2.478988E-1,6.483309E-1
74.329895,-5.369207E-1,2.540352E-1,5.939846E-1
74.629571,-4.797772E-1,2.568292E-1,5.441943E-1
74.930455,-4.273608E-1,2.567918E-1,4.985773E-1
75.232552,-3.760613E-1,2.451014E-1,4.488839E-1
75.535867,-3.302900E-1,2.328957E-1,4.041434E-1
75.840404,-2.895100E-1,2.204082E-1,3.638624E-1
76.146170,-2.532297E-1,2.078311E-1,3.275959E-1
76.453168,-2.044754E-1,1.865345E-1,2.767766E-1
76.761404,-1.642811E-1,1.664130E-1,2.338409E-1
77.070883,-1.312572E-1,1.476611E-1,1.975658E-1
77.381610,-1.042225E-1,1.303812E-1,1.669179E-1
77.693589,-8.099861E-2,1.090528E-1,1.358429E-1
78.006826,-6.272654E-2,9.103499E-2,1.105531E-1
78.321326,-4.838613E-2,7.585280E-2,8.997147E-2
78.637094,-3.716158E-2,6.309055E-2,7.322159E-2
78.954135,-2.600067E-2,5.249480E-2,5.858105E-2
79.272454,-1.770821E-2,4.339372E-2,4.686785E-2
79.592057,-1.161810E-2,3.565139E-2,3.749669E-2
79.912948,-7.206700E-3,2.912078E-2,2.999927E-2
80.235133,1.972788E-3,2.855368E-2,2.862175E-2
80.558617,1.014318E-2,2.535376E-2,2.730746E-2
80.883405,1.662713E-2,2.005803E-2,2.605352E-2
81.209502,2.096651E-2,1.335231E-2,2.485717E-2
81.536914,2.649690E-2,1.230692E-2,2.921551E-2
81.865647,3.277818E-2,1.023186E-2,3.433803E-2
82.195704,3.977471E-2,6.840761E-3,4.035869E-2
82.527092,4.740062E-2,1.805536E-3,4.743499E-2
82.859817,5.172361E-2,-3.218934E-3,5.182368E-2
83.193882,5.587360E-2,-9.153290E-3,5.661839E-2
83.529295,5.973607E-2,-1.605781E-2,6.185670E-2
83.866060,6.317995E-2,-2.398551E-2,6.757966E-2
84.204183,5.950604E-2,-2.476416E-2,6.445334E-2
84.543668,5.598038E-2,-2.539596E-2,6.147160E-2
84.884523,5.260051E-2,-2.589222E-2,5.862782E-2
85.226752,4.936370E-2,-2.626364E-2,5.591559E-2
85.570360,5.110451E-2,-2.062562E-2,5.510977E-2
85.915354,5.222640E-2,-1.491924E-2,5.431556E-2
86.261739,5.273459E-2,-9.210007E-3,5.353281E-2
86.609520,5.264098E-2,-3.561585E-3,5.276133E-2
86.958704,5.790629E-2,-2.767711E-4,5.790695E-2
87.309295,6.344755E-2,3.683826E-3,6.355440E-2
87.661299,6.924455E-2,8.403653E-3,6.975263E-2
88.014723,7.526942E-2,1.397273E-2,7.655536E-2
88.369572,8.014785E-2,1.185191E-2,8.101942E-2
88.725852,8.522488E-2,9.419316E-3,8.574383E-2
89.083567,9.049974E-2,6.649281E-3,9.074368E-2
89.442725,9.597065E-2,3.514671E-3,9.603499E-2
89.803331,9.745939E-2,4.484552E-3,9.756251E-2
90.165391,9.896253E-2,5.484001E-3,9.911436E-2
90.528911,1.004800E-1,6.513617E-3,1.006909E-1
90.893896,1.020117E-1,7.574017E-3,1.022925E-1
91.260353,1.024901E-1,8.938847E-3,1.028792E-1
91.628287,1.029534E-1,1.031759E-2,1.034691E-1
91.997705,1.034015E-1,1.171012E-2,1.040625E-1
92.368612,1.038341E-1,1.311634E-2,1.046593E-1
92.741014,1.049134E-1,1.491958E-2,1.059689E-1
93.114918,1.059776E-1,1.676222E-2,1.072950E-1
93.490329,1.070258E-1,1.864451E-2,1.086377E-1
93.867254,1.080574E-1,2.056668E-2,1.099972E-1
94.245698,1.043968E-1,2.096152E-2,1.064804E-1
94.625668,1.008496E-1,2.130802E-2,1.030761E-1
95.007171,9.741260E-2,2.160885E-2,9.978054E-2
95.390211,9.408267E-2,2.186653E-2,9.659034E-2
95.774795,9.008123E-2,2.927097E-2,9.471757E-2
96.160930,8.554949E-2,3.616881E-2,9.288110E-2
96.548622,8.054225E-2,4.252715E-2,9.108025E-2
96.937877,7.511581E-2,4.831844E-2,8.931437E-2
97.328701,6.766878E-2,5.239842E-2,8.558422E-2
97.721101,6.021918E-2,5.567112E-2,8.200990E-2
98.115083,5.283449E-2,5.817295E-2,7.858483E-2
98.510654,4.557619E-2,5.994434E-2,7.530281E-2
98.907819,3.784270E-2,6.729843E-2,7.720848E-2
99.306585,2.895277E-2,7.367776E-2,7.916233E-2
99.706959,1.902570E-2,7.890432E-2,8.116569E-2
100.108948,8.207733E-3,8.281396E-2,8.321970E-2
100.512557,-1.039862E-3,8.992587E-2,8.993188E-2
100.917793,-1.181893E-2,9.646408E-2,9.718542E-2
101.324663,-2.417465E-2,1.022039E-1,1.050240E-1
101.733174,-3.812882E-2,1.068984E-1,1.134948E-1
102.143331,-4.866628E-2,1.240580E-1,1.332621E-1
102.555142,-6.166201E-2,1.438102E-1,1.564723E-1
102.968613,-7.763781E-2,1.665151E-1,1.837251E-1
103.383752,-9.721933E-2,1.925760E-1,2.157246E-1
103.800564,-1.137673E-1,2.019379E-1,2.317799E-1
104.219056,-1.319863E-1,2.111765E-1,2.490299E-1
104.639236,-1.519930E-1,2.202013E-1,2.675640E-1
105.061110,-1.739075E-1,2.289088E-1,2.874771E-1
105.484685,-1.711219E-1,2.568282E-1,3.086153E-1
105.909967,-1.662815E-1,2.865581E-1,3.313081E-1
106.336964,-1.591190E-1,3.180909E-1,3.556693E-1
106.765682,-1.493490E-1,3.514014E-1,3.818220E-1
107.196129,-1.621746E-1,3.972134E-1,4.290444E-1
107.628312,-1.758513E-1,4.488912E-1,4.821068E-1
108.062237,-1.903902E-1,5.071736E-1,5.417319E-1
108.497911,-2.057926E-1,5.728906E-1,6.087317E-1
108.935342,-2.180169E-1,5.882173E-1,6.273205E-1
109.374536,-2.307730E-1,6.038843E-1,6.464769E-1
109.815501,-2.440807E-1,6.198963E-1,6.662183E-1
110.258244,-2.579601E-1,6.362585E-1,6.865627E-1
110.702772,-1.900695E-1,6.671577E-1,6.937044E-1
111.149092,-1.185155E-1,6.908279E-1,7.009202E-1
111.597212,-4.406633E-2,7.068387E-1,7.082110E-1
112.047138,3.245991E-2,7.148410E-1,7.155776E-1
112.498878,8.974271E-2,6.964007E-1,7.021593E-1
112.952440,1.442627E-1,6.737202E-1,6.889925E-1
113.407830,1.957369E-1,6.471177E-1,6.760727E-1
113.865056,2.439143E-1,6.169268E-1,6.633950E-1
114.324126,2.558239E-1,5.952800E-1,6.479229E-1
114.785046,2.668296E-1,5.738054E-1,6.328117E-1
115.247825,2.769578E-1,5.525251E-1,6.180531E-1
115.712469,2.862348E-1,5.314594E-1,6.036385E-1
116.178987,2.813032E-1,4.950345E-1,5.693774E-1
116.647385,2.758726E-1,4.607912E-1,5.370607E-1
117.117672,2.700179E-1,4.286161E-1,5.065782E-1
117.589855,2.638077E-1,3.984005E-1,4.778258E-1
118.063942,2.415421E-1,3.683602E-1,4.404904E-1
118.539940,2.211407E-1,3.405753E-1,4.060723E-1
119.017858,2.024487E-1,3.148770E-1,3.743434E-1
119.497702,1.853239E-1,2.911094E-1,3.450937E-1
119.979480,1.550676E-1,2.656787E-1,3.076217E-1
120.463201,1.289912E-1,2.419859E-1,2.742187E-1
120.948873,1.065782E-1,2.199848E-1,2.444427E-1
121.436502,8.737047E-2,1.996165E-1,2.178999E-1
121.926097,4.433075E-2,1.875586E-1,1.927263E-1
122.417666,8.795904E-3,1.702339E-1,1.704610E-1
122.911217,-1.937276E-2,1.495180E-1,1.507678E-1
123.406758,-4.059368E-2,1.270210E-1,1.333498E-1
123.904297,-8.028443E-2,1.279656E-1,1.510655E-1
124.403842,-1.241050E-1,1.178348E-1,1.711347E-1
124.905401,-1.693414E-1,9.438820E-2,1.938702E-1
125.408981,-2.123847E-1,5.593122E-2,2.196260E-1
125.914593,-2.553701E-1,4.902435E-2,2.600332E-1
126.422242,-3.055926E-1,3.741578E-2,3.078746E-1
126.931938,-3.639867E-1,1.967244E-2,3.645179E-1
127.443690,-4.315411E-1,-5.973489E-3,4.315824E-1
127.957504,-4.859692E-1,-2.640098E-2,4.866858E-1
128.473390,-5.463654E-1,-5.189870E-2,5.488248E-1
128.991356,-6.132549E-1,-8.338137E-2,6.188974E-1
129.511410,-6.871881E-1,-1.219035E-1,6.979169E-1
130.033561,-7.499975E-1,-1.792710E-1,7.711254E-1
130.557817,-8.155333E-1,-2.466417E-1,8.520133E-1
131.084187,-8.834235E-1,-3.252235E-1,9.413859E-1
131.612679,-9.531797E-1,-4.163246E-1,1.040134E+0
132.143301,-9.621900E-1,-5.545823E-1,1.110572E+0
132.676063,-9.553891E-1,-7.023596E-1,1.185781E+0
133.210973,-9.306840E-1,-8.583673E-1,1.266083E+0
133.748039,-8.860065E-1,-1.020989E+0,1.351823E+0
134.287271,-7.520887E-1,-1.095078E+0,1.328470E+0
134.828677,-6.131178E-1,-1.152593E+0,1.305521E+0
135.372265,-4.710484E-1,-1.193364E+0,1.282967E+0
135.918045,-3.278078E-1,-1.217443E+0,1.260803E+0
136.466026,-2.168233E-1,-1.101921E+0,1.123050E+0
137.016216,-1.252655E-1,-9.924737E-1,1.000348E+0
137.568624,-5.059930E-2,-8.896135E-1,8.910513E-1
138.123259,9.459367E-3,-7.936405E-1,7.936969E-1
138.680130,-6.030156E-3,-7.338406E-1,7.338654E-1
139.239246,-1.923587E-2,-6.782714E-1,6.785441E-1
139.800617,-3.040912E-2,-6.266557E-1,6.273931E-1
140.364251,-3.977712E-2,-5.787329E-1,5.800983E-1
140.930157,-7.040595E-2,-5.227889E-1,5.275085E-1
141.498345,-9.488197E-2,-4.702088E-1,4.796863E-1
142.068824,-1.139744E-1,-4.210462E-1,4.361996E-1
142.641602,-1.283843E-1,-3.753037E-1,3.966553E-1
143.216690,-1.517577E-1,-3.582588E-1,3.890755E-1
143.794096,-1.734391E-1,-3.399536E-1,3.816406E-1
144.373831,-1.933773E-1,-3.205331E-1,3.743478E-1
144.955903,-2.115322E-1,-3.001429E-1,3.671943E-1
145.540321,-2.164256E-1,-2.834981E-1,3.566668E-1
146.127096,-2.205593E-1,-2.671613E-1,3.464413E-1
146.716236,-2.239670E-1,-2.511514E-1,3.365089E-1
147.307751,-2.266822E-1,-2.354855E-1,3.268612E-1
147.901652,-2.344239E-1,-2.390747E-1,3.348302E-1
148.497947,-2.423879E-1,-2.426781E-1,3.429935E-1
149.096645,-2.505798E-1,-2.462939E-1,3.513558E-1
149.697758,-2.590054E-1,-2.499205E-1,3.599223E-1
150.301294,-2.672483E-1,-2.585338E-1,3.718352E-1
150.907264,-2.757528E-1,-2.674430E-1,3.841424E-1
151.515676,-2.845270E-1,-2.766584E-1,3.968570E-1
152.126542,-2.935796E-1,-2.861902E-1,4.099925E-1
152.739870,-3.085451E-1,-2.982466E-1,4.291283E-1
153.355671,-3.242623E-1,-3.107993E-1,4.491573E-1
153.973955,-3.407684E-1,-3.238680E-1,4.701208E-1
154.594731,-3.581027E-1,-3.374739E-1,4.920632E-1
155.218010,-3.689601E-1,-3.584155E-1,5.143863E-1
155.843803,-3.799769E-1,-3.804767E-1,5.377220E-1
156.472118,-3.911428E-1,-4.037104E-1,5.621163E-1
157.102966,-4.024457E-1,-4.281722E-1,5.876172E-1
157.736358,-4.201692E-1,-4.526268E-1,6.175866E-1
158.372303,-4.386366E-1,-4.784438E-1,6.490844E-1
159.010812,-4.578771E-1,-5.056974E-1,6.821886E-1
159.651896,-4.779206E-1,-5.344662E-1,7.169813E-1
160.295564,-5.101625E-1,-5.575313E-1,7.557162E-1
160.941827,-5.444228E-1,-5.814511E-1,7.965435E-1
161.590696,-5.808204E-1,-6.062480E-1,8.395767E-1
162.242181,-6.194820E-1,-6.319436E-1,8.849354E-1
162.896293,-6.853734E-1,-6.963746E-1,9.770743E-1
163.553041,-7.582675E-1,-7.673689E-1,1.078807E+0
164.212438,-8.389071E-1,-8.455943E-1,1.191132E+0
164.874493,-9.281155E-1,-9.317874E-1,1.315153E+0
165.539217,-1.019669E+0,-1.000339E+0,1.428427E+0
166.206621,-1.119962E+0,-1.073643E+0,1.551459E+0
166.876716,-1.229804E+0,-1.151998E+0,1.685087E+0
167.549512,-1.350082E+0,-1.235718E+0,1.830224E+0
168.225021,-9.796077E-1,-1.965628E+0,2.196207E+0
168.903254,-2.502114E-1,-2.623471E+0,2.635376E+0
169.584221,8.501090E-1,-3.045956E+0,3.162362E+0
170.267933,2.264439E+0,-3.045043E+0,3.794729E+0
170.954402,2.307574E+0,-9.497362E-1,2.495375E+0
171.643639,1.622388E+0,2.460069E-1,1.640933E+0
172.335654,8.312481E-1,6.880401E-1,1.079061E+0
173.030459,2.355994E-1,6.693250E-1,7.095795E-1
173.728066,2.054428E-1,6.098917E-1,6.435640E-1
174.428485,1.788240E-1,5.556224E-1,5.836902E-1
175.131728,1.553503E-1,5.060798E-1,5.293869E-1
175.837806,1.346706E-1,4.608623E-1,4.801356E-1
176.546731,3.212825E-2,4.043362E-1,4.056106E-1
177.258514,-4.296277E-2,3.399488E-1,3.426529E-1
177.973167,-9.399702E-2,2.737809E-1,2.894675E-1
178.690701,-1.248277E-1,2.102771E-1,2.445371E-1
179.411128,-1.297145E-1,1.994081E-1,2.378854E-1
180.134459,-1.340311E-1,1.886487E-1,2.314145E-1
180.860707,-1.377977E-1,1.780187E-1,2.251197E-1
181.589883,-1.410349E-1,1.675365E-1,2.189962E-1
182.321998,-1.782131E-1,1.255131E-1,2.179758E-1
183.057066,-2.033475E-1,7.564141E-2,2.169604E-1
183.795096,-2.148998E-1,2.126798E-2,2.159496E-1
184.536103,-2.122381E-1,-3.399622E-2,2.149436E-1
185.280097,-2.621258E-1,-6.799127E-2,2.708002E-1
186.027090,-3.206336E-1,-1.165870E-1,3.411721E-1
186.777095,-3.882082E-1,-1.845245E-1,4.298312E-1
187.530124,-4.648450E-1,-2.778036E-1,5.415309E-1
188.286189,-4.282390E-1,-2.948524E-1,5.199294E-1
189.045302,-3.921140E-1,-3.089289E-1,4.991898E-1
189.807475,-3.566331E-1,-3.201868E-1,4.792773E-1
190.572722,-3.219431E-1,-3.287840E-1,4.601590E-1
191.341053,-3.107798E-1,-3.527785E-1,4.701455E-1
192.112483,-2.980989E-1,-3.766587E-1,4.803486E-1
192.887022,-2.838755E-1,-4.003410E-1,4.907731E-1
193.664684,-2.680894E-1,-4.237379E-1,5.014237E-1
194.445482,-2.440289E-1,-4.454725E-1,5.079329E-1
195.229427,-2.183195E-1,-4.659125E-1,5.145268E-1
196.016533,-1.910253E-1,-4.849384E-1,5.212062E-1
196.806813,-1.622192E-1,-5.024339E-1,5.279724E-1
197.600278,-2.097270E-1,-5.911623E-1,6.272625E-1
198.396943,-2.691624E-1,-6.949185E-1,7.452249E-1
199.196820,-3.432731E-1,-8.161162E-1,8.853711E-1
199.999921,-4.354057E-1,-9.575280E-1,1.051874E+0
200.806260,-5.106591E-1,-1.007382E+0,1.129421E+0
201.615851,-5.936565E-1,-1.057439E+0,1.212685E+0
202.428705,-6.849700E-1,-1.107361E+0,1.302088E+0
203.244836,-7.851986E-1,-1.156760E+0,1.398081E+0
204.064258,-8.414799E-1,-1.201150E+0,1.466578E+0
204.886983,-9.011990E-1,-1.246838E+0,1.538429E+0
205.713026,-9.645442E-1,-1.293836E+0,1.613802E+0
206.542399,-1.031713E+0,-1.342151E+0,1.692868E+0
207.375115,-1.141129E+0,-1.411853E+0,1.815352E+0
208.211189,-1.260250E+0,-1.483713E+0,1.946698E+0
209.050634,-1.389830E+0,-1.557636E+0,2.087548E+0
209.893463,-1.530679E+0,-1.633496E+0,2.238590E+0
210.739690,-1.700482E+0,-1.611226E+0,2.342582E+0
211.589329,-1.876476E+0,-1.577411E+0,2.451405E+0
212.442393,-2.058219E+0,-1.531148E+0,2.565284E+0
213.298896,-2.245191E+0,-1.471524E+0,2.684449E+0
214.158853,-2.544570E+0,-1.462722E+0,2.935028E+0
215.022277,-2.870775E+0,-1.433990E+0,3.208999E+0
215.889182,-3.224983E+0,-1.381794E+0,3.508542E+0
216.759582,-3.608262E+0,-1.302200E+0,3.836050E+0
217.633491,-3.915005E+0,-5.187556E-1,3.949224E+0
218.510923,-4.051785E+0,3.365535E-1,4.065739E+0
219.391893,-4.001847E+0,1.226886E+0,4.185693E+0
220.276415,-3.756405E+0,2.111508E+0,4.309181E+0
221.164503,-3.018167E+0,2.478654E+0,3.905516E+0
222.056172,-2.301268E+0,2.689497E+0,3.539665E+0
222.951435,-1.628142E+0,2.764227E+0,3.208083E+0
223.850308,-1.015617E+0,2.724417E+0,2.907564E+0
224.752805,-7.996677E-1,2.489020E+0,2.614324E+0
225.658940,-6.154281E-1,2.268666E+0,2.350659E+0
226.568729,-4.590486E-1,2.063133E+0,2.113585E+0
227.482186,-3.270814E-1,1.872065E+0,1.900424E+0
228.399325,-2.754059E-1,1.723816E+0,1.745678E+0
229.320162,-2.299241E-1,1.586962E+0,1.603532E+0
230.244712,-1.899783E-1,1.460658E+0,1.472961E+0
231.172989,-1.549759E-1,1.344117E+0,1.353022E+0
232.105009,-1.276762E-1,1.307611E+0,1.313829E+0
233.040786,-1.017904E-1,1.271704E+0,1.275771E+0
233.980336,-7.726692E-2,1.236404E+0,1.238816E+0
234.923674,-5.405650E-2,1.201715E+0,1.202930E+0
235.870815,-1.766318E-2,1.099015E+0,1.099157E+0
236.821775,1.286681E-2,1.004254E+0,1.004336E+0
237.776569,3.825099E-2,9.168984E-1,9.176959E-1
238.735212,5.913084E-2,8.364419E-1,8.385294E-1
239.697721,4.545753E-2,7.801136E-1,7.814369E-1
240.664110,3.336556E-2,7.274667E-1,7.282315E-1
241.634395,2.270469E-2,6.782688E-1,6.786487E-1
242.608591,1.333774E-2,6.323009E-1,6.324416E-1
243.586716,2.353063E-4,6.120886E-1,6.120886E-1
244.568784,-1.203773E-2,5.922681E-1,5.923904E-1
245.554812,-2.351608E-2,5.728439E-1,5.733264E-1
246.544814,-3.423352E-2,5.538188E-1,5.548758E-1
247.538809,-2.520743E-2,5.389584E-1,5.395476E-1
248.536810,-1.664838E-2,5.243782E-1,5.246424E-1
249.538836,-8.539340E-3,5.100776E-1,5.101491E-1
250.544901,-8.635734E-4,4.960555E-1,4.960563E-1
251.555022,-3.129638E-2,4.423732E-1,4.434789E-1
252.569216,-5.513557E-2,3.926219E-1,3.964743E-1
253.587499,-7.333593E-2,3.467823E-1,3.544519E-1
254.609887,-8.674766E-2,3.047784E-1,3.168833E-1
255.636397,-7.985790E-2,3.646836E-1,3.733248E-1
256.667046,-6.740351E-2,4.346237E-1,4.398193E-1
257.701850,-4.767663E-2,5.159594E-1,5.181575E-1
258.740826,-1.857026E-2,6.101664E-1,6.104489E-1
259.783991,-8.831291E-3,5.573550E-1,5.574250E-1
260.831361,-6.423561E-4,5.090061E-1,5.090065E-1
261.882955,6.190737E-3,4.647527E-1,4.647939E-1
262.938788,1.184023E-2,4.242565E-1,4.244217E-1
263.998878,-4.547883E-4,4.025136E-1,4.025139E-1
265.063241,-1.151170E-2,3.815631E-1,3.817367E-1
266.131896,-2.141672E-2,3.613982E-1,3.620322E-1
267.204860,-3.025133E-2,3.420094E-1,3.433447E-1
268.282149,-3.340570E-2,3.313543E-1,3.330340E-1
269.363781,-3.633847E-2,3.209825E-1,3.230329E-1
270.449775,-3.905968E-2,3.108880E-1,3.133321E-1
271.540147,-4.157888E-2,3.010651E-1,3.039227E-1
272.634915,-3.878292E-2,2.957252E-1,2.982575E-1
273.734096,-3.607494E-2,2.904662E-1,2.926978E-1
274.837709,-3.345282E-2,2.852872E-1,2.872418E-1
275.945772,-3.091457E-2,2.801871E-1,2.818874E-1
277.058302,-2.897121E-2,2.688510E-1,2.704075E-1
278.175317,-2.713468E-2,2.579718E-1,2.593950E-1
279.296836,-2.539952E-2,2.475313E-1,2.488310E-1
280.422877,-2.376044E-2,2.375118E-1,2.386973E-1
281.553457,-2.508804E-2,2.274545E-1,2.288339E-1
282.688596,-2.626288E-2,2.178005E-1,2.193782E-1
283.828311,-2.729520E-2,2.085343E-1,2.103131E-1
284.972621,-2.819457E-2,1.996416E-1,2.016227E-1
286.121544,-2.284282E-2,1.833369E-1,1.847545E-1
287.275100,-1.818362E-2,1.683182E-1,1.692976E-1
288.433306,-1.413967E-2,1.544882E-1,1.551339E-1
289.596182,-1.064168E-2,1.417563E-1,1.421552E-1
290.763747,-1.751413E-2,1.345859E-1,1.357207E-1
291.936018,-2.369301E-2,1.273930E-1,1.295775E-1
293.113016,-2.920955E-2,1.202146E-1,1.237124E-1
294.294759,-3.409540E-2,1.130844E-1,1.181126E-1
295.481267,-2.954080E-2,1.089168E-1,1.128518E-1
296.672558,-2.530219E-2,1.048146E-1,1.078253E-1
297.868652,-2.136363E-2,1.007834E-1,1.030228E-1
299.069569,-1.770969E-2,9.682788E-2,9.843410E-2
300.275327,-2.064023E-2,9.234707E-2,9.462558E-2
301.485946,-2.328733E-2,8.793311E-2,9.096445E-2
302.701447,-2.566465E-2,8.359392E-2,8.744494E-2
303.921847,-2.778566E-2,7.933675E-2,8.406166E-2
305.147168,-2.725599E-2,6.992029E-2,7.504489E-2
306.377430,-2.649077E-2,6.153546E-2,6.699533E-2
307.612651,-2.554744E-2,5.407830E-2,5.980915E-2
308.852852,-2.447403E-2,4.745438E-2,5.339379E-2
310.098054,-2.788269E-2,3.974424E-2,4.854945E-2
311.348275,-3.000585E-2,3.237898E-2,4.414464E-2
312.603538,-3.101327E-2,2.548243E-2,4.013947E-2
313.863861,-3.107310E-2,1.914534E-2,3.649769E-2
315.129265,-3.508120E-2,1.681389E-2,3.890241E-2
316.399771,-3.906863E-2,1.389371E-2,4.146556E-2
317.675399,-4.296821E-2,1.035180E-2,4.419759E-2
318.956170,-4.670503E-2,6.160718E-3,4.710960E-2
320.242105,-4.254312E-2,4.967929E-3,4.283220E-2
321.533225,-3.874337E-2,3.939948E-3,3.894319E-2
322.829550,-3.527506E-2,3.056892E-3,3.540727E-2
324.131101,-3.211007E-2,2.301093E-3,3.219242E-2
325.437900,-2.896307E-2,-4.643458E-3,2.933294E-2
326.749967,-2.472572E-2,-1.014865E-2,2.672745E-2
328.067324,-1.982081E-2,-1.415003E-2,2.435340E-2
329.389992,-1.463677E-2,-1.667844E-2,2.219021E-2
330.717993,-7.104543E-3,-1.912528E-2,2.040223E-2
332.051349,1.677218E-4,-1.875756E-2,1.875831E-2
333.390079,6.293903E-3,-1.605741E-2,1.724684E-2
334.734207,1.067091E-2,-1.172951E-2,1.585717E-2
336.083755,1.848525E-2,-2.314294E-3,1.862956E-2
337.438743,1.826501E-2,1.205886E-2,2.188668E-2
338.799194,7.086230E-3,2.471753E-2,2.571324E-2
340.165130,-1.256219E-2,2.747295E-2,3.020880E-2
341.536573,-2.743520E-2,2.257683E-2,3.553032E-2
342.913545,-4.063878E-2,9.738127E-3,4.178925E-2
344.296069,-4.798558E-2,-1.063857E-2,4.915074E-2
345.684167,-4.525665E-2,-3.596831E-2,5.780903E-2
347.077861,-4.610249E-2,-4.520433E-2,6.456680E-2
348.477174,-4.597094E-2,-5.556237E-2,7.211452E-2
349.882129,-4.462356E-2,-6.705345E-2,8.054457E-2
351.292748,-4.179423E-2,-7.966219E-2,8.996011E-2
352.709054,-4.270204E-2,-8.868431E-2,9.842952E-2
354.131071,-4.335501E-2,-9.858416E-2,1.076963E-1
355.558820,-4.369622E-2,-1.094342E-1,1.178355E-1
356.992326,-4.366072E-2,-1.213116E-1,1.289293E-1
358.431611,-4.282739E-2,-1.259607E-1,1.330424E-1
359.876699,-4.188257E-2,-1.307420E-1,1.372866E-1
361.327613,-4.082029E-2,-1.356578E-1,1.416663E-1
362.784377,-3.963438E-2,-1.407102E-1,1.461857E-1
364.247014,-2.140387E-2,-1.516199E-1,1.531232E-1
365.715548,-9.498530E-4,-1.603873E-1,1.603901E-1
367.190003,2.151169E-2,-1.666190E-1,1.680019E-1
368.670402,4.570145E-2,-1.699369E-1,1.759749E-1
370.156770,4.358038E-2,-1.992142E-1,2.039253E-1
371.649130,3.951941E-2,-2.329873E-1,2.363152E-1
373.147507,3.296632E-2,-2.718580E-1,2.738495E-1
374.651925,2.324894E-2,-3.164930E-1,3.173458E-1
376.162408,6.935491E-3,-3.527403E-1,3.528085E-1
377.678982,-1.333648E-2,-3.920074E-1,3.922342E-1
379.201669,-3.818309E-2,-4.343907E-1,4.360656E-1
380.730496,-6.829394E-2,-4.799604E-1,4.847949E-1
382.265486,-2.430381E-1,-5.000414E-1,5.559756E-1
383.806665,-4.408700E-1,-4.606264E-1,6.376073E-1
385.354058,-6.430246E-1,-3.481510E-1,7.312248E-1
386.907689,-8.242530E-1,-1.543920E-1,8.385880E-1
388.467584,-4.814573E-1,-4.031605E-1,6.279646E-1
390.033768,-1.664127E-1,-4.398121E-1,4.702424E-1
391.606266,5.270214E-2,-3.481682E-1,3.521344E-1
393.185104,1.621273E-1,-2.079606E-1,2.636909E-1
394.770308,1.571214E-1,-3.097746E-1,3.473434E-1
396.361902,1.249551E-1,-4.401401E-1,4.575337E-1
397.959914,5.046915E-2,-6.005637E-1,6.026806E-1
399.564368,-8.631472E-2,-7.891671E-1,7.938734E-1
401.175291,-2.121542E-1,-8.633729E-1,8.890569E-1
402.792709,-3.627942E-1,-9.272029E-1,9.956530E-1
404.416647,-5.394369E-1,-9.758581E-1,1.115030E+0
406.047133,-7.427095E-1,-1.003833E+0,1.248719E+0
407.684192,-8.251935E-1,-9.686634E-1,1.272499E+0
409.327852,-9.065937E-1,-9.271461E-1,1.296731E+0
410.978138,-9.864489E-1,-8.792518E-1,1.321425E+0
412.635078,-1.064288E+0,-8.249828E-1,1.346590E+0
414.298698,-1.214999E+0,-8.454984E-1,1.480233E+0
415.969025,-1.381608E+0,-8.595013E-1,1.627140E+0
417.646087,-1.565301E+0,-8.654555E-1,1.788625E+0
419.329909,-1.767292E+0,-8.616089E-1,1.966136E+0
421.020521,-1.696719E+0,-1.644900E+0,2.363166E+0
422.717949,-1.323285E+0,-2.513287E+0,2.840369E+0
424.422220,-5.720738E-1,-3.365662E+0,3.413935E+0
426.133362,6.046895E-1,-4.058524E+0,4.103324E+0
427.851403,1.390650E+0,-2.435212E+0,2.804312E+0
429.576370,1.489080E+0,-1.206542E+0,1.916534E+0
431.308293,1.247371E+0,-3.995710E-1,1.309806E+0
433.047197,8.934914E-1,5.453465E-2,8.951541E-1
434.793113,6.057821E-1,1.181912E-1,6.172043E-1
436.546067,4.033621E-1,1.356467E-1,4.255596E-1
438.306089,2.634225E-1,1.292464E-1,2.934213E-1
440.073207,1.683504E-1,1.121986E-1,2.023126E-1
441.847449,1.070001E-1,8.861889E-2,1.389328E-1
443.628845,6.677498E-2,6.814598E-2,9.540845E-2
445.417422,4.075771E-2,5.129892E-2,6.551923E-2
447.213211,2.418659E-2,3.793987E-2,4.499361E-2
449.016239,-3.369860E-3,6.940801E-2,6.948977E-2
450.826537,-6.618746E-2,8.448280E-2,1.073225E-1
452.644134,-1.588230E-1,4.742653E-2,1.657529E-1
454.469058,-2.425227E-1,-8.195122E-2,2.559947E-1
456.301340,-2.968028E-1,-4.184755E-2,2.997384E-1
458.141009,-3.505903E-1,1.604119E-2,3.509571E-1
459.988096,-3.999639E-1,9.428914E-2,4.109277E-1
461.842629,-4.398552E-1,1.950102E-1,4.811461E-1
463.704639,-4.233270E-1,2.274366E-1,4.805550E-1
465.574156,-4.044170E-1,2.584822E-1,4.799647E-1
467.451210,-3.832396E-1,2.879723E-1,4.793753E-1
469.335832,-3.599209E-1,3.157420E-1,4.787860E-1
471.228052,-3.493976E-1,3.519452E-1,4.959275E-1
473.127902,-3.359409E-1,3.886048E-1,5.136828E-1
475.035410,-3.194202E-1,4.255269E-1,5.320737E-1
476.950610,-2.997147E-1,4.625016E-1,5.511231E-1
478.873531,-3.188851E-1,5.197173E-1,6.097489E-1
480.804204,-3.385283E-1,5.835229E-1,6.746113E-1
482.742661,-3.585145E-1,6.546298E-1,7.463731E-1
484.688934,-3.786810E-1,7.338217E-1,8.257685E-1
486.643053,-6.025745E-1,7.184585E-1,9.376986E-1
488.605051,-8.467714E-1,6.455832E-1,1.064800E+0
490.574959,-1.099113E+0,5.039307E-1,1.209130E+0
492.552809,-1.343320E+0,2.840539E-1,1.373024E+0
494.538633,-9.829279E-1,-1.601300E-2,9.830583E-1
496.532464,-6.835150E-1,-1.679676E-1,7.038507E-1
498.534333,-4.502900E-1,-2.262691E-1,5.039432E-1
500.544272,-2.782027E-1,-2.297600E-1,3.608135E-1
502.562316,-2.316858E-1,-2.447342E-1,3.370061E-1
504.588495,-1.868551E-1,-2.533082E-1,3.147696E-1
506.622844,-1.443178E-1,-2.561417E-1,2.940003E-1
508.665394,-1.045616E-1,-2.539153E-1,2.746017E-1
510.716179,-1.570228E-1,-2.692730E-1,3.117116E-1
512.775233,-2.183991E-1,-2.783919E-1,3.538364E-1
514.842587,-2.888312E-1,-2.791106E-1,4.016543E-1
516.918277,-3.681406E-1,-2.689767E-1,4.559342E-1
519.002336,-4.074494E-1,-1.274235E-1,4.269095E-1
521.094796,-3.996097E-1,9.910522E-3,3.997326E-1
523.195693,-3.512475E-1,1.292869E-1,3.742859E-1
525.305060,-2.723785E-1,2.205247E-1,3.504585E-1
527.422932,-2.802381E-1,1.406215E-1,3.135407E-1
529.549341,-2.718205E-1,6.928523E-2,2.805117E-1
531.684324,-2.508165E-1,8.550329E-3,2.509622E-1
533.827915,-2.208404E-1,-4.051142E-2,2.245254E-1
535.980148,-2.251308E-1,-1.170752E-1,2.537528E-1
538.141058,-2.043498E-1,-2.012130E-1,2.867848E-1
540.310680,-1.539694E-1,-2.852108E-1,3.241169E-1
542.489050,-7.165878E-2,-3.592309E-1,3.663084E-1
544.676202,-2.697366E-1,-5.682250E-1,6.289972E-1
546.872172,-6.870975E-1,-8.333310E-1,1.080066E+0
549.076995,-1.493123E+0,-1.100071E+0,1.854608E+0
551.290708,-2.947075E+0,-1.206806E+0,3.184593E+0
553.513345,-3.711714E+0,5.524405E-1,3.752601E+0
555.744944,-3.426746E+0,2.794777E+0,4.421919E+0
557.985540,-1.787754E+0,4.894330E+0,5.210617E+0
560.235169,1.136673E+0,6.033858E+0,6.139989E+0
562.493868,2.539719E+0,3.510619E+0,4.332969E+0
564.761673,2.676919E+0,1.477835E+0,3.057759E+0
567.038622,2.153385E+0,1.387478E-1,2.157850E+0
569.324750,1.416551E+0,-5.588030E-1,1.522786E+0
571.620096,9.920047E-1,-5.138141E-1,1.117174E+0
573.924695,6.855315E-1,-4.492142E-1,8.196016E-1
576.238586,4.666974E-1,-3.791367E-1,6.012912E-1
578.561806,3.122329E-1,-3.116191E-1,4.411302E-1
580.894393,3.130948E-1,-1.791833E-1,3.607423E-1
583.236383,2.854500E-1,-7.446690E-2,2.950034E-1
585.587816,2.412338E-1,2.273796E-3,2.412445E-1
587.948730,1.899206E-1,5.338871E-2,1.972820E-1
590.319161,1.970195E-1,3.719432E-2,2.004996E-1
592.699150,2.027692E-1,2.016858E-2,2.037698E-1
595.088734,2.070791E-1,2.420933E-3,2.070933E-1
597.487952,2.098672E-1,-1.592984E-2,2.104709E-1
599.896843,2.218286E-1,1.334915E-2,2.222299E-1
602.315446,2.301545E-1,4.568971E-2,2.346458E-1
604.743800,2.342394E-1,8.071317E-2,2.477553E-1
607.181944,2.335039E-1,1.179368E-1,2.615973E-1
609.629918,1.075566E-1,2.560254E-1,2.777002E-1
612.087762,-8.927514E-2,2.809514E-1,2.947944E-1
614.555515,-2.655153E-1,1.656310E-1,3.129409E-1
617.033217,-3.285905E-1,-4.886854E-2,3.322045E-1
619.520909,-3.529419E-1,1.666690E-1,3.903159E-1
622.018630,-2.360892E-1,3.931530E-1,4.585928E-1
624.526421,2.587193E-2,5.381916E-1,5.388131E-1
627.044323,3.764667E-1,5.089658E-1,6.330666E-1
629.572376,4.393234E-1,2.885664E-1,5.256193E-1
632.110622,4.250746E-1,9.881203E-2,4.364083E-1
634.659101,3.595402E-1,-4.494698E-2,3.623388E-1
637.217855,2.672408E-1,-1.381570E-1,3.008405E-1
639.786925,2.347260E-1,-1.197865E-1,2.635244E-1
642.366353,2.061600E-1,-1.038449E-1,2.308370E-1
644.956180,1.810642E-1,-9.001251E-2,2.022041E-1
647.556448,1.590178E-1,-7.801186E-2,1.771229E-1
650.167200,1.713133E-1,-8.367755E-2,1.906572E-1
652.788478,1.845590E-1,-8.975334E-2,2.052259E-1
655.420324,1.988280E-1,-9.626885E-2,2.209078E-1
658.062781,2.141994E-1,-1.032556E-1,2.377879E-1
660.715891,1.937521E-1,-1.388706E-1,2.383798E-1
663.379698,1.674238E-1,-1.705209E-1,2.389730E-1
666.054245,1.359705E-1,-1.972428E-1,2.395677E-1
668.739574,1.003051E-1,-2.182146E-1,2.401640E-1
671.435730,7.264541E-2,-2.027625E-1,2.153833E-1
674.142756,4.913493E-2,-1.868058E-1,1.931596E-1
676.860696,2.937072E-2,-1.707209E-1,1.732289E-1
679.589594,1.296352E-2,-1.548130E-1,1.553548E-1
682.329494,1.751135E-2,-1.362396E-1,1.373604E-1
685.080441,2.080135E-2,-1.196556E-1,1.214502E-1
687.842478,2.305820E-2,-1.048780E-1,1.073828E-1
690.615651,2.447317E-2,-9.173660E-2,9.494493E-2
693.400005,3.754870E-2,-9.281521E-2,1.001228E-1
696.195584,5.137228E-2,-9.224235E-2,1.055830E-1
699.002434,6.576373E-2,-8.984391E-2,1.113409E-1
701.820601,8.051185E-2,-8.546118E-2,1.174128E-1
704.650130,7.459946E-2,-9.922524E-2,1.241400E-1
707.491066,6.677584E-2,-1.129965E-1,1.312525E-1
710.343457,5.694302E-2,-1.265517E-1,1.387726E-1
713.207347,4.502436E-2,-1.396445E-1,1.467235E-1
716.082784,5.215508E-2,-1.085554E-1,1.204343E-1
718.969813,5.449467E-2,-8.247881E-2,9.885557E-2
721.868482,5.349561E-2,-6.101171E-2,8.114314E-2
724.778838,5.029433E-2,-4.366484E-2,6.660434E-2
727.700927,5.521225E-2,-4.459234E-2,7.097090E-2
730.634798,6.048442E-2,-4.539368E-2,7.562375E-2
733.580496,6.612904E-2,-4.604725E-2,8.058163E-2
736.538071,7.216470E-2,-4.652936E-2,8.586458E-2
739.507570,8.785500E-2,-3.255901E-2,9.369413E-2
742.489042,1.012779E-1,-1.397565E-2,1.022376E-1
745.482533,1.111975E-1,8.987894E-3,1.115601E-1
748.488094,1.163519E-1,3.579213E-2,1.217327E-1
751.505772,1.539563E-1,3.738443E-2,1.584302E-1
754.535616,2.029330E-1,3.650764E-2,2.061907E-1
757.577676,2.664900E-1,3.153252E-2,2.683491E-1
760.632000,3.486678E-1,2.009131E-2,3.492462E-1
763.698638,4.359121E-1,-2.466748E-2,4.366095E-1
766.777641,5.379013E-1,-9.267516E-2,5.458264E-1
769.869057,6.548952E-1,-1.916569E-1,6.823636E-1
772.972936,7.861177E-1,-3.312444E-1,8.530556E-1
776.089329,7.547961E-1,-6.151434E-1,9.737138E-1
779.218287,6.293708E-1,-9.160718E-1,1.111438E+0
782.359860,3.953995E-1,-1.205452E+0,1.268643E+0
785.514099,4.623460E-2,-1.447345E+0,1.448083E+0
788.681054,-2.177103E-1,-1.333840E+0,1.351491E+0
791.860778,-4.390470E-1,-1.182464E+0,1.261342E+0
795.053322,-6.145569E-1,-1.004060E+0,1.177207E+0
798.258736,-7.432398E-1,-8.091336E-1,1.098682E+0
801.477075,-8.007177E-1,-7.378935E-1,1.088869E+0
804.708388,-8.516158E-1,-6.627985E-1,1.079144E+0
807.952729,-8.956975E-1,-5.844382E-1,1.069506E+0
811.210151,-9.327778E-1,-5.034145E-1,1.059953E+0
814.480705,-1.229824E+0,-3.569506E-1,1.280578E+0
817.764445,-1.543329E+0,-1.083201E-1,1.547126E+0
821.061424,-1.850249E+0,2.651605E-1,1.869153E+0
824.371696,-2.117598E+0,7.844106E-1,2.258212E+0
827.695314,-8.721112E-1,9.664260E-1,1.301752E+0
831.032331,-1.872838E-1,7.266511E-1,7.503979E-1
834.382803,9.846969E-2,4.212118E-1,4.325687E-1
837.746782,1.628310E-1,1.888491E-1,2.493550E-1
841.124324,4.301579E-2,1.706541E-1,1.759920E-1
844.515483,-2.682929E-2,1.212812E-1,1.242133E-1
847.920315,-5.528458E-2,6.803940E-2,8.766838E-2
851.338873,-5.640068E-2,2.544642E-2,6.187533E-2
854.771214,-6.491394E-2,2.054085E-2,6.808631E-2
858.217394,-7.358523E-2,1.408308E-2,7.492075E-2
861.677467,-8.222924E-2,5.908671E-3,8.244125E-2
865.151490,-9.062217E-2,-4.138184E-3,9.071660E-2
868.639520,-1.058148E-1,3.056340E-4,1.058152E-1
872.141612,-1.232639E-1,6.342486E-3,1.234270E-1
875.657824,-1.432516E-1,1.436299E-2,1.439698E-1
879.188212,-1.660849E-1,2.483820E-2,1.679319E-1
882.732833,-8.714779E-2,1.001750E-1,1.327771E-1
886.291745,-1.006330E-3,1.049768E-1,1.049816E-1
889.865006,5.326939E-2,6.365673E-2,8.300486E-2
893.452673,6.470881E-2,1.094952E-2,6.562867E-2
897.054804,5.848753E-2,-2.909258E-2,6.532357E-2
900.671458,3.002580E-2,-5.767181E-2,6.501989E-2
904.302693,-9.619145E-3,-6.399877E-2,6.471762E-2
907.948569,-4.522901E-2,-4.586776E-2,6.441673E-2
911.609143,-4.437379E-2,-4.112587E-2,6.050100E-2
915.284476,-4.337112E-2,-3.671283E-2,5.682329E-2
918.974626,-4.224396E-2,-3.261460E-2,5.336913E-2
922.679654,-4.101331E-2,-2.881698E-2,5.012494E-2
926.399620,-4.485283E-2,-3.793348E-2,5.874287E-2
930.134584,-4.837926E-2,-4.897686E-2,6.884247E-2
933.884605,-5.133834E-2,-6.223658E-2,8.067848E-2
937.649746,-5.340297E-2,-7.802384E-2,9.454944E-2
941.430067,-6.178721E-2,-7.713522E-2,9.883067E-2
945.225628,-7.045661E-2,-7.555096E-2,1.033058E-1
949.036492,-7.936867E-2,-7.321922E-2,1.079835E-1
952.862721,-8.847497E-2,-7.008933E-2,1.128731E-1
956.704376,-9.077446E-2,-6.905316E-2,1.140541E-1
960.561519,-9.307699E-2,-6.796069E-2,1.152475E-1
964.434213,-9.538148E-2,-6.681134E-2,1.164533E-1
968.322520,-9.768684E-2,-6.560446E-2,1.176718E-1
972.226504,-1.003826E-1,-6.512429E-2,1.196572E-1
976.146228,-1.031158E-1,-6.459250E-2,1.216760E-1
980.081754,-1.058861E-1,-6.400762E-2,1.237289E-1
984.033148,-1.086933E-1,-6.336816E-2,1.258164E-1
988.000473,-1.194512E-1,-6.051288E-2,1.339044E-1
991.983792,-1.307018E-1,-5.680511E-2,1.425124E-1
995.983171,-1.424225E-1,-5.216078E-2,1.516737E-1
999.998674,-1.545840E-1,-4.649190E-2,1.614240E-1
