#I+1.668000E+03
+1.000000E+00
+8.010000E+02
+8.010000E+02
+1.000000E+01
+2.000000E+00
+3.000000E+00
+0.000000E+00
+1.000000E+00
+2.000000E+00
+5.000000E+00
+1.000000E+00
+2.497000E+03
-1.092400E+04
+2.025600E+04
-1.299100E+04
-1.119200E+04
+0.000000E+00
+0.000000E+00
+0.000000E+00
+0.000000E+00
+0.000000E+00
+0.000000E+00
+0.000000E+00
+0.000000E+00
+0.000000E+00
+0.000000E+00
+0.000000E+00
+0.000000E+00
+0.000000E+00
+0.000000E+00
+0.000000E+00
+0.000000E+00
+0.000000E+00
+0.000000E+00
+0.000000E+00
+1.000000E+00
+1.000000E+00
+1.000000E+00
+0.000000E+00
+0.000000E+00
+1.000000E+00
+0.000000E+00
+1.000000E+00
+2.000000E+00
+3.000000E+00
+4.500000E+01
+4.500000E+01
+0.000000E+00
+0.000000E+00
+2.000000E+00
+0.000000E+00
+0.000000E+00
+0.000000E+00
+8.000000E+02
+0.000000E+00
+1.747424E-03
+1.258924E+00
+0.000000E+00
+0.000000E+00
+0.000000E+00
+1.000000E+00
+1.000000E+00
+0.000000E+00
+0.000000E+00
+4.0000021457672111E+01
+4.0000021457672111E+01
+2.984031E+00
+1.802525E-01
+2.991518E+00
+7.655500E-01
+2.884817E+00
+1.360682E+00
+2.660371E+00
+1.943492E+00
+2.318904E+00
+2.490807E+00
+2.658497E+00
+2.756889E+00
+3.045871E+00
+3.049580E+00
+3.487535E+00
+3.371269E+00
+3.990861E+00
+3.724513E+00
+4.131469E+00
+4.003011E+00
+4.274125E+00
+4.299218E+00
+4.418591E+00
+4.614129E+00
+4.564595E+00
+4.948781E+00
+4.413447E+00
+4.231965E+00
+4.236516E+00
+3.590577E+00
+4.040408E+00
+3.019001E+00
+3.830804E+00
+2.511777E+00
+3.429317E+00
+3.406164E+00
+2.825260E+00
+4.245900E+00
+2.023342E+00
+4.986327E+00
+1.037871E+00
+5.582278E+00
-1.718616E+00
+6.623757E+00
-5.259593E+00
+6.352553E+00
-8.986372E+00
+4.247703E+00
-1.197931E+01
+4.633946E-02
-8.596624E+00
-1.132757E+00
-6.055635E+00
-1.649209E+00
-4.182855E+00
-1.772308E+00
-2.827629E+00
-1.678314E+00
-2.209290E+00
-1.439365E+00
-1.721879E+00
-1.227211E+00
-1.338471E+00
-1.040909E+00
-1.037523E+00
-8.788036E-01
-6.338200E-01
-1.028124E+00
-2.517577E-01
-1.042911E+00
+7.494040E-02
-9.500643E-01
+3.252129E-01
-7.815925E-01
+5.555011E-01
-7.866434E-01
+8.123806E-01
-7.349395E-01
+1.084653E+00
-6.136192E-01
+1.356686E+00
-4.111943E-01
+1.497461E+00
-3.341950E-01
+1.643175E+00
-2.397186E-01
+1.792810E+00
-1.259811E-01
+1.945120E+00
+8.861693E-03
+2.013520E+00
-4.524066E-02
+2.082802E+00
-1.031520E-01
+2.152893E+00
-1.650306E-01
+2.223707E+00
-2.310377E-01
+2.289935E+00
-4.135788E-02
+2.340946E+00
+1.580394E-01
+2.375576E+00
+3.660247E-01
+2.392735E+00
+5.813430E-01
+2.590631E+00
+7.229226E-01
+2.801444E+00
+8.847836E-01
+3.025609E+00
+1.069261E+00
+3.263519E+00
+1.278921E+00
+3.531288E+00
+1.257836E+00
+3.816808E+00
+1.226334E+00
+4.120955E+00
+1.183103E+00
+4.444619E+00
+1.126711E+00
+4.573682E+00
+1.313914E+00
+4.701447E+00
+1.512317E+00
+4.827498E+00
+1.722296E+00
+4.951400E+00
+1.944229E+00
+4.839171E+00
+1.415673E+00
+4.688413E+00
+9.262067E-01
+4.504594E+00
+4.769090E-01
+4.292972E+00
+6.833635E-02
+4.256682E+00
+2.565973E-01
+4.212396E+00
+4.418029E-01
+4.160308E+00
+6.236249E-01
+4.100631E+00
+8.017470E-01
+4.357318E+00
+1.168179E+00
+4.606580E+00
+1.581938E+00
+4.844329E+00
+2.046120E+00
+5.065938E+00
+2.563760E+00
+5.137843E+00
+1.477687E+00
+5.012773E+00
+4.604674E-01
+4.717662E+00
-4.583231E-01
+4.282639E+00
-1.256079E+00
+4.520022E+00
-1.201086E+00
+4.767226E+00
-1.137116E+00
+5.024476E+00
-1.063480E+00
+5.291989E+00
-9.794482E-01
+5.183904E+00
-5.920187E-01
+5.053359E+00
-2.245720E-01
+4.902436E+00
+1.220409E-01
+4.733205E+00
+4.471365E-01
+4.518481E+00
+7.592705E-01
+4.290359E+00
+1.044350E+00
+4.051240E+00
+1.302491E+00
+3.803427E+00
+1.533975E+00
+4.100961E+00
+1.364448E+00
+4.402812E+00
+1.166656E+00
+4.707356E+00
+9.388510E-01
+5.012767E+00
+6.793007E-01
+5.278720E+00
+9.171909E-01
+5.550805E+00
+1.179493E+00
+5.828408E+00
+1.467876E+00
+6.110829E+00
+1.784082E+00
+6.092280E+00
+1.594307E+00
+6.068660E+00
+1.407164E+00
+6.040099E+00
+1.222766E+00
+6.006734E+00
+1.041217E+00
+5.917987E+00
+9.417885E-01
+5.829410E+00
+8.452686E-01
+5.741040E+00
+7.516049E-01
+5.652909E+00
+6.607459E-01
+5.561740E+00
+7.973059E-01
+5.468261E+00
+9.297310E-01
+5.372605E+00
+1.058016E+00
+5.274913E+00
+1.182161E+00
+5.202884E+00
+1.242408E+00
+5.130786E+00
+1.301024E+00
+5.058640E+00
+1.358028E+00
+4.986466E+00
+1.413433E+00
+4.990582E+00
+1.472731E+00
+4.994075E+00
+1.532304E+00
+4.996940E+00
+1.592146E+00
+4.999167E+00
+1.652252E+00
+5.019610E+00
+1.739730E+00
+5.038964E+00
+1.828284E+00
+5.057200E+00
+1.917908E+00
+5.074292E+00
+2.008594E+00
+4.994071E+00
+1.918917E+00
+4.914548E+00
+1.831799E+00
+4.835732E+00
+1.747184E+00
+4.757636E+00
+1.665016E+00
+4.846791E+00
+1.755837E+00
+4.936955E+00
+1.849711E+00
+5.028110E+00
+1.946717E+00
+5.120244E+00
+2.046936E+00
+5.151195E+00
+2.187593E+00
+5.179561E+00
+2.330984E+00
+5.205247E+00
+2.477092E+00
+5.228152E+00
+2.625899E+00
+5.367871E+00
+2.486803E+00
+5.504634E+00
+2.341757E+00
+5.638223E+00
+2.190792E+00
+5.768411E+00
+2.033947E+00
+5.975501E+00
+2.053997E+00
+6.189597E+00
+2.073017E+00
+6.410916E+00
+2.090914E+00
+6.639686E+00
+2.107596E+00
+6.673499E+00
+1.721647E+00
+6.685954E+00
+1.338546E+00
+6.677466E+00
+9.594196E-01
+6.648503E+00
+5.853544E-01
+6.366778E+00
+2.977414E-01
+6.086682E+00
+3.435963E-02
+5.809092E+00
-2.059652E-01
+5.534797E+00
-4.243881E-01
+5.117841E+00
-3.646498E-01
+4.732158E+00
-3.115144E-01
+4.375411E+00
-2.643257E-01
+4.045443E+00
-2.224893E-01
+3.712186E+00
-5.615351E-02
+3.400983E+00
+8.399026E-02
+3.110930E+00
+2.009567E-01
+2.841088E+00
+2.974731E-01
+2.674963E+00
+4.731405E-01
+2.505574E+00
+6.286059E-01
+2.334448E+00
+7.646893E-01
+2.162977E+00
+8.822712E-01
+2.085285E+00
+9.777044E-01
+2.003976E+00
+1.067756E+00
+1.919380E+00
+1.152327E+00
+1.831822E+00
+1.231335E+00
+1.779214E+00
+1.250569E+00
+1.726996E+00
+1.268435E+00
+1.675190E+00
+1.284962E+00
+1.623818E+00
+1.300179E+00
+1.534512E+00
+1.276696E+00
+1.449252E+00
+1.252557E+00
+1.367887E+00
+1.227860E+00
+1.290267E+00
+1.202699E+00
+1.193418E+00
+1.188052E+00
+1.101465E+00
+1.171039E+00
+1.014261E+00
+1.151921E+00
+9.316524E-01
+1.130945E+00
+8.198248E-01
+1.098585E+00
+7.167817E-01
+1.063331E+00
+6.220766E-01
+1.025765E+00
+5.352670E-01
+9.864126E-01
+4.108467E-01
+9.553860E-01
+2.986427E-01
+9.162708E-01
+1.983936E-01
+8.707205E-01
+1.097191E-01
+8.202387E-01
-1.307771E-02
+7.533382E-01
-1.144967E-01
+6.763702E-01
-1.952986E-01
+5.932542E-01
-2.567028E-01
+5.074159E-01
-3.551990E-01
+4.808660E-01
-4.526300E-01
+4.360471E-01
-5.457486E-01
+3.724790E-01
-6.311044E-01
+2.902347E-01
-7.363524E-01
+3.268294E-01
-8.589705E-01
+3.676415E-01
-1.001797E+00
+4.130763E-01
-1.168130E+00
+4.635602E-01
-1.231512E+00
+4.928717E-01
-1.298321E+00
+5.240043E-01
-1.368741E+00
+5.570699E-01
-1.442966E+00
+5.921858E-01
-1.517645E+00
+5.772024E-01
-1.594953E+00
+5.595885E-01
-1.674927E+00
+5.391668E-01
-1.757600E+00
+5.157510E-01
-1.854430E+00
+5.361379E-01
-1.956561E+00
+5.572160E-01
-2.064283E+00
+5.789999E-01
-2.177897E+00
+6.015044E-01
-2.199538E+00
+6.233459E-01
-2.221286E+00
+6.455918E-01
-2.243140E+00
+6.682476E-01
-2.265100E+00
+6.913188E-01
-2.293080E+00
+6.616303E-01
-2.320817E+00
+6.312831E-01
-2.348297E+00
+6.002756E-01
-2.375506E+00
+5.686065E-01
-2.441858E+00
+5.510939E-01
-2.509618E+00
+5.322655E-01
-2.578805E+00
+5.120705E-01
-2.649436E+00
+4.904553E-01
-2.730350E+00
+4.669898E-01
-2.813196E+00
+4.417334E-01
-2.898001E+00
+4.146089E-01
-2.984798E+00
+3.855373E-01
-3.050030E+00
+3.518639E-01
-3.116105E+00
+3.166099E-01
-3.183015E+00
+2.797320E-01
-3.250756E+00
+2.411863E-01
-3.273234E+00
+2.928801E-01
-3.295101E+00
+3.453341E-01
-3.316342E+00
+3.985451E-01
-3.336941E+00
+4.525101E-01
-3.337968E+00
+5.017785E-01
-3.338285E+00
+5.511735E-01
-3.337888E+00
+6.006850E-01
-3.336776E+00
+6.503027E-01
-3.431983E+00
+8.189584E-01
-3.523402E+00
+9.979766E-01
-3.610443E+00
+1.187577E+00
-3.692485E+00
+1.387961E+00
-3.504892E+00
+1.318697E+00
-3.326828E+00
+1.252887E+00
-3.157810E+00
+1.190362E+00
-2.997382E+00
+1.130957E+00
-2.982404E+00
+1.237514E+00
-2.963825E+00
+1.344366E+00
-2.941607E+00
+1.451396E+00
-2.915719E+00
+1.558485E+00
-2.837887E+00
+1.742639E+00
-2.748539E+00
+1.923118E+00
-2.647830E+00
+2.099208E+00
-2.535963E+00
+2.270201E+00
-2.091462E+00
+2.345415E+00
-1.675870E+00
+2.368380E+00
-1.292212E+00
+2.346408E+00
-9.425074E-01
+2.286514E+00
-8.490206E-01
+2.030668E+00
-7.646769E-01
+1.803397E+00
-6.885978E-01
+1.601515E+00
-6.199867E-01
+1.422189E+00
-5.242571E-01
+1.159573E+00
-4.428317E-01
+9.452439E-01
-3.736737E-01
+7.703584E-01
-3.150139E-01
+6.276880E-01
-2.935212E-01
+4.626834E-01
-2.639609E-01
+3.362699E-01
-2.311492E-01
+2.404437E-01
-1.982004E-01
+1.686154E-01
-1.866340E-01
+4.998659E-02
-1.411014E-01
-2.590052E-02
-8.639623E-02
-6.230298E-02
-3.811140E-02
-6.930037E-02
-1.008159E-02
-1.058980E-01
+4.405249E-02
-1.361298E-01
+1.270208E-01
-1.445742E-01
+2.339661E-01
-1.107344E-01
+3.151560E-01
-1.073370E-01
+4.184119E-01
-9.113811E-02
+5.479961E-01
-5.535754E-02
+7.083653E-01
+9.291681E-03
+8.385662E-01
+6.718509E-02
+9.882425E-01
+1.461051E-01
+1.159327E+00
+2.514831E-01
+1.353678E+00
+3.899071E-01
+1.460631E+00
+5.260957E-01
+1.568459E+00
+6.835526E-01
+1.675720E+00
+8.644618E-01
+1.780671E+00
+1.071120E+00
+1.800017E+00
+1.422483E+00
+1.771979E+00
+1.809983E+00
+1.686987E+00
+2.230421E+00
+1.535009E+00
+2.678949E+00
+8.506721E-01
+3.320140E+00
-7.107238E-02
+3.803953E+00
-1.200327E+00
+4.049201E+00
-2.481107E+00
+3.977862E+00
-3.804848E+00
+3.324249E+00
-4.964993E+00
+2.235482E+00
-5.820090E+00
+7.492741E-01
-6.236100E+00
-1.051156E+00
-6.069903E+00
-2.198709E+00
-5.692651E+00
-3.320670E+00
-5.108140E+00
-4.378245E+00
-4.327292E+00
-5.333171E+00
-4.020837E+00
-5.630244E+00
-3.694313E+00
-5.909974E+00
-3.348686E+00
-6.171023E+00
-2.985012E+00
-6.412099E+00
-2.849755E+00
-6.622334E+00
-2.705661E+00
-6.832498E+00
-2.552569E+00
-7.042323E+00
-2.390314E+00
-7.251534E+00
-2.546502E+00
-7.135594E+00
-2.698634E+00
-7.016807E+00
-2.846674E+00
-6.895293E+00
-2.990589E+00
-6.771173E+00
-2.924929E+00
-6.626819E+00
-2.860711E+00
-6.485539E+00
-2.797901E+00
-6.347272E+00
-2.736472E+00
-6.211959E+00
-2.757000E+00
-6.174628E+00
-2.777264E+00
-6.137338E+00
-2.797267E+00
-6.100089E+00
-2.817008E+00
-6.062882E+00
-2.713259E+00
-5.901458E+00
-2.613090E+00
-5.744220E+00
-2.516383E+00
-5.591063E+00
-2.423019E+00
-5.441884E+00
-2.477908E+00
-5.284934E+00
-2.528677E+00
-5.130124E+00
-2.575453E+00
-4.977487E+00
-2.618357E+00
-4.827060E+00
-2.586672E+00
-4.820302E+00
-2.555138E+00
-4.813430E+00
-2.523757E+00
-4.806439E+00
-2.492527E+00
-4.799338E+00
-2.456845E+00
-4.633342E+00
-2.420866E+00
-4.472667E+00
-2.384646E+00
-4.317157E+00
-2.348234E+00
-4.166654E+00
-2.283485E+00
-4.131524E+00
-2.219869E+00
-4.096320E+00
-2.157371E+00
-4.061055E+00
-2.095980E+00
-4.025744E+00
-2.017158E+00
-3.922225E+00
-1.941067E+00
-3.821248E+00
-1.867617E+00
-3.722751E+00
-1.796725E+00
-3.626680E+00
-1.821504E+00
-3.599587E+00
-1.845972E+00
-3.572373E+00
-1.870130E+00
-3.545041E+00
-1.893975E+00
-3.517595E+00
-1.994335E+00
-3.371486E+00
-2.086894E+00
-3.224381E+00
-2.171770E+00
-3.076610E+00
-2.249093E+00
-2.928490E+00
-2.106361E+00
-3.158998E+00
-1.944092E+00
-3.385688E+00
-1.762040E+00
-3.607119E+00
-1.560053E+00
-3.821793E+00
-1.658180E+00
-3.955760E+00
-1.761442E+00
-4.093999E+00
-1.870081E+00
-4.236627E+00
-1.984351E+00
-4.383763E+00
-2.829459E+00
-4.325383E+00
-3.716799E+00
-4.123977E+00
-4.625365E+00
-3.763797E+00
-5.530259E+00
-3.231601E+00
-4.347852E+00
-2.530448E+00
-3.418235E+00
-1.981399E+00
-2.687371E+00
-1.551462E+00
-2.112767E+00
-1.214801E+00
-1.899000E+00
-1.368527E+00
-1.679641E+00
-1.494362E+00
-1.457682E+00
-1.593000E+00
-1.235915E+00
-1.665396E+00
-1.132336E+00
-1.658067E+00
-1.032412E+00
-1.647042E+00
-9.361643E-01
-1.632578E+00
-8.436045E-01
-1.614929E+00
-8.057486E-01
-1.612170E+00
-7.683567E-01
-1.608771E+00
-7.314350E-01
-1.604747E+00
-6.949898E-01
-1.600113E+00
-6.736845E-01
-1.596451E+00
-6.525618E-01
-1.592592E+00
-6.316227E-01
-1.588542E+00
-6.108674E-01
-1.584301E+00
-5.977985E-01
-1.566492E+00
-5.849544E-01
-1.548862E+00
-5.723315E-01
-1.531410E+00
-5.599266E-01
-1.514133E+00
-5.244514E-01
-1.448143E+00
-4.910310E-01
-1.384958E+00
-4.595533E-01
-1.324462E+00
-4.299118E-01
-1.266545E+00
-3.555823E-01
-1.199773E+00
-2.885364E-01
-1.134631E+00
-2.282405E-01
-1.071280E+00
-1.741891E-01
-1.009850E+00
-7.954334E-02
-9.245533E-01
-7.030781E-04
-8.403172E-01
+6.395771E-02
-7.582525E-01
+1.159916E-01
-6.792372E-01
+2.913737E-01
-6.302306E-01
+4.490928E-01
-5.364591E-01
+5.778633E-01
-4.037856E-01
+6.682488E-01
-2.408809E-01
+9.023217E-01
-2.319194E-01
+1.206847E+00
-1.912839E-01
+1.599450E+00
-1.005820E-01
+2.100869E+00
+6.637935E-02
+2.523376E+00
-1.010383E-01
+3.015315E+00
-3.379886E-01
+3.584486E+00
-6.642350E-01
+4.238530E+00
-1.104132E+00
+4.384444E+00
-1.787422E+00
+4.443385E+00
-2.540416E+00
+4.399192E+00
-3.355698E+00
+4.235604E+00
-4.223025E+00
+3.736921E+00
-4.587472E+00
+3.209048E+00
-4.895205E+00
+2.658237E+00
-5.144156E+00
+2.090856E+00
-5.332925E+00
+1.606122E+00
-5.122516E+00
+1.166694E+00
-4.894113E+00
+7.707983E-01
-4.651847E+00
+4.165086E-01
-4.399465E+00
+2.755578E-01
-4.163573E+00
+1.488248E-01
-3.937160E+00
+3.525791E-02
-3.720073E+00
-6.613131E-02
-3.512139E+00
-1.517282E-01
-3.385251E+00
-2.310953E-01
-3.260744E+00
-3.045143E-01
-3.138688E+00
-3.722591E-01
-3.019146E+00
-4.071916E-01
-2.933450E+00
-4.399244E-01
-2.849511E+00
-4.705421E-01
-2.767314E+00
-4.991265E-01
-2.686844E+00
-5.806638E-01
-2.740066E+00
-6.655787E-01
-2.792495E+00
-7.539338E-01
-2.844025E+00
-8.457901E-01
-2.894545E+00
-8.881086E-01
-2.833403E+00
-9.285990E-01
-2.772400E+00
-9.672922E-01
-2.711568E+00
-1.004219E+00
-2.650940E+00
-1.204391E+00
-2.568742E+00
-1.397870E+00
-2.471442E+00
-1.583518E+00
-2.359581E+00
-1.760238E+00
-2.233793E+00
-1.560168E+00
-1.786549E+00
-1.374702E+00
-1.422441E+00
-1.204898E+00
-1.126964E+00
-1.051029E+00
-8.879944E-01
-9.322838E-01
-8.944732E-01
-8.206221E-01
-8.935038E-01
-7.160393E-01
-8.859743E-01
-6.184796E-01
-8.727168E-01
-5.313646E-01
-9.257625E-01
-4.397811E-01
-9.701699E-01
-3.445807E-01
-1.005572E+00
-2.466440E-01
-1.031683E+00
-2.023971E-01
-1.046978E+00
-1.572869E-01
-1.060396E+00
-1.113922E-01
-1.071891E+00
-6.479399E-02
-1.081419E+00
-5.046573E-02
-1.100991E+00
-3.561086E-02
-1.120694E+00
-2.021844E-02
-1.140526E+00
-4.277457E-03
-1.160480E+00
-7.043143E-03
-1.140199E+00
-9.710876E-03
-1.120265E+00
-1.228323E-02
-1.100673E+00
-1.476263E-02
-1.081417E+00
-1.752125E-02
-1.082872E+00
-2.028735E-02
-1.084321E+00
-2.306094E-02
-1.085765E+00
-2.584210E-02
-1.087204E+00
-4.674219E-02
-1.094131E+00
-6.791700E-02
-1.100707E+00
-8.936162E-02
-1.106925E+00
-1.110712E-01
-1.112776E+00
-4.730191E-02
-1.108419E+00
+1.561351E-02
-1.100510E+00
+7.748295E-02
-1.089131E+00
+1.381210E-01
-1.074374E+00
+1.240074E-01
-1.017331E+00
+1.110085E-01
-9.632753E-01
+9.904580E-02
-9.120521E-01
+8.804576E-02
-8.635145E-01
+8.293860E-02
-8.815628E-01
+7.758506E-02
-8.999330E-01
+7.197775E-02
-9.186293E-01
+6.610899E-02
-9.376568E-01
+7.842593E-02
-9.064926E-01
+8.986689E-02
-8.761403E-01
+1.004725E-01
-8.465876E-01
+1.102820E-01
-8.178224E-01
+1.092414E-01
-8.081266E-01
+1.082100E-01
-7.985457E-01
+1.071877E-01
-7.890786E-01
+1.061745E-01
-7.797245E-01
+1.126837E-01
-7.678431E-01
+1.189813E-01
-7.560593E-01
+1.250710E-01
-7.443744E-01
+1.309570E-01
-7.327896E-01
+1.244652E-01
-7.009713E-01
+1.182904E-01
-6.705340E-01
+1.124173E-01
-6.414174E-01
+1.068315E-01
-6.135646E-01
+1.334967E-01
-5.726200E-01
+1.564418E-01
-5.326013E-01
+1.759301E-01
-4.936541E-01
+1.922168E-01
-4.559011E-01
+2.613485E-01
-3.880140E-01
+3.131331E-01
-3.124390E-01
+3.474225E-01
-2.328890E-01
+3.647556E-01
-1.528359E-01
+4.167315E-01
-5.908624E-02
+4.449876E-01
+5.144238E-02
+4.443011E-01
+1.728560E-01
+4.108821E-01
+2.976786E-01
+2.748517E-01
+4.311883E-01
+9.790523E-02
+5.059393E-01
-9.562774E-02
+5.104636E-01
-2.786952E-01
+4.430228E-01
-5.173551E-01
+2.591000E-01
-6.375712E-01
-5.154441E-02
-5.731939E-01
-4.141082E-01
-3.045564E-01
-7.199675E-01
-2.723359E-01
-7.627271E-01
-2.364753E-01
-8.050443E-01
-1.968758E-01
-8.466884E-01
-1.534489E-01
-8.874148E-01
-1.574607E-01
-9.045192E-01
-1.615703E-01
-9.219517E-01
-1.657801E-01
-9.397189E-01
-1.700924E-01
-9.578275E-01
-1.886697E-01
-9.274796E-01
-2.060023E-01
-8.975121E-01
-2.221335E-01
-8.679444E-01
-2.371059E-01
-8.387951E-01
-1.931291E-01
-8.123259E-01
-1.521074E-01
-7.852217E-01
-1.139392E-01
-7.576291E-01
-7.852195E-02
-7.296830E-01
-8.012275E-02
-6.835588E-01
-8.121370E-02
-6.402918E-01
-8.185194E-02
-5.997087E-01
-8.208953E-02
-5.616461E-01
-5.228103E-02
-5.749995E-01
-2.126572E-02
-5.869118E-01
+1.089557E-02
-5.972940E-01
+4.413604E-02
-6.060585E-01
-4.166078E-02
-6.610059E-01
-1.424138E-01
-7.076999E-01
-2.581021E-01
-7.432765E-01
-3.882805E-01
-7.646459E-01
-3.674099E-01
-6.119942E-01
-3.410915E-01
-4.864810E-01
-3.118480E-01
-3.838215E-01
-2.815223E-01
-3.003088E-01
-2.722299E-01
-3.616310E-01
-2.548133E-01
-4.275715E-01
-2.279679E-01
-4.975992E-01
-1.903316E-01
-5.709797E-01
-2.916521E-01
-5.974904E-01
-4.064650E-01
-6.117505E-01
-5.342666E-01
-6.106283E-01
-6.740486E-01
-5.907694E-01
-7.654344E-01
-5.910407E-01
-8.638641E-01
-5.852124E-01
-9.694704E-01
-5.723435E-01
-1.082333E+00
-5.514123E-01
-1.517818E+00
-5.790283E-01
-2.100844E+00
-5.536996E-01
-2.872522E+00
-4.369442E-01
-3.882037E+00
-1.717329E-01
-5.197444E+00
+3.620915E+00
-3.146143E+00
+9.834864E+00
+5.662366E+00
+1.585139E+01
+2.302633E+01
+1.492246E+01
+1.713011E+01
+4.454631E+00
+1.139254E+01
-7.551402E-01
+6.820968E+00
-2.778198E+00
+3.611014E+00
-3.087384E+00
+3.064620E+00
-2.770472E+00
+2.597291E+00
-2.481866E+00
+2.198008E+00
-2.219766E+00
+1.857238E+00
-1.982340E+00
+1.754501E+00
-1.973839E+00
+1.654872E+00
-1.962962E+00
+1.558324E+00
-1.949855E+00
+1.464826E+00
-1.934657E+00
+1.188190E+00
-2.143329E+00
+8.818282E-01
-2.312446E+00
+5.513962E-01
-2.437772E+00
+2.031539E-01
-2.515883E+00
-1.435110E-01
-2.064491E+00
-3.692518E-01
-1.656083E+00
-5.022262E-01
-1.297337E+00
-5.660795E-01
-9.902159E-01
-3.460172E-01
-9.183415E-01
-1.688561E-01
-8.273035E-01
-3.075217E-02
-7.258298E-01
+7.274942E-02
-6.208102E-01
+1.350328E-01
-6.278130E-01
+1.994155E-01
-6.288923E-01
+2.653666E-01
-6.237081E-01
+3.323100E-01
-6.119658E-01
+3.903851E-01
-6.176771E-01
+4.515863E-01
-6.196281E-01
+5.157994E-01
-6.174246E-01
+5.828780E-01
-6.106628E-01
+8.979240E-01
-3.055331E-01
+1.053255E+00
+1.621149E-01
+9.650453E-01
+7.086900E-01
+5.932137E-01
+1.207369E+00
+1.305561E-01
+1.234072E+00
-2.786531E-01
+1.110339E+00
-5.938140E-01
+8.732706E-01
-7.915388E-01
+5.678900E-01
-7.221710E-01
+5.094205E-01
-6.588189E-01
+4.568828E-01
-6.009678E-01
+4.096827E-01
-5.481452E-01
+3.672844E-01
-3.576214E-01
+3.635685E-01
-2.139777E-01
+3.310236E-01
-1.103205E-01
+2.839717E-01
-3.919623E-02
+2.321780E-01
+1.755025E-02
+1.179799E-01
+2.696453E-02
+5.407199E-02
+2.147166E-02
+2.181328E-02
+1.376450E-02
+7.137530E-03
+1.955505E-02
+1.916744E-02
+2.311584E-02
+4.247528E-02
+1.708213E-02
+8.367564E-02
-1.440173E-02
+1.501321E-01
+2.672457E-02
+1.542156E-01
+6.900738E-02
+1.470333E-01
+1.093607E-01
+1.282580E-01
+1.446058E-01
+9.840806E-02
+2.417043E-01
+1.177907E-01
+3.936954E-01
+1.258471E-01
+6.266938E-01
+1.045581E-01
+9.764496E-01
+2.074835E-02
+1.042189E+00
-3.464978E-01
+9.732414E-01
-7.603317E-01
+7.440392E-01
-1.172690E+00
+3.456351E-01
-1.523011E+00
-9.674838E-03
-1.077989E+00
-1.776874E-01
-7.226156E-01
-2.341174E-01
-4.572081E-01
-2.298773E-01
-2.699566E-01
-6.161972E-02
-3.407990E-01
+1.152391E-01
-3.180366E-01
+2.534172E-01
-2.120070E-01
+3.180605E-01
-5.464708E-02
+3.563061E-01
-1.668063E-01
+3.651031E-01
-3.109986E-01
+3.289495E-01
-4.833546E-01
+2.308684E-01
-6.743266E-01
+1.384234E-01
-5.141341E-01
+7.751437E-02
-3.901201E-01
+3.830501E-02
-2.946460E-01
+1.384520E-02
-2.215271E-01
+4.103915E-02
-2.164499E-01
+6.719200E-02
-2.080859E-01
+9.191297E-02
-1.966135E-01
+1.148392E-01
-1.822573E-01
+1.861440E-01
-2.207294E-01
+2.879164E-01
-2.586233E-01
+4.300290E-01
-2.901176E-01
+6.245121E-01
-3.056599E-01
+7.150315E-01
-5.553650E-01
+7.641707E-01
-8.977100E-01
+7.359770E-01
-1.347173E+00
+5.807773E-01
-1.912673E+00
-1.066462E-01
-1.781760E+00
-6.417159E-01
-1.459006E+00
-9.897253E-01
-1.022836E+00
-1.145924E+00
-5.496870E-01
-1.009491E+00
-3.639293E-01
-8.790323E-01
-2.195382E-01
-7.571231E-01
-1.093847E-01
-6.453184E-01
-2.726113E-02
-5.197538E-01
+1.464040E-02
-4.165491E-01
+4.118028E-02
-3.321703E-01
+5.665014E-02
-2.635357E-01
+6.429617E-02
-2.272753E-01
+8.271705E-02
-1.933412E-01
+9.550120E-02
-1.620192E-01
+1.035171E-01
-1.334778E-01
+1.075623E-01
-9.070392E-02
+1.353821E-01
-4.401381E-02
+1.485277E-01
+2.078649E-03
+1.472478E-01
+4.354731E-02
+1.330452E-01
+8.001594E-02
+1.141946E-01
+1.093161E-01
+8.567227E-02
+1.289847E-01
+5.000716E-02
+1.374059E-01
+1.032274E-02
+1.460089E-01
+6.831153E-03
+1.550266E-01
+2.871196E-03
+1.644701E-01
-1.597825E-03
+1.743499E-01
-6.619387E-03
+1.883297E-01
-2.502899E-02
+2.015997E-01
-4.641781E-02
+2.137952E-01
-7.096364E-02
+2.245025E-01
-9.882180E-02
+2.361170E-01
-9.430353E-02
+2.479863E-01
-8.920552E-02
+2.600988E-01
-8.349793E-02
+2.724411E-01
-7.715009E-02
+2.648101E-01
-8.603807E-02
+2.569783E-01
-9.448509E-02
+2.489653E-01
-1.024913E-01
+2.407908E-01
-1.100575E-01
+2.529806E-01
-6.956138E-02
+2.584968E-01
-2.801533E-02
+2.573186E-01
+1.350172E-02
+2.495955E-01
+5.393102E-02
+3.177254E-01
+6.496410E-02
+4.044002E-01
+7.801335E-02
+5.146535E-01
+9.336118E-02
+6.548825E-01
+1.112952E-01
+8.479844E-01
+1.112097E-01
+1.096419E+00
+1.016701E-01
+1.415580E+00
+7.726546E-02
+1.825011E+00
+3.028229E-02
+2.121186E+00
-5.067002E-01
+2.304565E+00
-1.216101E+00
+2.306219E+00
-2.091568E+00
+2.048254E+00
-3.105293E+00
+1.224571E+00
-3.477998E+00
+3.429700E-01
-3.638752E+00
-5.434631E-01
-3.581768E+00
-1.382285E+00
-3.314223E+00
-1.723432E+00
-3.061524E+00
-2.025895E+00
-2.776841E+00
-2.287101E+00
-2.465524E+00
-2.505163E+00
-2.133064E+00
-3.600933E+00
-2.051628E+00
-4.937858E+00
-1.693617E+00
-6.508288E+00
-9.367277E-01
-8.274054E+00
+3.685961E-01
-4.063302E+00
+2.593555E+00
-1.293391E+00
+2.489718E+00
+7.257454E-02
+1.631329E+00
+5.113007E-01
+8.011581E-01
+1.486843E-01
+6.105758E-01
-3.747214E-02
+4.138215E-01
-1.118971E-01
+2.509217E-01
-1.236469E-01
+1.330867E-01
-1.698476E-01
+1.157910E-01
-2.164800E-01
+8.510564E-02
-2.602263E-01
+3.953826E-02
-2.970509E-01
-2.172445E-02
-3.648379E-01
-1.175227E-02
-4.473475E-01
+3.847934E-03
-5.476042E-01
+2.707591E-02
-6.692117E-01
+6.053164E-02
-4.485081E-01
+2.669174E-01
-2.246545E-01
+3.374575E-01
-4.416879E-02
+3.117743E-01
+7.365383E-02
+2.332312E-01
-2.992149E-03
+1.937669E-01
-5.073682E-02
+1.449192E-01
-7.440637E-02
+9.624963E-02
-8.002155E-02
+5.373847E-02
-8.375238E-02
+6.034993E-02
-8.751197E-02
+6.755857E-02
-9.128122E-02
+7.540746E-02
-9.503813E-02
+8.394198E-02
-8.618115E-02
+7.799067E-02
-7.812895E-02
+7.243787E-02
-7.080986E-02
+6.725924E-02
-6.415863E-02
+6.243158E-02
-6.860436E-02
+5.319539E-02
-7.188557E-02
+4.381233E-02
-7.402872E-02
+3.441419E-02
-7.507347E-02
+2.512509E-02
-8.264004E-02
+2.203816E-02
-9.059100E-02
+1.820033E-02
-9.890585E-02
+1.352696E-02
-1.075568E-01
+7.928172E-03
-1.174365E-01
+1.054522E-02
-1.281906E-01
+1.357859E-02
-1.398934E-01
+1.708232E-02
-1.526252E-01
+2.111681E-02
-1.634597E-01
+3.017807E-02
-1.746956E-01
+4.047025E-02
-1.863044E-01
+5.210855E-02
-1.982495E-01
+6.521566E-02
