#I+1.668000E+03
+1.000000E+00
+8.010000E+02
+8.010000E+02
+1.000000E+01
+2.000000E+00
+3.000000E+00
+0.000000E+00
+1.000000E+00
+2.000000E+00
+5.000000E+00
+1.000000E+00
+2.497000E+03
-1.092400E+04
+2.025600E+04
-1.299100E+04
-1.119200E+04
+0.000000E+00
+0.000000E+00
+0.000000E+00
+0.000000E+00
+0.000000E+00
+0.000000E+00
+0.000000E+00
+0.000000E+00
+0.000000E+00
+0.000000E+00
+0.000000E+00
+0.000000E+00
+0.000000E+00
+0.000000E+00
+0.000000E+00
+0.000000E+00
+0.000000E+00
+0.000000E+00
+0.000000E+00
+1.000000E+00
+1.000000E+00
+1.000000E+00
+0.000000E+00
+0.000000E+00
+1.000000E+00
+0.000000E+00
+1.000000E+00
+2.000000E+00
+3.000000E+00
+4.500000E+01
+4.500000E+01
+0.000000E+00
+0.000000E+00
+2.000000E+00
+0.000000E+00
+0.000000E+00
+0.000000E+00
+8.000000E+02
+0.000000E+00
+1.747424E-03
+6.309573E-01
+0.000000E+00
+0.000000E+00
+0.000000E+00
+1.000000E+00
+1.000000E+00
+0.000000E+00
+0.000000E+00
+4.0000021457672111E+01
+4.0000021457672111E+01
-2.701202E-01
-2.949914E-01
-2.844065E-01
-3.170103E-01
-2.993786E-01
-3.406093E-01
-3.150643E-01
-3.658975E-01
-3.314908E-01
-3.929927E-01
-3.896028E-01
-3.884683E-01
-4.511426E-01
-3.782943E-01
-5.158164E-01
-3.617812E-01
-5.832483E-01
-3.382211E-01
-5.849425E-01
-5.625235E-01
-5.226525E-01
-8.252326E-01
-3.745560E-01
-1.114508E+00
-1.185350E-01
-1.410256E+00
-6.227347E-02
-1.321844E+00
-1.274149E-02
-1.237296E+00
+3.063513E-02
-1.156590E+00
+6.839229E-02
-1.079686E+00
+1.619032E-02
-9.308447E-01
-2.281180E-02
-8.008348E-01
-5.120976E-02
-6.875333E-01
-7.115127E-02
-5.890140E-01
+5.758295E-02
-5.797030E-01
+1.789733E-01
-5.432903E-01
+2.875383E-01
-4.824715E-01
+3.785999E-01
-4.010009E-01
+3.738074E-01
-2.211207E-01
+3.310381E-01
-8.601837E-02
+2.692692E-01
+6.929473E-03
+2.022928E-01
+6.383757E-02
+1.614285E-01
+6.384300E-02
+1.280708E-01
+6.147737E-02
+1.009782E-01
+5.761164E-02
+7.908686E-02
+5.288474E-02
+5.904008E-02
+5.484182E-02
+4.201271E-02
+5.378770E-02
+2.791459E-02
+5.062064E-02
+1.654978E-02
+4.607978E-02
-3.447710E-03
+4.472373E-02
-1.965461E-02
+3.609056E-02
-2.996388E-02
+2.279622E-02
-3.359542E-02
+7.817527E-03
-4.310761E-02
-2.581832E-03
-5.082104E-02
-1.845157E-02
-5.442724E-02
-4.024657E-02
-5.099342E-02
-6.769063E-02
-5.323719E-02
-8.077033E-02
-5.485525E-02
-9.583165E-02
-5.561838E-02
-1.131056E-01
-5.524892E-02
-1.328388E-01
-7.270189E-02
-1.457221E-01
-9.341095E-02
-1.589160E-01
-1.178211E-01
-1.722080E-01
-1.464184E-01
-1.853235E-01
-1.752088E-01
-1.929909E-01
-2.074873E-01
-1.992588E-01
-2.435006E-01
-2.037223E-01
-2.834899E-01
-2.059170E-01
-3.129548E-01
-2.048343E-01
-3.443149E-01
-2.021500E-01
-3.776123E-01
-1.976598E-01
-4.128812E-01
-1.911433E-01
-3.729081E-01
-1.781050E-01
-3.367454E-01
-1.658272E-01
-3.040352E-01
-1.542818E-01
-2.744526E-01
-1.434390E-01
-2.566357E-01
-1.444502E-01
-2.396705E-01
-1.448850E-01
-2.235319E-01
-1.447971E-01
-2.081942E-01
-1.442367E-01
-2.054915E-01
-1.634746E-01
-2.013774E-01
-1.831909E-01
-1.957707E-01
-2.033050E-01
-1.885926E-01
-2.237287E-01
-2.102668E-01
-1.757372E-01
-2.224667E-01
-1.279542E-01
-2.259621E-01
-8.190142E-02
-2.217098E-01
-3.885791E-02
-2.218212E-01
-4.619493E-02
-2.216983E-01
-5.358037E-02
-2.213383E-01
-6.100703E-02
-2.207383E-01
-6.846760E-02
-2.352542E-01
-5.450474E-02
-2.493156E-01
-3.884646E-02
-2.627739E-01
-2.145606E-02
-2.754716E-01
-2.306708E-03
-2.411121E-01
-3.155107E-02
-2.078725E-01
-5.349078E-02
-1.763972E-01
-6.915040E-02
-1.471407E-01
-7.949670E-02
-1.383839E-01
-8.366074E-02
-1.297320E-01
-8.727245E-02
-1.212073E-01
-9.035571E-02
-1.128301E-01
-9.293444E-02
-1.195331E-01
-8.986069E-02
-1.262442E-01
-8.641498E-02
-1.329468E-01
-8.258884E-02
-1.396233E-01
-7.837419E-02
-1.096592E-01
-7.447068E-02
-8.521713E-02
-6.914301E-02
-6.543012E-02
-6.302904E-02
-4.953828E-02
-5.659386E-02
-4.505826E-02
-5.868831E-02
-4.052783E-02
-6.046148E-02
-3.596821E-02
-6.191612E-02
-3.140012E-02
-6.305616E-02
-2.100565E-02
-6.245347E-02
-1.145181E-02
-6.056168E-02
-2.842232E-03
-5.758329E-02
+4.753075E-03
-5.371922E-02
+7.769619E-03
-5.170103E-02
+1.056948E-02
-4.957011E-02
+1.315302E-02
-4.734287E-02
+1.552153E-02
-4.503519E-02
+2.541081E-02
-4.392166E-02
+3.552347E-02
-4.074106E-02
+4.544824E-02
-3.535371E-02
+5.472659E-02
-2.769744E-02
+5.911615E-02
-3.044621E-02
+6.385376E-02
-3.345980E-02
+6.896658E-02
-3.676314E-02
+7.448407E-02
-4.038345E-02
+8.471240E-02
-3.821505E-02
+9.572791E-02
-3.502434E-02
+1.075227E-01
-3.065225E-02
+1.200754E-01
-2.492550E-02
+1.213986E-01
-2.833479E-02
+1.226580E-01
-3.183248E-02
+1.238503E-01
-3.541841E-02
+1.249721E-01
-3.909232E-02
+1.300173E-01
-4.023135E-02
+1.352647E-01
-4.139908E-02
+1.407225E-01
-4.259598E-02
+1.463990E-01
-4.382256E-02
+1.497923E-01
-4.532442E-02
+1.532629E-01
-4.687282E-02
+1.568123E-01
-4.846907E-02
+1.604424E-01
-5.011462E-02
+1.675702E-01
-4.618187E-02
+1.747992E-01
-4.186805E-02
+1.821196E-01
-3.715689E-02
+1.895205E-01
-3.203187E-02
+1.958908E-01
-3.316192E-02
+2.024753E-01
-3.433176E-02
+2.092809E-01
-3.554276E-02
+2.163155E-01
-3.679644E-02
+2.151849E-01
-3.615571E-02
+2.140593E-01
-3.552083E-02
+2.129388E-01
-3.489175E-02
+2.118234E-01
-3.426848E-02
+2.092756E-01
-2.841905E-02
+2.066225E-01
-2.272739E-02
+2.038696E-01
-1.719359E-02
+2.010226E-01
-1.181760E-02
+2.024557E-01
-5.256501E-03
+2.036801E-01
+1.385880E-03
+2.046920E-01
+8.103089E-03
+2.054879E-01
+1.488850E-02
+2.085944E-01
+2.133022E-02
+2.115608E-01
+2.797686E-02
+2.143783E-01
+3.482773E-02
+2.170385E-01
+4.188188E-02
+2.171269E-01
+4.921585E-02
+2.169776E-01
+5.660167E-02
+2.165872E-01
+6.403197E-02
+2.159526E-01
+7.149918E-02
+2.188169E-01
+7.408722E-02
+2.217080E-01
+7.673506E-02
+2.246259E-01
+7.944377E-02
+2.275704E-01
+8.221449E-02
+2.307077E-01
+8.480324E-02
+2.338800E-01
+8.745073E-02
+2.370874E-01
+9.015803E-02
+2.403304E-01
+9.292634E-02
+2.376093E-01
+9.411846E-02
+2.349007E-01
+9.527873E-02
+2.322050E-01
+9.640749E-02
+2.295218E-01
+9.750502E-02
+2.307548E-01
+1.023115E-01
+2.319265E-01
+1.071955E-01
+2.330353E-01
+1.121571E-01
+2.340792E-01
+1.171962E-01
+2.303873E-01
+1.175157E-01
+2.267376E-01
+1.178041E-01
+2.231298E-01
+1.180620E-01
+2.195638E-01
+1.182901E-01
+2.163729E-01
+1.214080E-01
+2.131458E-01
+1.244548E-01
+2.098838E-01
+1.274302E-01
+2.065884E-01
+1.303341E-01
+1.986159E-01
+1.297472E-01
+1.908827E-01
+1.290547E-01
+1.833834E-01
+1.282631E-01
+1.761129E-01
+1.273790E-01
+1.692003E-01
+1.247519E-01
+1.625380E-01
+1.221498E-01
+1.561176E-01
+1.195744E-01
+1.499310E-01
+1.170268E-01
+1.427705E-01
+1.190684E-01
+1.357107E-01
+1.208365E-01
+1.287578E-01
+1.223405E-01
+1.219177E-01
+1.235899E-01
+1.179525E-01
+1.266663E-01
+1.139126E-01
+1.296183E-01
+1.098017E-01
+1.324444E-01
+1.056239E-01
+1.351427E-01
+9.976743E-02
+1.397392E-01
+9.371097E-02
+1.440821E-01
+8.746551E-02
+1.481625E-01
+8.104230E-02
+1.519720E-01
+7.770889E-02
+1.528402E-01
+7.437412E-02
+1.536396E-01
+7.103933E-02
+1.543704E-01
+6.770594E-02
+1.550329E-01
+6.142693E-02
+1.603972E-01
+5.480819E-02
+1.655444E-01
+4.785506E-02
+1.704557E-01
+4.057371E-02
+1.751119E-01
+3.713384E-02
+1.765458E-01
+3.365279E-02
+1.779144E-01
+3.013175E-02
+1.792165E-01
+2.657193E-02
+1.804512E-01
+1.651031E-02
+1.753735E-01
+7.063177E-03
+1.699682E-01
-1.774771E-03
+1.642778E-01
-1.001072E-02
+1.583433E-01
-1.497927E-02
+1.625988E-01
-2.021643E-02
+1.668296E-01
-2.572920E-02
+1.710272E-01
-3.152459E-02
+1.751826E-01
-3.902336E-02
+1.780112E-01
-4.680470E-02
+1.806153E-01
-5.486646E-02
+1.829790E-01
-6.320582E-02
+1.850857E-01
-7.254215E-02
+1.841002E-01
-8.193187E-02
+1.826673E-01
-9.135459E-02
+1.807797E-01
-1.007894E-01
+1.784310E-01
-1.116131E-01
+1.874958E-01
-1.233545E-01
+1.968829E-01
-1.360807E-01
+2.065909E-01
-1.498627E-01
+2.166165E-01
-1.573175E-01
+2.169700E-01
-1.649085E-01
+2.171617E-01
-1.726345E-01
+2.171858E-01
-1.804939E-01
+2.170363E-01
-1.813285E-01
+2.215077E-01
-1.821398E-01
+2.260485E-01
-1.829267E-01
+2.306596E-01
-1.836886E-01
+2.353418E-01
-1.856425E-01
+2.528290E-01
-1.871544E-01
+2.712544E-01
-1.881733E-01
+2.906514E-01
-1.886442E-01
+3.110539E-01
-2.117687E-01
+3.252361E-01
-2.369104E-01
+3.395692E-01
-2.642080E-01
+3.539942E-01
-2.938082E-01
+3.684438E-01
-2.829401E-01
+4.037502E-01
-2.693058E-01
+4.399136E-01
-2.527276E-01
+4.767925E-01
-2.330289E-01
+5.142280E-01
-1.626429E-01
+4.996441E-01
-9.903564E-02
+4.789115E-01
-4.233152E-02
+4.531887E-01
+7.473714E-03
+4.235601E-01
+2.307600E-02
+3.745273E-01
+3.497707E-02
+3.305307E-01
+4.379860E-02
+2.911345E-01
+5.007375E-02
+2.559292E-01
+3.688737E-02
+2.183492E-01
+2.651891E-02
+1.861592E-01
+1.842416E-02
+1.586067E-01
+1.215767E-02
+1.350404E-01
-1.893912E-02
+1.109417E-01
-3.877089E-02
+8.499674E-02
-4.917116E-02
+5.996419E-02
-5.219728E-02
+3.766779E-02
-6.696402E-02
+2.920353E-02
-8.130263E-02
+1.625909E-02
-9.408726E-02
-1.551074E-03
-1.039766E-01
-2.438341E-02
-1.152043E-01
-3.624124E-02
-1.268688E-01
-5.055761E-02
-1.388188E-01
-6.768315E-02
-1.508550E-01
-8.800073E-02
-1.573203E-01
-1.058419E-01
-1.630837E-01
-1.256218E-01
-1.679516E-01
-1.474535E-01
-1.717065E-01
-1.714456E-01
-1.643883E-01
-1.898394E-01
-1.554555E-01
-2.082773E-01
-1.448530E-01
-2.266396E-01
-1.325326E-01
-2.447990E-01
-9.954314E-02
-2.688951E-01
-6.239966E-02
-2.886683E-01
-2.164895E-02
-3.034295E-01
+2.205119E-02
-3.125551E-01
+1.071549E-01
-3.189105E-01
+1.973200E-01
-3.025799E-01
+2.866316E-01
-2.613065E-01
+3.683342E-01
-1.943390E-01
+4.200565E-01
-7.765256E-02
+4.350190E-01
+5.240951E-02
+4.099000E-01
+1.843276E-01
+3.449703E-01
+3.058075E-01
+2.562247E-01
+3.389477E-01
+1.700166E-01
+3.527876E-01
+8.960424E-02
+3.496475E-01
+1.751080E-02
+3.322157E-01
-2.805514E-02
+2.862354E-01
-6.104890E-02
+2.410319E-01
-8.339696E-02
+1.981206E-01
-9.694217E-02
+1.585471E-01
-1.262042E-01
+1.212370E-01
-1.439379E-01
+8.025728E-02
-1.502935E-01
+3.869114E-02
-1.461452E-01
-6.890009E-04
-1.604239E-01
-2.799465E-02
-1.710211E-01
-6.065328E-02
-1.765762E-01
-9.850644E-02
-1.756242E-01
-1.411266E-01
-1.873170E-01
-1.662714E-01
-1.989303E-01
-1.948285E-01
-2.102691E-01
-2.271701E-01
-2.210971E-01
-2.636990E-01
-2.257635E-01
-2.744122E-01
-2.304790E-01
-2.855192E-01
-2.352412E-01
-2.970331E-01
-2.400477E-01
-3.089678E-01
-2.572849E-01
-3.257616E-01
-2.757142E-01
-3.434328E-01
-2.954159E-01
-3.620250E-01
-3.164751E-01
-3.815830E-01
-3.173385E-01
-3.937204E-01
-3.180459E-01
-4.061125E-01
-3.185902E-01
-4.187617E-01
-3.189648E-01
-4.316716E-01
-3.217077E-01
-4.402183E-01
-3.244482E-01
-4.489151E-01
-3.271857E-01
-4.577644E-01
-3.299187E-01
-4.667682E-01
-3.370262E-01
-4.820423E-01
-3.442593E-01
-4.977968E-01
-3.516193E-01
-5.140463E-01
-3.591072E-01
-5.308055E-01
-3.895196E-01
-5.426172E-01
-4.215472E-01
-5.540422E-01
-4.552464E-01
-5.650173E-01
-4.906743E-01
-5.754751E-01
-4.803992E-01
-5.790821E-01
-4.701287E-01
-5.825325E-01
-4.598654E-01
-5.858270E-01
-4.496110E-01
-5.889668E-01
-4.550466E-01
-6.109108E-01
-4.603681E-01
-6.335350E-01
-4.655637E-01
-6.568569E-01
-4.706218E-01
-6.808947E-01
-3.239012E-01
-8.827306E-01
-1.051209E-01
-1.062974E+00
+1.867690E-01
-1.198972E+00
+5.464789E-01
-1.265510E+00
-2.328931E-01
-8.861214E-01
-4.851137E-01
-3.681262E-01
-4.047167E-01
+6.277489E-03
-2.091668E-01
+1.691993E-01
-2.319801E-01
+1.112443E-01
-2.404094E-01
+5.228277E-02
-2.352330E-01
-4.439146E-03
-2.178917E-01
-5.607285E-02
-2.415181E-01
-7.662643E-02
-2.668045E-01
-1.012101E-01
-2.937066E-01
-1.304289E-01
-3.221368E-01
-1.649602E-01
-3.130134E-01
-1.912422E-01
-3.017917E-01
-2.171100E-01
-2.884813E-01
-2.423992E-01
-2.731038E-01
-2.669449E-01
-2.819722E-01
-2.903755E-01
-2.907206E-01
-3.154452E-01
-2.992966E-01
-3.422483E-01
-3.076416E-01
-3.708828E-01
-3.128517E-01
-3.921799E-01
-3.178512E-01
-4.144521E-01
-3.226123E-01
-4.377353E-01
-3.271053E-01
-4.620659E-01
-3.305566E-01
-4.755619E-01
-3.339683E-01
-4.893985E-01
-3.373370E-01
-5.035831E-01
-3.406579E-01
-5.181233E-01
-3.431672E-01
-5.289167E-01
-3.456517E-01
-5.399064E-01
-3.481101E-01
-5.510956E-01
-3.505405E-01
-5.624877E-01
-3.529099E-01
-5.736100E-01
-3.552526E-01
-5.849253E-01
-3.575669E-01
-5.964369E-01
-3.598514E-01
-6.081478E-01
-3.644857E-01
-6.231116E-01
-3.691431E-01
-6.384217E-01
-3.738222E-01
-6.540858E-01
-3.785216E-01
-6.701120E-01
-3.887469E-01
-6.864840E-01
-3.992464E-01
-7.032546E-01
-4.100274E-01
-7.204339E-01
-4.210978E-01
-7.380318E-01
-4.331352E-01
-7.548283E-01
-4.455059E-01
-7.720007E-01
-4.582190E-01
-7.895578E-01
-4.712835E-01
-8.075069E-01
-4.951578E-01
-8.354324E-01
-5.201508E-01
-8.642706E-01
-5.463120E-01
-8.940488E-01
-5.736927E-01
-9.247962E-01
-6.643378E-01
-9.589793E-01
-7.632352E-01
-9.906606E-01
-8.708324E-01
-1.019216E+00
-9.875752E-01
-1.043955E+00
-1.157178E+00
-9.481341E-01
-1.319714E+00
-8.268711E-01
-1.471607E+00
-6.802636E-01
-1.609174E+00
-5.088846E-01
-1.616298E+00
-2.680477E-01
-1.590071E+00
-3.562564E-02
-1.532947E+00
+1.841297E-01
-1.447874E+00
+3.874695E-01
-1.228416E+00
+4.912255E-01
-1.025206E+00
+5.591803E-01
-8.399855E-01
+5.974589E-01
-6.736397E-01
+6.116110E-01
-5.444413E-01
+4.992186E-01
-4.400026E-01
+4.074582E-01
-3.555822E-01
+3.325468E-01
-2.873458E-01
+2.713937E-01
-2.584684E-01
+1.932846E-01
-2.277399E-01
+1.326233E-01
-1.971412E-01
+8.628862E-02
-1.679875E-01
+5.156339E-02
-1.859606E-01
+7.444930E-03
-1.924537E-01
-4.259030E-02
-1.855924E-01
-9.558497E-02
-1.642558E-01
-1.480044E-01
-1.703614E-01
-1.675868E-01
-1.760279E-01
-1.890208E-01
-1.811324E-01
-2.124335E-01
-1.855368E-01
-2.379561E-01
-1.928236E-01
-2.646633E-01
-1.997824E-01
-2.938890E-01
-2.062962E-01
-3.258349E-01
-2.122313E-01
-3.607157E-01
-2.351272E-01
-3.892676E-01
-2.603630E-01
-4.200030E-01
-2.881687E-01
-4.530814E-01
-3.187962E-01
-4.886734E-01
-4.083988E-01
-4.947235E-01
-5.070416E-01
-4.903167E-01
-6.142763E-01
-4.733734E-01
-7.293567E-01
-4.416758E-01
-7.035967E-01
-3.402600E-01
-6.713585E-01
-2.499308E-01
-6.341630E-01
-1.702764E-01
-5.933632E-01
-1.007906E-01
-5.706455E-01
+2.047699E-02
-5.262174E-01
+1.287710E-01
-4.641145E-01
+2.208366E-01
-3.887120E-01
+2.944255E-01
-3.274960E-01
+1.652780E-01
-2.647185E-01
+7.799070E-02
-2.064500E-01
+2.189184E-02
-1.557389E-01
-1.173707E-02
-1.860867E-01
-2.780901E-02
-2.211350E-01
-4.979040E-02
-2.613109E-01
-7.928567E-02
-3.069860E-01
-1.182601E-01
-2.869143E-01
-7.154183E-02
-2.638436E-01
-3.208799E-02
-2.389013E-01
+5.541824E-04
-2.130425E-01
+2.691328E-02
-1.702712E-01
+7.445806E-03
-1.351729E-01
-5.174250E-03
-1.065892E-01
-1.287640E-02
-8.347832E-02
-1.711170E-02
-7.826619E-02
-3.179119E-02
-7.052849E-02
-4.515528E-02
-6.056736E-02
-5.678009E-02
-4.875395E-02
-6.630708E-02
-4.650170E-02
-7.559027E-02
-4.325636E-02
-8.536644E-02
-3.889997E-02
-9.558414E-02
-3.331035E-02
-1.061776E-01
-2.742365E-02
-1.142090E-01
-2.064591E-02
-1.222420E-01
-1.292974E-02
-1.302123E-01
-4.229921E-03
-1.380493E-01
-8.924907E-03
-1.436406E-01
-1.399780E-02
-1.493103E-01
-1.946687E-02
-1.550492E-01
-2.535080E-02
-1.608472E-01
-1.891940E-02
-1.677983E-01
-1.193895E-02
-1.747062E-01
-4.391634E-03
-1.815442E-01
+3.739777E-03
-1.882840E-01
+5.753451E-03
-1.843592E-01
+7.682010E-03
-1.804930E-01
+9.527860E-03
-1.766852E-01
+1.129336E-02
-1.729353E-01
+1.412509E-02
-1.699835E-01
+1.686029E-02
-1.670294E-01
+1.950048E-02
-1.640747E-01
+2.204714E-02
-1.611212E-01
+4.121276E-02
-1.528808E-01
+5.870361E-02
-1.425528E-01
+7.431890E-02
-1.304158E-01
+8.789913E-02
-1.167637E-01
+1.145046E-01
-1.319809E-01
+1.474964E-01
-1.479267E-01
+1.881652E-01
-1.642124E-01
+2.380184E-01
-1.802678E-01
+2.194052E-01
-2.076446E-01
+1.976552E-01
-2.331153E-01
+1.729616E-01
-2.563218E-01
+1.455585E-01
-2.769256E-01
+1.421420E-01
-2.591736E-01
+1.386173E-01
-2.424606E-01
+1.350079E-01
-2.267310E-01
+1.313349E-01
-2.119317E-01
+1.432851E-01
-1.746444E-01
+1.495613E-01
-1.397276E-01
+1.510249E-01
-1.076176E-01
+1.485018E-01
-7.860394E-02
+1.652299E-01
-8.183775E-03
+1.507851E-01
+6.160126E-02
+1.088012E-01
+1.178207E-01
+4.791155E-02
+1.504568E-01
+3.391921E-02
+1.414997E-01
+2.166155E-02
+1.323270E-01
+1.101264E-02
+1.230727E-01
+1.847744E-03
+1.138516E-01
+4.746164E-02
+1.168221E-01
+9.575044E-02
+1.016387E-01
+1.395377E-01
+6.663956E-02
+1.707480E-01
+1.298009E-02
+1.932156E-01
+1.613289E-02
+2.186275E-01
+1.989160E-02
+2.473677E-01
+2.436109E-02
+2.798705E-01
+2.966333E-02
+3.041106E-01
+7.439106E-03
+3.282780E-01
-1.862718E-02
+3.520308E-01
-4.882627E-02
+3.749744E-01
-8.344133E-02
+3.353658E-01
-1.401499E-01
+2.890319E-01
-1.863746E-01
+2.381795E-01
-2.217149E-01
+1.849307E-01
-2.461649E-01
+1.615727E-01
-1.857487E-01
+1.394874E-01
-1.389002E-01
+1.191934E-01
-1.027998E-01
+1.009429E-01
-7.516907E-02
+1.330735E-01
-5.282434E-02
+1.617871E-01
-1.879931E-02
+1.833023E-01
+2.705159E-02
+1.934214E-01
+8.377321E-02
+3.110535E-01
+1.347454E-01
+5.002254E-01
+2.167320E-01
+8.044451E-01
+3.486037E-01
+1.293681E+00
+5.607134E-01
+1.117877E+00
+2.011207E-01
+9.137009E-01
-4.844157E-02
+7.075676E-01
-2.064885E-01
+5.167762E-01
-2.924102E-01
+6.722511E-01
-1.179771E-01
+7.735721E-01
+1.307721E-01
+7.876488E-01
+4.391927E-01
+6.842695E-01
+7.786928E-01
+9.828990E-01
+8.590930E-01
+1.368996E+00
+9.101320E-01
+1.859440E+00
+9.100655E-01
+2.471710E+00
+8.289603E-01
+2.692519E+00
+9.808992E-01
+2.930849E+00
+1.154110E+00
+3.187827E+00
+1.351189E+00
+3.464620E+00
+1.575025E+00
+4.801764E+00
+1.640351E+00
+6.584563E+00
+1.553506E+00
+8.938970E+00
+1.206904E+00
+1.201817E+01
+4.414342E-01
+1.461905E+01
-5.686343E+00
+1.456455E+01
-1.436885E+01
+1.000934E+01
-2.473725E+01
-8.069300E-01
-3.479694E+01
-1.147143E+01
-2.021810E+01
-1.313873E+01
-8.270258E+00
-1.034389E+01
-7.137297E-01
-6.311479E+00
+2.848986E+00
-5.200036E+00
+2.695783E+00
-4.268331E+00
+2.515403E+00
-3.489680E+00
+2.320317E+00
-2.840976E+00
+2.119828E+00
-2.510272E+00
+2.223912E+00
-2.190233E+00
+2.295806E+00
-1.882801E+00
+2.338200E+00
-1.589597E+00
+2.353781E+00
-1.060769E+00
+2.982226E+00
-3.152873E-01
+3.513335E+00
+6.369251E-01
+3.879144E+00
+1.766258E+00
+4.009068E+00
+2.848730E+00
+3.185701E+00
+3.604292E+00
+2.095135E+00
+3.975940E+00
+8.553995E-01
+3.946427E+00
-4.068082E-01
+3.545884E+00
-8.008622E-01
+3.138476E+00
-1.115635E+00
+2.733474E+00
-1.357532E+00
+2.338617E+00
-1.533391E+00
+1.886708E+00
-2.601706E+00
+9.652532E-01
-3.565016E+00
-4.177999E-01
-4.223907E+00
-2.172539E+00
-4.367381E+00
-8.856644E-01
-3.702060E+00
-2.388623E-02
-2.970371E+00
+5.030123E-01
-2.262803E+00
+7.795099E-01
-1.632333E+00
+2.343297E+00
-1.017302E+00
+3.439959E+00
+1.087189E+00
+2.658627E+00
+4.346183E+00
-1.193908E+00
+7.095370E+00
-2.822300E+00
+5.806094E+00
-3.898025E+00
+4.284375E+00
-4.439199E+00
+2.702338E+00
-4.504945E+00
+1.203573E+00
-4.243535E+00
+8.325700E-02
-3.768660E+00
-8.500101E-01
-3.145831E+00
-1.571499E+00
-2.438330E+00
-2.073611E+00
-3.212252E+00
-2.341835E+00
-4.195630E+00
-2.602201E+00
-5.437680E+00
-2.833399E+00
-6.997388E+00
-3.004467E+00
-6.581544E+00
-4.518268E-01
-5.510310E+00
+1.516009E+00
-4.070777E+00
+2.817977E+00
-2.520882E+00
+3.470046E+00
-3.043947E+00
+2.090435E+00
-3.071442E+00
+8.204656E-01
-2.728360E+00
-2.179515E-01
-2.151197E+00
-9.618543E-01
-2.052963E+00
-1.190177E+00
-1.930501E+00
-1.408479E+00
-1.784832E+00
-1.614192E+00
-1.617249E+00
-1.804846E+00
-2.543615E+00
-2.531591E+00
-3.974641E+00
-3.527702E+00
-6.174552E+00
-4.879378E+00
-9.541277E+00
-6.691716E+00
-1.091549E+01
-3.794714E+00
-1.144046E+01
-6.588184E-01
-1.109064E+01
+2.474597E+00
-9.907122E+00
+5.368379E+00
-6.735478E+00
+7.233170E+00
-3.577266E+00
+7.896703E+00
-7.660958E-01
+7.565301E+00
+1.478369E+00
+6.503774E+00
+1.709017E+00
+5.066531E+00
+1.775852E+00
+3.901486E+00
+1.734221E+00
+2.966872E+00
+1.624860E+00
+2.224876E+00
+1.168960E+00
+1.854218E+00
+8.272084E-01
+1.535257E+00
+5.732566E-01
+1.263526E+00
+3.864326E-01
+1.034053E+00
+1.993772E-01
+9.063765E-01
+5.877978E-02
+7.779888E-01
-4.306466E-02
+6.545023E-01
-1.132327E-01
+5.396768E-01
+2.276138E-01
+4.181419E-01
+3.836544E-01
+1.474816E-01
+3.347462E-01
-1.177761E-01
+1.541342E-01
-2.647750E-01
-7.403423E-02
-5.164012E-01
-6.445936E-01
-6.112176E-01
-1.506566E+00
-1.348246E-01
-2.153940E+00
+1.412177E+00
-2.674125E+00
+2.056685E+00
-3.290037E+00
+2.949734E+00
-4.006488E+00
+4.176837E+00
-4.821336E+00
+5.850152E+00
-2.319351E+00
+6.315772E+00
-8.716662E-02
+5.970759E+00
+1.680931E+00
+5.026099E+00
+2.884210E+00
+3.715565E+00
+2.570879E+00
+2.950281E+00
+2.274538E+00
+2.329385E+00
+1.999116E+00
+1.827622E+00
+1.746687E+00
+1.423828E+00
+1.166490E+00
+1.476287E+00
+6.840638E-01
+1.414195E+00
+3.020383E-01
+1.276398E+00
+1.553516E-02
+1.095033E+00
-1.695553E-02
+1.367538E+00
-6.656210E-02
+1.706650E+00
-1.397469E-01
+2.128344E+00
-2.451066E-01
+2.652353E+00
+9.827684E-02
+2.772827E+00
+4.690182E-01
+2.851788E+00
+8.625232E-01
+2.884236E+00
+1.273383E+00
+2.865607E+00
+1.534703E+00
+2.570001E+00
+1.748527E+00
+2.259953E+00
+1.915686E+00
+1.941653E+00
+2.037674E+00
+1.620874E+00
+1.849607E+00
+1.450951E+00
+1.678773E+00
+1.298686E+00
+1.523606E+00
+1.162257E+00
+1.382681E+00
+1.040032E+00
+1.403936E+00
+1.112021E+00
+1.424070E+00
+1.187068E+00
+1.442963E+00
+1.265249E+00
+1.460491E+00
+1.346641E+00
+1.696213E+00
+1.278579E+00
+1.939833E+00
+1.181263E+00
+2.188769E+00
+1.051986E+00
+2.439984E+00
+8.881415E-01
+2.275541E+00
+6.009544E-01
+2.103478E+00
+3.552510E-01
+1.927950E+00
+1.476199E-01
+1.752427E+00
-2.535970E-02
+1.597900E+00
+2.102109E-01
+1.425938E+00
+4.039845E-01
+1.243674E+00
+5.574063E-01
+1.057411E+00
+6.727408E-01
+1.267976E+00
+7.740074E-01
+1.519752E+00
+8.893858E-01
+1.820679E+00
+1.020581E+00
+2.180203E+00
+1.169440E+00
+2.840547E+00
+1.454617E+00
+3.699200E+00
+1.806172E+00
+4.815242E+00
+2.238458E+00
+6.265225E+00
+2.768542E+00
+8.295450E+00
+1.187517E+00
+1.016348E+01
-1.346487E+00
+1.152511E+01
-4.949250E+00
+1.193662E+01
-9.643232E+00
+8.317655E+00
-1.196856E+01
+4.399249E+00
-1.312581E+01
+5.186194E-01
-1.313835E+01
-3.022976E+00
-1.211723E+01
-4.407187E+00
-1.113585E+01
-5.598790E+00
-1.002778E+01
-6.591268E+00
-8.823648E+00
-7.382298E+00
-7.553407E+00
-1.093183E+01
-6.903543E+00
-1.497482E+01
-5.123851E+00
-1.928533E+01
-1.858832E+00
-2.349356E+01
+3.250851E+00
-1.003832E+01
+8.080740E+00
-2.418959E+00
+6.570748E+00
+7.092803E-01
+3.737704E+00
+1.375104E+00
+1.543360E+00
+3.993854E-01
+1.401382E+00
-1.763628E-01
+1.011978E+00
-4.223511E-01
+5.882152E-01
-4.484977E-01
+2.437957E-01
-5.571410E-01
+2.183888E-01
-6.798233E-01
+1.730414E-01
-8.159374E-01
+1.024580E-01
-9.640066E-01
+5.672929E-04
-1.166192E+00
+9.050061E-02
-1.402414E+00
+2.181381E-01
-1.676301E+00
+3.945608E-01
-1.991210E+00
+6.335124E-01
-1.087183E+00
+1.319817E+00
-1.610205E-01
+1.389987E+00
+5.066980E-01
+1.026857E+00
+8.043352E-01
+4.807093E-01
+2.088158E-01
+6.413000E-01
-1.901700E-01
+4.466344E-01
-3.144696E-01
+1.522709E-01
-2.426111E-01
-6.620030E-02
-2.747210E-01
+8.071663E-03
-2.846317E-01
+9.594615E-02
-2.670016E-01
+1.909700E-01
-2.183022E-01
+2.846953E-01
+2.628759E-02
+2.745833E-01
+1.586405E-01
+1.407587E-01
+1.630192E-01
-3.890967E-03
+8.970575E-02
-8.759074E-02
+5.566364E-02
-1.522349E-01
-2.013743E-02
-2.085902E-01
-1.399969E-01
-2.319550E-01
-2.927974E-01
-1.922440E-01
-3.222914E-01
-1.921800E-01
-3.538557E-01
-1.907438E-01
-3.875718E-01
-1.877432E-01
-4.235186E-01
-1.829685E-01
-4.593936E-01
-1.804465E-01
-4.976613E-01
-1.764637E-01
-5.384349E-01
-1.708330E-01
-5.818285E-01
-1.633504E-01
-6.323332E-01
-1.616589E-01
-6.868201E-01
-1.585556E-01
-7.455715E-01
-1.538273E-01
-8.088862E-01
-1.472366E-01
