#I+1.668000E+03
+1.000000E+00
+8.010000E+02
+8.010000E+02
+1.000000E+01
+2.000000E+00
+3.000000E+00
+0.000000E+00
+1.000000E+00
+2.000000E+00
+5.000000E+00
+1.000000E+00
+2.497000E+03
-1.092400E+04
+2.025600E+04
-1.299100E+04
-1.119200E+04
+0.000000E+00
+0.000000E+00
+0.000000E+00
+0.000000E+00
+0.000000E+00
+0.000000E+00
+0.000000E+00
+0.000000E+00
+0.000000E+00
+0.000000E+00
+0.000000E+00
+0.000000E+00
+0.000000E+00
+0.000000E+00
+0.000000E+00
+0.000000E+00
+0.000000E+00
+0.000000E+00
+0.000000E+00
+1.000000E+00
+1.000000E+00
+1.000000E+00
+0.000000E+00
+0.000000E+00
+1.000000E+00
+0.000000E+00
+1.000000E+00
+2.000000E+00
+3.000000E+00
+4.500000E+01
+4.500000E+01
+0.000000E+00
+0.000000E+00
+2.000000E+00
+0.000000E+00
+0.000000E+00
+0.000000E+00
+8.000000E+02
+0.000000E+00
+1.747424E-03
+6.309576E+00
+0.000000E+00
+0.000000E+00
+0.000000E+00
+1.000000E+00
+1.000000E+00
+0.000000E+00
+0.000000E+00
+4.0000021457672111E+01
+4.0000021457672111E+01
-2.040914E-03
-3.869150E-04
-2.006513E-03
-3.589403E-04
-1.972474E-03
-3.318400E-04
-1.938800E-03
-3.055939E-04
-1.905493E-03
-2.801829E-04
-1.861769E-03
-2.780618E-04
-1.819040E-03
-2.758919E-04
-1.777282E-03
-2.736765E-04
-1.736473E-03
-2.714187E-04
-1.743215E-03
-2.809781E-04
-1.749943E-03
-2.906140E-04
-1.756656E-03
-3.003268E-04
-1.763353E-03
-3.101160E-04
-1.748009E-03
-2.982616E-04
-1.732752E-03
-2.865979E-04
-1.717584E-03
-2.751230E-04
-1.702502E-03
-2.638347E-04
-1.680472E-03
-2.812446E-04
-1.658479E-03
-2.981984E-04
-1.636527E-03
-3.147013E-04
-1.614619E-03
-3.307585E-04
-1.603545E-03
-3.223901E-04
-1.592525E-03
-3.141256E-04
-1.581559E-03
-3.059639E-04
-1.570645E-03
-2.979042E-04
-1.588463E-03
-2.808652E-04
-1.606227E-03
-2.634498E-04
-1.623931E-03
-2.456555E-04
-1.641569E-03
-2.274792E-04
-1.684293E-03
-1.558025E-04
-1.724529E-03
-8.073954E-05
-1.762072E-03
-2.339343E-06
-1.796715E-03
+7.933854E-05
-1.643018E-03
+2.562712E-04
-1.483719E-03
+4.031803E-04
-1.322337E-03
+5.219273E-04
-1.161914E-03
+6.145815E-04
-1.004339E-03
+3.249994E-04
-8.395301E-04
+1.177879E-04
-6.804242E-04
-2.326350E-05
-5.350051E-04
-1.127713E-04
-5.732145E-04
-2.201050E-04
-5.965134E-04
-3.459129E-04
-5.999963E-04
-4.895570E-04
-5.783358E-04
-6.494584E-04
-6.157473E-04
-7.570445E-04
-6.522908E-04
-8.795246E-04
-6.871141E-04
-1.018658E-03
-7.191742E-04
-1.176372E-03
-8.382277E-04
-1.225524E-03
-9.689714E-04
-1.271828E-03
-1.112131E-03
-1.314425E-03
-1.268438E-03
-1.352353E-03
-1.361848E-03
-1.309423E-03
-1.454642E-03
-1.260828E-03
-1.546513E-03
-1.206497E-03
-1.637141E-03
-1.146382E-03
-1.705164E-03
-1.064867E-03
-1.769177E-03
-9.793856E-04
-1.828953E-03
-8.901319E-04
-1.884273E-03
-7.973152E-04
-1.840537E-03
-7.158985E-04
-1.796035E-03
-6.385857E-04
-1.750910E-03
-5.652535E-04
-1.705296E-03
-4.957804E-04
-1.727830E-03
-4.574657E-04
-1.749574E-03
-4.183682E-04
-1.770504E-03
-3.785024E-04
-1.790593E-03
-3.378831E-04
-1.764516E-03
-3.304616E-04
-1.738815E-03
-3.231852E-04
-1.713485E-03
-3.160512E-04
-1.688521E-03
-3.090575E-04
-1.614135E-03
-2.737278E-04
-1.542756E-03
-2.409605E-04
-1.474276E-03
-2.105996E-04
-1.408592E-03
-1.824969E-04
-1.392115E-03
-1.962791E-04
-1.375654E-03
-2.097367E-04
-1.359213E-03
-2.228734E-04
-1.342794E-03
-2.356931E-04
-1.293452E-03
-2.171899E-04
-1.245852E-03
-1.997405E-04
-1.199938E-03
-1.832926E-04
-1.155651E-03
-1.677960E-04
-1.178090E-03
-1.411292E-04
-1.200206E-03
-1.134737E-04
-1.221969E-03
-8.482208E-05
-1.243347E-03
-5.516777E-05
-1.163679E-03
-5.918016E-05
-1.089069E-03
-6.245390E-05
-1.019201E-03
-6.506672E-05
-9.537746E-04
-6.708947E-05
-9.444711E-04
-1.414080E-04
-9.293942E-04
-2.146829E-04
-9.086499E-04
-2.864669E-04
-8.823782E-04
-3.563228E-04
-8.833107E-04
-3.178314E-04
-8.827721E-04
-2.798526E-04
-8.808031E-04
-2.424348E-04
-8.774443E-04
-2.056245E-04
-8.300272E-04
-2.251172E-04
-7.841605E-04
-2.421397E-04
-7.398542E-04
-2.568578E-04
-6.971125E-04
-2.694295E-04
-6.647966E-04
-3.164330E-04
-6.295614E-04
-3.602070E-04
-5.916982E-04
-4.005917E-04
-5.515051E-04
-4.374518E-04
-4.670236E-04
-5.520448E-04
-3.587773E-04
-6.503806E-04
-2.298827E-04
-7.275391E-04
-8.447295E-05
-7.791967E-04
-6.174944E-05
-8.313012E-04
-3.571985E-05
-8.858693E-04
-6.087360E-06
-9.429363E-04
+2.746465E-05
-1.002530E-03
+1.232932E-04
-1.083735E-03
+2.347050E-04
-1.162784E-03
+3.628010E-04
-1.238044E-03
+5.086217E-04
-1.307641E-03
+5.766359E-04
-1.495715E-03
+6.537001E-04
-1.710821E-03
+7.410113E-04
-1.956843E-03
+8.399243E-04
-2.238221E-03
+8.109264E-04
-2.490405E-03
+7.669778E-04
-2.765014E-03
+7.055796E-04
-3.063448E-03
+6.239299E-04
-3.387113E-03
+5.044230E-04
-3.595184E-03
+3.691895E-04
-3.808924E-03
+2.171380E-04
-4.027924E-03
+4.713845E-05
-4.251706E-03
-9.442166E-05
-4.388236E-03
-2.450684E-04
-4.524334E-03
-4.050758E-04
-4.659685E-03
-5.747160E-04
-4.793947E-03
-6.882321E-04
-4.992845E-03
-8.103767E-04
-5.198342E-03
-9.416483E-04
-5.410566E-03
-1.082569E-03
-5.629641E-03
-1.417653E-03
-5.810105E-03
-1.776081E-03
-5.980897E-03
-2.158334E-03
-6.140414E-03
-2.564827E-03
-6.286950E-03
-2.753081E-03
-6.180306E-03
-2.937199E-03
-6.068145E-03
-3.117024E-03
-5.950623E-03
-3.292400E-03
-5.827897E-03
-3.350380E-03
-5.980323E-03
-3.409199E-03
-6.136634E-03
-3.468863E-03
-6.296922E-03
-3.529380E-03
-6.461297E-03
-3.837963E-03
-6.787711E-03
-4.169823E-03
-7.128592E-03
-4.526555E-03
-7.484430E-03
-4.909865E-03
-7.855726E-03
-5.551090E-03
-8.067364E-03
-6.238121E-03
-8.260993E-03
-6.972685E-03
-8.433467E-03
-7.756465E-03
-8.581387E-03
-8.613737E-03
-8.321876E-03
-9.481175E-03
-7.993756E-03
-1.035430E-02
-7.594050E-03
-1.122831E-02
-7.119997E-03
-1.154464E-02
-6.462433E-03
-1.182311E-02
-5.791829E-03
-1.206324E-02
-5.110336E-03
-1.226470E-02
-4.420106E-03
-1.229153E-02
-4.012507E-03
-1.230586E-02
-3.607632E-03
-1.230787E-02
-3.205834E-03
-1.229777E-02
-2.807457E-03
-1.228997E-02
-2.575366E-03
-1.227807E-02
-2.344506E-03
-1.226212E-02
-2.114943E-03
-1.224216E-02
-1.886740E-03
-1.230366E-02
-1.655289E-03
-1.236083E-02
-1.422179E-03
-1.241363E-02
-1.187490E-03
-1.246204E-02
-9.512996E-04
-1.267804E-02
-6.461378E-04
-1.288955E-02
-3.307412E-04
-1.309620E-02
-5.068262E-06
-1.329769E-02
+3.309165E-04
-1.365159E-02
+8.116314E-04
-1.399816E-02
+1.318115E-03
-1.433631E-02
+1.850818E-03
-1.466486E-02
+2.410159E-03
-1.547120E-02
+3.392959E-03
-1.627388E-02
+4.484438E-03
-1.706653E-02
+5.691377E-03
-1.784197E-02
+7.020618E-03
-1.842032E-02
+9.923501E-03
-1.867006E-02
+1.314388E-02
-1.852250E-02
+1.666561E-02
-1.790537E-02
+2.046226E-02
-1.325671E-02
+2.086804E-02
-9.023039E-03
+2.058889E-02
-5.257125E-03
+1.975170E-02
-1.988858E-03
+1.847783E-02
-1.654593E-03
+1.684873E-02
-1.363953E-03
+1.536192E-02
-1.111846E-03
+1.400507E-02
-8.937389E-04
+1.276694E-02
-7.517302E-04
+1.193721E-02
-6.244438E-04
+1.116086E-02
-5.105663E-04
+1.043449E-02
-4.088903E-04
+9.754909E-03
-6.397684E-04
+9.308906E-03
-8.489470E-04
+8.876922E-03
-1.037753E-03
+8.458881E-03
-1.207451E-03
+8.054690E-03
-1.410885E-03
+7.794593E-03
-1.600990E-03
+7.535758E-03
-1.778176E-03
+7.278546E-03
-1.942854E-03
+7.023287E-03
-1.972972E-03
+6.881998E-03
-2.001268E-03
+6.742922E-03
-2.027792E-03
+6.606028E-03
-2.052594E-03
+6.471303E-03
-2.020063E-03
+6.157209E-03
-1.986056E-03
+5.857729E-03
-1.950776E-03
+5.572208E-03
-1.914417E-03
+5.300024E-03
-1.999781E-03
+5.138152E-03
-2.079392E-03
+4.977771E-03
-2.153413E-03
+4.818986E-03
-2.222004E-03
+4.661896E-03
-2.317010E-03
+4.539249E-03
-2.407443E-03
+4.415710E-03
-2.493338E-03
+4.291418E-03
-2.574731E-03
+4.166503E-03
-2.686283E-03
+4.108352E-03
-2.796555E-03
+4.047235E-03
-2.905469E-03
+3.983178E-03
-3.012946E-03
+3.916212E-03
-3.129660E-03
+3.859387E-03
-3.245527E-03
+3.799259E-03
-3.360460E-03
+3.735831E-03
-3.474371E-03
+3.669112E-03
-3.623732E-03
+3.666749E-03
-3.776026E-03
+3.661086E-03
-3.931242E-03
+3.651994E-03
-4.089362E-03
+3.639337E-03
-4.206575E-03
+3.698090E-03
-4.326868E-03
+3.757472E-03
-4.450311E-03
+3.817480E-03
-4.576978E-03
+3.878109E-03
-4.703823E-03
+3.811629E-03
-4.830335E-03
+3.741747E-03
-4.956434E-03
+3.668439E-03
-5.082038E-03
+3.591682E-03
-5.272469E-03
+3.562662E-03
-5.466525E-03
+3.528906E-03
-5.664182E-03
+3.490231E-03
-5.865409E-03
+3.446446E-03
-6.076085E-03
+3.507337E-03
-6.293830E-03
+3.568452E-03
-6.518864E-03
+3.629741E-03
-6.751412E-03
+3.691149E-03
-6.997987E-03
+3.766463E-03
-7.253163E-03
+3.842574E-03
-7.517229E-03
+3.919453E-03
-7.790479E-03
+3.997057E-03
-8.084347E-03
+4.110388E-03
-8.389166E-03
+4.226658E-03
-8.705320E-03
+4.345923E-03
-9.033242E-03
+4.468265E-03
-9.357741E-03
+4.659898E-03
-9.693814E-03
+4.859577E-03
-1.004187E-02
+5.067631E-03
-1.040234E-02
+5.284403E-03
-1.088777E-02
+5.086289E-03
-1.138074E-02
+4.865852E-03
-1.188072E-02
+4.622179E-03
-1.238712E-02
+4.354351E-03
-1.352335E-02
+5.436975E-03
-1.473026E-02
+6.693364E-03
-1.600703E-02
+8.145927E-03
-1.735165E-02
+9.819468E-03
-1.806526E-02
+1.174684E-02
-1.870691E-02
+1.387348E-02
-1.925766E-02
+1.621029E-02
-1.969638E-02
+1.876777E-02
-1.784479E-02
+2.168867E-02
-1.558314E-02
+2.445114E-02
-1.292101E-02
+2.700012E-02
-9.875087E-03
+2.928039E-02
-6.466291E-03
+2.842226E-02
-3.349451E-03
+2.729088E-02
-5.327318E-04
+2.593103E-02
+1.980474E-03
+2.438546E-02
+3.047027E-03
+2.242467E-02
+3.934228E-03
+2.056034E-02
+4.660589E-03
+1.879403E-02
+5.243280E-03
+1.712631E-02
+5.668362E-03
+1.638718E-02
+6.053920E-03
+1.565728E-02
+6.401558E-03
+1.493771E-02
+6.712877E-03
+1.422943E-02
+7.331173E-03
+1.292016E-02
+7.820284E-03
+1.164354E-02
+8.190082E-03
+1.040686E-02
+8.450380E-03
+9.216232E-03
+7.637220E-03
+7.878592E-03
+6.891324E-03
+6.725025E-03
+6.208918E-03
+5.731289E-03
+5.586100E-03
+4.876212E-03
+4.481058E-03
+4.402007E-03
+3.570182E-03
+3.945923E-03
+2.822601E-03
+3.514844E-03
+2.211869E-03
+3.113040E-03
+1.330760E-03
+3.216473E-03
+5.268684E-04
+3.128820E-03
-1.694796E-04
+2.887133E-03
-7.388931E-04
+2.530512E-03
-1.256517E-03
+2.657874E-03
-1.848917E-03
+2.707598E-03
-2.510092E-03
+2.658731E-03
-3.229768E-03
+2.489238E-03
-3.690511E-03
+2.582142E-03
-4.203632E-03
+2.661186E-03
-4.773832E-03
+2.722269E-03
-5.406105E-03
+2.760630E-03
-5.857800E-03
+2.876886E-03
-6.345316E-03
+2.994279E-03
-6.871358E-03
+3.112291E-03
-7.438821E-03
+3.230325E-03
-7.907039E-03
+3.362715E-03
-8.404160E-03
+3.499220E-03
-8.931933E-03
+3.639851E-03
-9.492217E-03
+3.784610E-03
-1.000867E-02
+3.958250E-03
-1.055313E-02
+4.139620E-03
-1.112711E-02
+4.329047E-03
-1.173220E-02
+4.526871E-03
-1.235087E-02
+4.764124E-03
-1.300217E-02
+5.013810E-03
-1.368781E-02
+5.276582E-03
-1.440962E-02
+5.553125E-03
-1.518261E-02
+5.887783E-03
-1.599699E-02
+6.242399E-03
-1.685496E-02
+6.618151E-03
-1.775886E-02
+7.016295E-03
-1.881007E-02
+7.540290E-03
-1.992292E-02
+8.101964E-03
-2.110101E-02
+8.703953E-03
-2.234808E-02
+9.349057E-03
-2.382653E-02
+1.037417E-02
-2.539648E-02
+1.149663E-02
-2.706309E-02
+1.272493E-02
-2.883170E-02
+1.406828E-02
-3.069989E-02
+1.678711E-02
-3.259764E-02
+1.984386E-02
-3.451044E-02
+2.327028E-02
-3.642098E-02
+2.710014E-02
-3.090796E-02
+3.237664E-02
-2.467502E-02
+3.659143E-02
-1.791829E-02
+3.965498E-02
-1.084330E-02
+4.151269E-02
-1.274020E-02
+3.800633E-02
-1.428590E-02
+3.461771E-02
-1.551172E-02
+3.136113E-02
-1.644771E-02
+2.824791E-02
-1.575230E-02
+2.526023E-02
-1.503679E-02
+2.255973E-02
-1.431090E-02
+2.012118E-02
-1.358280E-02
+1.792141E-02
-1.685089E-02
+1.719470E-02
-2.022335E-02
+1.598060E-02
-2.364067E-02
+1.423474E-02
-2.703368E-02
+1.191807E-02
-3.407859E-02
+1.440761E-02
-4.294761E-02
+1.739049E-02
-5.411018E-02
+2.095630E-02
-6.815587E-02
+2.520832E-02
-7.895662E-02
+3.742751E-02
-9.059592E-02
+5.320928E-02
-1.028614E-01
+7.334711E-02
-1.154145E-01
+9.876870E-02
-1.171694E-01
+1.472943E-01
-1.078912E-01
+2.067373E-01
-8.262406E-02
+2.768659E-01
-3.539369E-02
+3.562334E-01
+5.589925E-02
+3.533214E-01
+1.434148E-01
+3.274125E-01
+2.214614E-01
+2.802284E-01
+2.849725E-01
+2.148731E-01
+2.826214E-01
+1.678230E-01
+2.757034E-01
+1.249927E-01
+2.650324E-01
+8.648784E-02
+2.513638E-01
+5.232242E-02
+2.382702E-01
+3.545565E-02
+2.250961E-01
+2.036281E-02
+2.119422E-01
+6.935944E-03
+1.988970E-01
-4.931509E-03
+1.878205E-01
-1.111194E-02
+1.771514E-01
-1.659390E-02
+1.668901E-01
-2.142893E-02
+1.570351E-01
-2.566575E-02
+1.523466E-01
-2.750338E-02
+1.477561E-01
-2.921529E-02
+1.432629E-01
-3.080645E-02
+1.388663E-01
-3.228175E-02
+1.378650E-01
-3.539232E-02
+1.367946E-01
-3.847414E-02
+1.356558E-01
-4.152562E-02
+1.344495E-01
-4.454530E-02
+1.366859E-01
-5.063248E-02
+1.387679E-01
-5.697330E-02
+1.406821E-01
-6.356947E-02
+1.424145E-01
-7.042240E-02
+1.403855E-01
-9.625061E-02
+1.343233E-01
-1.233372E-01
+1.237933E-01
-1.511478E-01
+1.084150E-01
-1.790499E-01
+5.428805E-02
-1.860814E-01
+4.177670E-03
-1.794583E-01
-3.908073E-02
-1.615758E-01
-7.352130E-02
-1.352529E-01
-7.339059E-02
-1.057878E-01
-7.061042E-02
-8.130144E-02
-6.607889E-02
-6.119476E-02
-6.048826E-02
-4.488831E-02
-5.053682E-02
-3.502529E-02
-4.215711E-02
-2.724120E-02
-3.511465E-02
-2.111172E-02
-2.920695E-02
-1.629688E-02
-2.324257E-02
-1.405939E-02
-1.846514E-02
-1.207345E-02
-1.464395E-02
-1.032549E-02
-1.159214E-02
-8.797904E-03
-8.312745E-03
-8.754412E-03
-5.633757E-03
-8.279847E-03
-3.504017E-03
-7.532730E-03
-1.860421E-03
-6.635995E-03
-3.497274E-04
-7.120070E-03
+1.285094E-03
-7.260744E-03
+2.966103E-03
-7.026563E-03
+4.607459E-03
-6.403730E-03
+5.616548E-03
-6.657203E-03
+6.748901E-03
-6.850383E-03
+8.011809E-03
-6.966711E-03
+9.411896E-03
-6.987336E-03
+1.024832E-02
-7.270518E-03
+1.115125E-02
-7.554648E-03
+1.212549E-02
-7.838262E-03
+1.317614E-02
-8.119667E-03
+1.407768E-02
-8.559009E-03
+1.504016E-02
-9.020923E-03
+1.606766E-02
-9.506462E-03
+1.716451E-02
-1.001674E-02
+1.812996E-02
-1.094828E-02
+1.914384E-02
-1.195636E-02
+2.020808E-02
-1.304677E-02
+2.132468E-02
-1.422572E-02
+2.241543E-02
-1.618674E-02
+2.351261E-02
-1.834409E-02
+2.460885E-02
-2.071330E-02
+2.569563E-02
-2.331083E-02
+1.954899E-02
-2.931318E-02
+1.201074E-02
-3.370634E-02
+3.499459E-03
-3.617046E-02
-5.493433E-03
-3.649388E-02
-2.626294E-03
-2.763008E-02
-8.373259E-04
-2.085620E-02
+2.278460E-04
-1.569599E-02
+8.157744E-04
-1.177727E-02
+1.458370E-03
-1.356800E-02
+2.279093E-03
-1.560828E-02
+3.316503E-03
-1.792901E-02
+4.616492E-03
-2.056419E-02
+9.750916E-04
-1.870745E-02
-1.938316E-03
-1.653698E-02
-4.167023E-03
-1.420030E-02
-5.770990E-03
-1.182020E-02
-3.719800E-03
-9.641482E-03
-2.261225E-03
-7.797738E-03
-1.243916E-03
-6.256164E-03
-5.516183E-04
-4.980878E-03
+5.125465E-04
-4.994088E-03
+1.557417E-03
-4.782111E-03
+2.535800E-03
-4.353699E-03
+3.403328E-03
-3.727394E-03
+3.958131E-03
-3.798208E-03
+4.564880E-03
-3.835219E-03
+5.225540E-03
-3.831842E-03
+5.941763E-03
-3.780801E-03
+6.357075E-03
-3.851711E-03
+6.796937E-03
-3.916913E-03
+7.262570E-03
-3.975521E-03
+7.755241E-03
-4.026576E-03
+8.075731E-03
-4.118501E-03
+8.408898E-03
-4.211438E-03
+8.755231E-03
-4.305332E-03
+9.115225E-03
-4.400122E-03
+9.349404E-03
-4.484174E-03
+9.589525E-03
-4.569675E-03
+9.835741E-03
-4.656647E-03
+1.008820E-02
-4.745110E-03
+1.026604E-02
-4.808621E-03
+1.044699E-02
-4.872912E-03
+1.063109E-02
-4.937991E-03
+1.081842E-02
-5.003870E-03
+1.082790E-02
-4.907879E-03
+1.083662E-02
-4.812068E-03
+1.084459E-02
-4.716448E-03
+1.085180E-02
-4.621019E-03
+1.142733E-02
-3.497463E-03
+1.188725E-02
-2.303957E-03
+1.222325E-02
-1.052309E-03
+1.242815E-02
+2.446873E-04
+1.501229E-02
+9.310275E-04
+1.810126E-02
+1.892845E-03
+2.178646E-02
+3.213500E-03
+2.617414E-02
+4.998437E-03
+2.824180E-02
+1.794150E-03
+2.999530E-02
-1.856397E-03
+3.135859E-02
-5.935471E-03
+3.225382E-02
-1.041429E-02
+3.257676E-02
-1.447922E-02
+3.246251E-02
-1.876671E-02
+3.186622E-02
-2.323838E-02
+3.074529E-02
-2.784906E-02
+2.354360E-02
-3.068572E-02
+1.646356E-02
-3.208328E-02
+9.735761E-03
-3.218121E-02
+3.548400E-03
-3.114591E-02
+4.515828E-03
-3.146379E-02
+5.505764E-03
-3.175744E-02
+6.517801E-03
-3.202585E-02
+7.551494E-03
-3.226802E-02
-8.416107E-03
-2.842240E-02
-1.912394E-02
-1.836455E-02
-2.299358E-02
-5.806974E-03
-2.044184E-02
+5.666115E-03
-1.583266E-02
+2.011247E-02
-1.030765E-03
+3.086941E-02
+2.104828E-02
+3.075740E-02
+4.244053E-02
+1.487696E-02
+4.907674E-02
+2.737641E-03
+5.235969E-02
-1.202256E-02
+5.132628E-02
-2.851672E-02
+4.523448E-02
-4.552124E-02
+3.258293E-02
-5.082681E-02
+1.989639E-02
-5.319979E-02
+7.758656E-03
-5.286879E-02
-3.338636E-03
-5.015967E-02
-1.453845E-02
-3.970275E-02
-2.111040E-02
-2.861704E-02
-2.379807E-02
-1.811646E-02
-2.348834E-02
-9.005355E-03
-1.517744E-02
-6.351563E-03
-9.796666E-03
-4.452360E-03
-6.316538E-03
-3.104388E-03
-4.068059E-03
-2.154355E-03
-3.034862E-03
-3.057042E-03
-1.860530E-03
-3.575948E-03
-6.669232E-04
-3.712690E-03
+4.375330E-04
-3.502633E-03
+1.164989E-03
-3.766500E-03
+2.016504E-03
-3.914657E-03
+2.981856E-03
-3.911345E-03
+4.042824E-03
-3.719236E-03
+4.875156E-03
-3.496768E-03
+5.748023E-03
-3.145405E-03
+6.647774E-03
-2.648939E-03
+7.557468E-03
-1.991621E-03
+1.031559E-02
-1.920100E-03
+1.400144E-02
-1.551894E-03
+1.890013E-02
-6.948075E-04
+2.537442E-02
+9.366564E-04
+2.694466E-02
-1.576173E-03
+2.835195E-02
-4.393988E-03
+2.955599E-02
-7.518037E-03
+3.051394E-02
-1.094556E-02
+3.125273E-02
-1.255356E-02
+3.195705E-02
-1.425180E-02
+3.262203E-02
-1.604238E-02
+3.324264E-02
-1.792729E-02
+3.521257E-02
-1.926688E-02
+3.729745E-02
-2.070324E-02
+3.950386E-02
-2.224320E-02
+4.183879E-02
-2.389402E-02
+4.511570E-02
-2.678838E-02
+4.863042E-02
-3.000033E-02
+5.239823E-02
-3.356244E-02
+5.643515E-02
-3.751057E-02
+6.375860E-02
-4.835122E-02
+7.159398E-02
-6.166517E-02
+7.985111E-02
-7.793166E-02
+8.838858E-02
-9.770887E-02
+5.073499E-02
-1.436128E-01
-9.885920E-03
-1.757956E-01
-8.889006E-02
-1.831073E-01
-1.764184E-01
-1.556973E-01
-1.946351E-01
-1.036606E-01
-1.999493E-01
-5.226449E-02
-1.936391E-01
-4.252753E-03
-1.774656E-01
+3.815039E-02
-1.778486E-01
+8.961461E-02
-1.640129E-01
+1.443575E-01
-1.341744E-01
+1.986465E-01
-8.747269E-02
+2.480249E-01
+1.014899E-02
+2.821493E-01
+1.210822E-01
+2.778504E-01
+2.302039E-01
+2.299362E-01
+3.203663E-01
+1.391667E-01
+3.245674E-01
+7.331534E-02
+3.167967E-01
+1.093744E-02
+2.984387E-01
-4.606209E-02
+2.711276E-01
-9.614636E-02
+2.504925E-01
-2.684572E-01
+1.257136E-01
-4.514704E-01
-1.233155E-01
-5.853146E-01
-4.841321E-01
-5.903481E-01
-4.142329E-01
-3.535096E-01
-3.353363E-01
-1.960321E-01
-2.601157E-01
-9.540524E-02
-1.946343E-01
-3.422896E-02
-2.021503E-01
-8.626862E-02
-1.971368E-01
-1.445308E-01
-1.769803E-01
-2.063654E-01
-1.395202E-01
-2.682417E-01
-1.759462E-01
-2.273670E-01
-2.031099E-01
-1.829568E-01
-2.210091E-01
-1.368063E-01
-2.299449E-01
-9.059565E-02
-2.064497E-01
-1.093615E-01
-1.823989E-01
-1.245114E-01
-1.582079E-01
-1.362058E-01
-1.342495E-01
-1.446393E-01
-1.851855E-01
-1.527957E-01
-2.479220E-01
-1.544275E-01
-3.238378E-01
-1.462907E-01
-4.140727E-01
-1.242515E-01
-3.621524E-01
+4.255673E-04
-2.903726E-01
+8.787696E-02
-2.116615E-01
+1.406702E-01
-1.357683E-01
+1.639892E-01
-1.576892E-01
+1.127632E-01
-1.650638E-01
+6.256531E-02
-1.598720E-01
+1.665853E-02
-1.446165E-01
-2.254601E-02
-1.465425E-01
-4.012787E-02
-1.464781E-01
-5.848839E-02
-1.442696E-01
-7.741986E-02
-1.397830E-01
-9.669007E-02
-2.078004E-01
-1.059958E-01
-3.020216E-01
-1.062322E-01
-4.302306E-01
-8.934616E-02
-6.015450E-01
-4.296250E-02
-5.940773E-01
+6.220417E-02
-5.685946E-01
+1.634730E-01
-5.262176E-01
+2.578230E-01
-4.685623E-01
+3.425018E-01
-3.451142E-01
+4.460310E-01
-2.019656E-01
+5.094086E-01
-5.124751E-02
+5.299929E-01
+9.500299E-02
+5.085875E-01
+1.384798E-01
+4.214799E-01
+1.655438E-01
+3.425091E-01
+1.795819E-01
+2.723171E-01
+1.835452E-01
+2.110654E-01
+1.495101E-01
+1.807683E-01
+1.216027E-01
+1.546608E-01
+9.874614E-02
+1.321928E-01
+8.004881E-02
+1.128811E-01
+6.340595E-02
+1.111605E-01
+4.824615E-02
+1.080641E-01
+3.457626E-02
+1.038363E-01
+2.238039E-02
+9.870271E-02
-2.094212E-02
+8.279754E-02
-4.743717E-02
+5.425584E-02
-5.644057E-02
+2.265037E-02
-5.111632E-02
-4.565065E-03
-8.429565E-02
+1.510605E-02
-1.290683E-01
+6.134934E-02
-1.808316E-01
+1.554630E-01
-2.228197E-01
+3.297125E-01
-9.492444E-02
+4.173120E-01
+6.740545E-02
+4.553038E-01
+2.449295E-01
+4.301537E-01
+4.130878E-01
+3.357899E-01
+4.042383E-01
+2.642044E-01
+3.895345E-01
+2.004450E-01
+3.702832E-01
+1.442961E-01
+3.476428E-01
+9.544094E-02
+3.240969E-01
+7.418473E-02
+3.015602E-01
+5.553078E-02
+2.800568E-01
+3.923459E-02
+2.595986E-01
+2.507000E-02
+2.360779E-01
+6.723015E-02
+2.071539E-01
+1.022724E-01
+1.744348E-01
+1.298088E-01
+1.394748E-01
+1.497528E-01
+1.971978E-01
+1.801106E-01
+2.754807E-01
+2.135215E-01
+3.808289E-01
+2.487387E-01
+5.215739E-01
+2.834557E-01
+5.940770E-01
+2.031362E-01
+6.554435E-01
+1.065391E-01
+7.023135E-01
-5.057619E-03
+7.314094E-01
-1.297252E-01
+6.978904E-01
-2.449308E-01
+6.464520E-01
-3.527552E-01
+5.785905E-01
-4.504490E-01
+4.962179E-01
-5.355505E-01
+3.814849E-01
-6.078669E-01
+2.574657E-01
-6.567649E-01
+1.287532E-01
-6.813480E-01
-5.230774E-05
-6.815890E-01
-1.325665E-02
-6.095251E-01
-2.366826E-02
-5.448243E-01
-3.172510E-02
-4.867625E-01
-3.780485E-02
-4.346830E-01
-8.262037E-02
-5.165559E-01
-1.432590E-01
-6.106054E-01
-2.238673E-01
-7.178544E-01
-3.294924E-01
-8.391684E-01
-5.005912E-01
-6.329831E-01
-5.934757E-01
-4.118621E-01
-6.154844E-01
-1.983039E-01
-5.787569E-01
-9.668486E-03
-4.756600E-01
-3.275730E-02
-3.898650E-01
-4.733122E-02
-3.186670E-01
-5.564248E-02
-2.597446E-01
-5.942769E-02
-2.856720E-01
-3.428636E-02
-3.106552E-01
-4.341940E-03
-3.340781E-01
+3.065274E-02
-3.552518E-01
+7.089303E-02
-3.917938E-01
+1.121033E-01
-4.289801E-01
+1.616628E-01
-4.661222E-01
+2.206427E-01
-5.023507E-01
+2.901801E-01
-4.611880E-01
+4.026386E-01
-3.956954E-01
+5.107215E-01
-3.058982E-01
+6.093262E-01
-1.928604E-01
+6.931740E-01
-2.652587E-02
+6.927873E-01
+1.293292E-01
+6.554025E-01
+2.671248E-01
+5.856644E-01
+3.807879E-01
+4.896145E-01
+4.057673E-01
+3.618479E-01
+4.070833E-01
+2.477444E-01
+3.901612E-01
+1.491650E-01
+3.599718E-01
+6.685553E-02
+3.126414E-01
+1.982734E-02
+2.676079E-01
-1.526058E-02
+2.257515E-01
-4.044171E-02
+1.876110E-01
-5.753381E-02
+1.517935E-01
-5.305127E-02
+1.226080E-01
-4.824645E-02
+9.886317E-02
-4.338782E-02
+7.957478E-02
-3.865748E-02
+9.060492E-02
-1.731976E-02
+9.591790E-02
+7.155958E-03
+9.462337E-02
+3.323906E-02
+8.624040E-02
+5.914693E-02
+1.040636E-01
+3.523879E-02
+1.152747E-01
+5.983247E-03
+1.182760E-01
-2.679581E-02
+1.119710E-01
-6.079864E-02
+9.852247E-02
-6.507830E-02
+8.576404E-02
-6.795527E-02
+7.375471E-02
-6.959225E-02
+6.253611E-02
-7.014428E-02
+4.540139E-02
-8.387433E-02
+2.527346E-02
-9.343772E-02
+3.161328E-03
-9.818722E-02
-1.978743E-02
-9.771906E-02
+2.747345E-02
-7.829975E-02
+5.299481E-02
-4.428441E-02
+5.675492E-02
-9.092128E-03
+4.445391E-02
+1.767274E-02
+5.108795E-02
-2.424267E-03
+4.867212E-02
-2.492181E-02
+3.638458E-02
-4.576007E-02
+1.521807E-02
-6.062318E-02
+3.778227E-02
-2.538193E-02
+3.281321E-02
+4.683117E-03
+1.547058E-02
+1.852744E-02
-6.603744E-04
+1.756466E-02
+9.226436E-03
+1.898282E-02
+2.050286E-02
+1.489814E-02
+3.014183E-02
+4.197939E-03
+3.430737E-02
-1.258595E-02
+3.320818E-02
-1.597818E-02
+3.177414E-02
-1.927589E-02
+3.001318E-02
-2.244608E-02
+2.793655E-02
-2.545639E-02
+2.742852E-02
-2.834543E-02
+2.670998E-02
-3.132121E-02
+2.576653E-02
-3.437351E-02
+2.458378E-02
-3.749081E-02
+2.323468E-02
-4.072063E-02
+2.161771E-02
-4.400449E-02
+1.971764E-02
-4.732742E-02
+1.751957E-02
-5.067284E-02
