#I+1.668000E+03
+1.000000E+00
+8.010000E+02
+8.010000E+02
+1.000000E+01
+2.000000E+00
+3.000000E+00
+0.000000E+00
+1.000000E+00
+2.000000E+00
+5.000000E+00
+1.000000E+00
+2.497000E+03
-1.092400E+04
+2.025600E+04
-1.299100E+04
-1.119200E+04
+0.000000E+00
+0.000000E+00
+0.000000E+00
+0.000000E+00
+0.000000E+00
+0.000000E+00
+0.000000E+00
+0.000000E+00
+0.000000E+00
+0.000000E+00
+0.000000E+00
+0.000000E+00
+0.000000E+00
+0.000000E+00
+0.000000E+00
+0.000000E+00
+0.000000E+00
+0.000000E+00
+0.000000E+00
+1.000000E+00
+1.000000E+00
+1.000000E+00
+0.000000E+00
+0.000000E+00
+1.000000E+00
+0.000000E+00
+1.000000E+00
+2.000000E+00
+3.000000E+00
+4.500000E+01
+4.500000E+01
+0.000000E+00
+0.000000E+00
+2.000000E+00
+0.000000E+00
+0.000000E+00
+0.000000E+00
+8.000000E+02
+0.000000E+00
+1.747424E-03
+6.309573E-01
+0.000000E+00
+0.000000E+00
+0.000000E+00
+1.000000E+00
+1.000000E+00
+0.000000E+00
+0.000000E+00
+4.0000021457672111E+01
+4.0000021457672111E+01
-3.946037E-01
-7.008721E-02
-3.943012E-01
-6.858794E-02
-3.939938E-01
-6.709181E-02
-3.936816E-01
-6.559886E-02
-3.933643E-01
-6.410895E-02
-3.937793E-01
-6.276242E-02
-3.941898E-01
-6.141377E-02
-3.945958E-01
-6.006306E-02
-3.949971E-01
-5.871031E-02
-3.999767E-01
-5.947129E-02
-4.050187E-01
-6.024212E-02
-4.101245E-01
-6.102294E-02
-4.152952E-01
-6.181399E-02
-4.130411E-01
-6.633909E-02
-4.107435E-01
-7.082154E-02
-4.084032E-01
-7.526101E-02
-4.060211E-01
-7.965706E-02
-4.078944E-01
-7.831697E-02
-4.097695E-01
-7.696421E-02
-4.116463E-01
-7.559867E-02
-4.135250E-01
-7.422049E-02
-4.250054E-01
-7.359646E-02
-4.367874E-01
-7.288359E-02
-4.488789E-01
-7.207765E-02
-4.612870E-01
-7.117401E-02
-4.681816E-01
-7.043554E-02
-4.751723E-01
-6.966020E-02
-4.822605E-01
-6.884702E-02
-4.894469E-01
-6.799509E-02
-5.047604E-01
-6.285284E-02
-5.204472E-01
-5.733702E-02
-5.365127E-01
-5.143122E-02
-5.529622E-01
-4.511855E-02
-5.696830E-01
-1.093057E-02
-5.846385E-01
+2.518098E-02
-5.976621E-01
+6.315149E-02
-6.085867E-01
+1.029043E-01
-5.467051E-01
+1.225391E-01
-4.896688E-01
+1.373618E-01
-4.372554E-01
+1.480554E-01
-3.892310E-01
+1.552284E-01
-3.695747E-01
+1.335690E-01
-3.504879E-01
+1.138702E-01
-3.319945E-01
+9.599160E-02
-3.141131E-01
+7.980074E-02
-3.130514E-01
+6.750299E-02
-3.115607E-01
+5.539735E-02
-3.096532E-01
+4.349690E-02
-3.073415E-01
+3.181393E-02
-3.102263E-01
+2.588546E-02
-3.130131E-01
+1.985581E-02
-3.156994E-01
+1.372622E-02
-3.182823E-01
+7.497991E-03
-3.195794E-01
+1.039839E-03
-3.207497E-01
-5.467965E-03
-3.217916E-01
-1.202301E-02
-3.227038E-01
-1.862281E-02
-3.245736E-01
-1.904103E-02
-3.264540E-01
-1.946349E-02
-3.283449E-01
-1.989022E-02
-3.302464E-01
-2.032123E-02
-3.326440E-01
-2.592308E-02
-3.349693E-01
-3.161072E-02
-3.372203E-01
-3.738365E-02
-3.393947E-01
-4.324145E-02
-3.388825E-01
-4.320709E-02
-3.383711E-01
-4.317274E-02
-3.378604E-01
-4.313841E-02
-3.373508E-01
-4.310409E-02
-3.400425E-01
-4.356083E-02
-3.427557E-01
-4.402212E-02
-3.454906E-01
-4.448801E-02
-3.482476E-01
-4.495852E-02
-3.496600E-01
-4.672311E-02
-3.510711E-01
-4.850217E-02
-3.524806E-01
-5.029576E-02
-3.538889E-01
-5.210411E-02
-3.525864E-01
-5.256433E-02
-3.512874E-01
-5.302063E-02
-3.499921E-01
-5.347305E-02
-3.487003E-01
-5.392150E-02
-3.520241E-01
-5.437062E-02
-3.553794E-01
-5.482341E-02
-3.587666E-01
-5.527987E-02
-3.621865E-01
-5.574016E-02
-3.613444E-01
-5.865584E-02
-3.604791E-01
-6.156152E-02
-3.595908E-01
-6.445698E-02
-3.586797E-01
-6.734200E-02
-3.609062E-01
-6.734686E-02
-3.631459E-01
-6.734924E-02
-3.653991E-01
-6.734915E-02
-3.676657E-01
-6.734665E-02
-3.682447E-01
-6.678425E-02
-3.688235E-01
-6.622012E-02
-3.694020E-01
-6.565426E-02
-3.699806E-01
-6.508677E-02
-3.673874E-01
-6.721024E-02
-3.647949E-01
-6.930386E-02
-3.622034E-01
-7.136773E-02
-3.596126E-01
-7.340206E-02
-3.603709E-01
-7.309853E-02
-3.611303E-01
-7.279353E-02
-3.618907E-01
-7.248704E-02
-3.626521E-01
-7.217909E-02
-3.642611E-01
-7.245617E-02
-3.658773E-01
-7.273431E-02
-3.675006E-01
-7.301347E-02
-3.691313E-01
-7.329367E-02
-3.686748E-01
-7.396416E-02
-3.682174E-01
-7.463317E-02
-3.677590E-01
-7.530068E-02
-3.673000E-01
-7.596670E-02
-3.676526E-01
-7.743977E-02
-3.680004E-01
-7.891665E-02
-3.683434E-01
-8.039738E-02
-3.686820E-01
-8.188190E-02
-3.681629E-01
-8.306526E-02
-3.676403E-01
-8.424605E-02
-3.671140E-01
-8.542435E-02
-3.665841E-01
-8.660014E-02
-3.655711E-01
-8.639212E-02
-3.645608E-01
-8.618458E-02
-3.635532E-01
-8.597751E-02
-3.625486E-01
-8.577101E-02
-3.631877E-01
-8.664726E-02
-3.638265E-01
-8.752663E-02
-3.644651E-01
-8.840920E-02
-3.651033E-01
-8.929475E-02
-3.643215E-01
-8.999126E-02
-3.635392E-01
-9.068488E-02
-3.627567E-01
-9.137560E-02
-3.619736E-01
-9.206350E-02
-3.611061E-01
-9.196694E-02
-3.602406E-01
-9.187032E-02
-3.593772E-01
-9.177367E-02
-3.585163E-01
-9.167708E-02
-3.582265E-01
-9.321056E-02
-3.579302E-01
-9.474324E-02
-3.576275E-01
-9.627508E-02
-3.573181E-01
-9.780596E-02
-3.559042E-01
-9.873410E-02
-3.544913E-01
-9.965457E-02
-3.530795E-01
-1.005674E-01
-3.516691E-01
-1.014727E-01
-3.501219E-01
-1.035104E-01
-3.485654E-01
-1.055328E-01
-3.469995E-01
-1.075400E-01
-3.454246E-01
-1.095320E-01
-3.429889E-01
-1.122419E-01
-3.405384E-01
-1.149182E-01
-3.380738E-01
-1.175610E-01
-3.355951E-01
-1.201704E-01
-3.337417E-01
-1.245859E-01
-3.318306E-01
-1.289734E-01
-3.298618E-01
-1.333321E-01
-3.278362E-01
-1.376612E-01
-3.284435E-01
-1.442676E-01
-3.289472E-01
-1.509417E-01
-3.293455E-01
-1.576827E-01
-3.296362E-01
-1.644897E-01
-3.385754E-01
-1.726852E-01
-3.477233E-01
-1.812212E-01
-3.570833E-01
-1.901102E-01
-3.666590E-01
-1.993650E-01
-3.761033E-01
-1.954047E-01
-3.856168E-01
-1.912027E-01
-3.951959E-01
-1.867542E-01
-4.048370E-01
-1.820542E-01
-4.066398E-01
-1.780737E-01
-4.084035E-01
-1.740753E-01
-4.101277E-01
-1.700595E-01
-4.118124E-01
-1.660266E-01
-4.108660E-01
-1.622130E-01
-4.098971E-01
-1.584260E-01
-4.089060E-01
-1.546656E-01
-4.078934E-01
-1.509319E-01
-4.038759E-01
-1.508704E-01
-3.998937E-01
-1.507971E-01
-3.959463E-01
-1.507122E-01
-3.920336E-01
-1.506160E-01
-3.878934E-01
-1.510947E-01
-3.837872E-01
-1.515502E-01
-3.797151E-01
-1.519828E-01
-3.756769E-01
-1.523927E-01
-3.696055E-01
-1.589093E-01
-3.634480E-01
-1.652503E-01
-3.572087E-01
-1.714151E-01
-3.508915E-01
-1.774034E-01
-3.435314E-01
-1.960193E-01
-3.351933E-01
-2.143486E-01
-3.258871E-01
-2.323407E-01
-3.156256E-01
-2.499447E-01
-3.293520E-01
-2.789125E-01
-3.430377E-01
-3.104321E-01
-3.565896E-01
-3.446843E-01
-3.699018E-01
-3.818594E-01
-3.976306E-01
-3.613492E-01
-4.242783E-01
-3.388800E-01
-4.497098E-01
-3.145043E-01
-4.737921E-01
-2.882842E-01
-4.706191E-01
-2.802125E-01
-4.674092E-01
-2.722715E-01
-4.641642E-01
-2.644594E-01
-4.608858E-01
-2.567756E-01
-4.627795E-01
-2.531559E-01
-4.646447E-01
-2.495222E-01
-4.664814E-01
-2.458747E-01
-4.682893E-01
-2.422138E-01
-4.690320E-01
-2.391503E-01
-4.697558E-01
-2.360868E-01
-4.704608E-01
-2.330236E-01
-4.711466E-01
-2.299607E-01
-4.691709E-01
-2.306764E-01
-4.671986E-01
-2.313845E-01
-4.652296E-01
-2.320850E-01
-4.632644E-01
-2.327775E-01
-4.626254E-01
-2.329306E-01
-4.619871E-01
-2.330830E-01
-4.613492E-01
-2.332347E-01
-4.607119E-01
-2.333858E-01
-4.632673E-01
-2.315585E-01
-4.658200E-01
-2.297122E-01
-4.683699E-01
-2.278470E-01
-4.709170E-01
-2.259632E-01
-4.703726E-01
-2.239743E-01
-4.698237E-01
-2.219922E-01
-4.692701E-01
-2.200169E-01
-4.687120E-01
-2.180478E-01
-4.658691E-01
-2.215655E-01
-4.630024E-01
-2.250514E-01
-4.601122E-01
-2.285058E-01
-4.571987E-01
-2.319280E-01
-4.569259E-01
-2.306822E-01
-4.566513E-01
-2.294389E-01
-4.563747E-01
-2.281981E-01
-4.560959E-01
-2.269603E-01
-4.536092E-01
-2.269912E-01
-4.511333E-01
-2.270165E-01
-4.486682E-01
-2.270361E-01
-4.462139E-01
-2.270498E-01
-4.446908E-01
-2.273292E-01
-4.431707E-01
-2.276049E-01
-4.416539E-01
-2.278771E-01
-4.401407E-01
-2.281462E-01
-4.349350E-01
-2.293902E-01
-4.297631E-01
-2.305873E-01
-4.246250E-01
-2.317380E-01
-4.195207E-01
-2.328430E-01
-4.178737E-01
-2.344945E-01
-4.162211E-01
-2.361361E-01
-4.145629E-01
-2.377678E-01
-4.128996E-01
-2.393899E-01
-4.069905E-01
-2.403207E-01
-4.011315E-01
-2.411958E-01
-3.953226E-01
-2.420161E-01
-3.895637E-01
-2.427825E-01
-3.813298E-01
-2.397766E-01
-3.732616E-01
-2.367947E-01
-3.653558E-01
-2.338366E-01
-3.576095E-01
-2.309028E-01
-3.494810E-01
-2.345521E-01
-3.413811E-01
-2.380171E-01
-3.333127E-01
-2.413004E-01
-3.252785E-01
-2.444045E-01
-3.096012E-01
-2.459726E-01
-2.943297E-01
-2.470849E-01
-2.794639E-01
-2.477649E-01
-2.650037E-01
-2.480357E-01
-2.457125E-01
-2.486202E-01
-2.271267E-01
-2.484594E-01
-2.092477E-01
-2.476079E-01
-1.920747E-01
-2.461180E-01
-1.419381E-01
-2.399074E-01
-9.825166E-02
-2.286740E-01
-6.085136E-02
-2.137305E-01
-2.944190E-02
-1.962205E-01
+2.544286E-02
-2.488187E-01
+1.089204E-01
-2.958742E-01
+2.255786E-01
-3.272150E-01
+3.778369E-01
-3.289852E-01
+4.672003E-01
-4.140192E-01
+5.776208E-01
-5.209419E-01
+7.140401E-01
-6.553668E-01
+8.825549E-01
-8.243417E-01
+8.878256E-01
-1.059813E+00
+8.609632E-01
-1.328110E+00
+7.930091E-01
-1.629225E+00
+6.737858E-01
-1.961896E+00
+4.594317E-01
-2.073985E+00
+2.283960E-01
-2.163327E+00
-1.699204E-02
-2.227602E+00
-2.740940E-01
-2.264719E+00
-4.062331E-01
-2.229677E+00
-5.351971E-01
-2.187083E+00
-6.605641E-01
-2.137188E+00
-7.819306E-01
-2.080266E+00
-8.816995E-01
-2.078183E+00
-9.828686E-01
-2.071842E+00
-1.085278E+00
-2.061122E+00
-1.188762E+00
-2.045905E+00
-1.309540E+00
-2.007023E+00
-1.429661E+00
-1.961369E+00
-1.548764E+00
-1.908901E+00
-1.666480E+00
-1.849591E+00
-1.726097E+00
-1.778746E+00
-1.782799E+00
-1.706066E+00
-1.836534E+00
-1.631669E+00
-1.887254E+00
-1.555673E+00
-1.895785E+00
-1.518039E+00
-1.903724E+00
-1.480552E+00
-1.911080E+00
-1.443218E+00
-1.917856E+00
-1.406047E+00
-1.915389E+00
-1.370119E+00
-1.912531E+00
-1.334572E+00
-1.909290E+00
-1.299405E+00
-1.905673E+00
-1.264619E+00
-1.908057E+00
-1.245559E+00
-1.910288E+00
-1.226552E+00
-1.912368E+00
-1.207599E+00
-1.914296E+00
-1.188702E+00
-1.923045E+00
-1.184867E+00
-1.931802E+00
-1.180992E+00
-1.940566E+00
-1.177077E+00
-1.949337E+00
-1.173122E+00
-1.970187E+00
-1.172213E+00
-1.991192E+00
-1.171192E+00
-2.012352E+00
-1.170057E+00
-2.033669E+00
-1.168806E+00
-2.062815E+00
-1.187510E+00
-2.092376E+00
-1.206511E+00
-2.122361E+00
-1.225813E+00
-2.152772E+00
-1.245421E+00
-2.181734E+00
-1.247721E+00
-2.211011E+00
-1.249900E+00
-2.240609E+00
-1.251954E+00
-2.270528E+00
-1.253882E+00
-2.324852E+00
-1.309987E+00
-2.380244E+00
-1.368187E+00
-2.436719E+00
-1.428550E+00
-2.494291E+00
-1.491151E+00
-2.526202E+00
-1.514869E+00
-2.558514E+00
-1.538953E+00
-2.591233E+00
-1.563410E+00
-2.624364E+00
-1.588246E+00
-2.730055E+00
-1.611030E+00
-2.839531E+00
-1.633360E+00
-2.952910E+00
-1.655176E+00
-3.070321E+00
-1.676417E+00
-3.210251E+00
-1.715479E+00
-3.356210E+00
-1.754809E+00
-3.508442E+00
-1.794364E+00
-3.667203E+00
-1.834092E+00
-3.950885E+00
-1.884265E+00
-4.254678E+00
-1.932143E+00
-4.579888E+00
-1.977168E+00
-4.927901E+00
-2.018721E+00
-5.097158E+00
-4.510630E-01
-4.806579E+00
+1.035909E+00
-4.116904E+00
+2.318024E+00
-3.119208E+00
+3.298592E+00
-1.329745E+00
+6.337920E+00
+3.114038E+00
+8.696943E+00
+1.027668E+01
+8.247854E+00
+1.864848E+01
+2.355903E+00
+1.804390E+01
+5.543303E+00
+1.689669E+01
+8.592588E+00
+1.523642E+01
+1.141175E+01
+1.310818E+01
+1.391485E+01
+1.261528E+01
+1.273274E+01
+1.212534E+01
+1.163640E+01
+1.164021E+01
+1.062036E+01
+1.116148E+01
+9.679475E+00
+9.374357E+00
+7.426579E+00
+7.848103E+00
+5.668897E+00
+6.550618E+00
+4.302320E+00
+5.452205E+00
+3.243807E+00
+4.678697E+00
+3.094582E+00
+4.001826E+00
+2.930204E+00
+3.410945E+00
+2.756513E+00
+2.896402E+00
+2.578221E+00
+2.583652E+00
+2.393365E+00
+2.302989E+00
+2.219871E+00
+2.051254E+00
+2.057271E+00
+1.825594E+00
+1.905086E+00
+1.726683E+00
+1.814641E+00
+1.633089E+00
+1.728450E+00
+1.544527E+00
+1.646313E+00
+1.460729E+00
+1.568043E+00
+1.407022E+00
+1.515926E+00
+1.355280E+00
+1.465531E+00
+1.305431E+00
+1.416804E+00
+1.257406E+00
+1.369689E+00
+1.228150E+00
+1.320181E+00
+1.199460E+00
+1.272359E+00
+1.171331E+00
+1.226167E+00
+1.143758E+00
+1.181554E+00
+1.082972E+00
+1.096772E+00
+1.025212E+00
+1.017876E+00
+9.703439E-01
+9.444683E-01
+9.182359E-01
+8.761777E-01
+8.144571E-01
+8.379148E-01
+7.203027E-01
+7.991172E-01
+6.350213E-01
+7.601610E-01
+5.579093E-01
+7.213658E-01
+4.550446E-01
+6.958586E-01
+3.633934E-01
+6.652578E-01
+2.823016E-01
+6.308361E-01
+2.110823E-01
+5.937036E-01
+6.346871E-02
+6.289829E-01
-8.879666E-02
+6.280032E-01
-2.369106E-01
+5.905832E-01
-3.722529E-01
+5.186544E-01
-5.127741E-01
+6.881679E-01
-7.057098E-01
+9.126314E-01
-9.704124E-01
+1.209693E+00
-1.333316E+00
+1.602609E+00
-1.085834E+00
+1.944215E+00
-7.589923E-01
+2.254394E+00
-3.549820E-01
+2.516015E+00
+1.205407E-01
+2.711518E+00
+3.455614E-01
+2.617919E+00
+5.557629E-01
+2.508219E+00
+7.502428E-01
+2.384162E+00
+9.282738E-01
+2.247517E+00
+9.654420E-01
+2.074518E+00
+9.932409E-01
+1.910350E+00
+1.012596E+00
+1.754872E+00
+1.024371E+00
+1.607911E+00
+1.026379E+00
+1.521832E+00
+1.026148E+00
+1.438931E+00
+1.023839E+00
+1.359147E+00
+1.019611E+00
+1.282414E+00
+1.011437E+00
+1.222165E+00
+1.002379E+00
+1.163994E+00
+9.925059E-01
+1.107849E+00
+9.818827E-01
+1.053682E+00
+9.675404E-01
+1.021358E+00
+9.532719E-01
+9.898988E-01
+9.390827E-01
+9.592842E-01
+9.249767E-01
+9.294938E-01
+9.095484E-01
+9.079975E-01
+8.943583E-01
+8.869792E-01
+8.794030E-01
+8.664289E-01
+8.646792E-01
+8.463357E-01
+8.652788E-01
+8.298474E-01
+8.657065E-01
+8.135046E-01
+8.659657E-01
+7.973076E-01
+8.660592E-01
+7.812563E-01
+8.756162E-01
+7.746230E-01
+8.851300E-01
+7.678812E-01
+8.946000E-01
+7.610322E-01
+9.040257E-01
+7.540759E-01
+9.532937E-01
+6.886643E-01
+9.978472E-01
+6.200555E-01
+1.037480E+00
+5.485884E-01
+1.072011E+00
+4.746147E-01
+9.718159E-01
+3.515593E-01
+8.761552E-01
+2.494991E-01
+7.857705E-01
+1.656227E-01
+7.011417E-01
+9.741260E-02
+6.359025E-01
+1.245842E-01
+5.748962E-01
+1.461111E-01
+5.180453E-01
+1.626936E-01
+4.652432E-01
+1.749673E-01
+4.468446E-01
+2.139054E-01
+4.252138E-01
+2.509794E-01
+4.005346E-01
+2.859232E-01
+3.730121E-01
+3.184888E-01
+3.678662E-01
+3.312616E-01
+3.623343E-01
+3.440115E-01
+3.564137E-01
+3.567280E-01
+3.501016E-01
+3.694008E-01
+3.440439E-01
+3.716212E-01
+3.379907E-01
+3.737600E-01
+3.319430E-01
+3.758176E-01
+3.259016E-01
+3.777944E-01
+3.220417E-01
+3.806930E-01
+3.181562E-01
+3.835524E-01
+3.142458E-01
+3.863725E-01
+3.103105E-01
+3.891529E-01
+3.051997E-01
+3.891171E-01
+3.001222E-01
+3.890405E-01
+2.950779E-01
+3.889241E-01
+2.900671E-01
+3.887680E-01
+2.887180E-01
+3.858741E-01
+2.873737E-01
+3.830007E-01
+2.860343E-01
+3.801475E-01
+2.846997E-01
+3.773146E-01
+2.789239E-01
+3.785128E-01
+2.731653E-01
+3.796394E-01
+2.674248E-01
+3.806952E-01
+2.617031E-01
+3.816802E-01
+2.604961E-01
+3.811077E-01
+2.592930E-01
+3.805349E-01
+2.580939E-01
+3.799619E-01
+2.568985E-01
+3.793886E-01
+2.541593E-01
+3.766108E-01
+2.514474E-01
+3.738520E-01
+2.487624E-01
+3.711122E-01
+2.461042E-01
+3.683911E-01
+2.469344E-01
+3.687304E-01
+2.477663E-01
+3.690694E-01
+2.486000E-01
+3.694078E-01
+2.494355E-01
+3.697460E-01
+2.462129E-01
+3.698209E-01
+2.430025E-01
+3.698757E-01
+2.398042E-01
+3.699109E-01
+2.366181E-01
+3.699264E-01
+2.417954E-01
+3.650548E-01
+2.468797E-01
+3.601155E-01
+2.518701E-01
+3.551099E-01
+2.567661E-01
+3.500400E-01
+2.617626E-01
+3.331080E-01
+2.660883E-01
+3.164317E-01
+2.697679E-01
+3.000262E-01
+2.728259E-01
+2.839059E-01
+2.511470E-01
+2.843519E-01
+2.302593E-01
+2.839037E-01
+2.101696E-01
+2.826266E-01
+1.908818E-01
+2.805838E-01
+1.813966E-01
+2.889681E-01
+1.715566E-01
+2.970409E-01
+1.613714E-01
+3.047875E-01
+1.508521E-01
+3.121936E-01
+1.550912E-01
+3.254923E-01
+1.594238E-01
+3.393449E-01
+1.638503E-01
+3.537744E-01
+1.683712E-01
+3.688038E-01
+1.787526E-01
+3.689458E-01
+1.892510E-01
+3.688489E-01
+1.998622E-01
+3.685079E-01
+2.105815E-01
+3.679174E-01
+2.165169E-01
+3.588946E-01
+2.221788E-01
+3.498408E-01
+2.275699E-01
+3.407627E-01
+2.326925E-01
+3.316665E-01
+2.335173E-01
+3.210173E-01
+2.341467E-01
+3.105709E-01
+2.345884E-01
+3.003264E-01
+2.348492E-01
+2.902831E-01
+2.343006E-01
+2.833017E-01
+2.336864E-01
+2.764340E-01
+2.330087E-01
+2.696789E-01
+2.322698E-01
+2.630357E-01
+2.192749E-01
+2.451428E-01
+2.069880E-01
+2.284503E-01
+1.953719E-01
+2.128786E-01
+1.843911E-01
+1.983532E-01
+1.442355E-01
+1.878264E-01
+1.101415E-01
+1.753638E-01
+8.148362E-02
+1.617140E-01
+5.765585E-02
+1.474769E-01
+2.563145E-02
+1.631398E-01
-1.049935E-02
+1.719067E-01
-4.926515E-02
+1.727289E-01
-8.893202E-02
+1.648683E-01
-8.611293E-02
+1.828487E-01
-8.201833E-02
+2.020537E-01
-7.647751E-02
+2.225032E-01
-6.930564E-02
+2.442080E-01
-6.242413E-02
+2.247917E-01
-5.620078E-02
+2.069121E-01
-5.057433E-02
+1.904480E-01
-4.548890E-02
+1.752881E-01
-1.250658E-01
+1.866787E-01
-2.229359E-01
+1.674307E-01
-3.296846E-01
+1.048050E-01
-4.290678E-01
-1.226301E-02
-5.808107E-01
-1.053614E-01
-7.678708E-01
-2.633001E-01
-9.895450E-01
-5.166935E-01
-1.238549E+00
-9.070188E-01
-1.093215E+00
-1.098464E+00
-9.183019E-01
-1.266641E+00
-7.175335E-01
-1.406982E+00
-4.953372E-01
-1.515514E+00
-5.671581E-01
-1.376079E+00
-6.242555E-01
-1.241258E+00
-6.679706E-01
-1.111760E+00
-6.995999E-01
-9.881560E-01
-8.110062E-01
-1.040419E+00
-9.348823E-01
-1.091715E+00
-1.072282E+00
-1.141332E+00
-1.224316E+00
-1.188444E+00
-1.662763E+00
-1.245053E+00
-2.200967E+00
-1.245373E+00
-2.850894E+00
-1.162246E+00
-3.622772E+00
-9.610192E-01
-3.948576E+00
-2.079196E-01
-4.121923E+00
+6.401926E-01
-4.117284E+00
+1.553399E+00
-3.914786E+00
+2.495279E+00
-3.441094E+00
+3.345564E+00
-2.783567E+00
+4.107255E+00
-1.958469E+00
+4.740777E+00
-9.905487E-01
+5.209468E+00
-7.638781E-02
+5.437617E+00
+8.874460E-01
+5.505897E+00
+1.873093E+00
+5.403882E+00
+2.850558E+00
+5.125993E+00
+4.086938E+00
+3.265132E+00
+4.477408E+00
+1.311187E+00
+4.138358E+00
-4.332934E-01
+3.268215E+00
-1.758043E+00
+2.435138E+00
-1.332917E+00
+1.814289E+00
-1.010361E+00
+1.351634E+00
-7.656893E-01
+1.006887E+00
-5.801402E-01
+1.051850E+00
-3.565609E-01
+1.052410E+00
-1.385971E-01
+1.012389E+00
+6.584255E-02
+9.368409E-01
+2.500544E-01
+9.722317E-01
+1.701942E-01
+1.001013E+00
+8.606459E-02
+1.022711E+00
-1.806043E-03
+1.036893E+00
-9.283997E-02
+1.104247E+00
-3.209675E-01
+1.128783E+00
-5.825661E-01
+1.099793E+00
-8.713483E-01
+1.007004E+00
-1.178224E+00
+6.837870E-01
-1.147016E+00
+4.138485E-01
-1.073505E+00
+1.953071E-01
-9.718174E-01
+2.451087E-02
-8.536784E-01
+2.426222E-02
-7.965926E-01
+2.393729E-02
-7.433218E-01
+2.354738E-02
-6.936113E-01
+2.310258E-02
-6.472236E-01
-3.803264E-02
-6.391369E-01
-9.743987E-02
-6.254384E-01
-1.546195E-01
-6.063789E-01
-2.091034E-01
-5.822524E-01
-2.695153E-01
-4.107180E-01
-2.843172E-01
-2.670706E-01
-2.690815E-01
-1.534193E-01
-2.362231E-01
-6.850223E-02
-1.334890E-01
-1.112070E-02
-7.246195E-02
+8.444643E-03
-3.777439E-02
+1.231492E-02
-1.883932E-02
+1.064402E-02
-3.645097E-02
+8.371381E-03
-6.451519E-02
-4.055944E-03
-1.049048E-01
-3.844994E-02
-1.549136E-01
-1.153037E-01
-2.195828E-01
-7.483168E-02
-2.786359E-01
-4.749577E-03
-3.203683E-01
+9.712462E-02
-3.305934E-01
+2.289779E-01
-3.498332E-01
+6.641875E-01
-6.355020E-03
+1.401282E+00
+1.197963E+00
+2.325343E+00
+3.988665E+00
+2.816538E+00
+3.381799E+00
+5.676704E-01
+2.312919E+00
-6.706323E-01
+1.259416E+00
-1.128740E+00
+4.532401E-01
-1.097811E+00
+2.771426E-01
-7.773034E-01
+1.658525E-01
-5.488769E-01
+9.640069E-02
-3.865615E-01
+5.373178E-02
-2.715514E-01
+2.305317E-01
-2.233351E-01
+3.672007E-01
-6.062970E-02
+3.900178E-01
+1.846955E-01
+2.497643E-01
+4.335833E-01
+5.649420E-01
+2.655944E-01
+7.676855E-01
-1.311828E-01
+6.921404E-01
-6.819157E-01
+2.219395E-01
-1.191697E+00
-3.857809E-02
-6.894296E-01
-1.147076E-01
-3.762422E-01
-1.144190E-01
-1.926439E-01
-8.939655E-02
-9.109671E-02
-5.102036E-02
-6.719916E-02
-2.784902E-02
-4.832510E-02
-1.422926E-02
-3.401423E-02
-6.492262E-03
-2.349296E-02
-2.934728E-02
-1.783691E-02
-4.733708E-02
+1.003633E-02
-3.888104E-02
+5.600855E-02
+1.418798E-02
+9.501506E-02
+6.424330E-02
+1.303053E-01
+1.526076E-01
+1.580534E-01
+2.926697E-01
+1.572756E-01
+4.940379E-01
+9.157716E-02
+4.494637E-01
-6.404550E-02
+3.664170E-01
-1.844549E-01
+2.605801E-01
-2.636160E-01
+1.471223E-01
-3.008832E-01
+1.073522E-01
-2.793426E-01
+7.364361E-02
-2.570513E-01
+4.538896E-02
-2.345671E-01
+2.200365E-02
-2.123391E-01
+3.896515E-03
-1.835331E-01
-9.592323E-03
-1.575695E-01
-1.932338E-02
-1.343673E-01
-2.602845E-02
-1.137964E-01
-3.960433E-02
-9.592570E-02
-4.887029E-02
-7.825606E-02
-5.438741E-02
-6.139839E-02
-5.673770E-02
-4.580554E-02
-6.343110E-02
-2.442643E-02
-6.326009E-02
-3.544918E-03
-5.714075E-02
+1.493338E-02
-4.643061E-02
+2.957949E-02
-3.918315E-02
+4.389855E-02
-2.757356E-02
+5.652637E-02
-1.196722E-02
+6.614892E-02
+6.878790E-03
+7.152043E-02
+9.609172E-03
+7.994063E-02
+1.289202E-02
+8.930106E-02
+1.681883E-02
+9.970014E-02
+2.149465E-02
+1.112456E-01
+4.262153E-02
+1.142121E-01
+6.556724E-02
+1.135970E-01
+8.980490E-02
+1.088574E-01
+1.146789E-01
+9.951137E-02
+1.019357E-01
+1.073106E-01
+8.883967E-02
+1.136826E-01
+7.553519E-02
+1.186368E-01
+6.216148E-02
+1.221959E-01
+6.911941E-02
+1.297893E-01
+7.673372E-02
+1.377923E-01
+8.506016E-02
+1.462214E-01
+9.415884E-02
+1.550929E-01
+6.450208E-02
+1.820243E-01
+2.776078E-02
+2.036601E-01
-1.521526E-02
+2.182421E-01
-6.315918E-02
+2.241222E-01
+8.477338E-02
+3.001956E-01
+3.069916E-01
+2.835129E-01
+5.491151E-01
+1.088824E-01
+7.033919E-01
-2.600811E-01
+5.823492E-01
-2.346195E-01
+4.816703E-01
-2.103912E-01
+3.980032E-01
-1.876865E-01
+3.285351E-01
-1.666674E-01
+3.278828E-01
-1.640489E-01
+3.272191E-01
-1.614467E-01
+3.265441E-01
-1.588605E-01
+3.258577E-01
-1.562906E-01
+3.105230E-01
-1.783307E-01
+2.937540E-01
-1.989842E-01
+2.756698E-01
-2.181625E-01
+2.563943E-01
-2.357868E-01
+2.327341E-01
-2.332190E-01
+2.104791E-01
-2.298329E-01
+1.895851E-01
-2.257306E-01
+1.700062E-01
-2.210065E-01
+1.555561E-01
-2.050601E-01
+1.423166E-01
-1.902507E-01
+1.301875E-01
-1.764984E-01
+1.190768E-01
-1.637288E-01
+1.117301E-01
-1.420035E-01
+1.044441E-01
-1.228754E-01
+9.730004E-02
-1.060617E-01
+9.036066E-02
-9.130739E-02
+9.900941E-02
-5.647396E-02
+9.808986E-02
-2.464101E-02
+8.970888E-02
+2.344721E-03
+7.610773E-02
+2.340767E-02
+1.201506E-01
+6.731562E-02
+1.786147E-01
+1.576064E-01
+2.445575E-01
+3.315764E-01
+2.926479E-01
+6.497560E-01
+4.148877E-01
+3.215014E-01
+3.809633E-01
+6.574695E-02
+2.705163E-01
-8.888440E-02
+1.452408E-01
-1.512966E-01
+1.127250E-01
-9.805761E-02
+8.625008E-02
-6.236363E-02
+6.518327E-02
-3.873161E-02
+4.872491E-02
-2.331178E-02
+4.656366E-02
-1.632656E-03
+3.738014E-02
+1.476356E-02
+2.446570E-02
+2.456147E-02
+1.087624E-02
+2.785582E-02
+1.254343E-02
+3.273075E-02
+1.446172E-02
+3.845709E-02
+1.666807E-02
+4.518322E-02
+1.920471E-02
+5.308335E-02
+1.710657E-02
+4.107236E-02
+1.500514E-02
+3.169491E-02
+1.299968E-02
+2.439095E-02
+1.114740E-02
+1.871577E-02
+8.071573E-03
+1.969105E-02
+4.959022E-03
+2.018978E-02
+1.879713E-03
+2.022277E-02
-1.100283E-03
+1.981056E-02
-1.921210E-03
+1.947943E-02
-2.716354E-03
+1.911838E-02
-3.484823E-03
+1.872895E-02
-4.225818E-03
+1.831265E-02
-4.802243E-03
+1.787505E-02
-5.354199E-03
+1.742412E-02
-5.881599E-03
+1.696092E-02
-6.384400E-03
+1.648654E-02
-6.060884E-03
+1.573813E-02
-5.753607E-03
+1.502365E-02
-5.461761E-03
+1.434154E-02
-5.184577E-03
+1.369035E-02
