#I+1.668000E+03
+1.000000E+00
+8.010000E+02
+8.010000E+02
+1.000000E+01
+2.000000E+00
+3.000000E+00
+0.000000E+00
+1.000000E+00
+2.000000E+00
+5.000000E+00
+1.000000E+00
+2.497000E+03
-1.092400E+04
+2.025600E+04
-1.299100E+04
-1.119200E+04
+0.000000E+00
+0.000000E+00
+0.000000E+00
+0.000000E+00
+0.000000E+00
+0.000000E+00
+0.000000E+00
+0.000000E+00
+0.000000E+00
+0.000000E+00
+0.000000E+00
+0.000000E+00
+0.000000E+00
+0.000000E+00
+0.000000E+00
+0.000000E+00
+0.000000E+00
+0.000000E+00
+0.000000E+00
+1.000000E+00
+1.000000E+00
+1.000000E+00
+0.000000E+00
+0.000000E+00
+1.000000E+00
+0.000000E+00
+1.000000E+00
+2.000000E+00
+3.000000E+00
+4.500000E+01
+4.500000E+01
+0.000000E+00
+0.000000E+00
+2.000000E+00
+0.000000E+00
+0.000000E+00
+0.000000E+00
+8.000000E+02
+0.000000E+00
+2.499999E-03
+5.011856E+00
+0.000000E+00
+0.000000E+00
+0.000000E+00
+1.000000E+00
+1.000000E+00
+0.000000E+00
+0.000000E+00
+9.9999904632568339E+00
+9.9999904632568339E+00
+9.068483E-01
-2.013345E-02
+9.110526E-01
-2.581177E-02
+9.152418E-01
-3.154308E-02
+9.194161E-01
-3.732752E-02
+9.235743E-01
-4.316526E-02
+9.281477E-01
-2.971329E-02
+9.325419E-01
-1.613646E-02
+9.367546E-01
-2.436900E-03
+9.407822E-01
+1.138322E-02
+9.381236E-01
+2.175138E-02
+9.353577E-01
+3.206224E-02
+9.324852E-01
+4.231476E-02
+9.295078E-01
+5.250797E-02
+9.238363E-01
+4.389430E-02
+9.181260E-01
+3.538794E-02
+9.123775E-01
+2.698854E-02
+9.065915E-01
+1.869572E-02
+9.080566E-01
+1.402907E-02
+9.095000E-01
+9.347787E-03
+9.109209E-01
+4.651968E-03
+9.123207E-01
-5.830469E-05
+9.252470E-01
-2.425628E-04
+9.383567E-01
-4.320306E-04
+9.516519E-01
-6.268189E-04
+9.651371E-01
-8.270411E-04
+9.538787E-01
+4.928342E-03
+9.427172E-01
+1.054953E-02
+9.316526E-01
+1.603867E-02
+9.206842E-01
+2.139788E-02
+9.211751E-01
+1.676567E-02
+9.216431E-01
+1.212906E-02
+9.220878E-01
+7.488159E-03
+9.225086E-01
+2.843074E-03
+9.318124E-01
+3.074362E-03
+9.412099E-01
+3.310026E-03
+9.507021E-01
+3.550131E-03
+9.602915E-01
+3.794747E-03
+9.443279E-01
-1.062891E-02
+9.284152E-01
-2.457322E-02
+9.125591E-01
-3.804693E-02
+8.967660E-01
-5.105875E-02
+9.087230E-01
-3.386535E-02
+9.204839E-01
-1.622461E-02
+9.320379E-01
+1.865046E-03
+9.433745E-01
+2.040498E-02
+9.339724E-01
+2.206695E-02
+9.246605E-01
+2.369386E-02
+9.154373E-01
+2.528620E-02
+9.063033E-01
+2.684455E-02
+9.047781E-01
+1.379671E-02
+9.030689E-01
+7.982379E-04
+9.011770E-01
-1.214834E-02
+8.991030E-01
-2.504050E-02
+9.091457E-01
-1.743106E-02
+9.192315E-01
-9.650433E-03
+9.293593E-01
-1.696361E-03
+9.395279E-01
+6.433413E-03
+9.460574E-01
-8.688729E-04
+9.525746E-01
-8.272575E-03
+9.590791E-01
-1.577830E-02
+9.655703E-01
-2.338665E-02
+9.594906E-01
-2.124702E-02
+9.534448E-01
-1.913350E-02
+9.474333E-01
-1.704587E-02
+9.414557E-01
-1.498387E-02
+9.448601E-01
-8.079266E-03
+9.482254E-01
-1.125344E-03
+9.515515E-01
+5.877775E-03
+9.548365E-01
+1.292996E-02
+9.442974E-01
+1.131615E-02
+9.338723E-01
+9.736417E-03
+9.235602E-01
+8.190220E-03
+9.133590E-01
+6.676997E-03
+9.171899E-01
+5.263993E-03
+9.210347E-01
+3.839033E-03
+9.248930E-01
+2.402048E-03
+9.287656E-01
+9.529631E-04
+9.294511E-01
+7.986316E-03
+9.300841E-01
+1.503011E-02
+9.306644E-01
+2.208396E-02
+9.311906E-01
+2.914743E-02
+9.354454E-01
+2.249841E-02
+9.396699E-01
+1.578957E-02
+9.438640E-01
+9.020867E-03
+9.480267E-01
+2.192259E-03
+9.462145E-01
+1.893023E-03
+9.444059E-01
+1.594924E-03
+9.426006E-01
+1.297958E-03
+9.407993E-01
+1.002122E-03
+9.411105E-01
-1.764475E-03
+9.414138E-01
-4.532895E-03
+9.417091E-01
-7.303114E-03
+9.419964E-01
-1.007511E-02
+9.433278E-01
-3.245651E-03
+9.446114E-01
+3.602606E-03
+9.458471E-01
+1.046934E-02
+9.470342E-01
+1.735420E-02
+9.456707E-01
+1.053788E-02
+9.442600E-01
+3.742044E-03
+9.428028E-01
-3.033001E-03
+9.412988E-01
-9.786943E-03
+9.389926E-01
-5.071170E-03
+9.366687E-01
-3.786897E-04
+9.343270E-01
+4.290468E-03
+9.319678E-01
+8.936269E-03
+9.350332E-01
+1.177841E-02
+9.381002E-01
+1.463923E-02
+9.411689E-01
+1.751880E-02
+9.442390E-01
+2.041719E-02
+9.364603E-01
+1.817798E-02
+9.287413E-01
+1.597438E-02
+9.210812E-01
+1.380597E-02
+9.134794E-01
+1.167231E-02
+9.165395E-01
+5.410527E-03
+9.195665E-01
-8.927846E-04
+9.225598E-01
-7.237532E-03
+9.255191E-01
-1.362362E-02
+9.242583E-01
-1.038045E-02
+9.229878E-01
-7.146263E-03
+9.217080E-01
-3.921070E-03
+9.204188E-01
-7.049019E-04
+9.206174E-01
+8.895496E-04
+9.208134E-01
+2.484687E-03
+9.210065E-01
+4.080505E-03
+9.211975E-01
+5.677004E-03
+9.220120E-01
+6.110317E-03
+9.228269E-01
+6.544397E-03
+9.236420E-01
+6.979237E-03
+9.244584E-01
+7.414849E-03
+9.248010E-01
+6.396321E-03
+9.251426E-01
+5.377046E-03
+9.254831E-01
+4.357024E-03
+9.258228E-01
+3.336258E-03
+9.252017E-01
+4.751542E-03
+9.245790E-01
+6.164935E-03
+9.239546E-01
+7.576435E-03
+9.233278E-01
+8.986032E-03
+9.240066E-01
+8.198244E-03
+9.246853E-01
+7.409307E-03
+9.253641E-01
+6.619208E-03
+9.260426E-01
+5.827957E-03
+9.236995E-01
+6.047760E-03
+9.213618E-01
+6.266414E-03
+9.190300E-01
+6.483923E-03
+9.167045E-01
+6.700289E-03
+9.166614E-01
+7.660839E-03
+9.166175E-01
+8.621307E-03
+9.165722E-01
+9.581691E-03
+9.165267E-01
+1.054199E-02
+9.151302E-01
+1.214189E-02
+9.137334E-01
+1.373692E-02
+9.123355E-01
+1.532710E-02
+9.109369E-01
+1.691241E-02
+9.106296E-01
+2.071657E-02
+9.103068E-01
+2.451846E-02
+9.099678E-01
+2.831801E-02
+9.096123E-01
+3.211512E-02
+9.115129E-01
+3.293670E-02
+9.134170E-01
+3.376158E-02
+9.153241E-01
+3.458979E-02
+9.172345E-01
+3.542133E-02
+9.239093E-01
+3.592630E-02
+9.306327E-01
+3.643676E-02
+9.374045E-01
+3.695274E-02
+9.442271E-01
+3.747436E-02
+9.376191E-01
+2.929975E-02
+9.309910E-01
+2.124034E-02
+9.243442E-01
+1.329547E-02
+9.176794E-01
+5.464437E-03
+9.167384E-01
+1.009426E-02
+9.157749E-01
+1.471473E-02
+9.147891E-01
+1.932573E-02
+9.137810E-01
+2.392716E-02
+9.175631E-01
+2.241536E-02
+9.213577E-01
+2.089071E-02
+9.251653E-01
+1.935314E-02
+9.289862E-01
+1.780259E-02
+9.259957E-01
+1.682806E-02
+9.230138E-01
+1.585964E-02
+9.200405E-01
+1.489731E-02
+9.170755E-01
+1.394102E-02
+9.177376E-01
+1.403965E-02
+9.184004E-01
+1.413842E-02
+9.190634E-01
+1.423733E-02
+9.197284E-01
+1.433639E-02
+9.184130E-01
+1.403885E-02
+9.170998E-01
+1.374213E-02
+9.157883E-01
+1.344623E-02
+9.144789E-01
+1.315116E-02
+9.141754E-01
+1.274334E-02
+9.138716E-01
+1.233581E-02
+9.135681E-01
+1.192853E-02
+9.132649E-01
+1.152154E-02
+9.090069E-01
+1.090010E-02
+9.047686E-01
+1.028421E-02
+9.005497E-01
+9.673825E-03
+8.963503E-01
+9.068916E-03
+8.957304E-01
+1.056874E-02
+8.951083E-01
+1.206652E-02
+8.944841E-01
+1.356223E-02
+8.938578E-01
+1.505589E-02
+8.931187E-01
+1.818724E-02
+8.923691E-01
+2.131359E-02
+8.916093E-01
+2.443491E-02
+8.908390E-01
+2.755116E-02
+8.967214E-01
+3.294303E-02
+9.026123E-01
+3.840587E-02
+9.085110E-01
+4.394018E-02
+9.144174E-01
+4.954649E-02
+9.156796E-01
+4.558212E-02
+9.169255E-01
+4.160767E-02
+9.181558E-01
+3.762322E-02
+9.193688E-01
+3.362880E-02
+9.162851E-01
+3.165903E-02
+9.132079E-01
+2.970224E-02
+9.101370E-01
+2.775836E-02
+9.070731E-01
+2.582734E-02
+9.063324E-01
+2.653933E-02
+9.055918E-01
+2.725014E-02
+9.048513E-01
+2.795979E-02
+9.041105E-01
+2.866830E-02
+9.020914E-01
+3.082995E-02
+9.000715E-01
+3.298195E-02
+8.980502E-01
+3.512437E-02
+8.960276E-01
+3.725717E-02
+8.980704E-01
+3.569853E-02
+9.001151E-01
+3.413270E-02
+9.021612E-01
+3.255967E-02
+9.042095E-01
+3.097945E-02
+9.039181E-01
+3.088446E-02
+9.036265E-01
+3.078954E-02
+9.033352E-01
+3.069467E-02
+9.030453E-01
+3.059988E-02
+8.995381E-01
+2.742708E-02
+8.960344E-01
+2.427882E-02
+8.925336E-01
+2.115497E-02
+8.890365E-01
+1.805545E-02
+8.839179E-01
+1.937238E-02
+8.788267E-01
+2.067358E-02
+8.737625E-01
+2.195920E-02
+8.687259E-01
+2.322939E-02
+8.635646E-01
+2.254077E-02
+8.584338E-01
+2.185954E-02
+8.533331E-01
+2.118561E-02
+8.482624E-01
+2.051895E-02
+8.484527E-01
+2.224054E-02
+8.486398E-01
+2.396299E-02
+8.488234E-01
+2.568629E-02
+8.490032E-01
+2.741043E-02
+8.339120E-01
+3.788159E-02
+8.189474E-01
+4.797640E-02
+8.041125E-01
+5.770301E-02
+7.894100E-01
+6.706949E-02
+7.615648E-01
+6.958230E-02
+7.346719E-01
+7.183696E-02
+7.086998E-01
+7.384823E-02
+6.836174E-01
+7.563020E-02
+6.935676E-01
+1.005935E-01
+7.028397E-01
+1.263584E-01
+7.113937E-01
+1.529164E-01
+7.191886E-01
+1.802573E-01
+7.581018E-01
+3.300230E-01
+7.734738E-01
+5.018960E-01
+7.589008E-01
+6.937750E-01
+7.077232E-01
+9.021762E-01
+1.099690E+00
+7.761091E-01
+1.497988E+00
+5.023280E-01
+1.853654E+00
+6.031301E-02
+2.104716E+00
-5.565189E-01
+1.781338E+00
-3.464594E-01
+1.500757E+00
-1.896328E-01
+1.258715E+00
-7.471471E-02
+1.051043E+00
+7.478614E-03
+1.030812E+00
+1.322091E-03
+1.010935E+00
-4.599939E-03
+9.914073E-01
-1.029403E-02
+9.722241E-01
-1.576659E-02
+9.748138E-01
-7.687443E-03
+9.773427E-01
+4.337534E-04
+9.798099E-01
+8.596601E-03
+9.822141E-01
+1.680066E-02
+9.744500E-01
+1.361517E-02
+9.667376E-01
+1.047916E-02
+9.590770E-01
+7.392068E-03
+9.514674E-01
+4.353342E-03
+9.490944E-01
+3.564017E-03
+9.467269E-01
+2.778607E-03
+9.443644E-01
+1.997094E-03
+9.420081E-01
+1.219467E-03
+9.397663E-01
+1.218165E-03
+9.375297E-01
+1.216863E-03
+9.352983E-01
+1.215560E-03
+9.330724E-01
+1.214256E-03
+9.283214E-01
+9.636556E-04
+9.235943E-01
+7.155760E-04
+9.188913E-01
+4.699979E-04
+9.142133E-01
+2.269030E-04
+9.114629E-01
+3.586854E-04
+9.087211E-01
+4.896728E-04
+9.059874E-01
+6.198689E-04
+9.032627E-01
+7.492778E-04
+9.005047E-01
+2.077814E-03
+8.977534E-01
+3.398232E-03
+8.950084E-01
+4.710565E-03
+8.922697E-01
+6.014851E-03
+8.907233E-01
+7.617240E-03
+8.891765E-01
+9.214075E-03
+8.876296E-01
+1.080537E-02
+8.860818E-01
+1.239112E-02
+8.837002E-01
+9.674320E-03
+8.813172E-01
+6.972150E-03
+8.789323E-01
+4.284573E-03
+8.765460E-01
+1.611555E-03
+8.731173E-01
+2.169853E-03
+8.697017E-01
+2.723759E-03
+8.662992E-01
+3.273299E-03
+8.629097E-01
+3.818498E-03
+8.598677E-01
+4.481151E-03
+8.568355E-01
+5.139085E-03
+8.538140E-01
+5.792328E-03
+8.508023E-01
+6.440896E-03
+8.478125E-01
+6.540743E-03
+8.448332E-01
+6.639809E-03
+8.418645E-01
+6.738099E-03
+8.389071E-01
+6.835622E-03
+8.345998E-01
+7.094619E-03
+8.303145E-01
+7.350775E-03
+8.260511E-01
+7.604116E-03
+8.218103E-01
+7.854672E-03
+8.198818E-01
+1.065544E-02
+8.179479E-01
+1.344311E-02
+8.160092E-01
+1.621770E-02
+8.140656E-01
+1.897921E-02
+8.116692E-01
+1.725336E-02
+8.092769E-01
+1.553757E-02
+8.068880E-01
+1.383183E-02
+8.045026E-01
+1.213608E-02
+7.993096E-01
+1.217004E-02
+7.941497E-01
+1.220306E-02
+7.890235E-01
+1.223514E-02
+7.839306E-01
+1.226632E-02
+7.794753E-01
+1.416068E-02
+7.750402E-01
+1.603318E-02
+7.706257E-01
+1.788402E-02
+7.662316E-01
+1.971335E-02
+7.626515E-01
+1.934046E-02
+7.590881E-01
+1.897062E-02
+7.555412E-01
+1.860381E-02
+7.520109E-01
+1.824004E-02
+7.470349E-01
+1.890553E-02
+7.420908E-01
+1.956144E-02
+7.371789E-01
+2.020786E-02
+7.322985E-01
+2.084487E-02
+7.265502E-01
+2.114295E-02
+7.208465E-01
+2.143506E-02
+7.151879E-01
+2.172130E-02
+7.095734E-01
+2.200174E-02
+7.043000E-01
+2.334597E-02
+6.990629E-01
+2.466909E-02
+6.938614E-01
+2.597135E-02
+6.886958E-01
+2.725299E-02
+6.826130E-01
+2.930893E-02
+6.765765E-01
+3.132672E-02
+6.705857E-01
+3.330686E-02
+6.646403E-01
+3.524982E-02
+6.590606E-01
+3.551268E-02
+6.535273E-01
+3.576865E-02
+6.480401E-01
+3.601784E-02
+6.425985E-01
+3.626034E-02
+6.376487E-01
+3.797897E-02
+6.327308E-01
+3.966933E-02
+6.278444E-01
+4.133172E-02
+6.229900E-01
+4.296642E-02
+6.126493E-01
+4.250143E-02
+6.024805E-01
+4.204006E-02
+5.924803E-01
+4.158231E-02
+5.826462E-01
+4.112821E-02
+5.710991E-01
+4.586332E-02
+5.597287E-01
+5.039831E-02
+5.485326E-01
+5.473868E-02
+5.375103E-01
+5.888981E-02
+5.302921E-01
+6.411113E-02
+5.231048E-01
+6.918885E-02
+5.159486E-01
+7.412513E-02
+5.088256E-01
+7.892196E-02
+4.960911E-01
+8.129574E-02
+4.836388E-01
+8.350690E-02
+4.714637E-01
+8.556165E-02
+4.595605E-01
+8.746602E-02
+4.422920E-01
+9.842028E-02
+4.252464E-01
+1.085088E-01
+4.084427E-01
+1.177660E-01
+3.918979E-01
+1.262255E-01
+3.776898E-01
+1.434579E-01
+3.628972E-01
+1.596291E-01
+3.475855E-01
+1.747307E-01
+3.318189E-01
+1.887579E-01
+3.244753E-01
+2.126222E-01
+3.155040E-01
+2.363562E-01
+3.048901E-01
+2.598543E-01
+2.926252E-01
+2.830082E-01
+2.972476E-01
+2.982199E-01
+3.017393E-01
+3.140385E-01
+3.060843E-01
+3.304824E-01
+3.102655E-01
+3.475698E-01
+3.160900E-01
+3.599160E-01
+3.219755E-01
+3.726576E-01
+3.279203E-01
+3.858063E-01
+3.339224E-01
+3.993737E-01
+3.319185E-01
+4.076076E-01
+3.297874E-01
+4.158947E-01
+3.275273E-01
+4.242340E-01
+3.251362E-01
+4.326246E-01
+3.182269E-01
+4.427741E-01
+3.110490E-01
+4.528494E-01
+3.036023E-01
+4.628446E-01
+2.958861E-01
+4.727525E-01
+2.851859E-01
+4.790031E-01
+2.743540E-01
+4.850118E-01
+2.633961E-01
+4.907758E-01
+2.523174E-01
+4.962924E-01
+2.654161E-01
+5.257207E-01
+2.791839E-01
+5.568884E-01
+2.936544E-01
+5.898985E-01
+3.088632E-01
+6.248587E-01
+3.431148E-01
+5.840779E-01
+3.734619E-01
+5.421511E-01
+3.999442E-01
+4.993868E-01
+4.226213E-01
+4.560817E-01
+3.568965E-01
+4.108188E-01
+3.006729E-01
+3.693807E-01
+2.526534E-01
+3.315549E-01
+2.117092E-01
+2.971193E-01
+1.614217E-01
+3.178354E-01
+1.098230E-01
+3.305503E-01
+5.811902E-02
+3.353435E-01
+7.463773E-03
+3.324675E-01
-3.514277E-02
+3.500647E-01
-8.215569E-02
+3.630342E-01
-1.331971E-01
+3.705749E-01
-1.877668E-01
+3.718948E-01
-2.727275E-01
+4.030016E-01
-3.757762E-01
+4.264334E-01
-4.986424E-01
+4.382889E-01
-6.427506E-01
+4.337921E-01
-7.461974E-01
+4.702889E-01
-8.651065E-01
+5.080980E-01
-1.001642E+00
+5.468484E-01
-1.158250E+00
+5.860408E-01
-1.292392E+00
+6.773787E-01
-1.441691E+00
+7.822040E-01
-1.607809E+00
+9.024332E-01
-1.792581E+00
+1.040248E+00
-1.770785E+00
+1.248068E+00
-1.728970E+00
+1.462451E+00
-1.665706E+00
+1.681826E+00
-1.579650E+00
+1.904426E+00
-1.709796E+00
+1.933927E+00
-1.846477E+00
+1.960411E+00
-1.989872E+00
+1.983535E+00
-2.140157E+00
+2.002934E+00
-2.501029E+00
+2.300519E+00
-2.922349E+00
+2.641890E+00
-3.414184E+00
+3.033413E+00
-3.988260E+00
+3.482371E+00
-4.489926E+00
+4.358880E+00
-5.027339E+00
+5.424682E+00
-5.595136E+00
+6.716123E+00
-6.184722E+00
+8.275777E+00
-4.895719E+00
+1.119852E+01
-2.623825E+00
+1.421817E+01
+8.063775E-01
+1.708477E+01
+5.529630E+00
+1.946315E+01
+8.149210E+00
+1.566003E+01
+9.718839E+00
+1.194917E+01
+1.040744E+01
+8.501848E+00
+1.038947E+01
+5.434722E+00
+9.904649E+00
+4.325362E+00
+9.387106E+00
+3.336657E+00
+8.847284E+00
+2.461005E+00
+8.294279E+00
+1.690747E+00
+7.753730E+00
+1.323788E+00
+7.240779E+00
+9.990343E-01
+6.754710E+00
+7.126583E-01
+6.294749E+00
+4.611282E-01
+6.049434E+00
+3.870798E-01
+5.813182E+00
+3.181389E-01
+5.585681E+00
+2.540229E-01
+5.366620E+00
+1.944633E-01
+5.384065E+00
+1.419972E-01
+5.401040E+00
+8.920692E-02
+5.417544E+00
+3.609619E-02
+5.433576E+00
-1.733134E-02
+5.342059E+00
-9.119159E-01
+5.104707E+00
-1.776831E+00
+4.728782E+00
-2.588543E+00
+4.225305E+00
-3.325096E+00
+3.309688E+00
-2.451391E+00
+2.589056E+00
-1.802903E+00
+2.022763E+00
-1.322498E+00
+1.578406E+00
-9.673363E-01
+1.604213E+00
-8.302563E-01
+1.619675E+00
-6.950334E-01
+1.625200E+00
-5.623468E-01
+1.621234E+00
-4.328281E-01
+1.537731E+00
-3.335269E-01
+1.455116E+00
-2.442181E-01
+1.373773E+00
-1.642296E-01
+1.294035E+00
-9.291433E-02
+1.142462E+00
-5.290814E-02
+1.007991E+00
-2.104605E-02
+8.887728E-01
+4.021912E-03
+7.831496E-01
+2.344399E-02
+8.434871E-01
-4.938093E-01
+5.647567E-01
-1.080616E+00
-1.185011E-01
-1.516427E+00
-1.129447E+00
-1.524732E+00
-2.558037E+00
-1.503426E+00
-4.600919E+00
-5.989438E-01
-6.987624E+00
+1.952277E+00
-8.861883E+00
+7.083653E+00
-4.661046E+00
+1.238333E+01
+2.709075E+00
+1.519188E+01
+1.177129E+01
+1.361408E+01
+1.991510E+01
+6.630643E+00
+1.644307E+01
+3.859385E+00
+1.345843E+01
+1.892144E+00
+1.092305E+01
+5.336188E-01
+8.792139E+00
-3.699172E-01
+8.258203E+00
-3.801427E-01
+7.756572E+00
-3.877671E-01
+7.285296E+00
-3.930679E-01
+6.842544E+00
-3.962982E-01
+6.734496E+00
-4.873610E-01
+6.626777E+00
-5.755290E-01
+6.519418E+00
-6.608504E-01
+6.412463E+00
-7.433726E-01
+6.520343E+00
-8.710746E-01
+6.627994E+00
-1.003100E+00
+6.735339E+00
-1.139526E+00
+6.842292E+00
-1.280430E+00
+7.171157E+00
-1.633168E+00
+7.503852E+00
-2.019096E+00
+7.839229E+00
-2.440222E+00
+8.175993E+00
-2.898620E+00
+6.554429E+00
-3.761731E+00
+5.029798E+00
-4.248111E+00
+3.647101E+00
-4.426755E+00
+2.434139E+00
-4.363828E+00
+2.558191E+00
-3.593494E+00
+2.592487E+00
-2.905553E+00
+2.556001E+00
-2.298595E+00
+2.465244E+00
-1.769547E+00
+2.583797E+00
-1.598850E+00
+2.690535E+00
-1.420214E+00
+2.784928E+00
-1.234460E+00
+2.866497E+00
-1.042440E+00
+2.984250E+00
-1.018391E+00
+3.105461E+00
-9.911083E-01
+3.230180E+00
-9.604122E-01
+3.358456E+00
-9.261149E-01
+3.496136E+00
-9.981116E-01
+3.639140E+00
-1.074543E+00
+3.787656E+00
-1.155654E+00
+3.941880E+00
-1.241697E+00
+4.095540E+00
-1.573180E+00
+4.236699E+00
-1.934446E+00
+4.362662E+00
-2.326452E+00
+4.470521E+00
-2.750034E+00
+4.345435E+00
-2.560248E+00
+4.221786E+00
-2.380201E+00
+4.099690E+00
-2.209484E+00
+3.979262E+00
-2.047703E+00
+4.142739E+00
-1.894295E+00
+4.301721E+00
-1.730595E+00
+4.455647E+00
-1.556642E+00
+4.603951E+00
-1.372504E+00
+4.745271E+00
-1.437278E+00
+4.890826E+00
-1.504765E+00
+5.040738E+00
-1.575073E+00
+5.195136E+00
-1.648309E+00
+5.332612E+00
-1.747928E+00
+5.473178E+00
-1.851840E+00
+5.616879E+00
-1.960200E+00
+5.763770E+00
-2.073172E+00
+5.880282E+00
-2.224704E+00
+5.997306E+00
-2.382180E+00
+6.114749E+00
-2.545763E+00
+6.232526E+00
-2.715621E+00
+6.404666E+00
-2.882586E+00
+6.580420E+00
-3.057200E+00
+6.759812E+00
-3.239759E+00
+6.942862E+00
-3.430578E+00
+7.164697E+00
-3.615450E+00
+7.392961E+00
-3.808959E+00
+7.627814E+00
-4.011472E+00
+7.869418E+00
-4.223363E+00
+8.035940E+00
-4.767694E+00
+8.185560E+00
-5.344127E+00
+8.316080E+00
-5.953364E+00
+8.425165E+00
-6.596026E+00
+8.293363E+00
-6.812211E+00
+8.156118E+00
-7.025893E+00
+8.013479E+00
-7.236939E+00
+7.865483E+00
-7.445214E+00
+8.630491E+00
-6.678287E+00
+9.320818E+00
-5.832862E+00
+9.928427E+00
-4.916200E+00
+1.044598E+01
-3.936392E+00
+1.037312E+01
+8.896175E-01
+8.370569E+00
+4.921134E+00
+5.063855E+00
+7.507909E+00
+1.240919E+00
+8.354418E+00
-1.221082E+00
+6.777553E+00
-2.711570E+00
+4.917081E+00
-3.377571E+00
+3.090992E+00
-3.415622E+00
+1.506575E+00
-3.670875E+00
+1.259670E+00
-3.913529E+00
+9.814194E-01
-4.140370E+00
+6.718086E-01
-4.348069E+00
+3.311049E-01
-3.875283E+00
+2.698571E-01
-3.453759E+00
+2.180251E-01
-3.077955E+00
+1.742851E-01
-2.742927E+00
+1.374893E-01
-2.626509E+00
+1.127761E-01
-2.514905E+00
+8.991946E-02
-2.407917E+00
+6.880696E-02
-2.305362E+00
+4.933252E-02
-2.235871E+00
+5.565117E-02
-2.168446E+00
+6.154459E-02
-2.103029E+00
+6.703262E-02
-2.039560E+00
+7.213418E-02
-1.827037E+00
+9.545027E-02
-1.636193E+00
+1.131405E-01
-1.464865E+00
+1.261154E-01
-1.311103E+00
+1.351582E-01
-1.195583E+00
+8.383711E-02
-1.089069E+00
+4.063133E-02
-9.909817E-01
+4.533046E-03
-9.007639E-01
-2.535626E-02
-6.708225E-01
-1.003992E-01
-4.922081E-01
-1.356842E-01
-3.555439E-01
-1.459006E-01
-2.524948E-01
-1.411772E-01
-2.539868E-01
-3.783014E-01
-8.702712E-02
-7.124142E-01
+3.856750E-01
-1.062655E+00
+1.299301E+00
-1.217573E+00
+1.139417E+00
-1.469831E+00
+9.329570E-01
-1.703654E+00
+6.814967E-01
-1.910789E+00
+3.880243E-01
-2.082985E+00
-3.009096E-01
-2.311631E+00
-1.099513E+00
-2.317085E+00
-1.937135E+00
-2.051736E+00
-2.723681E+00
-1.489737E+00
-2.669176E+00
-7.529675E-01
-2.474518E+00
-1.223432E-01
-2.179036E+00
+3.878585E-01
-1.819822E+00
+7.730607E-01
-6.381020E-01
+7.066446E-01
-1.354248E-01
+4.380271E-01
+2.966568E-02
+2.187777E-01
+5.731713E-02
+8.954121E-02
+1.277592E-01
+8.556391E-02
+2.188449E-01
+3.956092E-02
+3.129985E-01
-7.409219E-02
+3.721033E-01
-2.792034E-01
+4.915200E-01
-3.841415E-01
+6.488558E-01
-5.279817E-01
+8.560046E-01
-7.249779E-01
+1.128537E+00
-9.945537E-01
+1.082771E+00
-1.106656E+00
+1.027272E+00
-1.218244E+00
+9.618224E-01
-1.328564E+00
+8.862537E-01
-1.436826E+00
+9.619733E-01
-1.981104E+00
+9.889081E-01
-2.697477E+00
+9.299646E-01
-3.630826E+00
+7.311155E-01
-4.834546E+00
-2.644420E-01
-5.371839E+00
-1.454856E+00
-5.734366E+00
-2.817307E+00
-5.866029E+00
-4.314977E+00
-5.711310E+00
-4.062478E+00
-4.562631E+00
-3.768888E+00
-3.602771E+00
-3.453296E+00
-2.806359E+00
-3.130198E+00
-2.150500E+00
-3.350384E+00
-2.227026E+00
-3.584846E+00
-2.304513E+00
-3.834445E+00
-2.382781E+00
-4.100093E+00
-2.461635E+00
-5.194324E+00
-3.033906E+00
-6.579295E+00
-3.737072E+00
-8.331942E+00
-4.600463E+00
-1.054945E+01
-5.659791E+00
-9.702177E+00
+1.329077E+00
-5.780202E+00
+5.545752E+00
-1.157177E+00
+6.449395E+00
+2.336262E+00
+4.823792E+00
+2.539273E+00
+3.353872E+00
+2.469700E+00
+2.191308E+00
+2.237545E+00
+1.307191E+00
+1.923026E+00
+6.623672E-01
+1.347942E+00
+3.061215E-01
+9.332088E-01
+1.077162E-01
+6.384176E-01
+4.161949E-03
+4.316360E-01
-4.412738E-02
+3.400069E-01
+6.789018E-03
+2.638711E-01
+3.767195E-02
+2.016971E-01
+5.444523E-02
+1.517291E-01
+6.157152E-02
+1.110694E-01
-3.621719E-02
+4.391239E-02
-7.084326E-02
-8.640094E-03
-5.883453E-02
-3.177585E-02
-2.811136E-02
-5.126759E-02
-5.830903E-02
-7.975350E-02
-1.175971E-01
-1.179179E-01
-2.317619E-01
-1.611066E-01
-4.477814E-01
+1.152603E-01
-4.607014E-01
+3.515304E-01
-3.178492E-01
+4.680086E-01
-6.815119E-02
+4.258185E-01
+2.035539E-01
+3.042334E-01
+1.591487E-01
+2.170053E-01
+1.236783E-01
+1.545204E-01
+9.560405E-02
+1.098299E-01
+7.355566E-02
+1.073419E-01
+6.452258E-02
+1.045691E-01
+5.608950E-02
+1.015546E-01
+4.823736E-02
+9.833826E-02
+4.094618E-02
+1.022426E-01
+2.275335E-02
+1.028980E-01
+4.468692E-03
+1.003920E-01
-1.334685E-02
+9.490587E-02
-3.016522E-02
+1.004217E-01
-4.227311E-02
+1.052319E-01
-5.601262E-02
+1.091117E-01
-7.146008E-02
+1.118083E-01
-8.867626E-02
+9.232472E-02
-1.344974E-01
+5.562294E-02
-1.780048E-01
+8.877817E-04
-2.131921E-01
-7.075073E-02
-2.332224E-01
-1.610807E-01
-1.818949E-01
-2.215826E-01
-9.782879E-02
-2.414456E-01
+3.497453E-03
-2.173103E-01
+1.035644E-01
-1.193626E-01
+1.169851E-01
-5.201759E-02
+1.037233E-01
-1.078227E-02
+7.983656E-02
+1.091264E-02
+5.485723E-02
-9.638509E-03
+3.776816E-02
-1.741836E-02
+2.084417E-02
-1.721914E-02
+7.865014E-03
-1.319031E-02
-2.344334E-04
-1.735787E-02
-2.240826E-04
-2.284165E-02
-1.837975E-04
-3.005719E-02
-9.570220E-05
-3.955115E-02
+6.638407E-05
-4.106332E-02
+1.121087E-02
-3.949452E-02
+2.321270E-02
-3.448396E-02
+3.523713E-02
-2.589208E-02
+4.631545E-02
-5.372358E-03
+4.326200E-02
+9.299574E-03
+3.458788E-02
+1.778152E-02
+2.344577E-02
+2.078870E-02
+1.234098E-02
+2.140923E-02
+1.469164E-02
+2.190853E-02
+1.725461E-02
+2.226292E-02
+2.003656E-02
+2.244658E-02
+2.304299E-02
+2.791113E-02
+2.415233E-02
+3.426669E-02
+2.488712E-02
+4.160430E-02
+2.510673E-02
+5.001431E-02
+2.464155E-02
+5.293634E-02
+1.729186E-02
+5.478618E-02
+9.611642E-03
+5.552914E-02
+1.756216E-03
+5.515290E-02
-6.115950E-03
+3.164814E-02
-5.476060E-03
+1.809124E-02
-4.278452E-03
+1.030117E-02
-3.109034E-03
+5.841798E-03
-2.159031E-03
+7.101179E-03
+6.203185E-04
+7.046350E-03
+4.112308E-03
+5.283094E-03
+7.699612E-03
+1.705096E-03
+1.055066E-02
-6.162469E-03
+1.230488E-02
-1.570160E-02
+8.213835E-03
-2.258593E-02
-3.241647E-03
-2.115240E-02
-2.039110E-02
-6.483723E-03
-2.542630E-02
+7.023118E-03
-2.235790E-02
+1.583977E-02
-1.368075E-02
+1.845871E-02
-2.947636E-03
+2.369976E-02
-4.597868E-03
+3.039396E-02
-6.953160E-03
+3.893361E-02
-1.028098E-02
+4.981358E-02
-1.494340E-02
