#I+1.668000E+03
+1.000000E+00
+8.010000E+02
+8.010000E+02
+1.000000E+01
+2.000000E+00
+3.000000E+00
+0.000000E+00
+1.000000E+00
+2.000000E+00
+5.000000E+00
+1.000000E+00
+2.497000E+03
-1.092400E+04
+2.025600E+04
-1.299100E+04
-1.119200E+04
+0.000000E+00
+0.000000E+00
+0.000000E+00
+0.000000E+00
+0.000000E+00
+0.000000E+00
+0.000000E+00
+0.000000E+00
+0.000000E+00
+0.000000E+00
+0.000000E+00
+0.000000E+00
+0.000000E+00
+0.000000E+00
+0.000000E+00
+0.000000E+00
+0.000000E+00
+0.000000E+00
+0.000000E+00
+1.000000E+00
+1.000000E+00
+1.000000E+00
+0.000000E+00
+0.000000E+00
+1.000000E+00
+0.000000E+00
+1.000000E+00
+2.000000E+00
+3.000000E+00
+4.500000E+01
+4.500000E+01
+0.000000E+00
+0.000000E+00
+2.000000E+00
+0.000000E+00
+0.000000E+00
+0.000000E+00
+8.000000E+02
+0.000000E+00
+2.499999E-03
+1.995267E+00
+0.000000E+00
+0.000000E+00
+0.000000E+00
+1.000000E+00
+1.000000E+00
+0.000000E+00
+0.000000E+00
+9.9999904632568339E+00
+9.9999904632568339E+00
+4.494998E-01
-1.962136E-01
+3.894653E-01
-1.063743E-01
+3.298823E-01
-4.033551E-02
+2.734973E-01
+6.370657E-03
+2.220161E-01
+3.770988E-02
+3.149186E-01
+7.092063E-02
+4.453658E-01
+1.255483E-01
+6.279205E-01
+2.136975E-01
+8.825045E-01
+3.538062E-01
+7.979699E-01
+1.935371E-01
+7.059413E-01
+6.697677E-02
+6.116654E-01
-2.984658E-02
+5.191379E-01
-1.009750E-01
+4.121638E-01
-5.760401E-02
+3.262878E-01
-2.800344E-02
+2.575673E-01
-8.340025E-03
+2.027439E-01
+4.233333E-03
+2.637382E-01
+1.744078E-02
+3.423801E-01
+3.822651E-02
+4.435547E-01
+6.991802E-02
+5.734263E-01
+1.171354E-01
+4.689310E-01
+4.784282E-02
+3.796293E-01
+7.009612E-04
+3.042813E-01
-2.990944E-02
+2.414424E-01
-4.839195E-02
+1.651388E-01
+2.456733E-02
+9.970860E-02
+5.359098E-02
+5.130344E-02
+5.708276E-02
+1.962179E-02
+4.819576E-02
+3.708046E-02
+9.522499E-02
+6.994854E-02
+1.880944E-01
+1.316967E-01
+3.714369E-01
+2.474340E-01
+7.332974E-01
+3.501448E-01
+6.788951E-01
+4.423088E-01
+6.105836E-01
+5.221194E-01
+5.302626E-01
+5.880953E-01
+4.400535E-01
+4.686536E-01
+1.448040E-01
+3.272684E-01
-1.409598E-02
+2.026806E-01
-8.231090E-02
+1.090092E-01
-9.725656E-02
+2.071813E-01
-2.828101E-02
+2.685637E-01
+1.321079E-01
+2.131701E-01
+3.715946E-01
-4.410229E-02
+6.115948E-01
+1.003655E-01
+5.678459E-01
+2.220484E-01
+4.947444E-01
+3.162068E-01
+4.001132E-01
+3.803168E-01
+2.921762E-01
+4.089573E-01
+1.709423E-01
+4.058302E-01
+5.585424E-02
+3.757790E-01
-4.621967E-02
+3.247573E-01
-1.302903E-01
+3.603607E-01
+8.903350E-02
+2.551237E-01
+2.999424E-01
+3.382970E-02
+4.163409E-01
-2.288361E-01
+3.794519E-01
-2.926480E-01
+1.850643E-01
-2.692240E-01
+2.691806E-02
-1.975271E-01
-7.538490E-02
-1.116394E-01
-1.217804E-01
-1.958480E-01
-9.644707E-02
-2.873994E-01
-2.488657E-02
-3.658339E-01
+1.071180E-01
-3.991429E-01
+3.072658E-01
-6.020776E-01
+2.340822E-01
-8.254012E-01
+7.078595E-02
-1.041296E+00
-2.107622E-01
-1.205373E+00
-6.351513E-01
-8.814754E-01
-5.068790E-01
-6.434456E-01
-4.022966E-01
-4.688031E-01
-3.177461E-01
-3.408836E-01
-2.498806E-01
-2.786087E-01
-1.033284E-01
-2.082828E-01
-1.622413E-02
-1.439591E-01
+2.913277E-02
-9.173204E-02
+4.741684E-02
-1.096173E-01
+2.710493E-02
-1.234743E-01
+9.547217E-04
-1.315625E-01
-3.038046E-02
-1.321970E-01
-6.576325E-02
-2.088511E-01
-2.428992E-02
-2.915255E-01
+6.827469E-02
-3.576030E-01
+2.321931E-01
-3.670012E-01
+4.836933E-01
-3.932375E-01
+4.773757E-01
-4.196845E-01
+4.698772E-01
-4.462976E-01
+4.611685E-01
-4.730303E-01
+4.512209E-01
-4.881651E-01
+3.553475E-01
-4.903153E-01
+2.657248E-01
-4.813408E-01
+1.834106E-01
-4.630744E-01
+1.091457E-01
-3.783683E-01
+1.697355E-01
-2.958810E-01
+2.076360E-01
-2.190324E-01
+2.264818E-01
-1.501500E-01
+2.299477E-01
-1.863433E-01
+2.530904E-01
-2.291857E-01
+2.772073E-01
-2.796882E-01
+3.020100E-01
-3.389872E-01
+3.271037E-01
-2.290135E-01
+2.947837E-01
-1.463979E-01
+2.570351E-01
-8.585261E-02
+2.181130E-01
-4.275093E-02
+1.807583E-01
-9.141295E-02
+1.884051E-01
-1.468359E-01
+1.848742E-01
-2.069544E-01
+1.673841E-01
-2.688131E-01
+1.333813E-01
-2.743039E-01
+1.209680E-01
-2.792228E-01
+1.083313E-01
-2.835607E-01
+9.549756E-02
-2.873102E-01
+8.249326E-02
-2.870863E-01
+7.736127E-02
-2.867799E-01
+7.226090E-02
-2.863923E-01
+6.719340E-02
-2.859243E-01
+6.215990E-02
-2.664763E-01
+4.311957E-02
-2.476185E-01
+2.654112E-02
-2.294260E-01
+1.220143E-02
-2.119572E-01
-1.087431E-04
-2.241007E-01
+2.749224E-02
-2.333442E-01
+5.825440E-02
-2.391098E-01
+9.198086E-02
-2.408125E-01
+1.283881E-01
-2.619768E-01
+1.038065E-01
-2.808419E-01
+7.613002E-02
-2.969888E-01
+4.554451E-02
-3.100094E-01
+1.228952E-02
-3.072519E-01
+4.027797E-02
-3.019760E-01
+6.786831E-02
-2.942316E-01
+9.483482E-02
-2.840878E-01
+1.209574E-01
-3.147349E-01
+1.019714E-01
-3.456300E-01
+7.878347E-02
-3.763888E-01
+5.108728E-02
-4.065722E-01
+1.859269E-02
-3.848837E-01
+2.811150E-02
-3.640811E-01
+3.657424E-02
-3.441451E-01
+4.405887E-02
-3.250563E-01
+5.063886E-02
-2.951890E-01
+5.139861E-02
-2.679781E-01
+5.160493E-02
-2.431951E-01
+5.135044E-02
-2.206307E-01
+5.071572E-02
-2.396865E-01
+3.565275E-02
-2.587608E-01
+1.798358E-02
-2.776365E-01
-2.468267E-03
-2.960672E-01
-2.587299E-02
-2.575523E-01
+2.541559E-02
-2.163497E-01
+6.312518E-02
-1.750277E-01
+8.878116E-02
-1.355399E-01
+1.041015E-01
-2.019913E-01
+4.189100E-02
-2.415067E-01
-6.063146E-02
-2.305674E-01
-1.928029E-01
-1.492207E-01
-3.306764E-01
-2.328658E-01
-3.259116E-01
-3.224152E-01
-3.027214E-01
-4.143859E-01
-2.583064E-01
-5.044035E-01
-1.903865E-01
-4.872065E-01
-1.681179E-01
-4.701639E-01
-1.473095E-01
-4.533089E-01
-1.278922E-01
-4.366706E-01
-1.097987E-01
-4.460431E-01
-1.446158E-01
-4.533471E-01
-1.814476E-01
-4.583613E-01
-2.202282E-01
-4.608604E-01
-2.608735E-01
-4.601991E-01
-2.831871E-01
-4.586927E-01
-3.059149E-01
-4.563095E-01
-3.290336E-01
-4.530172E-01
-3.525183E-01
-5.657851E-01
-3.484169E-01
-6.950237E-01
-3.294567E-01
-8.413385E-01
-2.913190E-01
-1.004880E+00
-2.289589E-01
-1.008749E+00
-1.145927E-01
-1.000069E+00
-2.205225E-03
-9.793171E-01
+1.068767E-01
-9.471079E-01
+2.114067E-01
-8.879043E-01
+2.275095E-01
-8.315369E-01
+2.409660E-01
-7.779254E-01
+2.520078E-01
-7.269868E-01
+2.608512E-01
-7.069713E-01
+3.342302E-01
-6.795975E-01
+4.062088E-01
-6.449467E-01
+4.760538E-01
-6.031724E-01
+5.430339E-01
-5.543741E-01
+4.081618E-01
-5.019506E-01
+2.983761E-01
-4.485566E-01
+2.100686E-01
-3.961316E-01
+1.399721E-01
-4.032573E-01
+1.506888E-01
-4.103603E-01
+1.617991E-01
-4.174327E-01
+1.733122E-01
-4.244671E-01
+1.852375E-01
-4.247118E-01
+1.895052E-01
-4.249222E-01
+1.937927E-01
-4.250982E-01
+1.980998E-01
-4.252391E-01
+2.024263E-01
-4.106404E-01
+2.181775E-01
-3.955550E-01
+2.330790E-01
-3.800264E-01
+2.471211E-01
-3.640981E-01
+2.602957E-01
-3.443201E-01
+2.655624E-01
-3.249320E-01
+2.699781E-01
-3.059525E-01
+2.735816E-01
-2.873979E-01
+2.764104E-01
-2.537890E-01
+2.204487E-01
-2.231003E-01
+1.747667E-01
-1.953097E-01
+1.376154E-01
-1.703237E-01
+1.075226E-01
-1.954126E-01
+9.892319E-02
-2.216900E-01
+8.704011E-02
-2.489173E-01
+7.148038E-02
-2.767956E-01
+5.184319E-02
-2.801217E-01
+5.464415E-02
-2.834712E-01
+5.750801E-02
-2.868438E-01
+6.043584E-02
-2.902398E-01
+6.342866E-02
-2.798132E-01
+8.806179E-02
-2.673797E-01
+1.113637E-01
-2.530903E-01
+1.331789E-01
-2.371073E-01
+1.533676E-01
-2.112864E-01
+1.556149E-01
-1.872097E-01
+1.562446E-01
-1.648420E-01
+1.554721E-01
-1.441385E-01
+1.534952E-01
-1.543612E-01
+1.147137E-01
-1.572889E-01
+7.819958E-02
-1.540250E-01
+4.490177E-02
-1.457143E-01
+1.549507E-02
-1.400855E-01
+2.999825E-02
-1.331265E-01
+4.352240E-02
-1.249745E-01
+5.595832E-02
-1.157742E-01
+6.721397E-02
-1.113319E-01
+6.322815E-02
-1.070473E-01
+5.945668E-02
-1.029154E-01
+5.588876E-02
-9.893142E-02
+5.251408E-02
-8.484770E-02
+5.324855E-02
-7.223733E-02
+5.299180E-02
-6.100536E-02
+5.194629E-02
-5.105398E-02
+5.028646E-02
-3.959569E-02
+2.649098E-02
-2.915327E-02
+1.237597E-02
-2.057821E-02
+4.456610E-03
-1.399321E-02
+3.511998E-04
-1.674141E-02
-1.360773E-02
-5.975521E-03
-3.271043E-02
+2.577206E-02
-4.429870E-02
+7.456614E-02
-2.606528E-02
+9.096538E-02
-2.154722E-02
+1.097156E-01
-1.422007E-02
+1.308890E-01
-3.298308E-03
+1.544744E-01
+1.215154E-02
+1.716809E-01
-7.295723E-03
+1.880202E-01
-3.100711E-02
+2.028343E-01
-5.929668E-02
+2.153564E-01
-9.242199E-02
+2.461326E-01
-9.224717E-02
+2.806048E-01
-9.043624E-02
+3.191318E-01
-8.659829E-02
+3.620958E-01
-8.027659E-02
+3.913521E-01
-8.243380E-02
+4.229229E-01
-8.442654E-02
+4.569874E-01
-8.621545E-02
+4.937385E-01
-8.775623E-02
+6.450189E-01
-1.178485E-01
+8.426314E-01
-1.581462E-01
+1.100760E+00
-2.120791E-01
+1.437927E+00
-2.842211E-01
+1.427604E+00
-2.176271E-01
+1.414566E+00
-1.525262E-01
+1.398920E+00
-8.901171E-02
+1.380778E+00
-2.717172E-02
+1.527207E+00
-1.322879E-01
+1.681599E+00
-2.595422E-01
+1.843170E+00
-4.119039E-01
+2.010834E+00
-5.926036E-01
+2.368469E+00
-1.190008E+00
+2.678947E+00
-2.013811E+00
+2.879784E+00
-3.108682E+00
+2.883185E+00
-4.516139E+00
+2.801961E+00
-4.478736E+00
+2.722217E+00
-4.441127E+00
+2.643930E+00
-4.403325E+00
+2.567085E+00
-4.365348E+00
+1.725368E+00
-4.905000E+00
+7.707831E-01
-5.282693E+00
-2.655751E-01
-5.474927E+00
-1.347737E+00
-5.464164E+00
-2.172828E+00
-5.041490E+00
-2.898955E+00
-4.502511E+00
-3.511216E+00
-3.867493E+00
-3.998516E+00
-3.158323E+00
-4.047835E+00
-2.822036E+00
-4.076081E+00
-2.494100E+00
-4.084430E+00
-2.175457E+00
-4.074090E+00
-1.866946E+00
-3.863770E+00
-1.587607E+00
-3.657518E+00
-1.335246E+00
-3.456054E+00
-1.107859E+00
-3.259978E+00
-9.035569E-01
-3.122111E+00
-7.681891E-01
-2.987386E+00
-6.434003E-01
-2.855938E+00
-5.285744E-01
-2.727879E+00
-4.231227E-01
-2.651555E+00
-4.315020E-01
-2.577220E+00
-4.391039E-01
-2.504827E+00
-4.459637E-01
-2.434330E+00
-4.521162E-01
-2.374595E+00
-4.082600E-01
-2.315899E+00
-3.663632E-01
-2.258241E+00
-3.263593E-01
-2.201616E+00
-2.881843E-01
-2.173881E+00
-2.669607E-01
-2.146358E+00
-2.462440E-01
-2.119048E+00
-2.260260E-01
-2.091949E+00
-2.062975E-01
-2.066917E+00
-1.831291E-01
-2.041980E+00
-1.605056E-01
-2.017146E+00
-1.384191E-01
-1.992414E+00
-1.168619E-01
-1.954177E+00
-8.760567E-02
-1.916308E+00
-5.945077E-02
-1.878815E+00
-3.237017E-02
-1.841706E+00
-6.336686E-03
-1.810744E+00
+1.378661E-02
-1.780085E+00
+3.323434E-02
-1.749731E+00
+5.202118E-02
-1.719686E+00
+7.016130E-02
-1.690990E+00
+7.468115E-02
-1.662753E+00
+7.903139E-02
-1.634970E+00
+8.321635E-02
-1.607635E+00
+8.724047E-02
-1.566320E+00
+1.020423E-01
-1.525886E+00
+1.160354E-01
-1.486320E+00
+1.292495E-01
-1.447609E+00
+1.417131E-01
-1.348287E+00
+1.546008E-01
-1.255429E+00
+1.650871E-01
-1.168640E+00
+1.734333E-01
-1.087545E+00
+1.798770E-01
-1.057609E+00
+1.466104E-01
-1.027779E+00
+1.151577E-01
-9.980990E-01
+8.545853E-02
-9.686071E-01
+5.745352E-02
-9.598509E-01
+2.751679E-02
-9.502837E-01
-1.830553E-03
-9.399318E-01
-3.057038E-02
-9.288226E-01
-5.868558E-02
-9.096948E-01
-7.650493E-02
-8.905727E-01
-9.358998E-02
-8.714711E-01
-1.099550E-01
-8.524047E-01
-1.256143E-01
-8.353678E-01
-1.459163E-01
-8.180739E-01
-1.654446E-01
-8.005473E-01
-1.842050E-01
-7.828115E-01
-2.022041E-01
-7.874445E-01
-2.375216E-01
-7.907108E-01
-2.736102E-01
-7.925562E-01
-3.104268E-01
-7.929276E-01
-3.479254E-01
-7.911283E-01
-3.575886E-01
-7.892176E-01
-3.672568E-01
-7.871951E-01
-3.769289E-01
-7.850603E-01
-3.866040E-01
-7.787362E-01
-4.097405E-01
-7.717563E-01
-4.328269E-01
-7.641190E-01
-4.558455E-01
-7.558233E-01
-4.787775E-01
-8.002862E-01
-5.419756E-01
-8.462058E-01
-6.116864E-01
-8.934831E-01
-6.884776E-01
-9.419915E-01
-7.729587E-01
-9.921848E-01
-7.412561E-01
-1.041683E+00
-7.067465E-01
-1.090343E+00
-6.694185E-01
-1.138025E+00
-6.292674E-01
-1.131617E+00
-5.671612E-01
-1.122937E+00
-5.070106E-01
-1.112126E+00
-4.488514E-01
-1.099319E+00
-3.927137E-01
-1.054706E+00
-4.099640E-01
-1.011016E+00
-4.254848E-01
-9.682645E-01
-4.393544E-01
-9.264680E-01
-4.516500E-01
-9.337782E-01
-4.458995E-01
-9.410702E-01
-4.400672E-01
-9.483436E-01
-4.341528E-01
-9.555980E-01
-4.281558E-01
-9.399050E-01
-4.363144E-01
-9.242686E-01
-4.441796E-01
-9.086923E-01
-4.517553E-01
-8.931788E-01
-4.590450E-01
-8.970624E-01
-4.623933E-01
-9.009613E-01
-4.657630E-01
-9.048752E-01
-4.691539E-01
-9.088053E-01
-4.725665E-01
-8.958784E-01
-4.753991E-01
-8.830561E-01
-4.780964E-01
-8.703388E-01
-4.806611E-01
-8.577265E-01
-4.830949E-01
-8.629443E-01
-4.711881E-01
-8.679990E-01
-4.592286E-01
-8.728899E-01
-4.472182E-01
-8.776158E-01
-4.351603E-01
-8.790459E-01
-4.147072E-01
-8.800687E-01
-3.943895E-01
-8.806900E-01
-3.742138E-01
-8.809170E-01
-3.541861E-01
-8.689879E-01
-3.173564E-01
-8.562177E-01
-2.818623E-01
-8.426701E-01
-2.476954E-01
-8.284074E-01
-2.148456E-01
-8.012399E-01
-1.834207E-01
-7.742914E-01
-1.540001E-01
-7.476081E-01
-1.264979E-01
-7.212323E-01
-1.008302E-01
-7.041863E-01
-6.496920E-02
-6.860191E-01
-3.096005E-02
-6.668486E-01
+1.201708E-03
-6.467880E-01
+3.152598E-02
-6.414257E-01
+6.142101E-02
-6.347050E-01
+9.088655E-02
-6.266540E-01
+1.198620E-01
-6.173042E-01
+1.482882E-01
-6.561283E-01
+1.825040E-01
-6.964451E-01
+2.206651E-01
-7.382122E-01
+2.631124E-01
-7.813703E-01
+3.102103E-01
-8.318945E-01
+3.641986E-01
-8.844131E-01
+4.243770E-01
-9.388524E-01
+4.913128E-01
-9.951111E-01
+5.656157E-01
-1.089861E+00
+5.944830E-01
-1.193157E+00
+6.239892E-01
-1.305734E+00
+6.540261E-01
-1.428386E+00
+6.844631E-01
-1.515448E+00
+6.295770E-01
-1.602502E+00
+5.680033E-01
-1.689181E+00
+4.995114E-01
-1.775092E+00
+4.238819E-01
-1.770739E+00
+3.385667E-01
-1.762612E+00
+2.545711E-01
-1.750819E+00
+1.720476E-01
-1.735476E+00
+9.114085E-02
-1.684126E+00
+3.933243E-02
-1.632910E+00
-9.417159E-03
-1.581908E+00
-5.520669E-02
-1.531201E+00
-9.813412E-02
-1.475459E+00
-1.324550E-01
-1.420813E+00
-1.642068E-01
-1.367287E+00
-1.935060E-01
-1.314903E+00
-2.204656E-01
-1.244963E+00
-2.288323E-01
-1.178445E+00
-2.357352E-01
-1.115196E+00
-2.412995E-01
-1.055070E+00
-2.456415E-01
-9.714140E-01
-2.735806E-01
-8.923692E-01
-2.960156E-01
-8.178510E-01
-3.135244E-01
-7.477552E-01
-3.266421E-01
-6.779498E-01
-3.105652E-01
-6.144279E-01
-2.947454E-01
-5.566427E-01
-2.792620E-01
-5.040940E-01
-2.641791E-01
-4.169844E-01
-2.417144E-01
-3.440910E-01
-2.195635E-01
-2.832147E-01
-1.981911E-01
-2.324781E-01
-1.779108E-01
-1.219266E-01
-1.641155E-01
-5.034537E-02
-1.336174E-01
-8.139415E-03
-9.938948E-02
+1.362572E-02
-6.829976E-02
+4.544135E-02
-7.987277E-02
+9.009351E-02
-8.114718E-02
+1.465424E-01
-6.419091E-02
+2.101902E-01
-1.950259E-02
+2.358312E-01
-1.346601E-03
+2.626110E-01
+2.134473E-02
+2.902190E-01
+4.919422E-02
+3.182494E-01
+8.286501E-02
+3.075688E-01
+1.005499E-01
+2.960139E-01
+1.172754E-01
+2.836584E-01
+1.330059E-01
+2.705763E-01
+1.477110E-01
+2.445903E-01
+3.793893E-01
+4.898403E-02
+6.591647E-01
-3.984442E-01
+8.820575E-01
-1.129926E+00
+8.555070E-01
-1.809769E+00
+1.566070E+00
-2.877082E+00
+2.838316E+00
-4.535438E+00
+5.099727E+00
-7.080783E+00
+9.093065E+00
-2.859451E+00
+1.324872E+01
+3.734485E+00
+1.549632E+01
+1.186797E+01
+1.451111E+01
+1.998206E+01
+9.314916E+00
+1.465749E+01
+4.584401E+00
+1.054392E+01
+1.810421E+00
+7.447322E+00
+2.753782E-01
+5.167405E+00
-4.982527E-01
+5.145984E+00
-4.776006E-01
+5.124585E+00
-4.571177E-01
+5.103208E+00
-4.368029E-01
+5.081857E+00
-4.166560E-01
+5.178985E+00
-3.735879E-01
+5.277459E+00
-3.287631E-01
+5.377290E+00
-2.821359E-01
+5.478473E+00
-2.336596E-01
+5.437184E+00
-1.117015E-01
+5.393575E+00
+8.319182E-03
+5.347705E+00
+1.263682E-01
+5.299638E+00
+2.424127E-01
+7.665538E+00
+1.849200E+00
+1.066478E+01
+4.861644E+00
+1.419163E+01
+1.010412E+01
+1.785920E+01
+1.874986E+01
+2.077819E+01
+1.385163E+01
+2.248542E+01
+8.624388E+00
+2.298290E+01
+3.344638E+00
+2.233113E+01
-1.727921E+00
+3.064226E+01
-4.132493E+00
+4.190850E+01
-8.098269E+00
+5.712519E+01
-1.444746E+01
+7.759965E+01
-2.439135E+01
+2.931781E+01
-4.464367E+01
-3.644072E+00
-3.487893E+01
-1.634496E+01
-1.621869E+01
-1.504885E+01
-1.454390E+00
-1.128709E+01
-9.208077E-01
-8.463755E+00
-5.632910E-01
-6.345220E+00
-3.271335E-01
-4.755902E+00
-1.739776E-01
-3.801652E+00
-2.613006E-01
-3.035731E+00
-3.066924E-01
-2.421604E+00
-3.233605E-01
-1.929693E+00
-3.209381E-01
-1.316819E+00
-4.461195E-01
-8.725852E-01
-4.637379E-01
-5.589613E-01
-4.252201E-01
-3.433824E-01
-3.622835E-01
-1.583570E-01
-4.937989E-01
+7.408820E-02
-5.336150E-01
+3.096389E-01
-4.662269E-01
+4.998255E-01
-2.970727E-01
+5.625840E-01
-2.866992E-01
+6.298627E-01
-2.710344E-01
+7.016664E-01
-2.493168E-01
+7.779466E-01
-2.207213E-01
+7.963642E-01
-1.852974E-01
+8.132521E-01
-1.486302E-01
+8.285349E-01
-1.107814E-01
+8.421389E-01
-7.181667E-02
+8.238798E-01
-4.145757E-02
+8.050388E-01
-1.246460E-02
+7.856761E-01
+1.517608E-02
+7.658509E-01
+4.147995E-02
+7.073468E-01
+9.028722E-02
+6.497945E-01
+1.315860E-01
+5.936330E-01
+1.659869E-01
+5.392285E-01
+1.940854E-01
+4.753483E-01
+2.890223E-01
+3.962025E-01
+3.669600E-01
+3.058272E-01
+4.257721E-01
+2.084736E-01
+4.642176E-01
+1.589985E-01
+5.180150E-01
+9.962140E-02
+5.683273E-01
+3.024181E-02
+6.136499E-01
-4.904749E-02
+6.523801E-01
-4.236389E-02
+7.584165E-01
-3.223645E-02
+8.813604E-01
-1.773353E-02
+1.023854E+00
+2.284736E-03
+1.188946E+00
+3.579394E-01
+1.191553E+00
+7.153581E-01
+1.087781E+00
+1.042724E+00
+8.768071E-01
+1.307889E+00
+5.673255E-01
+8.989464E-01
+4.644210E-01
+6.142996E-01
+3.719516E-01
+4.171686E-01
+2.928292E-01
+2.813688E-01
+2.273524E-01
+1.999100E-01
+2.318440E-01
+1.314040E-01
+2.232687E-01
+7.565890E-02
+2.057713E-01
+3.188806E-02
+1.827742E-01
-3.198125E-02
+1.964256E-01
-1.015034E-01
+1.877919E-01
-1.689144E-01
+1.545874E-01
-2.255428E-01
+9.722786E-02
-2.734573E-01
+9.804846E-02
-3.300801E-01
+9.546380E-02
-3.967298E-01
+8.821358E-02
-4.748701E-01
+7.471193E-02
-5.250107E-01
+9.320699E-02
-5.802139E-01
+1.148112E-01
-6.409647E-01
+1.399738E-01
-7.077895E-01
+1.692039E-01
-7.501022E-01
+2.033376E-01
-7.941731E-01
+2.411322E-01
-8.400039E-01
+2.828909E-01
-8.875858E-01
+3.289374E-01
-9.557282E-01
+4.681082E-01
-1.016247E+00
+6.314734E-01
-1.065507E+00
+8.210422E-01
-1.099217E+00
+1.038651E+00
-7.925085E-01
+1.050019E+00
-5.277830E-01
+1.015374E+00
-3.057293E-01
+9.473375E-01
-1.251111E-01
+8.568362E-01
-1.844953E-01
+7.434655E-01
-2.269368E-01
+6.385060E-01
-2.551925E-01
+5.424210E-01
-2.717299E-01
+4.553800E-01
-3.404593E-01
+4.626413E-01
-4.153188E-01
+4.633030E-01
-4.960992E-01
+4.562100E-01
-5.824546E-01
+4.401388E-01
-4.284588E-01
+5.298341E-01
-2.687734E-01
+5.763992E-01
-1.136477E-01
+5.826169E-01
+2.826185E-02
+5.533150E-01
-2.419955E-02
+4.555224E-01
-5.879232E-02
+3.709522E-01
-7.988398E-02
+2.987388E-01
-9.097685E-02
+2.377992E-01
-1.282807E-01
+2.372821E-01
-1.673957E-01
+2.316070E-01
-2.077036E-01
+2.202647E-01
-2.484848E-01
+2.028049E-01
-2.562341E-01
+2.288800E-01
-2.632827E-01
+2.571532E-01
-2.694770E-01
+2.877453E-01
-2.746461E-01
+3.207781E-01
-2.120100E-01
+4.313594E-01
-1.116651E-01
+5.355447E-01
+2.844188E-02
+6.220082E-01
+2.073692E-01
+6.776825E-01
+3.986161E-01
+5.995499E-01
+5.621200E-01
+4.679648E-01
+6.830975E-01
+2.923958E-01
+7.499047E-01
+8.635254E-02
+9.160575E-01
+3.785592E-02
+1.113004E+00
-3.567705E-02
+1.345025E+00
-1.422777E-01
+1.616587E+00
-2.920555E-01
+2.063709E+00
-5.370387E-01
+2.618345E+00
-8.981143E-01
+3.300723E+00
-1.420031E+00
+4.132627E+00
-2.162698E+00
+5.481235E+00
-3.560938E+00
+7.178847E+00
-5.689120E+00
+9.267363E+00
-8.881598E+00
+1.176127E+01
-1.361037E+01
+1.484919E+01
-1.154336E+01
+1.759144E+01
-8.790983E+00
+1.983877E+01
-5.406760E+00
+2.144912E+01
-1.476190E+00
+1.514972E+01
+2.423617E-02
+1.064758E+01
+7.670337E-01
+7.446239E+00
+1.066266E+00
+5.181197E+00
+1.118113E+00
+4.425504E+00
+9.173771E-01
+3.779767E+00
+7.514676E-01
+3.228030E+00
+6.144892E-01
+2.756641E+00
+5.015264E-01
+2.320402E+00
+4.559335E-01
+1.952797E+00
+4.122837E-01
+1.643090E+00
+3.710878E-01
+1.382215E+00
+3.326495E-01
+1.348123E+00
+4.156916E-01
+1.309180E+00
+4.958052E-01
+1.265612E+00
+5.727158E-01
+1.217664E+00
+6.461650E-01
+1.058250E+00
+4.198117E-01
+9.068290E-01
+2.484841E-01
+7.669679E-01
+1.216000E-01
+6.406330E-01
+3.014855E-02
+6.183954E-01
-8.822583E-02
+5.754891E-01
-1.974095E-01
+5.144893E-01
-2.940236E-01
+4.384759E-01
-3.753058E-01
+6.725708E-01
-5.233752E-01
+1.028045E+00
-7.256554E-01
+1.566280E+00
-9.995390E-01
+2.379011E+00
-1.366452E+00
+2.238299E+00
-1.156645E+00
+2.100651E+00
-9.698955E-01
+1.966755E+00
-8.041772E-01
+1.837157E+00
-6.576003E-01
+1.619340E+00
-5.022179E-01
+1.424455E+00
-3.754715E-01
+1.250549E+00
-2.727266E-01
+1.095748E+00
-1.900332E-01
+1.235479E+00
-6.799380E-02
+1.374073E+00
+8.497353E-02
+1.507402E+00
+2.719702E-01
+1.630502E+00
+4.958885E-01
+2.137067E+00
-6.693076E-01
+1.823958E+00
-2.309221E+00
+2.695643E-01
-3.857354E+00
-2.564191E+00
-4.386560E+00
+3.984038E-01
-4.074285E+00
+2.184556E+00
-2.471059E+00
+2.593067E+00
-5.809444E-01
+1.966887E+00
+8.456794E-01
+1.650486E+00
-3.941628E-01
+8.621827E-01
-1.032215E+00
+5.901805E-02
-1.064325E+00
-4.665951E-01
-7.043244E-01
-4.169210E-01
-6.707446E-01
-3.714146E-01
-6.380235E-01
-3.297793E-01
-6.062175E-01
-2.917362E-01
-5.753712E-01
-4.108620E-01
-6.110641E-01
-5.508002E-01
-6.348599E-01
-7.126538E-01
-6.422707E-01
-8.970457E-01
-6.280591E-01
-7.639490E-01
-5.552219E-01
-6.502901E-01
-4.903892E-01
-5.532710E-01
-4.327548E-01
-4.704897E-01
-3.815807E-01
-4.736910E-01
-2.924806E-01
-4.661339E-01
-2.108937E-01
-4.496540E-01
-1.374191E-01
-4.259951E-01
-7.238771E-02
-3.288099E-01
-3.363869E-02
-2.526683E-01
-8.993978E-03
-1.933035E-01
+5.953257E-03
-1.472355E-01
+1.435009E-02
-1.317713E-01
-9.431483E-03
-1.145932E-01
-2.805043E-02
-9.668003E-02
-4.186758E-02
-7.883926E-02
-5.134714E-02
-8.145158E-02
-8.206819E-02
-7.665013E-02
-1.196535E-01
-6.116722E-02
-1.635700E-01
-3.121473E-02
-2.123324E-01
-1.004518E-01
-2.197156E-01
-1.776138E-01
-2.059437E-01
-2.566960E-01
-1.668145E-01
-3.298870E-01
-9.967168E-02
-3.214673E-01
-5.891686E-02
-3.092068E-01
-2.140285E-02
-2.936706E-01
+1.264928E-02
-2.754148E-01
+4.309123E-02
-2.539609E-01
+5.391120E-02
-2.334658E-01
+6.289546E-02
-2.139548E-01
+7.022078E-02
-1.954422E-01
+7.605271E-02
-2.026434E-01
+8.004357E-02
-2.101037E-01
+8.422779E-02
-2.178321E-01
+8.861412E-02
-2.258379E-01
+9.321193E-02
-1.681000E-01
+1.058055E-01
-1.201037E-01
+1.079389E-01
-8.135428E-02
+1.030339E-01
-5.098348E-02
+9.376387E-02
-5.742646E-02
+1.008263E-01
-6.458114E-02
+1.083650E-01
-7.251956E-02
+1.164061E-01
-8.132078E-02
+1.249764E-01
-5.610775E-02
+8.607982E-02
-3.871179E-02
+5.928902E-02
-2.670931E-02
+4.083633E-02
-1.842814E-02
+2.812671E-02
-2.741512E-02
+3.241452E-02
-3.933587E-02
+3.640669E-02
-5.488760E-02
+3.957749E-02
-7.486315E-02
+4.116110E-02
-5.281097E-02
+6.269483E-02
-2.563458E-02
+7.435967E-02
+2.722191E-03
+7.542042E-02
+2.847475E-02
+6.658037E-02
+1.343599E-02
+4.553338E-02
+5.257671E-03
+3.067682E-02
+1.071638E-03
+2.037675E-02
-8.642998E-04
+1.334947E-02
+1.616785E-03
+1.264899E-02
+3.811218E-03
+1.154271E-02
+5.663681E-03
+1.010876E-02
+7.136599E-03
+8.430330E-03
+6.181740E-03
+1.418937E-02
+2.580132E-03
+2.153387E-02
-5.212390E-03
+2.993995E-02
-1.905717E-02
+3.808246E-02
-3.875744E-02
+4.530077E-02
-6.796114E-02
+4.845192E-02
-1.087022E-01
+4.286662E-02
-1.621666E-01
+2.151403E-02
-1.288287E-01
+6.336973E-03
-1.016435E-01
-3.416205E-03
-7.964648E-02
-9.308388E-03
-6.197769E-02
-1.250479E-02
-5.226368E-02
-1.584941E-02
-4.363596E-02
-1.792643E-02
-3.604651E-02
-1.900283E-02
-2.943213E-02
-1.930422E-02
