#I+1.668000E+03
+1.000000E+00
+8.010000E+02
+8.010000E+02
+1.000000E+01
+2.000000E+00
+3.000000E+00
+0.000000E+00
+1.000000E+00
+2.000000E+00
+5.000000E+00
+1.000000E+00
+2.497000E+03
-1.092400E+04
+2.025600E+04
-1.299100E+04
-1.119200E+04
+0.000000E+00
+0.000000E+00
+0.000000E+00
+0.000000E+00
+0.000000E+00
+0.000000E+00
+0.000000E+00
+0.000000E+00
+0.000000E+00
+0.000000E+00
+0.000000E+00
+0.000000E+00
+0.000000E+00
+0.000000E+00
+0.000000E+00
+0.000000E+00
+0.000000E+00
+0.000000E+00
+0.000000E+00
+1.000000E+00
+1.000000E+00
+1.000000E+00
+0.000000E+00
+0.000000E+00
+1.000000E+00
+0.000000E+00
+1.000000E+00
+2.000000E+00
+3.000000E+00
+4.500000E+01
+4.500000E+01
+0.000000E+00
+0.000000E+00
+2.000000E+00
+0.000000E+00
+0.000000E+00
+0.000000E+00
+8.000000E+02
+0.000000E+00
+2.499999E-03
+6.309572E-02
+0.000000E+00
+0.000000E+00
+0.000000E+00
+1.000000E+00
+1.000000E+00
+0.000000E+00
+0.000000E+00
+9.9999904632568339E+00
+9.9999904632568339E+00
+3.912440E-01
-2.492189E-02
+4.016692E-01
-2.824461E-03
+4.110532E-01
+2.038427E-02
+4.193080E-01
+4.466950E-02
+4.263452E-01
+6.999053E-02
+4.284096E-01
+7.918797E-02
+4.303049E-01
+8.850230E-02
+4.320270E-01
+9.793101E-02
+4.335726E-01
+1.074715E-01
+6.232043E-01
-1.495893E-01
+6.948772E-01
-6.022724E-01
+4.870684E-01
-1.226164E+00
-1.898049E-01
-1.883449E+00
+3.115619E-01
-1.473138E+00
+5.922814E-01
-1.040988E+00
+7.005177E-01
-6.456369E-01
+6.869463E-01
-3.198778E-01
+6.734506E-01
-7.381760E-01
+4.445592E-01
-1.240338E+00
-8.903889E-02
-1.735143E+00
-9.896907E-01
-2.066227E+00
-4.493485E-02
-1.876452E+00
+5.971540E-01
-1.417102E+00
+9.224933E-01
-8.580729E-01
+9.776660E-01
-3.310370E-01
+7.107290E-01
-1.438099E-01
+5.080691E-01
-3.705763E-02
+3.573539E-01
+1.932570E-02
+2.473136E-01
+4.522435E-02
+3.284358E-01
+1.659489E-01
+3.922960E-01
+3.690286E-01
+3.978036E-01
+6.805648E-01
+2.764638E-01
+1.120172E+00
-3.711780E-01
+1.127907E+00
-9.401542E-01
+7.806681E-01
-1.246514E+00
+1.668855E-01
-1.178186E+00
-5.357848E-01
-5.273558E-01
-9.393543E-01
+1.081249E-01
-8.900801E-01
+5.105036E-01
-5.443467E-01
+6.105362E-01
-1.142752E-01
+7.813729E-01
+2.654443E-01
+7.317957E-01
+8.164109E-01
+3.154400E-01
+1.422061E+00
-5.612227E-01
+1.852073E+00
-1.129193E+00
+1.112250E+00
-1.247886E+00
+3.576354E-01
-1.037643E+00
-2.316189E-01
-6.555909E-01
-5.730795E-01
-8.421986E-02
-5.859929E-01
+2.161724E-01
-3.395235E-01
+2.619018E-01
-7.933255E-02
+1.702158E-01
+7.511376E-02
+2.348162E-01
+4.695541E-02
+3.081442E-01
-6.427712E-03
+3.854102E-01
-9.393911E-02
+4.581150E-01
-2.254323E-01
+4.481133E-01
-1.170531E-01
+4.195204E-01
-2.255460E-02
+3.769293E-01
+5.622799E-02
+3.247550E-01
+1.184989E-01
+2.321008E-01
+2.023514E-01
+1.282609E-01
+2.424383E-01
+2.911509E-02
+2.425638E-01
-5.335101E-02
+2.109676E-01
-1.357405E-01
+2.323410E-01
-2.409537E-01
+2.294758E-01
-3.649691E-01
+1.899861E-01
-4.987611E-01
+1.005363E-01
-4.085709E-01
-8.295311E-02
-2.820389E-01
-1.927569E-01
-1.515382E-01
-2.353550E-01
-3.944654E-02
-2.259512E-01
-2.087614E-01
-4.557552E-01
-6.941921E-01
-8.475944E-01
-1.937775E+00
-1.406558E+00
-4.876767E+00
-1.898134E+00
-1.827910E+00
-1.836651E+00
-4.596818E-01
-1.197910E+00
+3.187830E-02
-6.345304E-01
+1.415757E-01
-2.809331E-01
+1.119042E-01
-2.876711E-01
+8.229201E-02
-2.914670E-01
+5.301411E-02
-2.923948E-01
+2.433187E-02
-2.905527E-01
-9.142517E-02
-2.517731E-01
-1.730928E-01
-1.749060E-01
-2.116729E-01
-7.937010E-02
-2.071253E-01
+1.517352E-02
-1.812852E-01
+1.097983E-01
-1.139330E-01
+1.838541E-01
-1.837142E-02
+2.199679E-01
+8.525170E-02
+2.085101E-01
-5.228744E-02
+2.345141E-01
-1.885740E-01
+1.735485E-01
-2.708130E-01
+3.717925E-02
-2.598097E-01
-1.323207E-01
-2.253450E-01
-1.452426E-01
-1.926140E-01
-1.538533E-01
-1.618702E-01
-1.586818E-01
-1.332967E-01
-1.602354E-01
-9.688209E-02
-1.374691E-01
-6.906129E-02
-1.168111E-01
-4.801662E-02
-9.840257E-02
-3.227701E-02
-8.224015E-02
-6.897883E-02
-1.178837E-01
-1.335647E-01
-1.635399E-01
-2.431348E-01
-2.178159E-01
-4.234739E-01
-2.744922E-01
-4.074826E-01
-1.410195E-01
-3.668948E-01
-3.357042E-02
-3.112301E-01
+4.725570E-02
-2.485082E-01
+1.029104E-01
-2.896954E-01
+6.924529E-02
-3.288719E-01
+2.525369E-02
-3.640506E-01
-2.968061E-02
-3.929505E-01
-9.588505E-02
-2.466252E-01
-1.140927E-01
-1.478067E-01
-1.071479E-01
-8.356272E-02
-8.977367E-02
-4.346154E-02
-7.000129E-02
-5.286024E-02
-9.263347E-02
-6.393193E-02
-1.223596E-01
-7.682730E-02
-1.613424E-01
-9.163766E-02
-2.123861E-01
-9.257092E-02
-1.805503E-01
-9.153394E-02
-1.526323E-01
-8.900078E-02
-1.282581E-01
-8.536430E-02
-1.070726E-01
-8.908625E-02
-7.547860E-02
-8.698429E-02
-4.843452E-02
-8.076148E-02
-2.615805E-02
-7.187848E-02
-8.550184E-03
-9.672450E-02
-3.238057E-02
-1.241811E-01
-7.237519E-02
-1.506107E-01
-1.354197E-01
-1.690228E-01
-2.299727E-01
-1.903205E-01
-2.456590E-01
-2.139352E-01
-2.621459E-01
-2.400940E-01
-2.794402E-01
-2.690445E-01
-2.975433E-01
-2.957713E-01
-2.685134E-01
-3.194143E-01
-2.371263E-01
-3.397700E-01
-2.037055E-01
-3.566691E-01
-1.685915E-01
-3.608138E-01
-1.169348E-01
-3.584190E-01
-6.716867E-02
-3.500205E-01
-2.000892E-02
-3.362178E-01
+2.392797E-02
-4.034638E-01
-5.965110E-02
-4.610525E-01
-1.759757E-01
-4.986692E-01
-3.284604E-01
-5.032352E-01
-5.184421E-01
-6.350535E-01
-3.231050E-01
-6.956955E-01
-9.876172E-02
-6.806647E-01
+1.299261E-01
-5.936388E-01
+3.385112E-01
-5.901700E-01
+4.166899E-01
-5.785543E-01
+4.986010E-01
-5.579850E-01
+5.836090E-01
-5.276789E-01
+6.709634E-01
-1.791126E-01
+6.890374E-01
+9.330361E-02
+5.864058E-01
+2.672016E-01
+4.169688E-01
+3.434933E-01
+2.293896E-01
+4.059411E-01
-2.108456E-02
+3.078662E-01
-2.554329E-01
+9.263216E-02
-3.826298E-01
-1.520022E-01
-3.563694E-01
-2.774568E-01
-2.792014E-01
-3.668503E-01
-1.591978E-01
-4.061025E-01
-1.232321E-02
-3.879262E-01
+1.410602E-01
-2.539338E-01
+2.197193E-01
-1.292801E-01
+2.406439E-01
-2.846809E-02
+2.203957E-01
+4.228164E-02
+1.757684E-01
-1.955510E-02
+1.649800E-01
-6.941988E-02
+1.359790E-01
-1.031624E-01
+9.509347E-02
-1.192212E-01
+4.910042E-02
-1.302179E-01
+4.135074E-02
-1.411477E-01
+3.219896E-02
-1.518835E-01
+2.157249E-02
-1.622845E-01
+9.405909E-03
-1.683030E-01
+1.683735E-02
-1.742366E-01
+2.482492E-02
-1.800579E-01
+3.338695E-02
-1.857374E-01
+4.254135E-02
-1.691581E-01
+4.037891E-02
-1.540450E-01
+3.826668E-02
-1.402697E-01
+3.621256E-02
-1.277148E-01
+3.422265E-02
-1.346624E-01
+3.605322E-02
-1.419878E-01
+3.798165E-02
-1.497118E-01
+4.001320E-02
-1.578560E-01
+4.215346E-02
-1.666698E-01
+6.214605E-02
-1.741359E-01
+8.473106E-02
-1.798711E-01
+1.099849E-01
-1.834522E-01
+1.379502E-01
-1.829183E-01
+1.527579E-01
-1.815806E-01
+1.680840E-01
-1.793817E-01
+1.839049E-01
-1.762640E-01
+2.001936E-01
-1.525432E-01
+2.406366E-01
-1.207653E-01
+2.793453E-01
-8.077641E-02
+3.148791E-01
-3.265492E-02
+3.456925E-01
+2.114416E-02
+3.316665E-01
+6.988560E-02
+3.103148E-01
+1.127443E-01
+2.827997E-01
+1.491152E-01
+2.503439E-01
+1.484893E-01
+2.175602E-01
+1.460976E-01
+1.880164E-01
+1.422932E-01
+1.614940E-01
+1.373827E-01
+1.377765E-01
+1.279127E-01
+1.458401E-01
+1.179764E-01
+1.532599E-01
+1.076171E-01
+1.600092E-01
+9.687962E-02
+1.660644E-01
+1.056249E-01
+1.762028E-01
+1.150979E-01
+1.869243E-01
+1.253559E-01
+1.982594E-01
+1.364604E-01
+2.102402E-01
+1.582239E-01
+2.089573E-01
+1.808257E-01
+2.059735E-01
+2.041734E-01
+2.011523E-01
+2.281599E-01
+1.943582E-01
+2.397465E-01
+1.923398E-01
+2.515624E-01
+1.899210E-01
+2.636015E-01
+1.870848E-01
+2.758564E-01
+1.838139E-01
+2.862554E-01
+1.615137E-01
+2.949017E-01
+1.387002E-01
+3.017769E-01
+1.155076E-01
+3.068735E-01
+9.207036E-02
+3.003861E-01
+8.342977E-02
+2.939020E-01
+7.515357E-02
+2.874283E-01
+6.723179E-02
+2.809716E-01
+5.965451E-02
+2.822476E-01
+5.312689E-02
+2.833720E-01
+4.657216E-02
+2.843441E-01
+3.999386E-02
+2.851636E-01
+3.339551E-02
+2.858348E-01
+3.104357E-02
+2.864873E-01
+2.868277E-02
+2.871208E-01
+2.631324E-02
+2.877353E-01
+2.393515E-02
+2.883523E-01
+1.671472E-02
+2.887883E-01
+9.478388E-03
+2.890424E-01
+2.230710E-03
+2.891148E-01
-5.023758E-03
+2.959618E-01
-5.480775E-03
+3.029705E-01
-5.956628E-03
+3.101448E-01
-6.451954E-03
+3.174886E-01
-6.967404E-03
+3.188961E-01
-1.161556E-02
+3.202427E-01
-1.630626E-02
+3.215274E-01
-2.103883E-02
+3.227497E-01
-2.581257E-02
+3.346325E-01
-2.823359E-02
+3.469462E-01
-3.079842E-02
+3.597060E-01
-3.351439E-02
+3.729281E-01
-3.638909E-02
+3.908480E-01
-3.469791E-02
+4.095976E-01
-3.276327E-02
+4.292138E-01
-3.056606E-02
+4.497350E-01
-2.808600E-02
+4.579628E-01
+1.148406E-03
+4.643812E-01
+3.133947E-02
+4.689011E-01
+6.238159E-02
+4.714403E-01
+9.416173E-02
+6.051701E-01
+8.614527E-02
+7.743746E-01
+6.649549E-02
+9.877900E-01
+2.956425E-02
+1.256108E+00
-3.243772E-02
+1.049833E+00
-4.699503E-01
+7.214127E-01
-7.669226E-01
+3.393101E-01
-9.021217E-01
-3.115310E-02
-8.817288E-01
-1.952676E-01
-7.124537E-01
-2.963781E-01
-5.429040E-01
-3.460984E-01
-3.852692E-01
-3.562402E-01
-2.472446E-01
-3.487924E-01
-2.097929E-01
-3.395258E-01
-1.751696E-01
-3.287287E-01
-1.433066E-01
-3.166668E-01
-1.141227E-01
-2.804684E-01
-1.177244E-01
-2.476333E-01
-1.192905E-01
-2.179282E-01
-1.191762E-01
-1.911260E-01
-1.176908E-01
-1.733291E-01
-8.859919E-02
-1.559421E-01
-6.467302E-02
-1.392647E-01
-4.518426E-02
-1.235059E-01
-2.948302E-02
-1.112011E-01
-2.688536E-02
-1.001212E-01
-2.451288E-02
-9.014459E-02
-2.234646E-02
-8.116136E-02
-2.036857E-02
-7.317372E-02
-2.364163E-02
-6.564932E-02
-2.615416E-02
-5.859619E-02
-2.799770E-02
-5.201619E-02
-2.925659E-02
-4.444934E-02
-3.261923E-02
-3.713555E-02
-3.486118E-02
-3.017854E-02
-3.610354E-02
-2.365993E-02
-3.646881E-02
-1.974787E-02
-2.417548E-02
-1.599149E-02
-1.570748E-02
-1.264621E-02
-9.957729E-03
-9.807510E-03
-6.115978E-03
-6.256155E-03
-1.040387E-02
-8.866288E-04
-1.272023E-02
+5.242792E-03
-1.232412E-02
+1.078828E-02
-9.027490E-03
+1.437186E-02
-8.164691E-03
+1.833289E-02
-6.412855E-03
+2.254308E-02
-3.553826E-03
+2.680819E-02
+6.375761E-04
+3.235895E-02
-1.808700E-04
+3.902534E-02
-1.364775E-03
+4.702448E-02
-3.029033E-03
+5.661417E-02
-5.319924E-03
+5.867236E-02
-6.747819E-03
+6.077868E-02
-8.275008E-03
+6.293283E-02
-9.906346E-03
+6.513442E-02
-1.164686E-02
+6.596367E-02
-1.562265E-02
+6.658553E-02
-1.973675E-02
+6.698735E-02
-2.398052E-02
+6.715678E-02
-2.834441E-02
+6.525125E-02
-2.625717E-02
+6.337897E-02
-2.427435E-02
+6.154054E-02
-2.239171E-02
+5.973629E-02
-2.060519E-02
+6.237190E-02
-1.710865E-02
+6.483342E-02
-1.336363E-02
+6.710075E-02
-9.376274E-03
+6.915383E-02
-5.154208E-03
+7.313631E-02
-1.321516E-03
+7.710291E-02
+2.951432E-03
+8.102663E-02
+7.687098E-03
+8.487765E-02
+1.290752E-02
+9.239177E-02
+1.322300E-02
+1.005633E-01
+1.349437E-02
+1.094489E-01
+1.371154E-02
+1.191104E-01
+1.386298E-02
+1.216072E-01
+1.029509E-02
+1.240330E-01
+6.585886E-03
+1.263821E-01
+2.735193E-03
+1.286485E-01
-1.256970E-03
+1.304744E-01
-2.676662E-03
+1.323110E-01
-4.136547E-03
+1.341579E-01
-5.637319E-03
+1.360147E-01
-7.179673E-03
+1.361649E-01
-7.590518E-03
+1.363141E-01
-8.002331E-03
+1.364623E-01
-8.415097E-03
+1.366094E-01
-8.828832E-03
+1.379412E-01
-9.201793E-03
+1.392855E-01
-9.581225E-03
+1.406421E-01
-9.967221E-03
+1.420115E-01
-1.035987E-02
+1.447251E-01
-1.171712E-02
+1.474811E-01
-1.312315E-02
+1.502800E-01
-1.457926E-02
+1.531222E-01
-1.608678E-02
+1.540545E-01
-1.705586E-02
+1.549876E-01
-1.803666E-02
+1.559214E-01
-1.902926E-02
+1.568558E-01
-2.003375E-02
+1.594070E-01
-2.035122E-02
+1.619998E-01
-2.067373E-02
+1.646347E-01
-2.100134E-02
+1.673126E-01
-2.133417E-02
+1.689625E-01
-2.194536E-02
+1.706277E-01
-2.256665E-02
+1.723084E-01
-2.319818E-02
+1.740046E-01
-2.384010E-02
+1.816605E-01
-2.264427E-02
+1.896248E-01
-2.130095E-02
+1.979087E-01
-1.980001E-02
+2.065238E-01
-1.813074E-02
+2.110891E-01
-2.589436E-02
+2.154948E-01
-3.401523E-02
+2.197243E-01
-4.249670E-02
+2.237605E-01
-5.134166E-02
+2.254508E-01
-5.665009E-02
+2.270512E-01
-6.205941E-02
+2.285583E-01
-6.756891E-02
+2.299689E-01
-7.317798E-02
+2.312832E-01
-8.326201E-02
+2.322359E-01
-9.357633E-02
+2.328121E-01
-1.041112E-01
+2.329963E-01
-1.148563E-01
+2.305855E-01
-1.238519E-01
+2.278415E-01
-1.328255E-01
+2.247629E-01
-1.417654E-01
+2.213486E-01
-1.506593E-01
+2.186367E-01
-1.585546E-01
+2.156650E-01
-1.664332E-01
+2.124318E-01
-1.742873E-01
+2.089360E-01
-1.821087E-01
+2.004188E-01
-1.904025E-01
+1.915768E-01
-1.983031E-01
+1.824280E-01
-2.057981E-01
+1.729910E-01
-2.128758E-01
+1.630615E-01
-2.147608E-01
+1.532446E-01
-2.162908E-01
+1.435499E-01
-2.174758E-01
+1.339864E-01
-2.183257E-01
+1.314419E-01
-2.173223E-01
+1.289254E-01
-2.163111E-01
+1.264368E-01
-2.152924E-01
+1.239760E-01
-2.142664E-01
+1.205942E-01
-2.175385E-01
+1.171365E-01
-2.207632E-01
+1.136034E-01
-2.239390E-01
+1.099956E-01
-2.270642E-01
+1.084919E-01
-2.389732E-01
+1.066193E-01
-2.513182E-01
+1.043519E-01
-2.641068E-01
+1.016621E-01
-2.773469E-01
+8.340518E-02
-3.123742E-01
+6.004188E-02
-3.487515E-01
+3.097885E-02
-3.860961E-01
-4.392901E-03
-4.239313E-01
-5.995152E-02
-3.880567E-01
-1.061520E-01
-3.478399E-01
-1.432007E-01
-3.048766E-01
-1.714970E-01
-2.606028E-01
-1.652062E-01
-2.330820E-01
-1.585776E-01
-2.080935E-01
-1.517201E-01
-1.854332E-01
-1.447268E-01
-1.649109E-01
-1.285199E-01
-1.497047E-01
-1.140959E-01
-1.358725E-01
-1.012617E-01
-1.232934E-01
-8.984454E-02
-1.118565E-01
-9.313975E-02
-1.025787E-01
-9.577440E-02
-9.344272E-02
-9.778054E-02
-8.448212E-02
-9.919111E-02
-7.572727E-02
-1.186519E-01
-7.580496E-02
-1.405396E-01
-7.406040E-02
-1.649842E-01
-7.003857E-02
-1.920892E-01
-6.321566E-02
-2.734491E-01
+1.277106E-02
-3.396669E-01
+1.481433E-01
-3.580695E-01
+3.513115E-01
-2.832757E-01
+6.171411E-01
-6.253882E-02
+5.496017E-01
+9.116034E-02
+4.412723E-01
+1.826144E-01
+3.183953E-01
+2.221962E-01
+2.000648E-01
+2.174980E-01
+1.537548E-01
+2.084980E-01
+1.132765E-01
+1.963023E-01
+7.840724E-02
+1.818660E-01
+4.883461E-02
+1.696459E-01
+3.595691E-02
+1.577745E-01
+2.471613E-02
+1.463045E-01
+1.496347E-02
+1.352768E-01
+6.559537E-03
+1.336300E-01
-7.308192E-04
+1.316198E-01
-7.826062E-03
+1.292620E-01
-1.470974E-02
+1.265730E-01
-2.136648E-02
+1.245937E-01
-2.422534E-02
+1.225670E-01
-2.700279E-02
+1.204955E-01
-2.969859E-02
+1.183817E-01
-3.231258E-02
+1.165003E-01
-3.616656E-02
+1.144987E-01
-3.993081E-02
+1.123811E-01
-4.360179E-02
+1.101511E-01
-4.717612E-02
+1.084387E-01
-4.171910E-02
+1.065817E-01
-3.649368E-02
+1.045931E-01
-3.149787E-02
+1.024852E-01
-2.672930E-02
+1.097929E-01
-2.264420E-02
+1.172937E-01
-1.792614E-02
+1.249640E-01
-1.252845E-02
+1.327765E-01
-6.403101E-03
+1.440934E-01
-2.258021E-03
+1.562094E-01
+2.632193E-03
+1.691653E-01
+8.357955E-03
+1.830015E-01
+1.501864E-02
+1.892730E-01
+2.655960E-02
+1.950995E-01
+3.892808E-02
+2.004140E-01
+5.212993E-02
+2.051466E-01
+6.616707E-02
+2.116832E-01
+1.138043E-01
+2.092759E-01
+1.673620E-01
+1.958694E-01
+2.256148E-01
+1.694564E-01
+2.868053E-01
+1.942052E-01
+2.977464E-01
+2.211061E-01
+3.082406E-01
+2.502802E-01
+3.181569E-01
+2.818506E-01
+3.273501E-01
+3.096341E-01
+2.590465E-01
+3.248783E-01
+1.918405E-01
+3.287262E-01
+1.275512E-01
+3.225080E-01
+6.768297E-02
+3.209758E-01
+5.230495E-02
+3.187777E-01
+3.721280E-02
+3.159358E-01
+2.243228E-02
+3.124734E-01
+7.987773E-03
+3.316901E-01
-1.333549E-04
+3.518515E-01
-9.277517E-03
+3.729867E-01
-1.953292E-02
+3.951241E-01
-3.099393E-02
+3.443934E-01
-1.078435E-01
+2.837422E-01
-1.657376E-01
+2.181403E-01
-2.047905E-01
+1.519749E-01
-2.261144E-01
+2.085748E-01
-2.294377E-01
+2.728572E-01
-2.238058E-01
+3.443076E-01
-2.068177E-01
+4.219479E-01
-1.758552E-01
+4.248822E-01
-2.976757E-01
+3.984697E-01
-4.334213E-01
+3.361371E-01
-5.774561E-01
+2.319708E-01
-7.219306E-01
+1.027713E-01
-5.803582E-01
+1.815072E-02
-4.577505E-01
-3.413164E-02
-3.544334E-01
-6.353696E-02
-2.693713E-01
-2.561437E-02
-2.040037E-01
-2.775496E-03
-1.527177E-01
+1.003599E-02
-1.130270E-01
+1.635825E-02
-8.269487E-02
+4.437345E-02
-8.959676E-02
+7.858606E-02
-8.880971E-02
+1.175090E-01
-7.729827E-02
+1.584982E-01
-5.204866E-02
+1.823373E-01
-5.515566E-02
+2.096350E-01
-5.806150E-02
+2.408755E-01
-6.064475E-02
+2.766084E-01
-6.275369E-02
+3.237318E-01
-8.772217E-02
+3.781822E-01
-1.195356E-01
+4.409536E-01
-1.597962E-01
+5.131415E-01
-2.104454E-01
+5.316247E-01
-3.930113E-01
+4.996933E-01
-6.094044E-01
+3.996214E-01
-8.501770E-01
+2.136811E-01
-1.099235E+00
-2.126004E-02
-9.829143E-01
-2.011889E-01
-8.393828E-01
-3.288525E-01
-6.827430E-01
-4.092322E-01
-5.245839E-01
-4.000121E-01
-4.249882E-01
-3.838767E-01
-3.387448E-01
-3.627849E-01
-2.647250E-01
-3.383556E-01
-2.017839E-01
-3.072960E-01
-1.642722E-01
-2.783013E-01
-1.324157E-01
-2.513652E-01
-1.054703E-01
-2.264512E-01
-8.277871E-02
-2.019847E-01
-5.980729E-02
-1.793950E-01
-4.111358E-02
-1.586759E-01
-2.604740E-02
-1.397857E-01
-1.404216E-02
-1.194507E-01
-5.893894E-02
-8.646928E-02
-9.204365E-02
-4.617888E-02
-1.104736E-01
-4.277307E-03
-1.134439E-01
-5.319954E-02
-9.380455E-02
-8.587338E-02
-5.585503E-02
-9.683959E-02
-9.566342E-03
-8.585297E-02
+3.426566E-02
-7.664569E-02
+8.217190E-02
-4.169386E-02
+1.300779E-01
+2.156648E-02
+1.646415E-01
+1.090400E-01
+1.698629E-01
+1.492244E-01
+1.207912E-01
+1.708435E-01
+6.447189E-02
+1.735329E-01
+7.156703E-03
+1.588319E-01
-4.540021E-02
+1.588244E-01
-4.651990E-02
+1.588095E-01
-4.764160E-02
+1.587873E-01
-4.876523E-02
+1.587577E-01
-4.989075E-02
+1.643871E-01
-5.091096E-02
+1.702130E-01
-5.194180E-02
+1.762420E-01
-5.298281E-02
+1.824812E-01
-5.403342E-02
+1.927130E-01
-5.581380E-02
+2.035106E-01
-5.762627E-02
+2.149049E-01
-5.946902E-02
+2.269286E-01
-6.133995E-02
+2.415684E-01
-6.465007E-02
+2.571508E-01
-6.813248E-02
+2.737367E-01
-7.179563E-02
+2.913905E-01
-7.564841E-02
+3.133979E-01
-8.597137E-02
+3.369994E-01
-9.743987E-02
+3.623042E-01
-1.101685E-01
+3.894288E-01
-1.242823E-01
+4.061087E-01
-1.453757E-01
+4.229234E-01
-1.682329E-01
+4.398155E-01
-1.929553E-01
+4.567207E-01
-2.196477E-01
+4.908293E-01
-2.437580E-01
+5.273796E-01
-2.702953E-01
+5.665365E-01
-2.994904E-01
+6.084760E-01
-3.315940E-01
+6.612822E-01
-4.150495E-01
+7.148829E-01
-5.125572E-01
+7.684032E-01
-6.259221E-01
+8.207341E-01
-7.571138E-01
+7.523302E-01
-9.104370E-01
+6.587950E-01
-1.061386E+00
+5.392583E-01
-1.206267E+00
+3.933348E-01
-1.341083E+00
+3.663887E-01
-1.212868E+00
+3.410228E-01
-1.096832E+00
+3.171783E-01
-9.918262E-01
+2.947938E-01
-8.968090E-01
+1.873773E-01
-1.080859E+00
+3.278185E-02
-1.274308E+00
-1.776424E-01
-1.470588E+00
-4.527304E-01
-1.660688E+00
-6.654665E-01
-1.581196E+00
-8.651952E-01
-1.474711E+00
-1.048527E+00
-1.343268E+00
-1.212379E+00
-1.189323E+00
-1.357320E+00
-1.063712E+00
-1.489445E+00
-9.206406E-01
-1.606672E+00
-7.613901E-01
-1.707043E+00
-5.874912E-01
-1.066684E+00
+5.168520E-01
-2.572753E-01
+7.344760E-01
+2.202870E-01
+4.610372E-01
+3.160065E-01
+1.126362E-01
+4.953999E-01
-7.818504E-02
+5.943960E-01
-4.570041E-01
+4.533744E-01
-1.025102E+00
-1.381175E-01
-1.669984E+00
+1.572169E+00
-2.766915E+00
+5.429307E+00
-2.655248E+00
+1.135870E+01
+1.651381E+00
+1.604457E+01
+1.475646E+01
+8.489248E+00
+5.059190E+00
+4.236621E+00
+1.457185E+00
+2.015236E+00
+2.534522E-01
+9.177836E-01
-7.455193E-02
+1.321265E+00
-4.463864E-01
+1.777690E+00
-1.140857E+00
+2.193498E+00
-2.328851E+00
+2.368496E+00
-4.227141E+00
+3.613246E-01
-4.501178E+00
-1.445067E+00
-3.952411E+00
-2.761337E+00
-2.784960E+00
-3.421864E+00
-1.284243E+00
-3.465139E+00
-1.059058E+00
-3.494030E+00
-8.335766E-01
-3.508672E+00
-6.086894E-01
-3.509254E+00
-3.852726E-01
-4.112165E+00
+1.096266E-02
-4.758451E+00
+5.481108E-01
-5.436593E+00
+1.254015E+00
-6.129640E+00
+2.159403E+00
-4.992684E+00
+4.799457E+00
-2.724862E+00
+6.858523E+00
+3.834929E-01
+7.855018E+00
+3.838241E+00
+7.449935E+00
+4.360185E+00
+4.931317E+00
+4.271466E+00
+2.912993E+00
+3.814370E+00
+1.393433E+00
+3.173069E+00
+3.247173E-01
+2.686579E+00
-1.210506E+00
+1.586493E+00
-2.212181E+00
+2.431626E-01
-2.503134E+00
-9.653174E-01
-2.113337E+00
-3.943716E-01
-1.283513E+00
-1.295525E-01
-7.651101E-01
-1.675324E-02
-4.481581E-01
+2.407045E-02
-2.580630E-01
-9.309776E-02
-3.330595E-01
-2.748761E-01
-3.706266E-01
-5.193132E-01
-3.307341E-01
-8.048834E-01
-1.644309E-01
-7.804831E-01
-2.014783E-01
-7.547156E-01
-2.365588E-01
-7.277066E-01
-2.696434E-01
-6.995813E-01
-3.007097E-01
-8.688566E-01
-2.200001E-01
-1.050674E+00
-9.484161E-02
-1.238838E+00
+8.430545E-02
-1.424385E+00
+3.273832E-01
-1.485087E+00
+4.619843E-01
-1.538669E+00
+6.096941E-01
-1.583642E+00
+7.707411E-01
-1.618406E+00
+9.452463E-01
-1.002899E+00
+1.593705E+00
-1.533969E-01
+1.885592E+00
+7.389861E-01
+1.751137E+00
+1.471583E+00
+1.216939E+00
+8.036197E-01
+9.702262E-01
+4.011454E-01
+7.279349E-01
+1.701888E-01
+5.212587E-01
+4.600015E-02
+3.588224E-01
+6.035601E-02
+4.178993E-01
+7.820828E-02
+4.865769E-01
+1.003194E-01
+5.663932E-01
+1.276079E-01
+6.591295E-01
+1.676169E-01
+5.481201E-01
+1.916007E-01
+4.502760E-01
+2.031632E-01
+3.650498E-01
+2.053148E-01
+2.916535E-01
+1.284137E-01
+2.747781E-01
+6.654768E-02
+2.491864E-01
+1.856830E-02
+2.185390E-01
-1.703142E-02
+1.857288E-01
-3.844080E-02
+2.124407E-01
-6.583218E-02
+2.410750E-01
-1.003161E-01
+2.713205E-01
-1.431417E-01
+3.027059E-01
-2.414373E-01
+3.862726E-01
-3.875067E-01
+4.835814E-01
-6.003043E-01
+5.918754E-01
-9.050013E-01
+7.044233E-01
-6.639828E-01
+1.071409E+00
-2.755197E-01
+1.357690E+00
+2.341193E-01
+1.504523E+00
+8.154417E-01
+1.461387E+00
+1.448503E+00
+6.678804E-01
+1.490667E+00
-2.987192E-01
+9.805118E-01
-1.066926E+00
+1.563000E-01
-1.372257E+00
+4.141745E-01
-9.843034E-01
+5.212246E-01
-6.403908E-01
+5.259269E-01
-3.619319E-01
+4.689066E-01
-1.542830E-01
+5.297001E-01
-1.858368E-01
+5.981184E-01
-2.230636E-01
+6.750804E-01
-2.669099E-01
+7.616082E-01
-3.184720E-01
+7.938169E-01
-4.779260E-01
+8.035694E-01
-6.602567E-01
+7.846523E-01
-8.643287E-01
+7.303494E-01
-1.087867E+00
+2.982755E-01
-1.739006E+00
-5.912773E-01
-2.301140E+00
-1.993950E+00
-2.501941E+00
-3.828125E+00
-1.976137E+00
-2.565240E+00
-7.737185E-01
-1.656470E+00
-1.818480E-01
-1.033561E+00
+7.688724E-02
-6.232814E-01
+1.643722E-01
-6.643826E-01
+6.630217E-02
-6.904017E-01
-4.072454E-02
-6.995302E-01
-1.544485E-01
-6.902877E-01
-2.722631E-01
-7.030822E-01
-2.215682E-01
-7.122189E-01
-1.704368E-01
-7.176999E-01
-1.191286E-01
-7.195462E-01
-6.790070E-02
-7.756120E-01
+4.712237E-02
-8.161065E-01
+1.786008E-01
-8.373329E-01
+3.249786E-01
-8.356215E-01
+4.839911E-01
-6.503495E-01
+4.406769E-01
-5.024856E-01
+3.949029E-01
-3.851195E-01
+3.492780E-01
-2.924938E-01
+3.055233E-01
-3.293809E-01
+3.565933E-01
-3.706629E-01
+4.159538E-01
-4.168181E-01
+4.849179E-01
-4.683688E-01
+5.650025E-01
-4.917759E-01
+6.669424E-01
-5.116290E-01
+7.833589E-01
-5.265476E-01
+9.158667E-01
-5.348734E-01
+1.066198E+00
-3.193995E-01
+8.240162E-01
-1.775368E-01
+6.302265E-01
-8.655633E-02
+4.773113E-01
-3.022446E-02
+3.581253E-01
-1.427641E-01
+4.614750E-01
-3.202631E-01
+5.647672E-01
-5.830297E-01
+6.492857E-01
-9.523372E-01
+6.846140E-01
-1.078576E+00
+7.084161E-01
-1.218446E+00
+7.287296E-01
-1.373138E+00
+7.445763E-01
-1.543915E+00
+7.548269E-01
-1.844636E+00
+6.408874E-01
-2.168330E+00
+4.713306E-01
-2.510353E+00
+2.358985E-01
-2.864066E+00
-7.634754E-02
-2.483192E+00
+9.901614E-02
-2.143445E+00
+2.288351E-01
-1.841918E+00
+3.216068E-01
-1.575605E+00
+3.845171E-01
-1.312630E+00
-2.660300E-01
-8.875924E-01
-6.598691E-01
-4.315975E-01
-8.049272E-01
-3.984692E-02
-7.531783E-01
