#I+1.668000E+03
+1.000000E+00
+8.010000E+02
+8.010000E+02
+1.000000E+01
+2.000000E+00
+3.000000E+00
+0.000000E+00
+1.000000E+00
+2.000000E+00
+5.000000E+00
+1.000000E+00
+2.497000E+03
-1.092400E+04
+2.025600E+04
-1.299100E+04
-1.119200E+04
+0.000000E+00
+0.000000E+00
+0.000000E+00
+0.000000E+00
+0.000000E+00
+0.000000E+00
+0.000000E+00
+0.000000E+00
+0.000000E+00
+0.000000E+00
+0.000000E+00
+0.000000E+00
+0.000000E+00
+0.000000E+00
+0.000000E+00
+0.000000E+00
+0.000000E+00
+0.000000E+00
+0.000000E+00
+1.000000E+00
+1.000000E+00
+1.000000E+00
+0.000000E+00
+0.000000E+00
+1.000000E+00
+0.000000E+00
+1.000000E+00
+2.000000E+00
+3.000000E+00
+4.500000E+01
+4.500000E+01
+0.000000E+00
+0.000000E+00
+2.000000E+00
+0.000000E+00
+0.000000E+00
+0.000000E+00
+8.000000E+02
+0.000000E+00
+2.499999E-03
+1.258924E+01
+0.000000E+00
+0.000000E+00
+0.000000E+00
+1.000000E+00
+1.000000E+00
+0.000000E+00
+0.000000E+00
+9.9999904632568339E+00
+9.9999904632568339E+00
-1.394437E-01
-3.355791E-01
+5.003874E-03
-4.728615E-01
+2.481026E-01
-5.631362E-01
+5.851513E-01
-5.466618E-01
+9.799377E-01
-3.543774E-01
+1.056493E+00
-4.887744E-01
+1.128752E+00
-6.457237E-01
+1.194059E+00
-8.273593E-01
+1.249250E+00
-1.035799E+00
+1.389572E+00
-7.973804E-01
+1.485954E+00
-5.418340E-01
+1.536706E+00
-2.770208E-01
+1.541512E+00
-1.087240E-02
+1.798998E+00
+2.836085E-01
+2.042544E+00
+6.763681E-01
+2.250951E+00
+1.181010E+00
+2.396895E+00
+1.809316E+00
+1.925207E+00
+1.252321E+00
+1.535613E+00
+8.525802E-01
+1.217045E+00
+5.684246E-01
+9.588352E-01
+3.686556E-01
+1.124792E+00
+1.197145E-01
+1.230600E+00
-1.922749E-01
+1.254503E+00
-5.542439E-01
+1.177073E+00
-9.461071E-01
+1.275137E+00
-7.940044E-01
+1.353848E+00
-6.321131E-01
+1.412282E+00
-4.628621E-01
+1.449813E+00
-2.887602E-01
+1.880101E+00
+4.691098E-01
+1.965991E+00
+1.608240E+00
+1.430287E+00
+3.006546E+00
+1.275090E-02
+4.364184E+00
+1.366307E+00
+2.725872E+00
+1.703053E+00
+1.279804E+00
+1.463609E+00
+2.704634E-01
+9.996828E-01
-2.863629E-01
+1.240674E+00
-3.424221E-01
+1.539604E+00
-4.089124E-01
+1.910368E+00
-4.876177E-01
+2.370182E+00
-5.805794E-01
+2.044141E+00
-6.153911E-01
+1.757717E+00
-6.309215E-01
+1.506782E+00
-6.314157E-01
+1.287535E+00
-6.203943E-01
+1.491069E+00
-4.808735E-01
+1.691194E+00
-2.988841E-01
+1.881258E+00
-7.128759E-02
+2.053568E+00
+2.043286E-01
+2.001955E+00
-3.350260E-01
+1.814029E+00
-8.337063E-01
+1.507187E+00
-1.258663E+00
+1.106456E+00
-1.583008E+00
+1.200881E+00
-1.122113E+00
+1.198002E+00
-7.217642E-01
+1.124830E+00
-3.890178E-01
+1.005095E+00
-1.249711E-01
+1.335142E+00
-8.226229E-02
+1.766697E+00
+1.116520E-03
+2.328718E+00
+1.464344E-01
+3.057636E+00
+3.841041E-01
+2.985353E+00
+3.677085E-01
+2.914761E+00
+3.518756E-01
+2.845823E+00
+3.365880E-01
+2.778496E+00
+3.218283E-01
+2.561527E+00
+1.983981E-01
+2.358068E+00
+9.267996E-02
+2.167629E+00
+2.747445E-03
+1.989691E+00
-7.315035E-02
+2.139445E+00
+6.088149E-02
+2.290697E+00
+2.151442E-01
+2.442138E+00
+3.912131E-01
+2.592257E+00
+5.906864E-01
+2.477336E+00
+5.162121E-01
+2.366656E+00
+4.473750E-01
+2.260109E+00
+3.838271E-01
+2.157591E+00
+3.252397E-01
+2.203547E+00
+1.602254E-01
+2.237084E+00
-9.946292E-03
+2.257681E+00
-1.843570E-01
+2.264885E+00
-3.620389E-01
+2.321384E+00
-1.494249E-01
+2.358142E+00
+7.064106E-02
+2.374258E+00
+2.963477E-01
+2.368991E+00
+5.257791E-01
+2.635921E+00
+6.919514E-01
+2.928328E+00
+8.899163E-01
+3.247959E+00
+1.124656E+00
+3.596559E+00
+1.401837E+00
+3.915153E+00
+1.408974E+00
+4.258662E+00
+1.407664E+00
+4.628783E+00
+1.396548E+00
+5.027303E+00
+1.374113E+00
+4.087903E+00
+1.320555E+00
+3.316394E+00
+1.241122E+00
+2.684106E+00
+1.146698E+00
+2.167018E+00
+1.045167E+00
+2.063274E+00
+7.234455E-01
+1.936863E+00
+4.434610E-01
+1.794226E+00
+2.034733E-01
+1.641006E+00
+1.255010E-03
+2.150434E+00
+4.063115E-02
+2.817078E+00
+1.043345E-01
+3.689173E+00
+2.036529E-01
+4.829648E+00
+3.545236E-01
+4.177026E+00
+1.034131E+00
+3.503591E+00
+1.531597E+00
+2.839216E+00
+1.866414E+00
+2.207141E+00
+2.060128E+00
+2.771916E+00
+1.968225E+00
+3.388416E+00
+1.781008E+00
+4.048352E+00
+1.479670E+00
+4.739663E+00
+1.044467E+00
+4.442246E+00
+1.105480E+00
+4.160270E+00
+1.155434E+00
+3.893133E+00
+1.195353E+00
+3.640244E+00
+1.226189E+00
+3.975651E+00
+9.381827E-01
+4.302293E+00
+6.000551E-01
+4.614696E+00
+2.097264E-01
+4.906861E+00
-2.344652E-01
+4.808063E+00
-2.045002E-01
+4.711123E+00
-1.756530E-01
+4.616012E+00
-1.478913E-01
+4.522693E+00
-1.211836E-01
+4.090371E+00
-4.065024E-01
+3.679899E+00
-6.366891E-01
+3.292841E+00
-8.183500E-01
+2.930187E+00
-9.575745E-01
+2.919833E+00
-5.850073E-01
+2.867490E+00
-2.287950E-01
+2.776729E+00
+1.069484E-01
+2.651445E+00
+4.186832E-01
+2.954894E+00
+4.923889E-01
+3.292825E+00
+5.775200E-01
+3.669130E+00
+6.757287E-01
+4.088134E+00
+7.888952E-01
+3.775612E+00
+8.465024E-01
+3.483704E+00
+8.913244E-01
+3.211298E+00
+9.248429E-01
+2.957322E+00
+9.484042E-01
+3.086985E+00
+8.264335E-01
+3.214132E+00
+6.945745E-01
+3.338196E+00
+5.526787E-01
+3.458590E+00
+4.006221E-01
+3.243511E+00
+7.047821E-01
+3.010912E+00
+9.731420E-01
+2.765052E+00
+1.205894E+00
+2.509955E+00
+1.403619E+00
+2.987608E+00
+1.271968E+00
+3.507900E+00
+1.066365E+00
+4.067107E+00
+7.725819E-01
+4.659335E+00
+3.750973E-01
+4.905702E+00
+3.712370E-01
+5.164977E+00
+3.659293E-01
+5.437827E+00
+3.590332E-01
+5.724959E+00
+3.503968E-01
+5.083388E+00
-2.525151E-01
+4.458430E+00
-7.213124E-01
+3.861277E+00
-1.073459E+00
+3.300086E+00
-1.325455E+00
+3.498599E+00
-2.990032E-01
+3.389768E+00
+7.274965E-01
+2.990723E+00
+1.665331E+00
+2.343243E+00
+2.435678E+00
+3.178487E+00
+1.573164E+00
+3.697021E+00
+4.249688E-01
+3.801408E+00
-8.928772E-01
+3.436627E+00
-2.231212E+00
+3.899677E+00
-1.511176E+00
+4.211869E+00
-6.950485E-01
+4.353265E+00
+1.855654E-01
+4.310546E+00
+1.094921E+00
+4.537553E+00
+9.364208E-01
+4.766334E+00
+7.607761E-01
+4.996150E+00
+5.672060E-01
+5.226201E+00
+3.549308E-01
+5.298579E+00
+8.432303E-01
+5.327455E+00
+1.348009E+00
+5.310435E+00
+1.865593E+00
+5.245421E+00
+2.392015E+00
+5.358724E+00
+1.786768E+00
+5.406363E+00
+1.185315E+00
+5.390426E+00
+5.943683E-01
+5.313632E+00
+2.024791E-02
+5.180806E+00
+4.136210E-01
+5.022103E+00
+7.874263E-01
+4.839616E+00
+1.140229E+00
+4.635484E+00
+1.470785E+00
+5.034299E+00
+1.173061E+00
+5.432149E+00
+8.244148E-01
+5.824738E+00
+4.218882E-01
+6.207276E+00
-3.729565E-02
+5.958909E+00
+8.206303E-02
+5.718242E+00
+1.919163E-01
+5.485145E+00
+2.927918E-01
+5.259488E+00
+3.851940E-01
+5.101956E+00
+7.010525E-01
+4.928872E+00
+9.991289E-01
+4.741731E+00
+1.278912E+00
+4.542024E+00
+1.539997E+00
+4.650950E+00
+1.291927E+00
+4.746451E+00
+1.036510E+00
+4.828044E+00
+7.744673E-01
+4.895291E+00
+5.065480E-01
+5.480241E+00
+1.016347E+00
+6.094293E+00
+1.644967E+00
+6.730405E+00
+2.410367E+00
+7.379003E+00
+3.332180E+00
+7.151565E+00
+2.888083E+00
+6.918021E+00
+2.474121E+00
+6.679818E+00
+2.089075E+00
+6.438292E+00
+1.731732E+00
+6.222817E+00
+2.806818E+00
+5.828608E+00
+3.858017E+00
+5.257678E+00
+4.855742E+00
+4.516915E+00
+5.770423E+00
+6.938981E+00
+4.630176E+00
+9.151598E+00
+2.534657E+00
+1.079751E+01
-5.191015E-01
+1.148940E+01
-4.407062E+00
+1.401019E+01
-2.021138E+00
+1.623113E+01
+1.296719E+00
+1.787859E+01
+5.583756E+00
+1.863617E+01
+1.081215E+01
+1.730435E+01
+1.202469E+01
+1.590949E+01
+1.310050E+01
+1.446407E+01
+1.403800E+01
+1.298040E+01
+1.483666E+01
+2.787128E+00
+1.888749E+01
-7.636569E+00
+1.683960E+01
-1.504932E+01
+9.705400E+00
-1.734301E+01
+9.165572E-03
-1.498607E+01
-5.694479E-01
-1.293023E+01
-9.909517E-01
-1.113978E+01
-1.286724E+00
-9.582838E+00
-1.482690E+00
-8.558745E+00
-2.107614E+00
-7.581552E+00
-2.591714E+00
-6.658071E+00
-2.952044E+00
-5.793105E+00
-3.204590E+00
-4.763928E+00
-2.780806E+00
-3.914792E+00
-2.408004E+00
-3.214645E+00
-2.081133E+00
-2.637719E+00
-1.795388E+00
-2.639886E+00
-1.487143E+00
-2.617202E+00
-1.195307E+00
-2.572321E+00
-9.209899E-01
-2.507844E+00
-6.650328E-01
-2.093123E+00
-7.859043E-01
-1.727131E+00
-8.538770E-01
-1.407470E+00
-8.806828E-01
-1.131075E+00
-8.761753E-01
-7.318968E-01
-7.725679E-01
-4.502367E-01
-6.510564E-01
-2.569968E-01
-5.297352E-01
-1.287320E-01
-4.185995E-01
-2.063763E-02
-4.743626E-01
+1.080122E-01
-5.033194E-01
+2.509006E-01
-4.985337E-01
+3.995041E-01
-4.544554E-01
+4.454371E-01
-4.701030E-01
+4.951892E-01
-4.850044E-01
+5.489963E-01
-4.989550E-01
+6.071027E-01
-5.117265E-01
+6.455334E-01
-4.313413E-01
+6.741484E-01
-3.490526E-01
+6.930183E-01
-2.659801E-01
+7.023336E-01
-1.832042E-01
+7.318119E-01
-1.565023E-01
+7.609504E-01
-1.276476E-01
+7.896408E-01
-9.659092E-02
+8.177684E-01
-6.328689E-02
+8.689877E-01
-4.404794E-02
+9.227603E-01
-2.220142E-02
+9.791678E-01
+2.482360E-03
+1.038287E+00
+3.024919E-02
+1.104968E+00
+2.424451E-02
+1.175870E+00
+1.734558E-02
+1.251257E+00
+9.462895E-03
+1.331409E+00
+4.991899E-04
+1.375642E+00
+7.992471E-03
+1.421303E+00
+1.598312E-02
+1.468436E+00
+2.449566E-02
+1.517088E+00
+3.355572E-02
+1.507738E+00
+4.811134E-02
+1.498302E+00
+6.248944E-02
+1.488783E+00
+7.669027E-02
+1.479182E+00
+9.071405E-02
+1.515475E+00
+1.069889E-01
+1.552525E+00
+1.240158E-01
+1.590345E+00
+1.418211E-01
+1.628945E+00
+1.604313E-01
+1.712744E+00
+1.850410E-01
+1.800691E+00
+2.117743E-01
+1.892983E+00
+2.407835E-01
+1.989825E+00
+2.722315E-01
+2.044549E+00
+1.777978E-01
+2.095655E+00
+7.866482E-02
+2.142831E+00
-2.508212E-02
+2.185763E+00
-1.333406E-01
+2.114748E+00
-1.974892E-01
+2.043904E+00
-2.574591E-01
+1.973356E+00
-3.133834E-01
+1.903218E+00
-3.653954E-01
+1.851815E+00
-3.389135E-01
+1.801659E+00
-3.136224E-01
+1.752727E+00
-2.894774E-01
+1.704992E+00
-2.664357E-01
+1.710483E+00
-2.538230E-01
+1.715889E+00
-2.411425E-01
+1.721207E+00
-2.283947E-01
+1.726437E+00
-2.155801E-01
+1.695651E+00
-2.111736E-01
+1.665416E+00
-2.068557E-01
+1.635718E+00
-2.026248E-01
+1.606551E+00
-1.984791E-01
+1.570257E+00
-1.808858E-01
+1.534678E+00
-1.639991E-01
+1.499802E+00
-1.477967E-01
+1.465617E+00
-1.322566E-01
+1.466968E+00
-1.241212E-01
+1.468274E+00
-1.159749E-01
+1.469535E+00
-1.078178E-01
+1.470752E+00
-9.965034E-02
+1.439730E+00
-8.436345E-02
+1.409246E+00
-6.968509E-02
+1.379292E+00
-5.559722E-02
+1.349862E+00
-4.208230E-02
+1.343617E+00
-2.279829E-02
+1.337130E+00
-3.700234E-03
+1.330407E+00
+1.520941E-02
+1.323451E+00
+3.392824E-02
+1.315236E+00
+4.688323E-02
+1.306941E+00
+5.967946E-02
+1.298569E+00
+7.231705E-02
+1.290120E+00
+8.479621E-02
+1.279400E+00
+9.344225E-02
+1.268700E+00
+1.019432E-01
+1.258023E+00
+1.103003E-01
+1.247369E+00
+1.185148E-01
+1.232775E+00
+1.239017E-01
+1.218316E+00
+1.291498E-01
+1.203990E+00
+1.342613E-01
+1.189796E+00
+1.392386E-01
+1.165761E+00
+1.443820E-01
+1.142159E+00
+1.492670E-01
+1.118983E+00
+1.539013E-01
+1.096226E+00
+1.582927E-01
+1.066703E+00
+1.677251E-01
+1.037808E+00
+1.765588E-01
+1.009531E+00
+1.848166E-01
+9.818646E-01
+1.925203E-01
+9.577504E-01
+2.006141E-01
+9.340673E-01
+2.082259E-01
+9.108120E-01
+2.153718E-01
+8.879813E-01
+2.220674E-01
+8.505806E-01
+2.365484E-01
+8.141531E-01
+2.495661E-01
+7.787009E-01
+2.611976E-01
+7.442242E-01
+2.715169E-01
+7.054509E-01
+3.061516E-01
+6.658760E-01
+3.374699E-01
+6.257158E-01
+3.655283E-01
+5.851780E-01
+3.903938E-01
+5.423640E-01
+4.401618E-01
+4.954264E-01
+4.853982E-01
+4.448320E-01
+5.257724E-01
+3.910729E-01
+5.610014E-01
+4.550167E-01
+7.465895E-01
+5.220488E-01
+9.884378E-01
+5.886060E-01
+1.302322E+00
+6.489044E-01
+1.708093E+00
+8.879484E-01
+1.396777E+00
+1.043115E+00
+1.076883E+00
+1.122299E+00
+7.647110E-01
+1.135484E+00
+4.732814E-01
+1.013661E+00
+4.025413E-01
+9.046086E-01
+3.416570E-01
+8.070258E-01
+2.893185E-01
+7.197367E-01
+2.443836E-01
+6.363855E-01
+2.474015E-01
+5.614651E-01
+2.468579E-01
+4.942499E-01
+2.434467E-01
+4.340611E-01
+2.377628E-01
+3.656508E-01
+2.806115E-01
+2.965896E-01
+3.103103E-01
+2.288008E-01
+3.278140E-01
+1.639195E-01
+3.342746E-01
+1.406417E-01
+3.709866E-01
+1.122890E-01
+4.076208E-01
+7.855944E-02
+4.436675E-01
+3.918330E-02
+4.785556E-01
+4.400671E-02
+4.751936E-01
+4.876488E-02
+4.718011E-01
+5.345780E-02
+4.683792E-01
+5.808561E-02
+4.649287E-01
+4.811262E-02
+4.522627E-01
+3.865854E-02
+4.397926E-01
+2.970459E-02
+4.275219E-01
+2.123246E-02
+4.154536E-01
+2.094755E-02
+4.138128E-01
+2.066456E-02
+4.121782E-01
+2.038350E-02
+4.105501E-01
+2.010434E-02
+4.089286E-01
-6.735380E-02
+3.978229E-01
-1.491705E-01
+3.685916E-01
-2.217146E-01
+3.231116E-01
-2.818895E-01
+2.639601E-01
-3.199325E-01
+2.536182E-01
-3.591161E-01
+2.394166E-01
-3.991663E-01
+2.210495E-01
-4.397679E-01
+1.982184E-01
-4.781998E-01
+1.849101E-01
-5.182172E-01
+1.685611E-01
-5.597411E-01
+1.488933E-01
-6.026715E-01
+1.256157E-01
-6.298381E-01
+1.258742E-01
-6.581828E-01
+1.259104E-01
-6.877545E-01
+1.257046E-01
-7.186049E-01
+1.252359E-01
-7.374920E-01
+1.157629E-01
-7.566553E-01
+1.057438E-01
-7.760920E-01
+9.516107E-02
-7.957985E-01
+8.399712E-02
-8.260421E-01
+7.937707E-02
-8.573586E-01
+7.429256E-02
-8.897840E-01
+6.871594E-02
-9.233543E-01
+6.261824E-02
-9.317397E-01
+6.084283E-02
-9.401955E-01
+5.903041E-02
-9.487220E-01
+5.718049E-02
-9.573189E-01
+5.529227E-02
-9.653193E-01
+4.926715E-02
-9.733428E-01
+4.314000E-02
-9.813887E-01
+3.690986E-02
-9.894563E-01
+3.057602E-02
-9.903571E-01
+2.401238E-02
-9.912149E-01
+1.743813E-02
-9.920298E-01
+1.085353E-02
-9.928009E-01
+4.258798E-03
-9.880535E-01
+1.570100E-03
-9.833216E-01
-1.092948E-03
-9.786052E-01
-3.730514E-03
-9.739043E-01
-6.342593E-03
-9.662880E-01
-2.288308E-03
-9.587149E-01
+1.702847E-03
-9.511849E-01
+5.631545E-03
-9.436978E-01
+9.498371E-03
-9.445595E-01
+1.316405E-02
-9.454077E-01
+1.683655E-02
-9.462427E-01
+2.051583E-02
-9.470640E-01
+2.420195E-02
-9.530822E-01
+3.175747E-02
-9.590808E-01
+3.940953E-02
-9.650590E-01
+4.715858E-02
-9.710163E-01
+5.500489E-02
-9.868888E-01
+6.448971E-02
-1.002945E+00
+7.427423E-02
-1.019185E+00
+8.436505E-02
-1.035611E+00
+9.476893E-02
-1.066726E+00
+1.010832E-01
-1.098764E+00
+1.076925E-01
-1.131753E+00
+1.146086E-01
-1.165722E+00
+1.218444E-01
-1.212987E+00
+1.228117E-01
-1.262156E+00
+1.236586E-01
-1.313305E+00
+1.243738E-01
-1.366511E+00
+1.249454E-01
-1.415134E+00
+1.167331E-01
-1.465372E+00
+1.077888E-01
-1.517272E+00
+9.807228E-02
-1.570888E+00
+8.754115E-02
-1.614197E+00
+7.095037E-02
-1.658470E+00
+5.339100E-02
-1.703724E+00
+3.482538E-02
-1.749970E+00
+1.521502E-02
-1.780266E+00
-3.466805E-03
-1.810880E+00
-2.279825E-02
-1.841813E+00
-4.279397E-02
-1.873060E+00
-6.346910E-02
-1.889606E+00
-5.853667E-02
-1.906281E+00
-5.351270E-02
-1.923088E+00
-4.839600E-02
-1.940027E+00
-4.318469E-02
-1.889724E+00
-3.387836E-02
-1.840690E+00
-2.502640E-02
-1.792895E+00
-1.661159E-02
-1.746309E+00
-8.618141E-03
-1.647579E+00
+2.779367E-03
-1.554362E+00
+1.291533E-02
-1.466355E+00
+2.189556E-02
-1.383271E+00
+2.981852E-02
-1.167967E+00
+7.882030E-02
-9.840959E-01
+1.118905E-01
-8.274087E-01
+1.327138E-01
-6.941709E-01
+1.442398E-01
-7.093870E-01
-1.249448E-01
-6.225087E-01
-3.847163E-01
-4.428167E-01
-5.972072E-01
-1.933119E-01
-7.301685E-01
-3.329558E-01
-8.501362E-01
-5.172120E-01
-9.749195E-01
-7.557067E-01
-1.099325E+00
-1.059281E+00
-1.215791E+00
-7.723686E-01
-9.073523E-01
-5.629908E-01
-6.770085E-01
-4.102395E-01
-5.050274E-01
-2.988335E-01
-3.766523E-01
-1.591581E-01
-5.812785E-01
+1.025626E-01
-7.484464E-01
+4.865499E-01
-8.123726E-01
+9.606856E-01
-6.971098E-01
+9.569305E-01
-2.603049E-01
+8.247067E-01
+7.986353E-02
+6.207122E-01
+3.065034E-01
+3.942465E-01
+4.231984E-01
+6.106606E-01
+9.576727E-01
+8.382669E-01
+2.066912E+00
+8.828069E-01
+4.290120E+00
+1.771193E-01
+8.599424E+00
+4.604283E+00
+8.093904E+00
+8.557478E+00
+5.329144E+00
+1.089418E+01
+6.584271E-01
+1.070912E+01
-4.992641E+00
+9.356966E+00
-4.728925E+00
+8.165220E+00
-4.457019E+00
+7.115968E+00
-4.182361E+00
+6.193164E+00
-3.909263E+00
+5.784844E+00
-3.829069E+00
+5.399806E+00
-3.744753E+00
+5.036899E+00
-3.657012E+00
+4.695024E+00
-3.566484E+00
+5.083444E+00
-3.725173E+00
+5.501487E+00
-3.887618E+00
+5.951257E+00
-4.053531E+00
+6.435004E+00
-4.222566E+00
+8.927126E+00
-6.360459E+00
+1.235695E+01
-9.538958E+00
+1.706440E+01
-1.424954E+01
+2.350640E+01
-2.121017E+01
+1.013488E+01
-2.639111E+01
-2.605006E+00
-2.510780E+01
-1.222780E+01
-1.893396E+01
-1.739137E+01
-1.012755E+01
-1.373131E+01
-6.655942E+00
-1.076439E+01
-4.241916E+00
-8.382368E+00
-2.587568E+00
-6.486272E+00
-1.473908E+00
-5.170928E+00
-1.236196E+00
-4.121772E+00
-1.034407E+00
-3.285046E+00
-8.637175E-01
-2.617824E+00
-7.197887E-01
-2.118516E+00
-7.482835E-01
-1.704684E+00
-7.424067E-01
-1.363429E+00
-7.131907E-01
-1.083460E+00
-6.689817E-01
-5.723664E-01
-6.687097E-01
-2.359368E-01
-5.608486E-01
-3.716788E-02
-4.189537E-01
+6.379919E-02
-2.836565E-01
+1.840920E-01
-3.483716E-01
+3.643909E-01
-3.903337E-01
+6.151019E-01
-3.812453E-01
+9.397941E-01
-2.804026E-01
+1.068812E+00
-2.857698E-01
+1.214469E+00
-2.876459E-01
+1.378777E+00
-2.850468E-01
+1.563970E+00
-2.767974E-01
+1.731349E+00
-2.747805E-01
+1.916021E+00
-2.692714E-01
+2.119707E+00
-2.595692E-01
+2.344294E+00
-2.448669E-01
+2.488010E+00
-2.637274E-01
+2.640531E+00
-2.839809E-01
+2.802394E+00
-3.057271E-01
+2.974172E+00
-3.290728E-01
+3.141387E+00
-4.313648E-01
+3.315672E+00
-5.443770E-01
+3.497147E+00
-6.689419E-01
+3.685918E+00
-8.059444E-01
+3.771074E+00
-9.603833E-01
+3.853420E+00
-1.122573E+00
+3.932599E+00
-1.292651E+00
+4.008235E+00
-1.470753E+00
+4.174512E+00
-1.695836E+00
+4.341769E+00
-1.939233E+00
+4.509398E+00
-2.201984E+00
+4.676723E+00
-2.485159E+00
+4.740611E+00
-2.922946E+00
+4.778178E+00
-3.386681E+00
+4.786380E+00
-3.875873E+00
+4.762042E+00
-4.389806E+00
+3.824988E+00
-5.117887E+00
+2.784639E+00
-5.654647E+00
+1.678692E+00
-5.987195E+00
+5.460306E-01
-6.109841E+00
-7.346348E-03
-5.126540E+00
-3.936036E-01
-4.266305E+00
-6.500677E-01
-3.521128E+00
-8.071999E-01
-2.881526E+00
-6.251274E-01
-2.215310E+00
-4.840994E-01
-1.703117E+00
-3.748689E-01
-1.309342E+00
-2.902712E-01
-1.006607E+00
-5.946857E-01
-4.283856E-01
-5.123042E-01
+2.128896E-02
-2.726623E-01
+2.330937E-01
-4.928837E-02
+2.460693E-01
-9.025197E-02
+3.638179E-01
-1.593696E-01
+5.367311E-01
-2.742419E-01
+7.900454E-01
-4.628451E-01
+1.160220E+00
-5.938946E-01
+1.352234E+00
-7.565233E-01
+1.573822E+00
-9.576644E-01
+1.829076E+00
-1.205676E+00
+2.122554E+00
-1.815136E+00
+2.167167E+00
-2.518718E+00
+2.091183E+00
-3.304432E+00
+1.858234E+00
-4.151055E+00
+1.429378E+00
-4.127719E+00
+6.497587E-01
-3.976298E+00
-7.699008E-02
-3.713625E+00
-7.329062E-01
-3.358466E+00
-1.303953E+00
-3.340733E+00
-1.603791E+00
-3.298751E+00
-1.909877E+00
-3.231404E+00
-2.220446E+00
-3.137690E+00
-2.533599E+00
-3.404774E+00
-2.573802E+00
-3.688653E+00
-2.607285E+00
-3.990072E+00
-2.633094E+00
-4.309783E+00
-2.650192E+00
-4.063294E+00
-2.339570E+00
-3.826644E+00
-2.058427E+00
-3.599898E+00
-1.804332E+00
-3.383048E+00
-1.575027E+00
-3.132386E+00
-1.397199E+00
-2.899388E+00
-1.237499E+00
-2.682893E+00
-1.094197E+00
-2.481807E+00
-9.657167E-01
-2.401593E+00
-2.119674E-02
-2.032071E+00
+7.496925E-01
-1.474065E+00
+1.281692E+00
-8.334588E-01
+1.551989E+00
-1.272443E+00
+5.131796E-01
-1.017244E+00
-3.272735E-01
-4.455459E-01
-7.029625E-01
+8.384092E-02
-6.427595E-01
+3.692629E-01
-8.692292E-01
+8.584724E-01
-1.075331E+00
+1.625705E+00
-1.173079E+00
+2.740699E+00
-1.009937E+00
+2.751667E+00
-1.653117E+00
+2.631448E+00
-2.349787E+00
+2.358611E+00
-3.077272E+00
+1.914671E+00
-3.806690E+00
+1.759724E+00
-2.407074E+00
+1.491671E+00
-1.458863E+00
+1.197510E+00
-8.352400E-01
+9.226895E-01
-4.386614E-01
+1.140671E+00
-3.692135E-01
+1.383667E+00
-2.550593E-01
+1.648930E+00
-8.506142E-02
+1.931556E+00
+1.533178E-01
+2.026545E+00
+6.921504E-02
+2.121884E+00
-2.318734E-02
+2.217197E+00
-1.242830E-01
+2.312075E+00
-2.344657E-01
+2.357206E+00
-3.877295E-01
+2.393753E+00
-5.478472E-01
+2.421058E+00
-7.144500E-01
+2.438467E+00
-8.871190E-01
+2.733835E+00
-1.437875E+00
+2.993808E+00
-2.134931E+00
+3.188546E+00
-2.998871E+00
+3.279541E+00
-4.049180E+00
+4.114274E+00
-2.154873E+00
+4.128098E+00
-3.098174E-01
+3.487563E+00
+1.204912E+00
+2.428250E+00
+2.218145E+00
+2.457616E+00
+2.352095E+00
+2.484762E+00
+2.491316E+00
+2.509483E+00
+2.635931E+00
+2.531569E+00
+2.786068E+00
+2.745566E+00
+2.322114E+00
+2.890250E+00
+1.856005E+00
+2.969026E+00
+1.396514E+00
+2.986213E+00
+9.515258E-01
+3.122538E+00
+1.408996E+00
+3.212973E+00
+1.922858E+00
+3.246484E+00
+2.492171E+00
+3.211211E+00
+3.114521E+00
+4.062709E+00
+2.758978E+00
+4.916036E+00
+2.213110E+00
+5.735257E+00
+1.461095E+00
+6.478520E+00
+4.926392E-01
+7.333766E+00
-3.475339E-01
+8.176164E+00
-1.408557E+00
+8.973470E+00
-2.715466E+00
+9.686048E+00
-4.291863E+00
+6.160964E+00
-7.336724E+00
+2.087295E+00
-8.408400E+00
-1.647485E+00
-7.659316E+00
-4.383149E+00
-5.566108E+00
-3.068515E+00
-2.383444E+00
-1.948217E+00
-8.631422E-01
-1.151026E+00
-2.019779E-01
-6.393403E-01
+4.459348E-02
-6.507160E-01
-3.691544E-02
-6.517500E-01
-1.206036E-01
-6.420726E-01
-2.051654E-01
-6.214763E-01
-2.892368E-01
-5.484792E-01
-1.805125E-01
-4.766657E-01
-9.677832E-02
-4.083133E-01
-3.383207E-02
-3.449109E-01
+1.206669E-02
-2.168268E-01
-1.706977E-01
-4.426568E-02
-2.161654E-01
+8.457072E-02
-1.548400E-01
+1.315760E-01
-5.088212E-02
+1.337546E-01
-6.124540E-02
+1.353702E-01
-7.216974E-02
+1.363641E-01
-8.364253E-02
+1.366766E-01
-9.564711E-02
+1.347596E-01
-8.400922E-02
+1.323488E-01
-7.304333E-02
+1.295026E-01
-6.274126E-02
+1.262761E-01
-5.309220E-02
+1.327910E-01
-4.726053E-02
+1.391476E-01
-4.089365E-02
+1.453108E-01
-3.398605E-02
+1.512440E-01
-2.653410E-02
+1.506728E-01
-1.438422E-02
+1.491725E-01
-2.489127E-03
+1.467789E-01
+9.083798E-03
+1.435322E-01
+2.027109E-02
+1.547328E-01
+3.036946E-02
+1.663119E-01
+4.199041E-02
+1.782137E-01
+5.528729E-02
+1.903685E-01
+7.042338E-02
+1.838408E-01
+6.914790E-02
+1.775310E-01
+6.787930E-02
+1.714318E-01
+6.661852E-02
+1.655367E-01
+6.536640E-02
+1.670604E-01
+8.615531E-02
+1.664685E-01
+1.081623E-01
+1.635247E-01
+1.312263E-01
+1.579979E-01
+1.551528E-01
+1.569140E-01
+1.380874E-01
+1.550125E-01
+1.220589E-01
+1.523940E-01
+1.070499E-01
+1.491521E-01
+9.303860E-02
+1.378821E-01
+1.154156E-01
+1.232900E-01
+1.364833E-01
+1.055182E-01
+1.557533E-01
+8.478095E-02
+1.727509E-01
+4.268730E-02
+2.004757E-01
-7.998170E-03
+2.181768E-01
-6.495409E-02
+2.232909E-01
-1.251166E-01
+2.137741E-01
-2.462035E-01
+2.717497E-01
-4.392560E-01
+3.189815E-01
-7.333194E-01
+3.287920E-01
-1.162378E+00
+2.537076E-01
-7.535201E-01
+1.122104E-01
-4.862323E-01
+3.935441E-02
-3.123382E-01
+4.277504E-03
-1.997334E-01
-1.067053E-02
-2.134909E-01
-6.939848E-02
-2.114055E-01
-1.370631E-01
-1.895537E-01
-2.098311E-01
-1.447907E-01
-2.824100E-01
-3.825479E-02
-2.278496E-01
+2.364798E-02
-1.665238E-01
+5.309107E-02
-1.103358E-01
+6.114323E-02
-6.486304E-02
+9.880482E-02
-1.036329E-01
+1.596535E-01
-1.655662E-01
+2.579586E-01
-2.644958E-01
+4.167663E-01
-4.225114E-01
+1.137538E-01
-5.549167E-01
-1.976148E-01
-5.032610E-01
-4.199275E-01
-2.999577E-01
-4.920886E-01
-2.161830E-02
-2.299106E-01
-1.734713E-01
-5.328353E-02
-1.597556E-01
+2.726543E-02
-9.462135E-02
+4.448896E-02
-3.655132E-02
+4.132552E-02
-2.763213E-02
+3.785100E-02
-2.023694E-02
+3.423844E-02
-1.417759E-02
+3.062056E-02
-9.277711E-03
+2.537949E-02
-3.598777E-03
+2.053488E-02
+2.562467E-04
+1.622738E-02
+2.715686E-03
+1.251592E-02
+4.135878E-03
+9.572549E-03
+1.090507E-02
+3.004043E-03
+1.568836E-02
-5.897657E-03
+1.656521E-02
-1.483533E-02
+1.243330E-02
