#I+1.668000E+03
+1.000000E+00
+8.010000E+02
+8.010000E+02
+1.000000E+01
+2.000000E+00
+3.000000E+00
+0.000000E+00
+1.000000E+00
+2.000000E+00
+5.000000E+00
+1.000000E+00
+2.497000E+03
-1.092400E+04
+2.025600E+04
-1.299100E+04
-1.119200E+04
+0.000000E+00
+0.000000E+00
+0.000000E+00
+0.000000E+00
+0.000000E+00
+0.000000E+00
+0.000000E+00
+0.000000E+00
+0.000000E+00
+0.000000E+00
+0.000000E+00
+0.000000E+00
+0.000000E+00
+0.000000E+00
+0.000000E+00
+0.000000E+00
+0.000000E+00
+0.000000E+00
+0.000000E+00
+1.000000E+00
+1.000000E+00
+1.000000E+00
+0.000000E+00
+0.000000E+00
+1.000000E+00
+0.000000E+00
+1.000000E+00
+2.000000E+00
+3.000000E+00
+4.500000E+01
+4.500000E+01
+0.000000E+00
+0.000000E+00
+2.000000E+00
+0.000000E+00
+0.000000E+00
+0.000000E+00
+8.000000E+02
+0.000000E+00
+2.499999E-03
+6.309573E-01
+0.000000E+00
+0.000000E+00
+0.000000E+00
+1.000000E+00
+1.000000E+00
+0.000000E+00
+0.000000E+00
+9.9999904632568339E+00
+9.9999904632568339E+00
+9.569767E-01
+2.859806E-01
+9.829291E-01
+2.050228E-01
+1.002035E+00
+1.217199E-01
+1.014085E+00
+3.665028E-02
+1.018915E+00
-4.958833E-02
+1.019534E+00
-4.931314E-02
+1.020153E+00
-4.903758E-02
+1.020772E+00
-4.876170E-02
+1.021392E+00
-4.848547E-02
+1.034012E+00
-5.686944E-02
+1.046728E+00
-6.545602E-02
+1.059541E+00
-7.424848E-02
+1.072451E+00
-8.325024E-02
+1.039097E+00
-3.943252E-02
+1.005204E+00
+1.617826E-03
+9.708970E-01
+3.997453E-02
+9.362937E-01
+7.571359E-02
+9.237560E-01
+4.122052E-02
+9.101966E-01
+7.733838E-03
+8.956684E-01
-2.472654E-02
+8.802231E-01
-5.614295E-02
+8.935932E-01
-5.458867E-02
+9.071597E-01
-5.297463E-02
+9.209255E-01
-5.129942E-02
+9.348930E-01
-4.956154E-02
+9.433695E-01
-3.378788E-02
+9.516421E-01
-1.773900E-02
+9.597045E-01
-1.416176E-03
+9.675494E-01
+1.517916E-02
+9.708029E-01
+7.657849E-03
+9.740075E-01
+8.672253E-05
+9.771637E-01
-7.534009E-03
+9.802702E-01
-1.520412E-02
+9.792102E-01
-2.800825E-03
+9.779945E-01
+9.573231E-03
+9.766243E-01
+2.191612E-02
+9.750997E-01
+3.422593E-02
+9.658517E-01
+2.474803E-02
+9.566058E-01
+1.544985E-02
+9.473632E-01
+6.329590E-03
+9.381257E-01
-2.614512E-03
+9.498051E-01
-3.831159E-03
+9.616283E-01
-5.077698E-03
+9.735974E-01
-6.354685E-03
+9.857150E-01
-7.662690E-03
+9.723688E-01
-7.551988E-03
+9.592036E-01
-7.442879E-03
+9.462164E-01
-7.335340E-03
+9.334053E-01
-7.229350E-03
+9.428006E-01
-1.127219E-02
+9.522737E-01
-1.539583E-02
+9.618248E-01
-1.960139E-02
+9.714540E-01
-2.389003E-02
+9.733268E-01
-1.748095E-02
+9.751602E-01
-1.104813E-02
+9.769541E-01
-4.591786E-03
+9.787079E-01
+1.887856E-03
+9.825734E-01
+3.306307E-03
+9.864522E-01
+4.735936E-03
+9.903441E-01
+6.176808E-03
+9.942492E-01
+7.628986E-03
+9.865254E-01
+2.261783E-03
+9.788331E-01
-3.022271E-03
+9.711727E-01
-8.223997E-03
+9.635445E-01
-1.334420E-02
+9.637700E-01
-1.813848E-02
+9.639720E-01
-2.293534E-02
+9.641498E-01
-2.773465E-02
+9.643043E-01
-3.253631E-02
+9.574467E-01
-2.051157E-02
+9.504937E-01
-8.661082E-03
+9.434482E-01
+3.015306E-03
+9.363135E-01
+1.451779E-02
+9.397443E-01
+2.890668E-03
+9.430419E-01
-8.819597E-03
+9.462050E-01
-2.061163E-02
+9.492317E-01
-3.248403E-02
+9.537283E-01
-2.702554E-02
+9.582132E-01
-2.151575E-02
+9.626857E-01
-1.595448E-02
+9.671455E-01
-1.034157E-02
+9.592167E-01
-5.434117E-04
+9.512549E-01
+9.093741E-03
+9.432629E-01
+1.857090E-02
+9.352411E-01
+2.788906E-02
+9.549638E-01
+1.135718E-02
+9.747895E-01
-5.875035E-03
+9.947072E-01
-2.382385E-02
+1.014705E+00
-4.250566E-02
+1.002511E+00
-2.807547E-02
+9.902717E-01
-1.399397E-02
+9.779941E-01
-2.573750E-04
+9.656836E-01
+1.313811E-02
+9.626707E-01
+1.482605E-02
+9.596642E-01
+1.650337E-02
+9.566639E-01
+1.817011E-02
+9.536692E-01
+1.982632E-02
+9.559966E-01
+2.183784E-02
+9.583260E-01
+2.385915E-02
+9.606570E-01
+2.589027E-02
+9.629897E-01
+2.793125E-02
+9.647647E-01
+2.550518E-02
+9.665364E-01
+2.307026E-02
+9.683052E-01
+2.062647E-02
+9.700700E-01
+1.817381E-02
+9.654504E-01
+1.517432E-02
+9.608441E-01
+1.220314E-02
+9.562512E-01
+9.260116E-03
+9.516715E-01
+6.345055E-03
+9.516903E-01
+8.674582E-03
+9.517032E-01
+1.100423E-02
+9.517103E-01
+1.333400E-02
+9.517120E-01
+1.566387E-02
+9.507514E-01
+1.227203E-02
+9.497799E-01
+8.887222E-03
+9.487973E-01
+5.509469E-03
+9.478036E-01
+2.138804E-03
+9.523042E-01
+7.092395E-03
+9.568005E-01
+1.209304E-02
+9.612921E-01
+1.714094E-02
+9.657785E-01
+2.223629E-02
+9.637965E-01
+2.166924E-02
+9.618185E-01
+2.110441E-02
+9.598442E-01
+2.054184E-02
+9.578734E-01
+1.998146E-02
+9.567164E-01
+2.491121E-02
+9.555345E-01
+2.982955E-02
+9.543291E-01
+3.473636E-02
+9.530991E-01
+3.963154E-02
+9.574066E-01
+3.547000E-02
+9.617139E-01
+3.127085E-02
+9.660209E-01
+2.703395E-02
+9.703277E-01
+2.275911E-02
+9.697348E-01
+2.004747E-02
+9.691351E-01
+1.733932E-02
+9.685284E-01
+1.463468E-02
+9.679140E-01
+1.193353E-02
+9.670785E-01
+1.125448E-02
+9.662434E-01
+1.057660E-02
+9.654086E-01
+9.899883E-03
+9.645740E-01
+9.224335E-03
+9.637349E-01
+1.111734E-02
+9.628929E-01
+1.300709E-02
+9.620477E-01
+1.489356E-02
+9.611994E-01
+1.677677E-02
+9.612273E-01
+1.621013E-02
+9.612549E-01
+1.564347E-02
+9.612824E-01
+1.507678E-02
+9.613098E-01
+1.451007E-02
+9.554471E-01
+1.486398E-02
+9.496196E-01
+1.521304E-02
+9.438277E-01
+1.555729E-02
+9.380716E-01
+1.589679E-02
+9.397129E-01
+1.638040E-02
+9.413572E-01
+1.686567E-02
+9.430040E-01
+1.735259E-02
+9.446551E-01
+1.784118E-02
+9.409903E-01
+2.449367E-02
+9.372919E-01
+3.109517E-02
+9.335605E-01
+3.764565E-02
+9.297970E-01
+4.414508E-02
+9.473742E-01
+4.921604E-02
+9.652647E-01
+5.446387E-02
+9.834729E-01
+5.989336E-02
+1.002005E+00
+6.550942E-02
+9.937330E-01
+4.871852E-02
+9.852675E-01
+3.221752E-02
+9.766141E-01
+1.600688E-02
+9.677795E-01
+8.688903E-05
+9.676724E-01
-9.311697E-04
+9.675644E-01
-1.949003E-03
+9.674550E-01
-2.966609E-03
+9.673451E-01
-3.983992E-03
+9.667300E-01
+5.759957E-04
+9.660934E-01
+5.130094E-03
+9.654361E-01
+9.678209E-03
+9.647575E-01
+1.422024E-02
+9.623123E-01
+1.087927E-02
+9.598618E-01
+7.555307E-03
+9.574064E-01
+4.248331E-03
+9.549456E-01
+9.583138E-04
+9.535907E-01
+1.809106E-03
+9.522370E-01
+2.657482E-03
+9.508844E-01
+3.503449E-03
+9.495326E-01
+4.347005E-03
+9.490753E-01
+5.541832E-03
+9.486171E-01
+6.735518E-03
+9.481572E-01
+7.928053E-03
+9.476963E-01
+9.119445E-03
+9.468094E-01
+8.586114E-03
+9.459232E-01
+8.053778E-03
+9.450372E-01
+7.522431E-03
+9.441524E-01
+6.992078E-03
+9.428419E-01
+7.226960E-03
+9.415332E-01
+7.461174E-03
+9.402262E-01
+7.694724E-03
+9.389215E-01
+7.927621E-03
+9.384535E-01
+7.151761E-03
+9.379853E-01
+6.376679E-03
+9.375165E-01
+5.602374E-03
+9.370480E-01
+4.828849E-03
+9.359594E-01
+5.717778E-03
+9.348715E-01
+6.604637E-03
+9.337836E-01
+7.489433E-03
+9.326969E-01
+8.372167E-03
+9.290775E-01
+8.586703E-03
+9.254719E-01
+8.799450E-03
+9.218801E-01
+9.010414E-03
+9.183031E-01
+9.219619E-03
+9.175366E-01
+1.142331E-02
+9.167656E-01
+1.362336E-02
+9.159900E-01
+1.581978E-02
+9.152089E-01
+1.801253E-02
+9.197088E-01
+2.493988E-02
+9.241799E-01
+3.193594E-02
+9.286214E-01
+3.900082E-02
+9.330329E-01
+4.613466E-02
+9.364780E-01
+3.834543E-02
+9.398681E-01
+3.050141E-02
+9.432026E-01
+2.260287E-02
+9.464813E-01
+1.465009E-02
+9.378525E-01
+1.143219E-02
+9.292923E-01
+8.271893E-03
+9.208003E-01
+5.168465E-03
+9.123760E-01
+2.121155E-03
+9.112047E-01
+2.480590E-03
+9.100347E-01
+2.839102E-03
+9.088660E-01
+3.196688E-03
+9.076990E-01
+3.553351E-03
+9.034909E-01
+7.531752E-03
+8.992847E-01
+1.147326E-02
+8.950809E-01
+1.537804E-02
+8.908788E-01
+1.924629E-02
+8.868638E-01
+1.764090E-02
+8.828646E-01
+1.604964E-02
+8.788808E-01
+1.447243E-02
+8.749121E-01
+1.290916E-02
+8.730277E-01
+1.472139E-02
+8.711435E-01
+1.652580E-02
+8.692592E-01
+1.832243E-02
+8.673755E-01
+2.011129E-02
+8.597873E-01
+1.924844E-02
+8.522650E-01
+1.839916E-02
+8.448077E-01
+1.756329E-02
+8.374160E-01
+1.674066E-02
+8.354434E-01
+1.972812E-02
+8.334642E-01
+2.270162E-02
+8.314792E-01
+2.566119E-02
+8.294882E-01
+2.860682E-02
+8.132807E-01
+4.067173E-02
+7.971982E-01
+5.226087E-02
+7.812453E-01
+6.338517E-02
+7.654260E-01
+7.405536E-02
+7.307967E-01
+7.680194E-02
+6.976858E-01
+7.915308E-02
+6.660288E-01
+8.113833E-02
+6.357649E-01
+8.278550E-02
+6.388281E-01
+1.163929E-01
+6.402007E-01
+1.505444E-01
+6.398350E-01
+1.851593E-01
+6.376871E-01
+2.201538E-01
+6.832126E-01
+3.723779E-01
+7.058791E-01
+5.542291E-01
+6.968781E-01
+7.654065E-01
+6.462487E-01
+1.003884E+00
+8.633913E-01
+8.804363E-01
+1.057245E+00
+7.102083E-01
+1.217768E+00
+4.975268E-01
+1.335711E+00
+2.488653E-01
+1.342513E+00
+2.187730E-01
+1.348638E+00
+1.885004E-01
+1.354082E+00
+1.580626E-01
+1.358841E+00
+1.274751E-01
+1.300595E+00
+8.575837E-02
+1.243887E+00
+4.747375E-02
+1.188738E+00
+1.242485E-02
+1.135163E+00
-1.957624E-02
+1.125681E+00
-7.524620E-03
+1.116154E+00
+4.324895E-03
+1.106585E+00
+1.597355E-02
+1.096975E+00
+2.742261E-02
+1.084784E+00
+2.520082E-02
+1.072726E+00
+2.302510E-02
+1.060799E+00
+2.089471E-02
+1.049002E+00
+1.880892E-02
+1.043551E+00
+1.721266E-02
+1.038125E+00
+1.563251E-02
+1.032726E+00
+1.406836E-02
+1.027353E+00
+1.252009E-02
+1.021695E+00
+1.380999E-02
+1.016067E+00
+1.508533E-02
+1.010467E+00
+1.634621E-02
+1.004897E+00
+1.759278E-02
+1.000663E+00
+2.033390E-02
+9.964396E-01
+2.305175E-02
+9.922257E-01
+2.574645E-02
+9.880205E-01
+2.841810E-02
+9.857107E-01
+2.965084E-02
+9.834045E-01
+3.087772E-02
+9.811023E-01
+3.209873E-02
+9.788042E-01
+3.331395E-02
+9.780415E-01
+3.651329E-02
+9.772686E-01
+3.970798E-02
+9.764856E-01
+4.289799E-02
+9.756919E-01
+4.608328E-02
+9.762016E-01
+4.401489E-02
+9.767073E-01
+4.194454E-02
+9.772085E-01
+3.987224E-02
+9.777061E-01
+3.779799E-02
+9.756781E-01
+3.681742E-02
+9.736539E-01
+3.584080E-02
+9.716328E-01
+3.486810E-02
+9.696160E-01
+3.389933E-02
+9.672171E-01
+3.204779E-02
+9.648212E-01
+3.020531E-02
+9.624280E-01
+2.837187E-02
+9.600376E-01
+2.654745E-02
+9.567000E-01
+2.560750E-02
+9.533733E-01
+2.467379E-02
+9.500574E-01
+2.374627E-02
+9.467524E-01
+2.282492E-02
+9.432856E-01
+2.209974E-02
+9.398309E-01
+2.137956E-02
+9.363883E-01
+2.066437E-02
+9.329580E-01
+1.995415E-02
+9.292823E-01
+1.961517E-02
+9.256214E-01
+1.927854E-02
+9.219745E-01
+1.894428E-02
+9.183424E-01
+1.861237E-02
+9.143199E-01
+1.816541E-02
+9.103149E-01
+1.772201E-02
+9.063273E-01
+1.728216E-02
+9.023574E-01
+1.684583E-02
+8.972226E-01
+1.725573E-02
+8.921167E-01
+1.766042E-02
+8.870393E-01
+1.805995E-02
+8.819910E-01
+1.845438E-02
+8.776020E-01
+1.892797E-02
+8.732341E-01
+1.939638E-02
+8.688880E-01
+1.985968E-02
+8.645626E-01
+2.031788E-02
+8.595143E-01
+2.058559E-02
+8.544954E-01
+2.084948E-02
+8.495058E-01
+2.110961E-02
+8.445457E-01
+2.136600E-02
+8.395375E-01
+2.195339E-02
+8.345586E-01
+2.253310E-02
+8.296081E-01
+2.310516E-02
+8.246864E-01
+2.366967E-02
+8.194965E-01
+2.448901E-02
+8.143378E-01
+2.529714E-02
+8.092104E-01
+2.609415E-02
+8.041147E-01
+2.688016E-02
+7.989527E-01
+2.749760E-02
+7.938229E-01
+2.810604E-02
+7.887255E-01
+2.870556E-02
+7.836596E-01
+2.929624E-02
+7.773922E-01
+3.004886E-02
+7.711736E-01
+3.078761E-02
+7.650038E-01
+3.151267E-02
+7.588817E-01
+3.222422E-02
+7.514218E-01
+3.369456E-02
+7.440308E-01
+3.513304E-02
+7.367083E-01
+3.654016E-02
+7.294539E-01
+3.791637E-02
+7.207809E-01
+4.001432E-02
+7.122019E-01
+4.205746E-02
+7.037161E-01
+4.404678E-02
+6.953229E-01
+4.598325E-02
+6.850177E-01
+4.884499E-02
+6.748472E-01
+5.161298E-02
+6.648103E-01
+5.428929E-02
+6.549050E-01
+5.687591E-02
+6.436637E-01
+6.086461E-02
+6.325785E-01
+6.470288E-02
+6.216472E-01
+6.839435E-02
+6.108688E-01
+7.194264E-02
+5.935308E-01
+7.775141E-02
+5.765854E-01
+8.318420E-02
+5.600267E-01
+8.825611E-02
+5.438493E-01
+9.298174E-02
+5.260500E-01
+1.056163E-01
+5.083939E-01
+1.173993E-01
+4.909011E-01
+1.283586E-01
+4.735900E-01
+1.385216E-01
+4.582307E-01
+1.632455E-01
+4.417091E-01
+1.867057E-01
+4.241157E-01
+2.088560E-01
+4.055417E-01
+2.296564E-01
+4.124171E-01
+2.650015E-01
+4.175622E-01
+3.025251E-01
+4.207621E-01
+3.422348E-01
+4.217911E-01
+3.841264E-01
+4.283336E-01
+4.107019E-01
+4.344265E-01
+4.385112E-01
+4.400192E-01
+4.675912E-01
+4.450576E-01
+4.979795E-01
+4.607802E-01
+5.227831E-01
+4.770063E-01
+5.487758E-01
+4.937492E-01
+5.760130E-01
+5.110224E-01
+6.045519E-01
+5.269519E-01
+6.135324E-01
+5.432983E-01
+6.225792E-01
+5.600718E-01
+6.316904E-01
+5.772818E-01
+6.408640E-01
+5.938109E-01
+6.468035E-01
+6.106935E-01
+6.526903E-01
+6.279360E-01
+6.585198E-01
+6.455439E-01
+6.642884E-01
+6.550990E-01
+6.544958E-01
+6.645058E-01
+6.445662E-01
+6.737624E-01
+6.345015E-01
+6.828671E-01
+6.243046E-01
+6.817108E-01
+6.179748E-01
+6.805340E-01
+6.116851E-01
+6.793373E-01
+6.054352E-01
+6.781210E-01
+5.992249E-01
+6.655298E-01
+5.908540E-01
+6.531664E-01
+5.825928E-01
+6.410263E-01
+5.744401E-01
+6.291059E-01
+5.663949E-01
+5.907544E-01
+5.594791E-01
+5.540715E-01
+5.519041E-01
+5.190078E-01
+5.437361E-01
+4.855141E-01
+5.350376E-01
+4.303306E-01
+5.439011E-01
+3.769037E-01
+5.488139E-01
+3.254154E-01
+5.500565E-01
+2.760215E-01
+5.479098E-01
+2.186355E-01
+5.870996E-01
+1.559905E-01
+6.204327E-01
+8.866559E-02
+6.472312E-01
+1.732453E-02
+6.668712E-01
-5.015288E-02
+7.525001E-01
-1.350555E-01
+8.418439E-01
-2.399617E-01
+9.335493E-01
-3.676313E-01
+1.025823E+00
-4.360976E-02
+1.103142E+00
+2.930437E-01
+1.079415E+00
+6.112026E-01
+9.541896E-01
+8.806456E-01
+7.364901E-01
+5.545400E-01
+9.257921E-01
+2.065547E-01
+9.931944E-01
-1.232244E-01
+9.456090E-01
-4.013385E-01
+8.015491E-01
-6.012532E-01
+9.051689E-01
-8.570935E-01
+1.000325E+00
-1.178974E+00
+1.077040E+00
-1.577590E+00
+1.121814E+00
-1.884615E+00
+1.285390E+00
-2.250128E+00
+1.471043E+00
-2.685067E+00
+1.681361E+00
-3.202371E+00
+1.919140E+00
-3.516041E+00
+2.321865E+00
-3.849840E+00
+2.791420E+00
-4.203036E+00
+3.337322E+00
-4.574342E+00
+3.970262E+00
-4.941495E+00
+5.682792E+00
-5.095878E+00
+7.854903E+00
-4.908442E+00
+1.055583E+01
-4.208295E+00
+1.384839E+01
+1.232782E-01
+1.439025E+01
+4.394158E+00
+1.361691E+01
+8.216535E+00
+1.161374E+01
+1.124782E+01
+8.577001E+00
+1.069504E+01
+6.434436E+00
+1.000292E+01
+4.608726E+00
+9.219228E+00
+3.074402E+00
+8.383421E+00
+1.804506E+00
+7.797656E+00
+1.459619E+00
+7.247361E+00
+1.155293E+00
+6.730880E+00
+8.875915E-01
+6.246585E+00
+6.529156E-01
+5.940417E+00
+5.625967E-01
+5.648717E+00
+4.796188E-01
+5.370830E+00
+4.034820E-01
+5.106122E+00
+3.337166E-01
+4.934516E+00
+3.169640E-01
+4.768672E+00
+3.009607E-01
+4.608396E+00
+2.856756E-01
+4.453502E+00
+2.710784E-01
+4.348855E+00
+2.672843E-01
+4.246665E+00
+2.635189E-01
+4.146876E+00
+2.597829E-01
+4.049432E+00
+2.560772E-01
+3.887994E+00
+2.935095E-01
+3.732435E+00
+3.275858E-01
+3.582562E+00
+3.585057E-01
+3.438189E+00
+3.864594E-01
+3.280720E+00
+7.562505E-01
+3.087338E+00
+1.096206E+00
+2.862557E+00
+1.403321E+00
+2.611078E+00
+1.675194E+00
+3.751180E+00
+2.271879E+00
+5.384168E+00
+3.073414E+00
+7.721187E+00
+4.146419E+00
+1.106304E+01
+5.577313E+00
+1.151056E+01
+2.504593E+00
+1.119210E+01
-4.305567E-01
+1.020117E+01
-3.056971E+00
+8.664568E+00
-5.239299E+00
+6.924001E+00
-4.525962E+00
+5.523362E+00
-3.893670E+00
+4.397937E+00
-3.337291E+00
+3.495032E+00
-2.850778E+00
+3.681925E+00
-2.469271E+00
+3.829829E+00
-2.078765E+00
+3.938749E+00
-1.683029E+00
+4.009042E+00
-1.285754E+00
+4.283992E+00
-1.380702E+00
+4.577788E+00
-1.482628E+00
+4.891723E+00
-1.592045E+00
+5.227172E+00
-1.709499E+00
+5.504287E+00
-1.984041E+00
+5.790248E+00
-2.284798E+00
+6.084783E+00
-2.613717E+00
+6.387544E+00
-2.972856E+00
+5.546163E+00
-3.893026E+00
+4.594188E+00
-4.622256E+00
+3.569728E+00
-5.152026E+00
+2.510312E+00
-5.480704E+00
+2.644866E+00
-4.649053E+00
+2.699141E+00
-3.903525E+00
+2.689153E+00
-3.240358E+00
+2.628764E+00
-2.654982E+00
+2.442515E+00
-2.535498E+00
+2.268575E+00
-2.420513E+00
+2.106174E+00
-2.309927E+00
+1.954590E+00
-2.203632E+00
+2.010735E+00
-2.099966E+00
+2.062211E+00
-1.995605E+00
+2.109060E+00
-1.890736E+00
+2.151324E+00
-1.785541E+00
+2.305872E+00
-1.757063E+00
+2.464761E+00
-1.720890E+00
+2.627815E+00
-1.676559E+00
+2.794831E+00
-1.623596E+00
+2.964558E+00
-1.585030E+00
+3.139560E+00
-1.538716E+00
+3.319760E+00
-1.484155E+00
+3.505059E+00
-1.420832E+00
+3.649914E+00
-1.463393E+00
+3.800694E+00
-1.507070E+00
+3.957635E+00
-1.551884E+00
+4.120986E+00
-1.597858E+00
+4.305543E+00
-1.766584E+00
+4.496373E+00
-1.947990E+00
+4.693545E+00
-2.142872E+00
+4.897124E+00
-2.352076E+00
+5.049104E+00
-2.891715E+00
+5.169669E+00
-3.479935E+00
+5.252913E+00
-4.117621E+00
+5.292464E+00
-4.805255E+00
+4.123597E+00
-5.751285E+00
+2.795575E+00
-6.423945E+00
+1.370338E+00
-6.798928E+00
-8.710597E-02
-6.865575E+00
-5.296904E-01
-4.899240E+00
-7.120167E-01
-3.464242E+00
-7.445768E-01
-2.426579E+00
-6.971878E-01
-1.682994E+00
-1.322568E-01
-1.750434E+00
+4.052244E-01
-1.642318E+00
+8.647896E-01
-1.381730E+00
+1.207177E+00
-1.004979E+00
+1.305989E+00
-9.322518E-01
+1.401137E+00
-8.506702E-01
+1.491880E+00
-7.603458E-01
+1.577471E+00
-6.614491E-01
+1.792565E+00
-6.461977E-01
+2.030992E+00
-6.170021E-01
+2.294587E+00
-5.709681E-01
+2.585226E+00
-5.047695E-01
+2.784626E+00
-5.492193E-01
+2.999398E+00
-5.975255E-01
+3.230721E+00
-6.500181E-01
+3.479871E+00
-7.070569E-01
+3.672910E+00
-7.738243E-01
+3.876448E+00
-8.458659E-01
+4.091044E+00
-9.235622E-01
+4.317283E+00
-1.007319E+00
+4.587445E+00
-1.138059E+00
+4.873506E+00
-1.281453E+00
+5.176328E+00
-1.438572E+00
+5.496816E+00
-1.610572E+00
+5.867999E+00
-1.866129E+00
+6.260636E+00
-2.149913E+00
+6.675639E+00
-2.464564E+00
+7.113915E+00
-2.812935E+00
+7.710462E+00
-3.495313E+00
+8.332796E+00
-4.281936E+00
+8.977979E+00
-5.185184E+00
+9.642084E+00
-6.218577E+00
+9.382417E+00
-8.515730E+00
+8.684828E+00
-1.097159E+01
+7.481465E+00
-1.352132E+01
+5.710135E+00
-1.608200E+01
+3.394937E+00
-1.493404E+01
+1.452515E+00
-1.366708E+01
-1.451460E-01
-1.233333E+01
-1.428516E+00
-1.097639E+01
-5.998646E-01
-1.059587E+01
+1.659714E-01
-1.017415E+01
+8.688651E-01
-9.717432E+00
+1.509127E+00
-9.231627E+00
-3.337417E+00
-9.125689E+00
-7.670697E+00
-6.560464E+00
-1.028634E+01
-2.030523E+00
-1.034612E+01
+3.402813E+00
-8.896139E+00
+1.923967E+00
-7.561811E+00
+8.215953E-01
-6.356502E+00
+2.200947E-02
-5.284879E+00
-5.372020E-01
-4.808005E+00
-6.370975E-01
-4.370040E+00
-7.150101E-01
-3.968189E+00
-7.739426E-01
-3.599824E+00
-8.165571E-01
-3.208343E+00
-9.717292E-01
-2.843709E+00
-1.087061E+00
-2.505963E+00
-1.168034E+00
-2.194790E+00
-1.219613E+00
-2.139177E+00
-1.359368E+00
-2.074833E+00
-1.496891E+00
-2.001826E+00
-1.631647E+00
-1.920252E+00
-1.763101E+00
-1.734204E+00
-1.907309E+00
-1.538139E+00
-2.032770E+00
-1.333877E+00
-2.138876E+00
-1.123268E+00
-2.225194E+00
-1.236481E+00
-2.351804E+00
-1.359381E+00
-2.484747E+00
-1.492717E+00
-2.624271E+00
-1.637291E+00
-2.770621E+00
-1.398796E+00
-2.363046E+00
-1.195039E+00
-2.015426E+00
-1.020960E+00
-1.718942E+00
-8.722352E-01
-1.466071E+00
-8.059300E-01
-1.638044E+00
-7.205890E-01
-1.815865E+00
-6.144454E-01
-1.998309E+00
-4.857178E-01
-2.183917E+00
-7.092308E-01
-2.850312E+00
-1.024473E+00
-3.717576E+00
-1.466706E+00
-4.845454E+00
-2.084168E+00
-6.311198E+00
-3.111147E+00
-7.039353E+00
-4.376546E+00
-7.763143E+00
-5.916226E+00
-8.455107E+00
-7.768435E+00
-9.079577E+00
-7.404248E+00
-1.022582E+01
-6.922704E+00
-1.140175E+01
-6.315036E+00
-1.259892E+01
-5.572742E+00
-1.380767E+01
-3.083421E+00
-1.834739E+01
+1.175765E+00
-2.321659E+01
+7.683146E+00
-2.801146E+01
+1.691366E+01
-3.211057E+01
+2.098859E+01
-1.762898E+01
+1.970654E+01
-6.339652E+00
+1.558919E+01
+1.189035E+00
+1.056205E+01
+5.279057E+00
+7.490521E+00
+4.029263E+00
+5.306048E+00
+3.063007E+00
+3.754121E+00
+2.320075E+00
+2.652799E+00
+1.751611E+00
+2.214431E+00
+1.515722E+00
+1.847749E+00
+1.310458E+00
+1.541142E+00
+1.132054E+00
+1.284864E+00
+9.771625E-01
+9.225894E-01
+8.868698E-01
+6.455434E-01
+7.826766E-01
+4.368848E-01
+6.753207E-01
+2.823704E-01
+5.717193E-01
-1.751050E-01
+9.474150E-01
-1.068602E+00
+9.885820E-01
-2.187461E+00
+2.305422E-01
-2.856514E+00
-1.698756E+00
-9.211742E-01
-2.566426E+00
+7.567354E-01
-2.105279E+00
+1.578010E+00
-9.374632E-01
+1.488176E+00
+2.304303E-01
+1.264069E+00
+7.375754E-02
+1.063948E+00
-3.944203E-02
+8.873836E-01
-1.181737E-01
+7.332943E-01
-1.699407E-01
+5.950941E-01
-1.900519E-01
+4.794214E-01
-1.973618E-01
+3.832468E-01
-1.956030E-01
+3.038128E-01
-1.876585E-01
+2.499768E-01
-2.584930E-01
+1.798677E-01
-3.142750E-01
+9.760942E-02
-3.513306E-01
+8.137884E-03
-3.670968E-01
-5.168515E-02
-3.757272E-01
-1.141082E-01
-3.747541E-01
-1.776136E-01
-3.635615E-01
-2.405533E-01
-3.417694E-01
-4.003841E-01
-2.883722E-01
-5.580717E-01
-1.670629E-01
-6.871356E-01
+2.918349E-02
-7.553209E-01
+2.979757E-01
-3.649872E-01
+3.379532E-01
-1.332678E-01
+2.740380E-01
-1.518543E-02
+1.860583E-01
+3.267568E-02
+1.095924E-01
-3.148895E-02
+1.726962E-01
-1.631761E-01
+2.144357E-01
-3.724112E-01
+1.799869E-01
-6.347922E-01
-1.264682E-02
-3.695216E-01
+2.367182E-01
-1.212912E-01
+2.780105E-01
+3.717715E-02
+2.063235E-01
+1.006572E-01
+1.042350E-01
+1.599609E-01
+8.441760E-02
+2.225733E-01
+3.782258E-02
+2.786819E-01
-4.181688E-02
+3.142105E-01
-1.581118E-01
+1.958083E-01
-3.915593E-01
-9.603517E-02
-5.363456E-01
-4.949324E-01
-4.636130E-01
-8.387627E-01
-9.421216E-02
-5.979663E-01
+1.857979E-02
-4.176425E-01
+7.340239E-02
-2.855973E-01
+9.366010E-02
-1.909126E-01
+9.454201E-02
-1.383710E-01
+5.887424E-02
-9.989788E-02
+3.587205E-02
-7.185279E-02
+2.122415E-02
-5.149525E-02
+1.204015E-02
-4.763966E-02
-1.262391E-02
-3.367584E-02
-3.123124E-02
-1.404470E-02
-4.043221E-02
+6.134049E-03
-3.941376E-02
+1.374531E-02
-4.968684E-02
+2.504692E-02
-6.174210E-02
+4.135173E-02
-7.553570E-02
+6.433867E-02
-9.081592E-02
+8.223443E-02
-1.202335E-01
+1.050181E-01
-1.591165E-01
+1.339939E-01
-2.104920E-01
+1.708031E-01
-2.783491E-01
+1.378505E-01
-3.102588E-01
+9.951766E-02
-3.386241E-01
+5.612633E-02
-3.625991E-01
+8.124338E-03
-3.813562E-01
-2.675135E-02
-4.520094E-01
-7.475473E-02
-5.322837E-01
-1.392087E-01
-6.226894E-01
-2.240939E-01
-7.235154E-01
-3.228765E-01
-6.406716E-01
-4.021483E-01
-5.477835E-01
-4.616187E-01
-4.485751E-01
-5.016007E-01
-3.465707E-01
-4.272115E-01
-2.835520E-01
-3.636722E-01
-2.317286E-01
-3.094319E-01
-1.891488E-01
-2.631554E-01
-1.541955E-01
-2.582297E-01
-1.356540E-01
-2.527028E-01
-1.181589E-01
-2.466480E-01
-1.016900E-01
-2.401344E-01
-8.622484E-02
-2.120063E-01
-8.626388E-02
-1.867938E-01
-8.524682E-02
-1.642340E-01
-8.339234E-02
-1.440831E-01
-8.088635E-02
-1.266309E-01
-6.486385E-02
-1.110881E-01
-5.165090E-02
-9.728058E-02
-4.079268E-02
-8.504336E-02
-3.190354E-02
-7.510839E-02
-3.589041E-02
-6.572072E-02
-3.874046E-02
-5.692305E-02
-4.059613E-02
-4.874320E-02
-4.159083E-02
-2.319011E-02
-6.149275E-02
+9.616693E-03
-6.671731E-02
+4.167188E-02
-5.516655E-02
+6.474595E-02
-2.891983E-02
+6.401773E-02
-6.700023E-02
+4.430557E-02
-1.127035E-01
-2.139902E-03
-1.582400E-01
-8.084019E-02
-1.903544E-01
-3.338394E-02
-2.330000E-01
+3.126750E-02
-2.660660E-01
+1.120399E-01
-2.835755E-01
+2.060075E-01
-2.792671E-01
+1.404187E-01
-1.738720E-01
+9.524749E-02
-1.079101E-01
+6.432460E-02
-6.674378E-02
+4.326818E-02
-4.112931E-02
+3.317001E-02
-2.984500E-02
+2.539412E-02
-2.162038E-02
+1.941597E-02
-1.563436E-02
+1.482681E-02
-1.128414E-02
+1.283423E-02
-2.534152E-03
+8.874783E-03
+2.367101E-03
+4.864235E-03
+4.234125E-03
+1.758834E-03
+4.172296E-03
-1.605403E-04
+7.029506E-03
-4.696357E-03
+9.857418E-03
-1.292055E-02
+1.098046E-02
-2.528663E-02
+7.343181E-03
