Hz,real,imaginary,unitless (peak only)
9.999990,2.054677E-1,1.306639E-1,2.434954E-1
10.057721,2.219904E-1,-4.509454E-2,2.265243E-1
10.115785,1.196076E-1,-1.735043E-1,2.107361E-1
10.174184,-3.186908E-2,-1.934406E-1,1.960482E-1
10.232920,-1.462153E-1,-1.090187E-1,1.823842E-1
10.291995,-5.430748E-2,-2.090576E-1,2.159963E-1
10.351412,1.047275E-1,-2.333822E-1,2.558029E-1
10.411171,2.696792E-1,-1.380184E-1,3.029455E-1
10.471275,3.514145E-1,7.230611E-2,3.587761E-1
10.531727,3.252890E-1,1.188182E-2,3.255059E-1
10.592527,2.928326E-1,-3.825548E-2,2.953209E-1
10.653678,2.562577E-1,-7.823722E-2,2.679348E-1
10.715183,2.175241E-1,-1.085137E-1,2.430884E-1
10.777042,1.813808E-1,-7.726793E-2,1.971531E-1
10.839258,1.506002E-1,-5.373047E-2,1.598980E-1
10.901834,1.245359E-1,-3.617252E-2,1.296829E-1
10.964771,1.025807E-1,-2.322591E-2,1.051772E-1
11.028071,1.453042E-1,-2.987604E-3,1.453349E-1
11.091737,1.975250E-1,3.625900E-2,2.008254E-1
11.155770,2.573296E-1,1.038712E-1,2.775027E-1
11.220173,3.195326E-1,2.119848E-1,3.834562E-1
11.284948,3.719291E-1,1.173000E-1,3.899879E-1
11.350097,3.965042E-1,1.001988E-2,3.966308E-1
11.415622,3.903448E-1,-1.017441E-1,4.033868E-1
11.481525,3.528859E-1,-2.092446E-1,4.102582E-1
11.547808,3.265454E-1,-1.574142E-1,3.625067E-1
11.614474,2.994218E-1,-1.137857E-1,3.203133E-1
11.681525,2.722315E-1,-7.743715E-2,2.830309E-1
11.748964,2.455350E-1,-4.750250E-2,2.500878E-1
11.816791,2.398512E-1,-4.287871E-2,2.436538E-1
11.885010,2.342502E-1,-3.845299E-2,2.373853E-1
11.953623,2.287327E-1,-3.421903E-2,2.312782E-1
12.022632,2.232990E-1,-3.017075E-2,2.253280E-1
12.092039,2.316686E-1,1.412301E-3,2.316729E-1
12.161847,2.356451E-1,3.476935E-2,2.381964E-1
12.232059,2.348942E-1,6.930040E-2,2.449037E-1
12.302675,2.291615E-1,1.043463E-1,2.517998E-1
12.373699,2.590591E-1,3.925688E-2,2.620166E-1
12.445133,2.704696E-1,-3.439849E-2,2.726482E-1
12.516980,2.609386E-1,-1.113688E-1,2.837111E-1
12.589241,2.295036E-1,-1.857003E-1,2.952228E-1
12.661919,2.511254E-1,-1.881118E-1,3.137675E-1
12.735017,2.741850E-1,-1.898142E-1,3.334769E-1
12.808537,2.987437E-1,-1.907065E-1,3.544246E-1
12.882482,3.248621E-1,-1.906787E-1,3.766879E-1
12.956853,3.487816E-1,-1.885103E-1,3.964653E-1
13.031654,3.738610E-1,-1.853419E-1,4.172813E-1
13.106887,4.001232E-1,-1.810786E-1,4.391902E-1
13.182553,4.275886E-1,-1.756198E-1,4.622492E-1
13.258657,2.617685E-1,-1.647522E-1,3.092993E-1
13.335200,1.536978E-1,-1.385945E-1,2.069576E-1
13.412185,8.544926E-2,-1.089719E-1,1.384791E-1
13.489614,4.385000E-2,-8.162622E-2,9.265885E-2
13.567491,3.959868E-2,-7.408871E-2,8.400710E-2
13.645817,3.575880E-2,-6.724687E-2,7.616320E-2
13.724595,3.229062E-2,-6.103646E-2,6.905167E-2
13.803828,2.915821E-2,-5.539931E-2,6.260419E-2
13.883518,5.465066E-2,-7.593127E-2,9.355347E-2
13.963668,9.663849E-2,-1.010242E-1,1.398030E-1
14.044282,1.639842E-1,-1.294425E-1,2.089167E-1
14.125360,2.695466E-1,-1.575179E-1,3.121975E-1
14.206907,1.628546E-1,-1.237285E-1,2.045247E-1
14.288924,9.613787E-2,-9.332748E-2,1.339870E-1
14.371415,5.515072E-2,-6.828724E-2,8.777670E-2
14.454382,3.047302E-2,-4.876540E-2,5.750364E-2
14.537828,6.161096E-2,-4.050984E-2,7.373573E-2
14.621756,9.347399E-2,-1.422259E-2,9.454982E-2
14.706168,1.165296E-1,3.346341E-2,1.212392E-1
14.791067,1.178685E-1,1.013688E-1,1.554626E-1
14.876457,1.300722E-1,4.425260E-2,1.373938E-1
14.962340,1.212455E-1,-6.604322E-3,1.214252E-1
15.048718,9.723850E-2,-4.539435E-2,1.073125E-1
15.135596,6.476335E-2,-6.928457E-2,9.484009E-2
15.222974,1.135238E-1,-1.903052E-2,1.151078E-1
15.310857,1.234690E-1,6.537129E-2,1.397068E-1
15.399248,7.081510E-2,1.540672E-1,1.695626E-1
15.488149,-4.535001E-2,2.007401E-1,2.057990E-1
15.577563,-1.141225E-2,2.065043E-1,2.068194E-1
15.667493,2.318221E-2,2.065480E-1,2.078449E-1
15.757942,5.747197E-2,2.008132E-1,2.088755E-1
15.848914,9.049474E-2,1.894026E-1,2.099110E-1
15.940411,2.980917E-2,1.781721E-1,1.806485E-1
16.032436,-1.771282E-2,1.544529E-1,1.554652E-1
16.124992,-5.137765E-2,1.235347E-1,1.337927E-1
16.218082,-7.186945E-2,8.995734E-2,1.151414E-1
16.311710,-6.621461E-2,8.586712E-2,1.084322E-1
16.405879,-6.095634E-2,8.192421E-2,1.021139E-1
16.500591,-5.606907E-2,7.812642E-2,9.616381E-2
16.595850,-5.152879E-2,7.447122E-2,9.056036E-2
16.691659,-3.275002E-2,1.059886E-1,1.109331E-1
16.788021,8.031077E-4,1.358864E-1,1.358888E-1
16.884939,5.101886E-2,1.584474E-1,1.664587E-1
16.982417,1.179960E-1,1.662963E-1,2.039057E-1
17.080457,1.536508E-1,1.254382E-1,1.983515E-1
17.179064,1.765225E-1,7.790370E-2,1.929486E-1
17.278240,1.856802E-1,2.741360E-2,1.876929E-1
17.377988,1.812132E-1,-2.230219E-2,1.825804E-1
17.478312,1.846456E-1,3.718940E-4,1.846460E-1
17.579215,1.852431E-1,2.355604E-2,1.867348E-1
17.680701,1.829319E-1,4.689609E-2,1.888474E-1
17.782773,1.776823E-1,7.002740E-2,1.909839E-1
17.885434,1.729754E-1,2.381978E-2,1.746078E-1
17.988688,1.588104E-1,-1.621216E-2,1.596358E-1
18.092538,1.375777E-1,-4.871439E-2,1.459476E-1
18.196987,1.116931E-1,-7.300051E-2,1.334332E-1
18.302039,1.136426E-1,-5.639046E-2,1.268642E-1
18.407698,1.136196E-1,-4.048973E-2,1.206185E-1
18.513967,1.118139E-1,-2.548001E-2,1.146803E-1
18.620849,1.084251E-1,-1.151155E-2,1.090345E-1
18.728348,7.054092E-2,1.517075E-2,7.215382E-2
18.836468,4.121063E-2,2.411541E-2,4.774797E-2
18.945212,2.092346E-2,2.367700E-2,3.159733E-2
19.054584,8.260464E-3,1.920876E-2,2.090961E-2
19.164587,1.528336E-2,2.280888E-2,2.745589E-2
19.275226,2.521485E-2,2.576690E-2,3.605165E-2
19.386503,3.874648E-2,2.719645E-2,4.733853E-2
19.498422,5.655771E-2,2.578705E-2,6.215904E-2
19.610988,5.580071E-2,3.622761E-2,6.652938E-2
19.724203,5.335099E-2,4.716048E-2,7.120702E-2
19.838072,4.903161E-2,5.834723E-2,7.621350E-2
19.952599,4.269295E-2,6.950758E-2,8.157200E-2
20.067786,2.463527E-2,5.725121E-2,6.232654E-2
20.183639,1.232978E-2,4.599785E-2,4.762169E-2
20.300160,4.263272E-3,3.613558E-2,3.638620E-2
20.417354,-7.511020E-4,2.779137E-2,2.780152E-2
20.535225,1.054612E-2,3.279933E-2,3.445311E-2
20.653776,2.581220E-2,3.401010E-2,4.269610E-2
20.773011,4.415732E-2,2.915018E-2,5.291126E-2
20.892935,6.360660E-2,1.592737E-2,6.557043E-2
21.013551,6.741567E-2,1.346724E-2,6.874765E-2
21.134864,7.128046E-2,1.069851E-2,7.207886E-2
21.256877,7.518794E-2,7.603805E-3,7.557145E-2
21.379594,7.912381E-2,4.165555E-3,7.923338E-2
21.503020,8.309613E-2,3.054923E-3,8.315227E-2
21.627158,8.724593E-2,1.823430E-3,8.726498E-2
21.752013,9.157993E-2,4.621619E-4,9.158110E-2
21.877589,9.610517E-2,-1.038347E-3,9.611078E-2
22.003889,1.024716E-1,9.890245E-3,1.029478E-1
22.130919,1.080015E-1,2.225772E-2,1.102712E-1
22.258682,1.124759E-1,3.606191E-2,1.181156E-1
22.387183,1.156615E-1,5.127538E-2,1.265178E-1
22.516425,8.475332E-2,3.646974E-2,9.226683E-2
22.646414,6.209592E-2,2.591934E-2,6.728830E-2
22.777153,4.548920E-2,1.840625E-2,4.907196E-2
22.908647,3.331911E-2,1.305983E-2,3.578718E-2
23.040900,3.653022E-2,9.588486E-3,3.776766E-2
23.173917,3.946877E-2,5.554878E-3,3.985775E-2
23.307701,4.205243E-2,9.654817E-4,4.206351E-2
23.442258,4.419570E-2,-4.162789E-3,4.439131E-2
23.577591,4.696719E-2,3.131009E-2,5.644678E-2
23.713706,2.127428E-2,6.855087E-2,7.177616E-2
23.850607,-3.393617E-2,8.472483E-2,9.126862E-2
23.988298,-1.014034E-1,5.644494E-2,1.160546E-1
24.126784,-7.761635E-2,4.444315E-2,8.943988E-2
24.266069,-5.939769E-2,3.497253E-2,6.892868E-2
24.406159,-4.544646E-2,2.750437E-2,5.312129E-2
24.547057,-3.476509E-2,2.161917E-2,4.093898E-2
24.688769,-5.289683E-2,5.047255E-2,7.311329E-2
24.831298,-7.407601E-2,1.075279E-1,1.305738E-1
24.974651,-9.030010E-2,2.149995E-1,2.331928E-1
25.118831,-7.947899E-2,4.088071E-1,4.164615E-1
25.263844,3.661697E-2,4.197127E-1,4.213070E-1
25.409693,1.525595E-1,3.979693E-1,4.262088E-1
25.556385,2.592556E-1,3.445175E-1,4.311679E-1
25.703924,3.481240E-1,2.628052E-1,4.361845E-1
25.852314,3.395042E-1,1.386972E-1,3.667424E-1
26.001561,3.057925E-1,3.967779E-2,3.083559E-1
26.151669,2.570847E-1,-3.355072E-2,2.592647E-1
26.302645,2.017379E-1,-8.258955E-2,2.179890E-1
26.454491,2.072380E-1,-7.656552E-2,2.209296E-1
26.607215,2.125975E-1,-7.027067E-2,2.239099E-1
26.760820,2.178048E-1,-6.370644E-2,2.269305E-1
26.915312,2.228486E-1,-5.687473E-2,2.299918E-1
27.070695,2.048661E-1,-1.088363E-2,2.051550E-1
27.226976,1.811134E-1,2.621241E-2,1.830004E-1
27.384159,1.538642E-1,5.452066E-2,1.632382E-1
27.542250,1.250894E-1,7.453154E-2,1.456101E-1
27.701253,1.345834E-1,5.714905E-2,1.462146E-1
27.861174,1.416662E-1,3.856457E-2,1.468215E-1
28.022018,1.461869E-1,1.911196E-2,1.474309E-1
28.183791,1.480404E-1,-8.560327E-4,1.480429E-1
28.346497,1.379832E-1,-1.341171E-2,1.386335E-1
28.510144,1.275344E-1,-2.426369E-2,1.298220E-1
28.674734,1.168658E-1,-3.349353E-2,1.215707E-1
28.840275,1.061303E-1,-4.119187E-2,1.138438E-1
29.006772,1.070795E-1,-4.549243E-2,1.163425E-1
29.174230,1.079105E-1,-4.991574E-2,1.188960E-1
29.342654,1.086170E-1,-5.446068E-2,1.215056E-1
29.512051,1.091922E-1,-5.912576E-2,1.241724E-1
29.682426,1.007658E-1,-4.491308E-2,1.103219E-1
29.853785,9.233026E-2,-3.289898E-2,9.801643E-2
30.026132,8.403678E-2,-2.283305E-2,8.708346E-2
30.199475,7.600234E-2,-1.448319E-2,7.737001E-2
30.373818,8.203082E-2,-1.223550E-2,8.293831E-2
30.549168,8.839099E-2,-9.568026E-3,8.890734E-2
30.725531,9.508832E-2,-6.436623E-3,9.530592E-2
30.902911,1.021267E-1,-2.793762E-3,1.021649E-1
31.081315,9.349017E-2,-4.454237E-3,9.359622E-2
31.260750,8.554877E-2,-5.814851E-3,8.574616E-2
31.441220,7.824971E-2,-6.913717E-3,7.855455E-2
31.622732,7.154377E-2,-7.784749E-3,7.196606E-2
31.805292,7.785942E-2,-2.939761E-3,7.791490E-2
31.988906,8.430977E-2,2.775282E-3,8.435544E-2
32.173580,9.083916E-2,9.440249E-3,9.132837E-2
32.359320,9.738128E-2,1.713714E-2,9.887768E-2
32.546132,9.449454E-2,1.616357E-2,9.586699E-2
32.734023,9.169121E-2,1.523303E-2,9.294796E-2
32.922998,8.896895E-2,1.434384E-2,9.011781E-2
33.113065,8.632548E-2,1.349437E-2,8.737383E-2
33.304228,8.198182E-2,6.947654E-3,8.227569E-2
33.496496,7.746737E-2,1.086456E-3,7.747499E-2
33.689873,7.283802E-2,-4.119492E-3,7.295442E-2
33.884367,6.814413E-2,-8.702332E-3,6.869755E-2
34.079983,8.611514E-2,6.425147E-3,8.635450E-2
34.276729,1.044425E-1,2.957698E-2,1.085497E-1
34.474611,1.211901E-1,6.270121E-2,1.364496E-1
34.673635,1.334834E-1,1.077099E-1,1.715204E-1
34.873808,1.629579E-1,9.087254E-2,1.865827E-1
35.075136,1.914538E-1,6.738900E-2,2.029676E-1
35.277627,2.176758E-1,3.696049E-2,2.207914E-1
35.481287,2.401799E-1,-4.944486E-4,2.401804E-1
35.686123,2.227732E-1,-8.755000E-3,2.229452E-1
35.892141,2.063414E-1,-1.581620E-2,2.069467E-1
36.099348,1.908555E-1,-2.179856E-2,1.920963E-1
36.307752,1.762841E-1,-2.681287E-2,1.783116E-1
36.517359,1.743459E-1,-2.458901E-2,1.760713E-1
36.728176,1.724084E-1,-2.241394E-2,1.738593E-1
36.940210,1.704721E-1,-2.028706E-2,1.716750E-1
37.153468,1.685374E-1,-1.820773E-2,1.695181E-1
37.367957,1.698881E-1,-1.656331E-2,1.706936E-1
37.583685,1.712308E-1,-1.489341E-2,1.718773E-1
37.800658,1.725653E-1,-1.319791E-2,1.730693E-1
38.018883,1.738910E-1,-1.147673E-2,1.742693E-1
38.238368,1.751860E-1,-8.313326E-3,1.753831E-1
38.459121,1.764302E-1,-5.106156E-3,1.765041E-1
38.681148,1.776224E-1,-1.855897E-3,1.776321E-1
38.904456,1.787616E-1,1.436755E-3,1.787674E-1
39.129054,1.816911E-1,1.678323E-4,1.816912E-1
39.354948,1.846592E-1,-1.142991E-3,1.846627E-1
39.582147,1.876662E-1,-2.496676E-3,1.876828E-1
39.810657,1.907125E-1,-3.894206E-3,1.907523E-1
40.040486,1.952513E-1,-5.719437E-3,1.953351E-1
40.271643,1.998823E-1,-7.629660E-3,2.000279E-1
40.504133,2.046071E-1,-9.627754E-3,2.048335E-1
40.737966,2.094270E-1,-1.171667E-2,2.097545E-1
40.973149,2.179421E-1,-7.968331E-3,2.180877E-1
41.209689,2.267186E-1,-3.900566E-3,2.267522E-1
41.447595,2.357602E-1,5.045069E-4,2.357607E-1
41.686875,2.450708E-1,5.265557E-3,2.451274E-1
41.927536,2.534979E-1,-7.966183E-4,2.534992E-1
42.169586,2.620559E-1,-7.278522E-3,2.621570E-1
42.413033,2.707385E-1,-1.419769E-2,2.711105E-1
42.657886,2.795387E-1,-2.157209E-2,2.803698E-1
42.904153,2.912816E-1,-2.435384E-2,2.922979E-1
43.151841,3.035054E-1,-2.733221E-2,3.047336E-1
43.400959,3.162289E-1,-3.051875E-2,3.176981E-1
43.651516,3.294725E-1,-3.392567E-2,3.312146E-1
43.903519,3.371260E-1,-4.151414E-2,3.396724E-1
44.156976,3.448184E-1,-4.945114E-2,3.483463E-1
44.411897,3.525437E-1,-5.774630E-2,3.572418E-1
44.668290,3.602954E-1,-6.640945E-2,3.663646E-1
44.926163,3.891146E-1,-7.745461E-2,3.967485E-1
45.185524,4.201507E-1,-8.985810E-2,4.296523E-1
45.446383,4.535664E-1,-1.037665E-1,4.652848E-1
45.708748,4.895355E-1,-1.193411E-1,5.038723E-1
45.972627,6.491710E-1,-7.180081E-2,6.531297E-1
46.238030,8.464507E-1,1.592195E-2,8.466004E-1
46.504965,1.085421E+0,1.615728E-1,1.097381E+0
46.773441,1.368327E+0,3.886380E-1,1.422448E+0
47.043467,8.150841E-1,5.051607E-1,9.589314E-1
47.315051,4.348844E-1,4.783099E-1,6.464556E-1
47.588204,1.933920E-1,3.905424E-1,4.358025E-1
47.862934,5.308930E-2,2.889561E-1,2.937926E-1
48.139249,3.652648E-2,2.360686E-1,2.388777E-1
48.417160,2.427696E-2,1.927042E-1,1.942274E-1
48.696675,1.531489E-2,1.571786E-1,1.579230E-1
48.977804,8.845048E-3,1.280994E-1,1.284044E-1
49.260556,5.103549E-2,5.963778E-2,7.849386E-2
49.544940,4.678381E-2,1.066241E-2,4.798345E-2
49.830966,2.684482E-2,-1.182136E-2,2.933239E-2
50.118643,8.864367E-3,-1.558659E-2,1.793095E-2
50.407981,1.987925E-2,-1.999336E-2,2.819431E-2
50.698990,3.841003E-2,-2.213636E-2,4.433226E-2
50.991678,6.741102E-2,-1.774432E-2,6.970729E-2
51.286056,1.096031E-1,8.821300E-4,1.096066E-1
51.582133,1.128949E-1,2.772728E-3,1.129289E-1
51.879920,1.162538E-1,4.776348E-3,1.163519E-1
52.179426,1.196800E-1,6.897544E-3,1.198786E-1
52.480661,1.231735E-1,9.141004E-3,1.235122E-1
52.783635,1.253465E-1,6.162270E-3,1.254979E-1
53.088358,1.274781E-1,3.081502E-3,1.275153E-1
53.394841,1.295652E-1,-1.018624E-4,1.295652E-1
53.703092,1.316046E-1,-3.388312E-3,1.316482E-1
54.013124,1.399935E-1,-2.252218E-3,1.400116E-1
54.324945,1.489033E-1,-9.578773E-4,1.489064E-1
54.638566,1.583653E-1,5.101034E-4,1.583661E-1
54.953998,1.684130E-1,2.168416E-3,1.684270E-1
55.271250,1.727327E-1,-2.374389E-3,1.727490E-1
55.590335,1.770377E-1,-7.150046E-3,1.771820E-1
55.911261,1.813212E-1,-1.216404E-2,1.817288E-1
56.234040,1.855763E-1,-1.742184E-2,1.863923E-1
56.558683,1.868337E-1,-1.937635E-2,1.878358E-1
56.885199,1.880815E-1,-2.135824E-2,1.892903E-1
57.213601,1.893196E-1,-2.336762E-2,1.907563E-1
57.543899,1.905473E-1,-2.540460E-2,1.922334E-1
57.876103,1.874370E-1,-2.772182E-2,1.894759E-1
58.210225,1.843390E-1,-2.996175E-2,1.867581E-1
58.546276,1.812542E-1,-3.212567E-2,1.840792E-1
58.884268,1.781836E-1,-3.421492E-2,1.814388E-1
59.224210,1.792105E-1,-3.203177E-2,1.820506E-1
59.566115,1.802126E-1,-2.982822E-2,1.826645E-1
59.909994,1.811897E-1,-2.760450E-2,1.832804E-1
60.255858,1.821413E-1,-2.536089E-2,1.838984E-1
60.603719,1.855688E-1,-2.249746E-2,1.869276E-1
60.953588,1.890007E-1,-1.952566E-2,1.900066E-1
61.305476,1.924351E-1,-1.644363E-2,1.931364E-1
61.659397,1.958701E-1,-1.324955E-2,1.963177E-1
62.015360,1.995519E-1,-1.333076E-2,1.999967E-1
62.373378,2.033027E-1,-1.341035E-2,2.037445E-1
62.733464,2.071238E-1,-1.348824E-2,2.075625E-1
63.095628,2.110168E-1,-1.356434E-2,2.114523E-1
63.459883,2.139299E-1,-1.356489E-2,2.143595E-1
63.826240,2.168830E-1,-1.356289E-2,2.173067E-1
64.194713,2.198767E-1,-1.355826E-2,2.202943E-1
64.565313,2.229117E-1,-1.355093E-2,2.233232E-1
64.938053,2.258466E-1,-1.287255E-2,2.262132E-1
65.312944,2.288169E-1,-1.217416E-2,2.291405E-1
65.690000,2.318229E-1,-1.145536E-2,2.321058E-1
66.069232,2.348649E-1,-1.071574E-2,2.351092E-1
66.450654,2.380575E-1,-9.442946E-3,2.382447E-1
66.834277,2.412849E-1,-8.133950E-3,2.414220E-1
67.220116,2.445473E-1,-6.788074E-3,2.446415E-1
67.608181,2.478452E-1,-5.404611E-3,2.479041E-1
67.998488,2.517230E-1,-4.797970E-3,2.517687E-1
68.391047,2.556595E-1,-4.171065E-3,2.556935E-1
68.785873,2.596557E-1,-3.523417E-3,2.596796E-1
69.182978,2.637125E-1,-2.854539E-3,2.637279E-1
69.582375,2.676694E-1,-2.793164E-3,2.676840E-1
69.984078,2.716857E-1,-2.729306E-3,2.716994E-1
70.388101,2.757621E-1,-2.662903E-3,2.757750E-1
70.794455,2.799000E-1,-2.593895E-3,2.799120E-1
71.203156,2.834312E-1,-2.134490E-3,2.834392E-1
71.614216,2.870061E-1,-1.663090E-3,2.870109E-1
72.027650,2.906252E-1,-1.179465E-3,2.906276E-1
72.443470,2.942889E-1,-6.833858E-4,2.942897E-1
72.861690,2.977782E-1,-1.032226E-3,2.977800E-1
73.282325,3.013086E-1,-1.389244E-3,3.013118E-1
73.705388,3.048803E-1,-1.754584E-3,3.048853E-1
74.130894,3.084943E-1,-2.128393E-3,3.085016E-1
74.558856,3.111392E-1,-2.408517E-3,3.111485E-1
74.989289,3.138065E-1,-2.693289E-3,3.138181E-1
75.422207,3.164964E-1,-2.982767E-3,3.165105E-1
75.857624,3.192093E-1,-3.277013E-3,3.192261E-1
76.295554,3.220221E-1,-3.459727E-3,3.220407E-1
76.736013,3.248597E-1,-3.645408E-3,3.248802E-1
77.179015,3.277221E-1,-3.834093E-3,3.277445E-1
77.624574,3.306097E-1,-4.025820E-3,3.306342E-1
78.072705,3.328710E-1,-3.945154E-3,3.328944E-1
78.523424,3.351474E-1,-3.863196E-3,3.351697E-1
78.976744,3.374396E-1,-3.779933E-3,3.374608E-1
79.432682,3.397474E-1,-3.695354E-3,3.397675E-1
79.891252,3.418022E-1,-3.464435E-3,3.418198E-1
80.352469,3.438690E-1,-3.230589E-3,3.438842E-1
80.816348,3.459483E-1,-2.993791E-3,3.459613E-1
81.282906,3.480400E-1,-2.754014E-3,3.480509E-1
81.752157,3.501585E-1,-1.656536E-3,3.501624E-1
82.224117,3.522864E-1,-5.456245E-4,3.522868E-1
82.698802,3.544235E-1,5.788332E-4,3.544240E-1
83.176227,3.565699E-1,1.716947E-3,3.565740E-1
83.656409,3.636059E-1,5.216905E-3,3.636433E-1
84.139362,3.707471E-1,8.854484E-3,3.708528E-1
84.625104,3.779941E-1,1.263343E-2,3.782052E-1
85.113650,3.853477E-1,1.655755E-2,3.857033E-1
85.605016,3.897902E-1,1.256371E-2,3.899926E-1
86.099219,3.942385E-1,8.477533E-3,3.943296E-1
86.596275,3.986917E-1,4.297937E-3,3.987149E-1
87.096201,4.031488E-1,2.382640E-5,4.031488E-1
87.599012,4.083431E-1,-3.264752E-3,4.083562E-1
88.104727,4.135776E-1,-6.638075E-3,4.136309E-1
88.613361,4.188520E-1,-1.009756E-2,4.189737E-1
89.124931,4.241661E-1,-1.364465E-2,4.243855E-1
89.639454,4.275929E-1,-1.813256E-2,4.279772E-1
90.156948,4.310024E-1,-2.269356E-2,4.315994E-1
90.677430,4.343936E-1,-2.732806E-2,4.352524E-1
91.200916,4.377652E-1,-3.203649E-2,4.389359E-1
91.727425,4.403129E-1,-3.889026E-2,4.420270E-1
92.256973,4.427745E-1,-4.583012E-2,4.451400E-1
92.789578,4.451479E-1,-5.285534E-2,4.482748E-1
93.325258,4.474313E-1,-5.996517E-2,4.514317E-1
93.864030,4.471344E-1,-7.030870E-2,4.526284E-1
94.405913,4.466011E-1,-8.067016E-2,4.538284E-1
94.950924,4.458303E-1,-9.104426E-2,4.550316E-1
95.499081,4.448212E-1,-1.014256E-1,4.562379E-1
96.050403,4.414417E-1,-1.073146E-1,4.542986E-1
96.604908,4.379933E-1,-1.131300E-1,4.523677E-1
97.162614,4.344772E-1,-1.188710E-1,4.504451E-1
97.723540,4.308946E-1,-1.245369E-1,4.485305E-1
98.287704,4.329945E-1,-1.266869E-1,4.511472E-1
98.855125,4.350997E-1,-1.288563E-1,4.537793E-1
99.425821,4.372099E-1,-1.310454E-1,4.564268E-1
99.999813,4.393252E-1,-1.332541E-1,4.590896E-1
100.577118,4.370292E-1,-1.402064E-1,4.589688E-1
101.157755,4.346233E-1,-1.471193E-1,4.588480E-1
101.741745,4.321080E-1,-1.539913E-1,4.587272E-1
102.329106,4.294843E-1,-1.608203E-1,4.586065E-1
102.919859,4.229674E-1,-1.723476E-1,4.567331E-1
103.514021,4.161509E-1,-1.836373E-1,4.548673E-1
104.111614,4.090430E-1,-1.946818E-1,4.530090E-1
104.712657,4.016524E-1,-2.054739E-1,4.511587E-1
105.317169,3.896187E-1,-2.116754E-1,4.434064E-1
105.925171,3.776441E-1,-2.174749E-1,4.357871E-1
106.536684,3.657376E-1,-2.228810E-1,4.282989E-1
107.151727,3.539075E-1,-2.279023E-1,4.209394E-1
107.770320,3.350587E-1,-2.276723E-1,4.050914E-1
108.392485,3.169306E-1,-2.270027E-1,3.898400E-1
109.018241,2.995062E-1,-2.259274E-1,3.751628E-1
109.647610,2.827684E-1,-2.244784E-1,3.610381E-1
110.280612,2.702093E-1,-2.148581E-1,3.452203E-1
110.917269,2.582077E-1,-2.056499E-1,3.300956E-1
111.557601,2.467390E-1,-1.968359E-1,3.156335E-1
112.201630,2.357796E-1,-1.883996E-1,3.018053E-1
112.849377,2.242948E-1,-1.767271E-1,2.855532E-1
113.500863,2.133533E-1,-1.657577E-1,2.701763E-1
114.156110,2.029304E-1,-1.554500E-1,2.556276E-1
114.815141,1.930024E-1,-1.457649E-1,2.418622E-1
115.477975,1.876387E-1,-1.215876E-1,2.235885E-1
116.144637,1.810876E-1,-9.965099E-2,2.066955E-1
116.815147,1.735905E-1,-7.985918E-2,1.910789E-1
117.489528,1.653633E-1,-6.210779E-2,1.766420E-1
118.167802,1.706658E-1,-5.445973E-2,1.791443E-1
118.849992,1.756457E-1,-4.644226E-2,1.816819E-1
119.536120,1.802803E-1,-3.806714E-2,1.842555E-1
120.226209,1.845466E-1,-2.934742E-2,1.868655E-1
120.920282,1.670916E-1,-1.892364E-2,1.681598E-1
121.618363,1.509783E-1,-1.025831E-2,1.513264E-1
122.320473,1.361424E-1,-3.119576E-3,1.361781E-1
123.026636,1.225165E-1,2.698391E-3,1.225462E-1
123.736876,1.032280E-1,6.829481E-2,1.237748E-1
124.451217,5.141615E-2,1.139531E-1,1.250157E-1
125.169681,-1.744547E-2,1.250581E-1,1.262690E-1
125.892294,-8.226396E-2,9.745662E-2,1.275349E-1
126.619077,-1.024075E-1,2.202168E-1,2.428636E-1
127.350057,-7.801668E-2,4.558550E-1,4.624828E-1
128.085257,8.466275E-2,8.766228E-1,8.807016E-1
128.824701,5.940371E-1,1.568383E+0,1.677112E+0
129.568413,8.282908E-1,1.111906E+0,1.386507E+0
130.316420,9.108749E-1,6.958517E-1,1.146256E+0
131.068744,8.820680E-1,3.463652E-1,9.476354E-1
131.825412,7.798248E-1,7.508506E-2,7.834312E-1
132.586448,7.076641E-1,4.499520E-2,7.090931E-1
133.351878,6.415003E-1,1.989662E-2,6.418088E-1
134.121726,5.809082E-1,-8.630030E-4,5.809088E-1
134.896019,5.254839E-1,-1.786129E-2,5.257874E-1
135.674782,4.889604E-1,-1.596196E-2,4.892209E-1
136.458041,4.549745E-1,-1.424041E-2,4.551973E-1
137.245821,4.233500E-1,-1.268109E-2,4.235399E-1
138.038150,3.939233E-1,-1.126976E-2,3.940845E-1
138.835052,3.052796E-1,1.120088E-2,3.054850E-1
139.636556,2.355752E-1,2.410031E-2,2.368048E-1
140.442686,1.810047E-1,3.055381E-2,1.835653E-1
141.253470,1.384669E-1,3.278648E-2,1.422956E-1
142.068935,1.962350E-1,1.186709E-1,2.293272E-1
142.889108,2.424496E-1,2.789524E-1,3.695893E-1
143.714015,2.342038E-1,5.476628E-1,5.956391E-1
144.543685,8.886997E-2,9.558245E-1,9.599471E-1
145.378144,3.594612E-1,9.049746E-1,9.737512E-1
146.217421,6.083203E-1,7.782057E-1,9.877539E-1
147.061543,8.143457E-1,5.837468E-1,1.001958E+0
147.910538,9.593485E-1,3.356345E-1,1.016366E+0
148.764435,9.150971E-1,2.609066E-1,9.515645E-1
149.623261,8.696273E-1,1.934989E-1,8.908948E-1
150.487045,8.234211E-1,1.329999E-1,8.340931E-1
151.355816,7.769063E-1,7.899837E-2,7.809124E-1
152.229602,7.451359E-1,6.572334E-2,7.480288E-1
153.108433,7.145360E-1,5.341501E-2,7.165297E-1
153.992337,6.850699E-1,4.201759E-2,6.863572E-1
154.881344,6.567014E-1,3.147817E-2,6.574554E-1
155.775484,6.413847E-1,2.899135E-2,6.420396E-1
156.674785,6.264206E-1,2.660364E-2,6.269853E-1
157.579278,6.118013E-1,2.431175E-2,6.122842E-1
158.488993,5.975180E-1,2.211253E-2,5.979270E-1
159.403960,5.864993E-1,2.035039E-2,5.868523E-1
160.324208,5.756806E-1,1.864585E-2,5.759825E-1
161.249770,5.650588E-1,1.699736E-2,5.653144E-1
162.180674,5.546297E-1,1.540345E-2,5.548436E-1
163.116953,5.324229E-1,2.000896E-2,5.327987E-1
164.058637,5.110563E-1,2.422234E-2,5.116300E-1
165.005758,4.905000E-1,2.806710E-2,4.913024E-1
165.958346,4.707252E-1,3.156552E-2,4.717824E-1
166.916434,4.157221E-1,3.732042E-3,4.157389E-1
167.880052,3.659130E-1,-1.794518E-2,3.663528E-1
168.849234,3.209875E-1,-3.447179E-2,3.228332E-1
169.824011,2.806213E-1,-4.671664E-2,2.844833E-1
170.804415,2.681201E-1,-3.228759E-1,4.196871E-1
171.790479,-1.226408E-2,-6.190261E-1,6.191476E-1
172.782236,-6.109098E-1,-6.790403E-1,9.134038E-1
173.779719,-1.336937E+0,-1.684621E-1,1.347509E+0
174.782960,-1.580866E+0,-2.636320E-1,1.602697E+0
175.791992,-1.866243E+0,-3.883073E-1,1.906212E+0
176.806850,-2.199481E+0,-5.500139E-1,2.267208E+0
177.827567,-2.587838E+0,-7.579998E-1,2.696566E+0
178.854176,-1.342967E+0,-1.896641E+0,2.323964E+0
179.886712,1.073140E-1,-1.999968E+0,2.002845E+0
180.925209,1.142489E+0,-1.293884E+0,1.726099E+0
181.969701,1.464159E+0,-2.629942E-1,1.487591E+0
183.020223,1.427064E+0,-2.076785E-1,1.442096E+0
184.076810,1.389342E+0,-1.552783E-1,1.397992E+0
185.139497,1.351106E+0,-1.057230E-1,1.355236E+0
186.208318,1.312467E+0,-5.894049E-2,1.313790E+0
187.283310,1.301535E+0,-5.357883E-2,1.302637E+0
188.364508,1.290676E+0,-4.830321E-2,1.291580E+0
189.451948,1.279890E+0,-4.311263E-2,1.280616E+0
190.545665,1.269177E+0,-3.800612E-2,1.269746E+0
191.645697,1.297354E+0,-5.215629E-2,1.298402E+0
192.752079,1.326018E+0,-6.692018E-2,1.327706E+0
193.864849,1.355171E+0,-8.231671E-2,1.357669E+0
194.984042,1.384819E+0,-9.836523E-2,1.388308E+0
196.109697,1.383560E+0,-1.805353E-1,1.395289E+0
197.241850,1.377440E+0,-2.629012E-1,1.402305E+0
198.380539,1.366433E+0,-3.451764E-1,1.409357E+0
199.525802,1.350526E+0,-4.270715E-1,1.416443E+0
200.677677,1.375588E+0,-3.742614E-1,1.425592E+0
201.836201,1.398632E+0,-3.201293E-1,1.434801E+0
203.001414,1.419593E+0,-2.647504E-1,1.444070E+0
204.173353,1.438407E+0,-2.082028E-1,1.453397E+0
205.352059,1.540281E+0,-2.503287E-1,1.560490E+0
206.537568,1.648858E+0,-2.974512E-1,1.675473E+0
207.729922,1.764540E+0,-3.500624E-1,1.798929E+0
208.929160,1.887746E+0,-4.086986E-1,1.931481E+0
210.135321,2.016069E+0,-7.246188E-1,2.142337E+0
211.348445,2.111104E+0,-1.090697E+0,2.376211E+0
212.568572,2.162225E+0,-1.507072E+0,2.635618E+0
213.795743,2.157727E+0,-1.972347E+0,2.923344E+0
215.029999,1.397165E+0,-1.806472E+0,2.283727E+0
216.271380,8.339399E-1,-1.577149E+0,1.784056E+0
217.519928,4.310831E-1,-1.325367E+0,1.393711E+0
218.775684,1.546613E-1,-1.077731E+0,1.088772E+0
220.038689,2.543830E-1,-8.816029E-1,9.175698E-1
221.308986,3.148207E-1,-7.063021E-1,7.732883E-1
222.586616,3.448891E-1,-5.529522E-1,6.516937E-1
223.871622,3.521599E-1,-4.214558E-1,5.492191E-1
225.164046,4.030465E-1,-3.902403E-1,5.610116E-1
226.463932,4.513798E-1,-3.530595E-1,5.730574E-1
227.771322,4.964781E-1,-3.100932E-1,5.853617E-1
229.086260,5.376676E-1,-2.615990E-1,5.979302E-1
230.408789,5.823468E-1,-2.515692E-1,6.343618E-1
231.738953,6.292208E-1,-2.388045E-1,6.730129E-1
233.076796,6.782909E-1,-2.230364E-1,7.140195E-1
234.422362,7.295443E-1,-2.039796E-1,7.575240E-1
235.775697,7.876040E-1,-2.114654E-1,8.154984E-1
237.136844,8.501867E-1,-2.188779E-1,8.779094E-1
238.505849,9.176379E-1,-2.261614E-1,9.450970E-1
239.882758,9.903286E-1,-2.332516E-1,1.017427E+0
241.267616,1.075737E+0,-2.871075E-1,1.113392E+0
242.660469,1.167423E+0,-3.487744E-1,1.218409E+0
244.061362,1.265722E+0,-4.191878E-1,1.333331E+0
245.470343,1.370975E+0,-4.993826E-1,1.459094E+0
246.887458,1.381476E+0,-9.613150E-1,1.683034E+0
248.312755,1.256913E+0,-1.479522E+0,1.941344E+0
249.746279,9.651378E-1,-2.020635E+0,2.239298E+0
251.188080,4.801440E-1,-2.537966E+0,2.582985E+0
252.638204,5.134991E-1,-1.772506E+0,1.845389E+0
254.096699,4.853426E-1,-1.225837E+0,1.318421E+0
255.563615,4.282661E-1,-8.389431E-1,9.419328E-1
257.038999,3.614503E-1,-5.676459E-1,6.729548E-1
258.522901,1.499396E-1,-6.409303E-1,6.582352E-1
260.015369,-6.900950E-2,-6.401285E-1,6.438376E-1
261.516454,-2.708496E-1,-5.685347E-1,6.297549E-1
263.026204,-4.339883E-1,-4.371335E-1,6.159801E-1
264.544671,-1.753065E-1,-3.960621E-1,4.331253E-1
266.071903,-1.571350E-2,-3.041456E-1,3.045512E-1
267.607952,6.603314E-2,-2.037095E-1,2.141447E-1
269.152869,9.451090E-2,-1.172204E-1,1.505753E-1
270.706705,1.377744E-1,-1.264416E-1,1.870007E-1
272.269511,1.926107E-1,-1.297512E-1,2.322375E-1
273.841340,2.605636E-1,-1.236578E-1,2.884175E-1
275.422242,3.428821E-1,-1.035877E-1,3.581879E-1
277.012272,3.598621E-1,-1.068162E-1,3.753804E-1
278.611480,3.776734E-1,-1.101133E-1,3.933982E-1
280.219921,3.963563E-1,-1.134783E-1,4.122810E-1
281.837648,4.159527E-1,-1.169097E-1,4.320700E-1
283.464714,4.387228E-1,-1.143849E-1,4.533890E-1
285.101173,4.625617E-1,-1.112832E-1,4.757597E-1
286.747079,4.875107E-1,-1.075551E-1,4.992342E-1
288.402487,5.136119E-1,-1.031476E-1,5.238670E-1
290.067453,5.333587E-1,-1.026866E-1,5.431538E-1
291.742030,5.538281E-1,-1.020450E-1,5.631507E-1
293.426274,5.750452E-1,-1.012102E-1,5.838840E-1
295.120242,5.970357E-1,-1.001689E-1,6.053804E-1
296.823989,6.175407E-1,-1.026483E-1,6.260137E-1
298.537572,6.387483E-1,-1.051800E-1,6.473502E-1
300.261047,6.606828E-1,-1.077649E-1,6.694139E-1
301.994472,6.833690E-1,-1.104035E-1,6.922298E-1
303.737905,7.051900E-1,-1.148582E-1,7.144826E-1
305.491402,7.277068E-1,-1.194851E-1,7.374509E-1
307.255023,7.509411E-1,-1.242905E-1,7.611575E-1
309.028824,7.749165E-1,-1.292814E-1,7.856267E-1
310.812867,8.103071E-1,-1.354177E-1,8.215446E-1
312.607208,8.473135E-1,-1.418450E-1,8.591043E-1
314.411909,8.860105E-1,-1.485768E-1,8.983817E-1
316.227028,9.264752E-1,-1.556277E-1,9.394553E-1
318.052625,9.826938E-1,-1.800512E-1,9.990523E-1
319.888762,1.042087E+0,-2.069051E-1,1.062429E+0
321.735500,1.104820E+0,-2.363935E-1,1.129827E+0
323.592898,1.171061E+0,-2.687357E-1,1.201500E+0
325.461020,1.261858E+0,-3.767993E-1,1.316914E+0
327.339926,1.353523E+0,-5.014209E-1,1.443415E+0
329.229679,1.444965E+0,-6.442147E-1,1.582067E+0
331.130342,1.534877E+0,-8.068682E-1,1.734037E+0
333.041978,1.639400E+0,-1.001861E+0,1.921291E+0
334.964649,1.741029E+0,-1.224931E+0,2.128764E+0
336.898420,1.837453E+0,-1.478841E+0,2.358645E+0
338.843355,1.925913E+0,-1.766476E+0,2.613346E+0
340.799519,2.805394E+0,-1.866578E+0,3.369621E+0
342.766975,3.945712E+0,-1.818862E+0,4.344756E+0
344.745790,5.388856E+0,-1.530867E+0,5.602082E+0
346.736028,7.169900E+0,-8.764457E-1,7.223270E+0
348.737756,4.794955E+0,2.757642E-1,4.802878E+0
350.751040,3.104599E+0,7.483457E-1,3.193518E+0
352.775947,1.942654E+0,8.573414E-1,2.123426E+0
354.812544,1.169502E+0,7.910336E-1,1.411903E+0
356.860899,1.276282E+0,6.227990E-1,1.420132E+0
358.921078,1.358890E+0,4.401932E-1,1.428409E+0
360.993151,1.415398E+0,2.466849E-1,1.436734E+0
363.077187,1.444377E+0,4.600132E-2,1.445109E+0
365.173253,8.525322E-1,-7.934214E-1,1.164615E+0
367.281421,3.749234E-2,-9.378161E-1,9.385652E-1
369.401759,-5.107965E-1,-5.578660E-1,7.563911E-1
371.534338,-6.088723E-1,-2.929602E-2,6.095767E-1
373.679228,-3.075697E-1,-3.107626E-1,4.372328E-1
375.836501,-1.183639E-2,-3.133916E-1,3.136150E-1
378.006228,1.457279E-1,-1.713617E-1,2.249477E-1
380.188480,1.601183E-1,-1.988895E-2,1.613488E-1
382.383332,1.949250E-1,-8.983007E-3,1.951319E-1
384.590854,2.358716E-1,7.427090E-3,2.359885E-1
386.811120,2.837058E-1,3.104892E-2,2.853997E-1
389.044204,3.391691E-1,6.401141E-2,3.451567E-1
391.290180,3.903515E-1,1.502066E-1,4.182539E-1
393.549122,4.325810E-1,2.641062E-1,5.068317E-1
395.821105,4.581017E-1,4.090794E-1,6.141686E-1
398.106204,4.569342E-1,5.874523E-1,7.442372E-1
400.404495,-8.069278E-2,1.040862E+0,1.043985E+0
402.716055,-1.066540E+0,1.003561E+0,1.464460E+0
405.040959,-2.054002E+0,3.398234E-2,2.054283E+0
407.379285,-2.162841E+0,-1.904233E+0,2.881663E+0
409.731111,-2.206219E+0,-1.522011E+0,2.680284E+0
412.096513,-2.204432E+0,-1.164222E+0,2.492977E+0
414.475571,-2.163603E+0,-8.339454E-1,2.318759E+0
416.868364,-2.089724E+0,-5.333575E-1,2.156714E+0
419.274970,-1.888400E+0,-4.189402E-1,1.934313E+0
421.695470,-1.704686E+0,-3.220742E-1,1.734845E+0
424.129944,-1.537257E+0,-2.404430E-1,1.555947E+0
426.578472,-1.384856E+0,-1.720076E-1,1.395497E+0
429.041135,-1.441607E+0,-8.887984E-2,1.444344E+0
431.518015,-1.494901E+0,6.316687E-4,1.494901E+0
434.009195,-1.544214E+0,9.651600E-2,1.547227E+0
436.514757,-1.589008E+0,1.987281E-1,1.601387E+0
439.034783,-1.825489E+0,4.361859E-1,1.876877E+0
441.569357,-2.070387E+0,7.432695E-1,2.199762E+0
444.118564,-2.316122E+0,1.132547E+0,2.578194E+0
446.682487,-2.552244E+0,1.617681E+0,3.021728E+0
449.261212,-1.936343E+0,2.852561E+0,3.447685E+0
451.854825,-7.307338E-1,3.865221E+0,3.933689E+0
454.463410,9.911257E-1,4.377397E+0,4.488199E+0
457.087055,3.025939E+0,4.131238E+0,5.120882E+0
459.725846,3.088376E+0,3.356118E+0,4.560876E+0
462.379871,3.066688E+0,2.663867E+0,4.062113E+0
465.049218,2.978766E+0,2.053314E+0,3.617892E+0
467.733976,2.840332E+0,1.521646E+0,3.222250E+0
470.434232,2.710023E+0,1.363789E+0,3.033833E+0
473.150078,2.583572E+0,1.218349E+0,2.856435E+0
475.881602,2.461050E+0,1.084505E+0,2.689409E+0
478.628895,2.342509E+0,9.614791E-1,2.532151E+0
481.392049,2.171580E+0,1.238498E+0,2.499927E+0
484.171154,1.969087E+0,1.488045E+0,2.468113E+0
486.966304,1.739176E+0,1.706691E+0,2.436704E+0
489.777590,1.486338E+0,1.891603E+0,2.405694E+0
492.605106,1.607802E+0,1.922213E+0,2.505979E+0
495.448945,1.735245E+0,1.950217E+0,2.610445E+0
498.309202,1.868830E+0,1.975317E+0,2.719265E+0
501.185971,2.008717E+0,1.997195E+0,2.832619E+0
504.079348,1.009759E+0,2.608220E+0,2.796860E+0
506.989429,-1.367040E-1,2.758165E+0,2.761551E+0
509.916309,-1.231041E+0,2.432976E+0,2.726689E+0
512.860087,-2.087534E+0,1.700149E+0,2.692268E+0
515.820860,-2.538360E+0,1.252587E+0,2.830591E+0
518.798725,-2.895375E+0,6.881169E-1,2.976021E+0
521.793781,-3.128816E+0,2.584235E-2,3.128923E+0
524.806128,-3.212659E+0,-7.076706E-1,3.289677E+0
527.835866,-3.146625E+0,-9.492248E-1,3.286682E+0
530.883094,-3.062477E+0,-1.184839E+0,3.283688E+0
533.947915,-2.960737E+0,-1.413158E+0,3.280698E+0
537.030429,-2.842026E+0,-1.632872E+0,3.277710E+0
540.130738,-2.636137E+0,-1.737246E+0,3.157094E+0
543.248945,-2.432046E+0,-1.825464E+0,3.040915E+0
546.385154,-2.230638E+0,-1.898255E+0,2.929013E+0
549.539469,-2.032717E+0,-1.956372E+0,2.821228E+0
552.711994,-1.821653E+0,-1.967966E+0,2.681662E+0
555.902834,-1.620729E+0,-1.967394E+0,2.549000E+0
559.112094,-1.430094E+0,-1.955832E+0,2.422901E+0
562.339883,-1.249825E+0,-1.934408E+0,2.303041E+0
565.586305,-2.234148E+0,-1.976580E+0,2.982999E+0
568.851469,-3.476637E+0,-1.685603E+0,3.863711E+0
572.135483,-4.924861E+0,-8.889669E-1,5.004450E+0
575.438456,-6.453202E+0,6.101991E-1,6.481987E+0
578.760497,-5.972882E+0,1.396502E+0,6.133966E+0
582.101716,-5.422067E+0,2.072421E+0,5.804631E+0
585.462225,-4.819253E+0,2.635830E+0,5.492977E+0
588.842134,-4.182055E+0,3.087106E+0,5.198058E+0
592.241555,-3.380521E+0,-3.672760E-1,3.400414E+0
595.660602,-1.464196E+0,-1.674607E+0,2.224450E+0
599.099386,3.732137E-2,-1.454689E+0,1.455168E+0
602.558024,6.625076E-1,-6.835567E-1,9.519276E-1
606.036628,1.500951E-1,-8.378686E-1,8.512064E-1
609.535314,-3.070547E-1,-6.964590E-1,7.611424E-1
613.054198,-5.755430E-1,-3.632862E-1,6.806075E-1
616.593397,-6.083297E-1,1.792159E-2,6.085936E-1
620.153028,-6.547388E-1,1.114215E-1,6.641518E-1
623.733209,-6.907469E-1,2.194941E-1,7.247820E-1
627.334059,-7.133092E-1,3.417420E-1,7.909473E-1
630.955697,-7.191936E-1,4.772747E-1,8.631515E-1
634.598242,-6.325635E-1,4.201189E-1,7.593658E-1
638.261816,-5.563682E-1,3.698075E-1,6.680592E-1
641.946541,-4.893507E-1,3.255211E-1,5.877313E-1
645.652537,-4.304063E-1,2.865381E-1,5.170625E-1
649.379928,-4.139310E-1,2.766446E-1,4.978666E-1
653.128838,-3.980846E-1,2.670900E-1,4.793834E-1
656.899390,-3.828430E-1,2.578627E-1,4.615863E-1
660.691710,-3.681833E-1,2.489516E-1,4.444500E-1
664.505924,-3.891838E-1,2.426492E-1,4.586313E-1
668.342157,-4.105987E-1,2.353477E-1,4.732651E-1
672.200537,-4.324027E-1,2.270000E-1,4.883657E-1
676.081191,-4.545682E-1,2.175590E-1,5.039486E-1
679.984249,-4.677371E-1,2.459780E-1,5.284725E-1
683.909839,-4.804121E-1,2.762801E-1,5.541899E-1
687.858092,-4.924949E-1,3.085359E-1,5.811589E-1
691.829139,-5.038802E-1,3.428152E-1,6.094403E-1
695.823110,-4.505325E-1,4.243829E-1,6.189349E-1
699.840139,-3.839871E-1,4.976578E-1,6.285773E-1
703.880359,-3.055314E-1,5.605057E-1,6.383699E-1
707.943903,-2.167979E-1,6.109921E-1,6.483153E-1
712.030906,-1.898026E-1,5.094992E-1,5.437044E-1
716.141504,-1.658355E-1,4.247474E-1,4.559734E-1
720.275832,-1.446273E-1,3.539938E-1,3.823986E-1
724.434028,-1.259159E-1,2.949422E-1,3.206957E-1
728.616230,-1.865202E-1,3.581383E-1,4.037980E-1
732.822575,-2.686989E-1,4.316328E-1,5.084348E-1
737.053205,-3.789557E-1,5.159758E-1,6.401863E-1
741.308258,-5.255085E-1,6.112307E-1,8.060783E-1
745.587875,-3.667416E-1,6.607915E-1,7.557412E-1
749.892199,-2.115708E-1,6.762227E-1,7.085473E-1
754.221372,-6.616728E-2,6.609973E-1,6.643008E-1
758.575538,6.445993E-2,6.194724E-1,6.228171E-1
762.954841,3.277554E-2,6.216625E-1,6.225259E-1
767.359425,1.035517E-3,6.222342E-1,6.222351E-1
771.789438,-3.067753E-2,6.211871E-1,6.219441E-1
776.245025,-6.228120E-2,6.185254E-1,6.216531E-1
780.726335,-6.147378E-2,7.300943E-1,7.326778E-1
785.233515,-5.837203E-2,8.615557E-1,8.635308E-1
789.766716,-5.218316E-2,1.016415E+0,1.017754E+0
794.326087,-4.190492E-2,1.198789E+0,1.199521E+0
798.911780,2.872782E-1,1.057571E+0,1.095895E+0
803.523946,5.364250E-1,8.453933E-1,1.001220E+0
808.162739,6.965495E-1,5.929073E-1,9.147242E-1
812.828311,7.680903E-1,3.292926E-1,8.357011E-1
817.520818,6.368469E-1,2.700679E-1,6.917446E-1
822.240416,5.280195E-1,2.214726E-1,5.725860E-1
826.987259,4.377810E-1,1.816026E-1,4.739533E-1
831.761507,3.629577E-1,1.488945E-1,3.923109E-1
836.563317,4.056646E-1,1.454687E-1,4.309581E-1
841.392847,4.523621E-1,1.395999E-1,4.734127E-1
846.250259,5.033182E-1,1.308529E-1,5.200497E-1
851.135714,5.588056E-1,1.187369E-1,5.712811E-1
856.049372,5.468195E-1,2.065057E-1,5.845136E-1
860.991397,5.211242E-1,2.934224E-1,5.980528E-1
865.961952,4.816951E-1,3.773573E-1,6.119058E-1
870.961203,4.288363E-1,4.561524E-1,6.260795E-1
875.989315,6.379582E-1,3.076541E-1,7.082667E-1
881.046454,7.985219E-1,6.597675E-2,8.012429E-1
886.132789,8.699947E-1,-2.543892E-1,9.064241E-1
891.248487,8.154570E-1,-6.216935E-1,1.025414E+0
896.393719,2.177960E-1,-1.065501E+0,1.087533E+0
901.568654,-5.692569E-1,-1.003152E+0,1.153416E+0
906.773465,-1.154538E+0,-4.043222E-1,1.223288E+0
912.008323,-1.204397E+0,4.823499E-1,1.297395E+0
917.273403,-9.058565E-1,1.220097E+0,1.519609E+0
922.568878,-1.554199E-1,1.773086E+0,1.779885E+0
927.894924,9.325820E-1,1.864518E+0,2.084739E+0
933.251717,2.074272E+0,1.288341E+0,2.441808E+0
938.639436,1.675048E+0,8.393351E-1,1.873571E+0
944.058259,1.338599E+0,5.241748E-1,1.437570E+0
949.508364,1.059477E+0,3.068946E-1,1.103030E+0
954.989934,8.310052E-1,1.603945E-1,8.463427E-1
960.503149,6.955443E-1,2.346650E-1,7.340637E-1
966.048192,5.704666E-1,2.827180E-1,6.366801E-1
971.625246,4.573672E-1,3.094473E-1,5.522159E-1
977.234498,3.570469E-1,3.192444E-1,4.789567E-1
982.876132,4.926295E-1,3.398979E-1,5.985102E-1
988.550335,6.639532E-1,3.442796E-1,7.479053E-1
994.257297,8.770410E-1,3.228932E-1,9.345913E-1
999.997204,1.137873E+0,2.630228E-1,1.167877E+0
