#I+3.880000E+02
+1.000000E+00
+1.610000E+02
+1.610000E+02
+1.000000E+01
+2.000000E+00
+0.000000E+00
+0.000000E+00
+1.000000E+00
+2.000000E+00
+5.000000E+00
+1.000000E+00
+2.497000E+03
-1.092400E+04
+2.025600E+04
-1.299100E+04
-1.119200E+04
+0.000000E+00
+0.000000E+00
+0.000000E+00
+0.000000E+00
+0.000000E+00
+0.000000E+00
+0.000000E+00
+0.000000E+00
+0.000000E+00
+0.000000E+00
+0.000000E+00
+0.000000E+00
+0.000000E+00
+0.000000E+00
+0.000000E+00
+0.000000E+00
+0.000000E+00
+0.000000E+00
+0.000000E+00
+1.000000E+00
+1.000000E+00
+1.000000E+00
+0.000000E+00
+0.000000E+00
+1.000000E+00
+0.000000E+00
+1.000000E+00
+1.000000E+00
+3.000000E+00
+4.500000E+01
+4.500000E+01
+0.000000E+00
+0.000000E+00
+2.000000E+00
+0.000000E+00
+0.000000E+00
+0.000000E+00
+0.000000E+00
+0.000000E+00
+1.250000E-02
+7.943308E-01
+0.000000E+00
+0.000000E+00
+0.000000E+00
+1.000000E+00
+1.000000E+00
+0.000000E+00
+0.000000E+00
+1.0000000000000000E+01
+1.0000000000000000E+01
+8.108569E-01
+1.525286E-01
+5.397353E-01
-2.081505E-01
+3.192551E-01
-6.613883E-02
+3.830996E-01
-1.122319E-01
+2.902867E-01
+2.177245E-01
+2.552080E-01
+1.519279E-01
+2.026132E-01
+2.614812E-03
+3.914096E-01
-1.196243E-01
+3.182365E-01
-1.095383E-01
+2.820315E-01
+3.859727E-02
+1.610312E-01
+7.761599E-02
+8.785944E-02
-5.236282E-02
+2.933245E-01
+1.046539E-01
+2.645009E-01
-5.009508E-02
+1.411768E-01
-1.614099E-01
+4.695058E-01
-2.020175E-01
+6.131700E-01
-1.919022E-01
+7.544156E-01
+7.471730E-02
+8.010570E-01
-4.767714E-01
+9.288243E-01
+9.610826E-02
+4.750862E-01
-4.466172E-01
+6.228443E-01
-3.342614E-01
+4.066925E-01
-2.701400E-01
+7.373364E-01
-3.803437E-01
+7.012157E-01
-3.483792E-02
+5.497755E-01
-1.447011E-01
+2.662760E-01
-2.739277E-01
+3.578274E-01
-1.696761E-01
+5.645831E-01
-3.612770E-01
+1.523011E-02
-3.295355E-01
+7.275303E-02
-6.668098E-01
-1.461364E-02
-5.639730E-01
-1.174794E-01
-4.418231E-01
+4.383191E-02
-2.175740E-01
+2.303645E-01
-5.394204E-02
+1.904170E-01
+2.109490E-01
+4.577492E-01
+6.272937E-01
+9.896251E-01
+6.276029E-01
+4.835075E-01
-1.288099E-01
+9.998909E-01
-6.956866E-01
+8.290946E-01
-5.083831E-01
+6.063474E-01
-5.123605E-01
+5.393609E-01
-2.387751E-01
+5.764667E-01
+7.383125E-02
+7.601926E-01
+1.806529E-01
+4.192500E-01
+2.710698E-02
+7.142100E-01
+7.855873E-02
+1.126350E+00
+8.552003E-02
+1.100424E+00
+6.606407E-02
+1.175552E+00
+1.058940E-01
+1.206254E+00
+1.871490E-01
+1.411151E+00
+3.149176E-01
+1.802105E+00
+2.102704E-01
+1.553321E-01
-1.099644E+00
+5.417951E-01
-4.520762E-01
+7.215421E-01
-2.816600E-01
+7.643802E-01
-2.075253E-01
+7.993224E-01
-1.448111E-01
+8.029657E-01
-1.078944E-01
+8.052348E-01
-8.808592E-02
+8.050227E-01
-7.731886E-02
+7.966500E-01
-5.997525E-02
+7.841352E-01
-3.736179E-02
+7.533268E-01
-4.095355E-02
+7.337140E-01
-3.399847E-02
+7.050506E-01
-2.326815E-02
+6.786918E-01
-1.785045E-02
+6.421134E-01
-1.268599E-02
+6.079985E-01
-7.515059E-03
+5.670217E-01
-6.450939E-03
+5.250328E-01
-9.313019E-03
+4.696888E-01
-1.825876E-02
+4.065005E-01
-3.049262E-02
+2.972733E-01
-5.181539E-02
+7.757989E-02
+2.780698E-02
+1.997040E-01
+2.771653E-01
+1.908237E-01
-3.609329E-02
-9.737363E-03
-6.912361E-03
-1.475211E-01
+6.034014E-02
-2.441685E-01
+1.351287E-01
-3.279737E-01
+2.277164E-01
-3.510732E-01
+2.920122E-01
-3.472916E-01
+3.083181E-01
-3.894041E-01
+2.688721E-01
-5.109151E-01
+1.826442E-01
-6.325252E-01
+1.325105E-01
-8.048393E-01
+1.126176E-01
-8.874410E-01
+1.530214E-01
-9.525593E-01
+7.326978E-02
-1.042205E+00
+5.680063E-03
-1.076785E+00
-5.979995E-02
-1.060593E+00
-1.670468E-01
-1.000971E+00
-2.628164E-01
-9.033946E-01
-2.342043E-01
-1.062867E+00
-9.108600E-02
-1.460330E+00
+4.418255E-02
-1.734403E+00
+1.994195E-02
-1.724057E+00
-2.508724E-02
-1.469227E+00
-5.074713E-02
-7.079629E-01
-3.111188E-01
+3.072694E-01
-1.521207E+00
-1.383068E+00
-2.044592E+00
-3.045815E-01
-6.188617E-01
+1.211068E-01
-1.860949E-01
-1.304895E+00
+2.783880E+00
+1.067729E+01
+2.549320E-01
+8.248897E+00
-4.564345E+00
+6.483543E+00
-3.667137E+00
+7.718338E+00
-4.521053E+00
+8.669723E-01
-4.251740E+00
-1.918734E+00
-1.703019E+00
+7.183309E-01
-6.807491E-01
+1.514081E+00
-5.756699E-01
+1.786695E+00
-5.252955E-01
+1.870838E+00
-4.482449E-01
+1.577349E+00
-3.374271E-01
+1.101235E+00
-1.441514E-01
+8.221378E-01
-2.180544E-01
+5.106839E-01
-7.900117E-03
+3.089905E-01
+8.987366E-02
+5.316708E-02
+2.779701E-01
-6.783870E-02
+3.350900E-01
-4.470537E-01
-1.069781E-01
+4.230246E-02
+4.334978E-01
-4.032624E-01
+8.645600E-01
-1.139423E+00
+4.346213E-01
-8.091962E-01
-4.824527E-01
-2.090070E-01
-3.386218E-01
-1.216507E+00
+5.640390E-02
-1.024537E+00
-2.209915E+00
-2.889047E-01
-1.323699E+00
-3.664108E-01
+5.335837E-01
+3.628908E-01
-5.161928E-01
+1.813802E+00
-7.027280E-01
+2.319184E+00
-1.729116E+00
+2.298482E+00
-2.836904E+00
+4.436065E+00
-5.334015E-01
+1.585988E+00
-8.222630E-01
+1.052350E+00
+1.902129E+00
+6.192789E+00
-9.536070E-01
+1.651422E+01
-1.901101E+00
+9.114547E+00
-3.206525E-01
-1.158896E-01
+1.978903E-01
-3.770577E-01
-4.453165E-02
-3.458899E-01
-3.776875E-01
+6.735574E-02
-1.951905E-01
+2.036898E-01
-2.893822E-02
+5.281250E-03
+1.304550E-01
-1.140924E-01
+3.779389E-01
+2.796363E-02
+2.759611E-01
-6.048661E-02
+2.293420E-01
+1.575530E-02
+1.628429E-01
-1.617555E-06
+1.033474E-01
-4.057290E-02
+7.626802E-02
-1.678878E-02
+1.820329E-02
-5.943074E-02
-4.396450E-03
-6.138399E-02
-1.827455E-02
-4.869463E-02
-3.663535E-02
+9.349987E-03
-3.716722E-02
+2.757029E-02
-2.641161E-02
-8.539544E-03
-5.079804E-02
