#I+3.880000E+02
+1.000000E+00
+1.610000E+02
+1.610000E+02
+1.000000E+01
+2.000000E+00
+1.000000E+00
+0.000000E+00
+1.000000E+00
+2.000000E+00
+5.000000E+00
+1.000000E+00
+2.497000E+03
-1.092400E+04
+2.025600E+04
-1.299100E+04
-1.119200E+04
+0.000000E+00
+0.000000E+00
+0.000000E+00
+0.000000E+00
+0.000000E+00
+0.000000E+00
+0.000000E+00
+0.000000E+00
+0.000000E+00
+0.000000E+00
+0.000000E+00
+0.000000E+00
+0.000000E+00
+0.000000E+00
+0.000000E+00
+0.000000E+00
+0.000000E+00
+0.000000E+00
+0.000000E+00
+1.000000E+00
+1.000000E+00
+1.000000E+00
+0.000000E+00
+0.000000E+00
+1.000000E+00
+0.000000E+00
+1.000000E+00
+1.000000E+00
+3.000000E+00
+4.500000E+01
+4.500000E+01
+0.000000E+00
+0.000000E+00
+2.000000E+00
+0.000000E+00
+0.000000E+00
+0.000000E+00
+0.000000E+00
+0.000000E+00
+1.250000E-02
+1.584894E-01
+0.000000E+00
+0.000000E+00
+0.000000E+00
+1.000000E+00
+1.000000E+00
+0.000000E+00
+0.000000E+00
+1.0000000000000000E+01
+1.0000000000000000E+01
+9.721330E-02
+2.517990E-02
+1.654831E-01
+3.351903E-02
+2.864577E-01
+2.959075E-02
+1.961854E-01
+3.335986E-02
+3.278305E-02
-8.711392E-02
+1.588631E-01
+3.192019E-02
+1.271862E-01
+4.909454E-02
+6.657685E-02
+3.597194E-02
-1.699215E-02
+3.196114E-02
+1.244083E-01
-3.958854E-02
+1.325644E-01
-4.563707E-02
+3.520673E-02
-2.699887E-02
+7.546210E-02
+8.181170E-03
+1.201063E-01
-8.996066E-03
+7.456309E-02
+2.556987E-02
+1.328527E-01
-1.333078E-02
+1.593165E-01
+7.074926E-03
+4.212374E-02
-3.456982E-02
+7.748280E-02
+7.681434E-02
+1.066736E-01
+4.829072E-02
+1.279614E-01
-3.504022E-02
+2.160750E-01
-1.552321E-02
+2.805647E-01
+5.789638E-03
+3.016209E-01
-3.500040E-02
+3.235810E-01
+4.645388E-03
+3.394344E-01
+8.403386E-02
+3.553199E-01
+9.011517E-02
+3.569376E-01
+1.017579E-01
+3.210541E-01
+3.963985E-02
+2.228051E-01
+2.011500E-01
+1.780180E-01
+5.302574E-02
+2.796338E-01
+1.448050E-02
+1.592825E-01
-1.719289E-02
+2.773115E-02
-2.044932E-01
-4.664633E-02
-3.148465E-01
+1.833158E-03
-3.202713E-01
+1.012463E-01
-2.304170E-01
+1.547406E-01
-1.306286E-01
+2.564850E-01
-1.027368E-01
+2.363558E-01
-9.604435E-02
+2.025395E-01
-2.501216E-01
+1.562099E-01
-3.613386E-01
+5.958787E-02
-4.702367E-01
-7.222728E-03
-2.982970E-01
-5.191164E-02
-1.702988E-01
-1.590002E-02
-8.096355E-02
+4.947174E-02
-6.579526E-02
+8.312559E-02
-7.522494E-02
+8.910961E-02
-4.626827E-02
+1.204914E-01
-2.862388E-02
+1.553550E-01
-2.486468E-02
+1.792528E-01
-2.036218E-02
+1.777464E-01
+1.040329E-03
+2.812063E-01
+1.839438E-02
+3.527157E-01
-3.154141E-02
+4.085775E-01
-9.674764E-02
+4.525575E-01
-2.677689E-01
+2.895988E-01
-4.114209E-01
+2.420142E-01
-3.771986E-01
+3.542770E-01
-4.373662E-01
+3.620942E-01
-7.538741E-01
-2.444494E-02
-6.818034E-01
-3.099941E-01
-3.988036E-01
-1.365894E+00
+6.815870E-01
-5.892720E-01
+1.679897E+00
+3.718939E-01
+2.903329E+00
+1.313683E+00
+2.205535E+00
+1.540465E+00
+1.364541E+00
+1.425686E+00
+8.303943E-01
+1.251905E+00
+5.669921E-01
+1.108660E+00
+4.085817E-01
+9.935603E-01
+3.113391E-01
+8.885678E-01
+2.415176E-01
+7.976125E-01
+1.883292E-01
+7.045636E-01
+1.512024E-01
+6.227336E-01
+1.608536E-01
+5.716326E-01
+1.441579E-01
+4.888698E-01
+1.312364E-01
+4.100680E-01
+1.266557E-01
+3.262876E-01
+1.285974E-01
+2.245943E-01
+1.247067E-01
+1.320576E-01
+1.334326E-01
+4.409966E-02
+1.533099E-01
-9.235543E-02
+1.645059E-01
-2.794943E-01
+1.704448E-01
-4.608818E-01
+1.162668E-01
-9.125564E-01
-2.803661E-02
-1.322182E+00
+1.653795E-01
-1.574150E+00
+2.631210E-01
-2.135739E+00
+3.577068E-01
-3.100121E+00
+5.854100E-01
-4.112818E+00
+8.809091E-01
-5.612759E+00
+1.661353E+00
-1.055587E+01
+4.077913E+00
-1.316645E+01
+1.409762E+01
+1.861679E+01
+1.493744E+01
+1.359795E+01
+6.762011E+00
-4.489070E+00
+1.144395E+01
-4.633995E+01
-6.537536E+00
-2.763077E+01
-3.760610E+00
-1.157058E+01
+4.057746E+00
-1.399391E+00
+1.093520E+00
-2.139973E+00
-2.407868E-01
-3.293524E+00
-2.717794E-01
+3.089500E+00
+6.927499E+00
+3.782656E+00
+6.406376E-01
+1.574916E-02
-2.901361E+00
-1.008342E+00
-6.111075E-01
-4.071098E-01
+1.070924E-01
-1.247359E-01
-6.228182E-01
-4.969256E-01
-3.964379E-01
-5.329210E-01
-1.991852E-01
-5.317725E-01
-3.774858E-02
-5.571326E-01
+1.365519E-01
-4.609529E-01
+4.416350E-01
-1.689173E-01
+2.767388E-01
-4.870802E-01
+4.518905E-01
+8.472542E-01
+7.330768E-01
+7.441046E-01
+1.807364E-01
+5.363112E-01
+2.288966E-02
+4.840168E-01
-4.734923E-02
+6.161647E-01
-2.019466E-01
+6.461233E-01
-7.097854E-01
-3.703256E-01
-1.767619E-01
-1.364664E-01
-3.258243E-01
-4.439312E-01
-1.753323E-01
-2.878729E-01
+1.078355E-01
+6.502724E-02
+1.834044E-01
-5.143318E-02
+4.127212E-02
-1.006313E-01
+1.066234E-03
-2.291443E-01
+5.743244E-02
-3.736997E-01
+1.767843E-01
-9.565442E-01
+1.010990E+00
+1.307965E+00
+1.235152E+00
+1.500055E+00
+4.537886E-02
+2.039488E+00
-1.283843E+00
-2.803398E+00
-1.301159E+00
-2.805465E+00
+9.894177E-01
+6.458572E-01
+2.884778E+00
+1.744821E+00
-1.900071E+00
-8.514433E-01
+6.405906E-02
+9.949195E-02
-9.796181E-02
+8.005203E-02
-6.788032E-02
+8.605228E-02
-6.845354E-02
+3.300425E-01
-1.369510E-01
+1.155716E-02
+1.499096E-01
+7.027447E-02
+6.618674E-02
-8.305685E-02
-9.063718E-02
-7.431747E-02
+1.761314E-02
-3.270992E-02
+3.759192E-02
-7.031009E-02
+6.572039E-02
-1.061729E-02
+1.197607E-01
+8.978885E-02
-5.133867E-02
-8.011861E-03
-5.628993E-03
-2.766802E-03
-4.954933E-03
-6.185997E-03
+8.637179E-03
+7.623764E-03
+6.022768E-03
+5.742723E-03
+1.221478E-03
+6.828086E-03
+2.261937E-03
-3.908717E-03
-4.548504E-03
-1.307862E-03
-1.140480E-03
