#I+3.880000E+02
+1.000000E+00
+1.610000E+02
+1.610000E+02
+1.000000E+01
+2.000000E+00
+2.000000E+00
+0.000000E+00
+1.000000E+00
+2.000000E+00
+5.000000E+00
+1.000000E+00
+2.497000E+03
-1.092400E+04
+2.025600E+04
-1.299100E+04
-1.119200E+04
+0.000000E+00
+0.000000E+00
+0.000000E+00
+0.000000E+00
+0.000000E+00
+0.000000E+00
+0.000000E+00
+0.000000E+00
+0.000000E+00
+0.000000E+00
+0.000000E+00
+0.000000E+00
+0.000000E+00
+0.000000E+00
+0.000000E+00
+0.000000E+00
+0.000000E+00
+0.000000E+00
+0.000000E+00
+1.000000E+00
+1.000000E+00
+1.000000E+00
+0.000000E+00
+0.000000E+00
+1.000000E+00
+0.000000E+00
+1.000000E+00
+1.000000E+00
+3.000000E+00
+4.500000E+01
+4.500000E+01
+0.000000E+00
+0.000000E+00
+2.000000E+00
+0.000000E+00
+0.000000E+00
+0.000000E+00
+0.000000E+00
+0.000000E+00
+1.250000E-02
+6.309571E-01
+0.000000E+00
+0.000000E+00
+0.000000E+00
+1.000000E+00
+1.000000E+00
+0.000000E+00
+0.000000E+00
+1.0000000000000000E+01
+1.0000000000000000E+01
+1.873696E-01
-9.151959E-02
+1.603697E-01
+7.757199E-02
+3.037686E-01
+1.108724E-01
+4.286550E-02
-6.823048E-02
+1.170685E-01
-1.802119E-02
+2.316275E-01
-6.536102E-02
+3.414300E-01
+3.976411E-02
+2.798520E-01
-8.080177E-02
+3.053784E-01
-8.995311E-02
+2.414775E-02
-1.492803E-01
+3.087351E-01
+2.385885E-02
+3.064262E-01
-1.999817E-01
+5.998200E-01
+1.026120E-01
+1.654678E-01
+1.607912E-01
+5.567312E-01
-3.523446E-02
+8.297888E-01
+1.099134E-01
+6.286415E-01
-2.959468E-02
+6.812872E-01
-4.880775E-02
+9.134477E-01
+1.348470E-01
+9.280512E-01
-1.317030E-01
+1.115921E+00
+2.336616E-02
+1.047524E+00
+2.814852E-02
+1.080714E+00
+1.418649E-02
+1.120255E+00
+1.201351E-02
+1.129455E+00
+5.952122E-03
+1.123716E+00
+2.127312E-02
+1.136506E+00
+7.730938E-03
+1.135823E+00
-2.455858E-02
+1.123959E+00
+3.906829E-03
+1.092296E+00
-8.850791E-03
+1.053375E+00
+1.416697E-02
+1.063176E+00
+1.448509E-02
+1.062397E+00
+5.245239E-02
+9.945574E-01
+9.432933E-02
+9.438938E-01
+1.624763E-01
+1.000368E+00
+3.576432E-01
+1.443623E+00
+2.751102E-01
+1.373322E+00
+3.330256E-02
+1.178744E+00
+8.755742E-02
+1.217294E+00
+1.041916E-01
+1.177379E+00
+1.786664E-01
+1.302471E+00
+1.922148E-01
+1.413876E+00
+1.325052E-01
+1.403652E+00
+6.158344E-02
+1.433087E+00
-2.724838E-02
+1.419713E+00
+2.747282E-02
+1.421622E+00
+4.206517E-02
+1.470049E+00
+4.329337E-02
+1.464034E+00
+3.877617E-02
+1.530946E+00
+3.284200E-02
+1.560086E+00
+9.407228E-03
+1.634496E+00
+2.728341E-02
+1.734173E+00
+9.668496E-03
+1.939058E+00
+6.053667E-02
+2.285036E+00
-1.305200E+00
+7.899968E-01
-7.862154E-01
+1.026542E+00
-3.009397E-01
+1.138086E+00
-2.008436E-01
+1.222445E+00
-1.197554E-01
+1.271312E+00
-9.370564E-02
+1.316775E+00
-6.380835E-02
+1.362163E+00
-4.191268E-02
+1.400134E+00
-3.479558E-02
+1.437587E+00
-1.622045E-02
+1.472251E+00
-1.163160E-02
+1.503478E+00
-9.978491E-04
+1.529775E+00
+1.353881E-02
+1.546227E+00
+3.254459E-02
+1.553967E+00
+7.125449E-02
+1.556658E+00
+1.468126E-01
+1.565428E+00
+2.928123E-01
+1.673131E+00
+5.602121E-01
+2.072261E+00
+8.105849E-01
+2.640670E+00
+6.230857E-01
+2.812945E+00
+3.541221E-01
+2.926326E+00
+2.073453E-01
+3.029850E+00
+7.877696E-02
+3.167755E+00
+1.842243E-02
+3.317205E+00
-5.870340E-03
+3.564043E+00
-1.331313E-02
+3.861187E+00
-3.480845E-02
+4.362417E+00
-6.436065E-02
+4.748979E+00
-7.366334E-02
+5.315025E+00
-9.060265E-02
+6.401341E+00
-9.026146E-02
+7.747157E+00
-6.559107E-01
+5.260339E+00
-1.105425E+00
+2.739628E+00
+1.286035E+00
-5.016496E-01
+2.143327E+00
-6.017016E+00
+1.459546E+00
-7.455353E+00
-2.062269E-02
-6.766419E+00
+4.125606E-02
-6.773047E+00
+2.507541E-01
-6.448629E+00
+2.620879E-01
-6.639659E+00
+1.798281E+00
-6.463633E-01
+2.622636E+00
-1.204720E+00
+6.224203E-01
-1.694771E+00
+1.132127E-01
-1.552609E+00
-3.999545E-02
-1.337474E+00
-2.559355E-01
-1.942094E+00
-1.216326E+00
-2.840284E+00
-8.458843E-01
-2.857127E+00
+1.772990E-01
-2.565100E+00
+3.859091E-01
-2.772971E+00
+3.082282E-01
-1.117601E+00
+2.455393E+00
-3.386244E-01
+5.378218E-01
-7.352658E-01
+1.963727E-01
-8.980642E-01
+9.765567E-02
-9.815569E-01
+6.101924E-02
-1.038908E+00
+3.652654E-02
-1.058921E+00
+2.246977E-02
-1.041775E+00
-2.147312E-02
-1.124529E+00
-2.123158E-01
-1.563341E+00
-4.839611E-01
-1.914711E+00
-1.232184E-01
-2.035955E+00
+9.549317E-02
-2.231545E+00
+7.044923E-01
-1.494964E+00
+5.961207E-01
-1.974602E+00
+1.199386E-01
-2.307809E+00
-3.191021E-02
-1.732978E+00
-8.445917E-01
+1.648512E+00
-1.575145E+00
+4.097223E+00
+4.009361E-01
+2.958724E+00
+1.669567E+00
+3.312269E+00
+9.244877E-01
+2.347096E+00
+3.686924E-01
+1.570937E+00
+5.457427E-01
+1.949851E+00
+6.049832E-01
+2.138595E+00
+3.650370E-01
+2.211609E+00
+3.666675E-01
+2.818269E+00
-3.082548E-01
+3.837478E+00
-1.366333E+00
+2.215198E+00
-3.046378E+00
+1.027889E-01
-7.047610E-01
+1.258522E+00
-6.740394E-01
+2.454539E+00
-4.000112E+00
-3.353484E+00
-2.243444E+00
-2.604393E+00
-3.249853E-01
-1.873820E+00
+4.176949E-01
-3.745942E-01
+8.616891E-01
-4.945336E-02
+1.905561E-01
-7.399775E-02
+3.453194E-01
-1.108857E-01
+4.291192E-01
-2.657828E-01
+1.055635E-01
-1.113462E-01
+8.748616E-01
+5.257719E-01
+4.453398E-02
+2.982693E-01
+2.991819E-02
+1.890703E-01
-8.649206E-02
+1.481311E-01
-1.187329E-01
+2.270686E-01
-3.326723E-01
-3.920832E-01
-2.945541E-01
-1.094578E-01
+1.344962E-01
+4.851012E-03
+3.157492E-02
-2.893063E-02
-3.768286E-02
-7.587720E-02
+4.140971E-02
+1.517693E-02
+4.304868E-02
-1.111303E-02
-7.158665E-03
-3.105025E-02
-8.672355E-03
+1.791132E-02
+2.177782E-02
-1.899404E-04
+9.581035E-03
