#I+3.880000E+02
+1.000000E+00
+1.610000E+02
+1.610000E+02
+1.000000E+01
+2.000000E+00
+0.000000E+00
+0.000000E+00
+1.000000E+00
+2.000000E+00
+5.000000E+00
+1.000000E+00
+2.497000E+03
-1.092400E+04
+2.025600E+04
-1.299100E+04
-1.119200E+04
+0.000000E+00
+0.000000E+00
+0.000000E+00
+0.000000E+00
+0.000000E+00
+0.000000E+00
+0.000000E+00
+0.000000E+00
+0.000000E+00
+0.000000E+00
+0.000000E+00
+0.000000E+00
+0.000000E+00
+0.000000E+00
+0.000000E+00
+0.000000E+00
+0.000000E+00
+0.000000E+00
+0.000000E+00
+1.000000E+00
+1.000000E+00
+1.000000E+00
+0.000000E+00
+0.000000E+00
+1.000000E+00
+0.000000E+00
+1.000000E+00
+1.000000E+00
+3.000000E+00
+4.500000E+01
+4.500000E+01
+0.000000E+00
+0.000000E+00
+2.000000E+00
+0.000000E+00
+0.000000E+00
+0.000000E+00
+0.000000E+00
+0.000000E+00
+1.250000E-02
+3.981072E+00
+0.000000E+00
+0.000000E+00
+0.000000E+00
+1.000000E+00
+1.000000E+00
+0.000000E+00
+0.000000E+00
+1.0000000000000000E+01
+1.0000000000000000E+01
-8.065315E-04
+7.454252E-02
-4.879699E-03
+1.714455E-02
-7.740362E-03
-8.816449E-02
+1.281574E-01
-1.662646E-03
+2.489943E-02
+4.004208E-02
+7.932422E-02
+6.512226E-02
-1.121626E-01
-3.438796E-02
-1.118554E-02
-3.216386E-02
+7.751475E-02
-3.408450E-03
-1.467774E-03
+3.764383E-02
-2.821745E-02
-8.308645E-02
+2.931722E-01
-3.890841E-02
+7.366046E-02
-2.016268E-02
+2.932969E-01
-4.569074E-02
+2.267992E-01
+2.239471E-02
+4.195569E-01
+1.332715E-01
+5.586022E-01
+3.263168E-02
+5.525725E-01
-5.092800E-02
+6.949021E-01
+1.157472E-04
+9.322242E-01
-1.030092E-03
+9.594169E-01
+1.062534E-02
+9.271909E-01
+3.529564E-02
+9.989223E-01
-2.241839E-02
+9.977362E-01
-2.660991E-03
+9.527620E-01
+1.424919E-02
+9.927450E-01
-4.385244E-02
+9.878577E-01
-3.089069E-02
+9.598077E-01
-3.453314E-02
+9.142793E-01
+2.076948E-02
+8.489848E-01
-4.878054E-02
+9.290777E-01
-1.675067E-02
+8.874746E-01
-1.836100E-02
+8.208301E-01
+2.791494E-02
+8.690929E-01
-1.231544E-01
+8.495127E-01
-3.358544E-04
+8.963241E-01
-4.246408E-02
+8.097871E-01
-8.924222E-04
+7.940538E-01
+2.593078E-03
+8.538233E-01
+6.792927E-02
+9.342013E-01
+3.703097E-02
+9.249639E-01
+2.792022E-02
+8.831172E-01
-6.856705E-03
+9.584949E-01
-2.126537E-02
+9.843554E-01
+9.717289E-03
+9.522881E-01
-7.746231E-03
+9.342626E-01
+7.363790E-03
+9.639923E-01
-2.979152E-03
+9.267425E-01
+5.695983E-03
+9.249662E-01
-7.876949E-03
+9.510443E-01
+2.242037E-05
+9.151928E-01
-1.201668E-02
+9.137906E-01
-4.806943E-03
+8.862818E-01
+2.513272E-03
+8.584112E-01
+6.121206E-02
+9.063549E-01
+1.118464E-01
+9.449774E-01
+1.679919E-01
+1.062994E+00
+1.207032E-01
+1.058372E+00
+7.020959E-02
+1.073299E+00
+3.832704E-02
+1.059654E+00
+2.048129E-02
+1.056902E+00
+1.175239E-02
+1.042984E+00
+1.162088E-02
+1.050949E+00
+1.088872E-02
+1.047526E+00
+1.317097E-03
+1.037840E+00
+2.186797E-03
+1.045464E+00
-1.546302E-03
+1.049439E+00
-5.647013E-03
+1.055474E+00
-1.005324E-02
+1.061129E+00
-1.826135E-02
+1.067334E+00
-3.383245E-02
+1.065696E+00
-6.156863E-02
+1.035878E+00
-9.315674E-02
+9.868878E-01
-8.663833E-02
+9.690015E-01
-5.179652E-02
+9.711947E-01
-2.776553E-02
+9.793237E-01
-2.076085E-02
+9.841833E-01
-1.094590E-02
+9.885646E-01
-5.337920E-03
+9.941297E-01
-2.612075E-03
+1.000082E+00
-4.512195E-03
+1.002004E+00
-3.642847E-03
+1.014863E+00
+2.964075E-03
+1.011611E+00
+4.993685E-03
+1.005971E+00
+4.288140E-03
+1.001471E+00
+3.193903E-03
+1.014839E+00
+1.869838E-02
+1.065747E+00
+3.889316E-02
+1.112745E+00
-7.773033E-02
+9.686571E-01
-8.679657E-02
+9.574170E-01
-1.854420E-02
+9.667374E-01
+2.527331E-04
+9.714387E-01
+5.700717E-03
+9.592292E-01
+1.052352E-02
+9.398764E-01
+1.685502E-02
+8.826640E-01
+5.195504E-02
+7.678970E-01
+1.679521E-01
+1.056750E+00
+4.998891E-01
+1.302767E+00
+7.332192E-02
+1.233417E+00
+1.655676E-03
+1.105410E+00
-2.641593E-02
+1.154064E+00
+2.407644E-01
+1.176151E+00
+1.577967E-02
+1.123338E+00
+2.301103E-02
+1.103011E+00
+1.647961E-02
+9.808069E-01
-6.410544E-02
+8.057537E-01
+7.731950E-02
+4.651732E-01
+4.920300E-01
+1.113380E+00
+1.603804E+00
+2.163611E+00
+5.872836E-01
+1.886387E+00
+1.547741E-01
+1.775537E+00
+9.615594E-02
+1.680718E+00
+3.513238E-02
+1.608788E+00
+6.067371E-02
+1.816037E+00
+1.881044E-01
+1.746520E+00
-5.606635E-03
+1.728561E+00
+7.465323E-03
+1.669980E+00
+2.501201E-02
+1.425311E+00
+2.004476E-01
+1.331849E+00
+1.157181E+00
+3.454922E+00
+1.711129E-01
+3.509655E+00
-4.461699E-01
+1.202979E+00
-1.736622E+00
+1.207789E+00
-5.039442E-01
+1.911792E+00
-1.545873E-01
+1.914193E+00
-4.103357E-01
+1.902424E+00
-1.311227E-01
+2.071415E+00
+1.455984E-02
+1.343924E+00
+4.042785E-01
+1.766413E+00
+4.582553E-01
+2.417068E+00
+5.241997E-01
+1.725330E+00
+1.758429E+00
+4.878817E+00
+1.636511E+00
+8.265304E+00
-1.872671E+00
+9.452637E+00
-1.530890E+00
+4.522400E+00
-2.360086E+00
+8.024046E+00
+2.742755E+00
+2.032521E+01
-4.740837E+00
+2.571929E+01
+1.305704E+00
+1.289489E+00
-9.585896E+00
+9.579250E+00
-1.472597E+00
+5.390714E-01
-2.009156E+00
-1.627798E-02
+8.148330E-01
+5.721849E-02
+4.268889E-01
-1.337413E-01
+4.844001E-01
-4.010640E-01
+1.881256E-01
-5.827917E-01
+4.764878E-01
-5.562118E-01
+2.801072E-01
-7.657731E-01
-1.334453E-01
-1.885324E-01
-1.487506E-01
+3.962638E-01
+1.175320E-01
+5.088231E-01
+3.517094E-01
+3.099703E-01
+3.944360E-01
-1.482532E-01
+3.371471E-01
-2.172079E-01
+1.202687E-01
-2.125342E-01
+1.481670E-01
-4.462680E-01
+1.005813E-01
-3.682399E-01
+8.682294E-02
+1.904771E-01
-4.222941E-03
+8.100568E-01
-5.159983E-01
+8.404698E-01
-7.422632E-01
+4.819191E-01
-5.828515E-01
