Hz,real,imaginary,unitless (peak only)
40.000021,9.607349E-1,-1.030198E-2,9.607901E-1
40.161289,9.591864E-1,-1.040580E-2,9.592428E-1
40.323208,9.576403E-1,-1.050927E-2,9.576980E-1
40.485779,9.560968E-1,-1.061238E-2,9.561557E-1
40.649005,9.545568E-1,-1.071513E-2,9.546169E-1
40.812890,9.544605E-1,-9.476608E-3,9.545075E-1
40.977435,9.543627E-1,-8.238351E-3,9.543983E-1
41.142643,9.542631E-1,-7.000362E-3,9.542888E-1
41.308518,9.541624E-1,-5.762649E-3,9.541798E-1
41.475062,9.519590E-1,-3.880338E-3,9.519669E-1
41.642277,9.497570E-1,-2.006714E-3,9.497591E-1
41.810166,9.475561E-1,-1.417510E-4,9.475561E-1
41.978732,9.453562E-1,1.714570E-3,9.453578E-1
42.147977,9.429847E-1,-5.099190E-4,9.429848E-1
42.317905,9.406136E-1,-2.723248E-3,9.406175E-1
42.488518,9.382435E-1,-4.925446E-3,9.382564E-1
42.659819,9.358738E-1,-7.116542E-3,9.359009E-1
42.831810,9.351834E-1,-6.462169E-3,9.352057E-1
43.004495,9.344929E-1,-5.808762E-3,9.345110E-1
43.177877,9.338025E-1,-5.156319E-3,9.338167E-1
43.351957,9.331120E-1,-4.504840E-3,9.331229E-1
43.526739,9.304537E-1,-3.019613E-3,9.304586E-1
43.702225,9.278005E-1,-1.542822E-3,9.278018E-1
43.878420,9.251529E-1,-7.443577E-5,9.251529E-1
44.055324,9.225114E-1,1.385581E-3,9.225124E-1
44.232942,9.197484E-1,4.113774E-3,9.197576E-1
44.411276,9.169854E-1,6.825623E-3,9.170108E-1
44.590329,9.142226E-1,9.521177E-3,9.142722E-1
44.770103,9.114600E-1,1.220048E-2,9.115417E-1
44.950603,9.077848E-1,1.488626E-2,9.079068E-1
45.131830,9.041160E-1,1.755029E-2,9.042863E-1
45.313788,9.004541E-1,2.019267E-2,9.006805E-1
45.496479,8.967987E-1,2.281352E-2,8.970888E-1
45.679908,8.932143E-1,2.931826E-2,8.936953E-1
45.864075,8.895959E-1,3.577188E-2,8.903148E-1
46.048985,8.859435E-1,4.217432E-2,8.869468E-1
46.234641,8.822588E-1,4.852553E-2,8.835923E-1
46.421045,8.855787E-1,6.292228E-2,8.878113E-1
46.608201,8.886829E-1,7.743926E-2,8.920505E-1
46.796111,8.915685E-1,9.207354E-2,8.963102E-1
46.984779,8.942331E-1,1.068222E-1,9.005908E-1
47.174207,9.043480E-1,1.065312E-1,9.106010E-1
47.364399,9.145747E-1,1.062202E-1,9.207223E-1
47.555358,9.249144E-1,1.058888E-1,9.309560E-1
47.747087,9.353682E-1,1.055366E-1,9.413032E-1
47.939589,9.275929E-1,1.157261E-1,9.347840E-1
48.132867,9.197525E-1,1.257536E-1,9.283096E-1
48.326924,9.118501E-1,1.356193E-1,9.218803E-1
48.521763,9.038883E-1,1.453237E-1,9.154961E-1
48.717389,9.208106E-1,1.612850E-1,9.348289E-1
48.913802,9.378611E-1,1.778234E-1,9.545704E-1
49.111008,9.550336E-1,1.949529E-1,9.747286E-1
49.309009,9.723221E-1,2.126875E-1,9.953121E-1
49.507808,9.982818E-1,2.013411E-1,1.018383E+0
49.707408,1.024650E+0,1.892994E-1,1.041989E+0
49.907814,1.051425E+0,1.765395E-1,1.066143E+0
50.109027,1.078604E+0,1.630384E-1,1.090857E+0
50.311051,1.081384E+0,1.491769E-1,1.091625E+0
50.513890,1.083986E+0,1.352707E-1,1.092394E+0
50.717547,1.086410E+0,1.213223E-1,1.093163E+0
50.922025,1.088654E+0,1.073338E-1,1.093932E+0
51.127327,1.090660E+0,9.883381E-2,1.095129E+0
51.333457,1.092601E+0,9.030892E-2,1.096327E+0
51.540418,1.094476E+0,8.175962E-2,1.097526E+0
51.748213,1.096287E+0,7.318647E-2,1.098727E+0
51.956847,1.094656E+0,6.579529E-2,1.096632E+0
52.166321,1.092980E+0,5.842913E-2,1.094541E+0
52.376640,1.091259E+0,5.108825E-2,1.092454E+0
52.587807,1.089494E+0,4.377297E-2,1.090373E+0
52.799825,1.085245E+0,4.138253E-2,1.086034E+0
53.012698,1.081009E+0,3.901025E-2,1.081713E+0
53.226429,1.076785E+0,3.665603E-2,1.077409E+0
53.441022,1.072572E+0,3.431975E-2,1.073121E+0
53.656480,1.071130E+0,2.954737E-2,1.071537E+0
53.872806,1.069670E+0,2.478842E-2,1.069957E+0
54.090005,1.068190E+0,2.004297E-2,1.068378E+0
54.308080,1.066693E+0,1.531109E-2,1.066803E+0
54.527034,1.064743E+0,1.668211E-2,1.064874E+0
54.746870,1.062796E+0,1.804809E-2,1.062949E+0
54.967593,1.060850E+0,1.940904E-2,1.061028E+0
55.189206,1.058907E+0,2.076500E-2,1.059111E+0
55.411712,1.056557E+0,1.813743E-2,1.056713E+0
55.635115,1.054207E+0,1.552154E-2,1.054321E+0
55.859419,1.051856E+0,1.291729E-2,1.051935E+0
56.084628,1.049504E+0,1.032468E-2,1.049555E+0
56.310744,1.050463E+0,9.462623E-3,1.050506E+0
56.537772,1.051422E+0,8.598985E-3,1.051457E+0
56.765715,1.052380E+0,7.733771E-3,1.052408E+0
56.994577,1.053340E+0,6.866981E-3,1.053362E+0
57.224362,1.051078E+0,6.707664E-3,1.051099E+0
57.455073,1.048821E+0,6.548998E-3,1.048841E+0
57.686715,1.046569E+0,6.390982E-3,1.046589E+0
57.919290,1.044321E+0,6.233619E-3,1.044340E+0
58.152803,1.044528E+0,5.383498E-3,1.044542E+0
58.387258,1.044734E+0,4.533044E-3,1.044744E+0
58.622658,1.044939E+0,3.682259E-3,1.044945E+0
58.859007,1.045144E+0,2.831142E-3,1.045148E+0
59.096308,1.044983E+0,2.367763E-3,1.044986E+0
59.334567,1.044822E+0,1.904527E-3,1.044824E+0
59.573786,1.044661E+0,1.441435E-3,1.044662E+0
59.813969,1.044501E+0,9.784854E-4,1.044501E+0
60.055121,1.044071E+0,7.194012E-4,1.044071E+0
60.297245,1.043642E+0,4.605293E-4,1.043642E+0
60.540346,1.043214E+0,2.018701E-4,1.043214E+0
60.784426,1.042785E+0,-5.657638E-5,1.042785E+0
61.029491,1.043262E+0,-2.234633E-4,1.043262E+0
61.275543,1.043740E+0,-3.905027E-4,1.043740E+0
61.522587,1.044216E+0,-5.576947E-4,1.044216E+0
61.770628,1.044695E+0,-7.250406E-4,1.044695E+0
62.019668,1.044251E+0,2.069348E-4,1.044251E+0
62.269713,1.043807E+0,1.138118E-3,1.043808E+0
62.520766,1.043362E+0,2.068509E-3,1.043364E+0
62.772831,1.042917E+0,2.998108E-3,1.042921E+0
63.025912,1.043483E+0,1.778488E-3,1.043485E+0
63.280013,1.044048E+0,5.575482E-4,1.044048E+0
63.535139,1.044612E+0,-6.647116E-4,1.044612E+0
63.791293,1.045174E+0,-1.888289E-3,1.045176E+0
64.048481,1.045137E+0,-1.745255E-3,1.045138E+0
64.306705,1.045100E+0,-1.602230E-3,1.045101E+0
64.565970,1.045064E+0,-1.459215E-3,1.045065E+0
64.826281,1.045028E+0,-1.316211E-3,1.045029E+0
65.087641,1.044773E+0,-2.131578E-3,1.044775E+0
65.350054,1.044518E+0,-2.946546E-3,1.044522E+0
65.613526,1.044262E+0,-3.761118E-3,1.044269E+0
65.878060,1.044006E+0,-4.575296E-3,1.044016E+0
66.143660,1.045120E+0,-5.074826E-3,1.045132E+0
66.410332,1.046236E+0,-5.575419E-3,1.046251E+0
66.678078,1.047352E+0,-6.077076E-3,1.047370E+0
66.946904,1.048468E+0,-6.579793E-3,1.048489E+0
67.216813,1.049300E+0,-7.370240E-3,1.049326E+0
67.487811,1.050132E+0,-8.161945E-3,1.050164E+0
67.759902,1.050965E+0,-8.954899E-3,1.051003E+0
68.033089,1.051795E+0,-9.749101E-3,1.051840E+0
68.307378,1.052627E+0,-1.081306E-2,1.052683E+0
68.582773,1.053459E+0,-1.187870E-2,1.053526E+0
68.859278,1.054290E+0,-1.294602E-2,1.054369E+0
69.136898,1.055121E+0,-1.401504E-2,1.055214E+0
69.415637,1.056317E+0,-1.580758E-2,1.056435E+0
69.695500,1.057511E+0,-1.760421E-2,1.057658E+0
69.976491,1.058704E+0,-1.940493E-2,1.058882E+0
70.258615,1.059895E+0,-2.120974E-2,1.060107E+0
70.541877,1.061365E+0,-2.328633E-2,1.061620E+0
70.826280,1.062834E+0,-2.536872E-2,1.063137E+0
71.111830,1.064301E+0,-2.745692E-2,1.064655E+0
71.398532,1.065766E+0,-2.955091E-2,1.066176E+0
71.686389,1.066716E+0,-3.384658E-2,1.067253E+0
71.975407,1.067650E+0,-3.815035E-2,1.068331E+0
72.265590,1.068568E+0,-4.246216E-2,1.069411E+0
72.556943,1.069469E+0,-4.678198E-2,1.070492E+0
72.849471,1.069431E+0,-5.276429E-2,1.070732E+0
73.143178,1.069359E+0,-5.874763E-2,1.070972E+0
73.438069,1.069253E+0,-6.473182E-2,1.071211E+0
73.734149,1.069114E+0,-7.071663E-2,1.071450E+0
74.031423,1.065238E+0,-7.639988E-2,1.067974E+0
74.329895,1.061343E+0,-8.204322E-2,1.064509E+0
74.629571,1.057430E+0,-8.764659E-2,1.061056E+0
74.930455,1.053498E+0,-9.320997E-2,1.057613E+0
75.232552,1.043542E+0,-9.748097E-2,1.048085E+0
75.535867,1.033654E+0,-1.016651E-1,1.038642E+0
75.840404,1.023836E+0,-1.057635E-1,1.029284E+0
76.146170,1.014086E+0,-1.097773E-1,1.020011E+0
76.453168,1.005815E+0,-1.087196E-1,1.011674E+0
76.761404,9.976116E-1,-1.076718E-1,1.003405E+0
77.070883,9.894749E-1,-1.066339E-1,9.952042E-1
77.381610,9.814053E-1,-1.056059E-1,9.870709E-1
77.693589,9.773613E-1,-9.716113E-2,9.821789E-1
78.006826,9.732693E-1,-8.879109E-2,9.773111E-1
78.321326,9.691301E-1,-8.049582E-2,9.724673E-1
78.637094,9.649445E-1,-7.227533E-2,9.676475E-1
78.954135,9.630831E-1,-6.701325E-2,9.654117E-1
79.272454,9.611982E-1,-6.177323E-2,9.631811E-1
79.592057,9.592899E-1,-5.655534E-2,9.609556E-1
79.912948,9.573589E-1,-5.135965E-2,9.587356E-1
80.235133,9.595977E-1,-4.814275E-2,9.608046E-1
80.558617,9.618298E-1,-4.491115E-2,9.628778E-1
80.883405,9.640559E-1,-4.166485E-2,9.649558E-1
81.209502,9.662751E-1,-3.840383E-2,9.670380E-1
81.536914,9.669369E-1,-3.605884E-2,9.676090E-1
81.865647,9.675933E-1,-3.371086E-2,9.681804E-1
82.195704,9.682442E-1,-3.135987E-2,9.687519E-1
82.527092,9.688898E-1,-2.900591E-2,9.693239E-1
82.859817,9.699274E-1,-2.733495E-2,9.703125E-1
83.193882,9.709631E-1,-2.566046E-2,9.713021E-1
83.529295,9.719969E-1,-2.398245E-2,9.722927E-1
83.866060,9.730295E-1,-2.230094E-2,9.732850E-1
84.204183,9.741994E-1,-2.140347E-2,9.744345E-1
84.543668,9.753696E-1,-2.050383E-2,9.755851E-1
84.884523,9.765404E-1,-1.960202E-2,9.767371E-1
85.226752,9.777118E-1,-1.869804E-2,9.778906E-1
85.570360,9.783574E-1,-1.754806E-2,9.785148E-1
85.915354,9.790021E-1,-1.639658E-2,9.791394E-1
86.261739,9.796461E-1,-1.524360E-2,9.797647E-1
86.609520,9.802891E-1,-1.408912E-2,9.803903E-1
86.958704,9.811748E-1,-1.334034E-2,9.812655E-1
87.309295,9.820605E-1,-1.259022E-2,9.821412E-1
87.661299,9.829467E-1,-1.183873E-2,9.830180E-1
88.014723,9.838329E-1,-1.108589E-2,9.838954E-1
88.369572,9.845754E-1,-1.065894E-2,9.846331E-1
88.725852,9.853180E-1,-1.023134E-2,9.853711E-1
89.083567,9.860612E-1,-9.803088E-3,9.861099E-1
89.442725,9.868048E-1,-9.374188E-3,9.868493E-1
89.803331,9.873658E-1,-8.733181E-3,9.874044E-1
90.165391,9.879268E-1,-8.091437E-3,9.879599E-1
90.528911,9.884876E-1,-7.448970E-3,9.885157E-1
90.893896,9.890486E-1,-6.805777E-3,9.890720E-1
91.260353,9.896675E-1,-6.353327E-3,9.896879E-1
91.628287,9.902864E-1,-5.900313E-3,9.903040E-1
91.997705,9.909059E-1,-5.446729E-3,9.909209E-1
92.368612,9.915260E-1,-4.992579E-3,9.915386E-1
92.741014,9.921351E-1,-4.762300E-3,9.921465E-1
93.114918,9.927450E-1,-4.531733E-3,9.927553E-1
93.490329,9.933551E-1,-4.300882E-3,9.933644E-1
93.867254,9.939660E-1,-4.069752E-3,9.939743E-1
94.245698,9.944349E-1,-3.887061E-3,9.944425E-1
94.625668,9.949042E-1,-3.704196E-3,9.949111E-1
95.007171,9.953738E-1,-3.521159E-3,9.953800E-1
95.390211,9.958440E-1,-3.337949E-3,9.958496E-1
95.774795,9.963630E-1,-2.998111E-3,9.963675E-1
96.160930,9.968821E-1,-2.657919E-3,9.968856E-1
96.548622,9.974016E-1,-2.317370E-3,9.974043E-1
96.937877,9.979213E-1,-1.976469E-3,9.979233E-1
97.328701,9.983464E-1,-1.782448E-3,9.983480E-1
97.721101,9.987715E-1,-1.588262E-3,9.987728E-1
98.115083,9.991969E-1,-1.393911E-3,9.991979E-1
98.510654,9.996229E-1,-1.199394E-3,9.996236E-1
98.907819,1.000090E+0,-1.213603E-3,1.000091E+0
99.306585,1.000557E+0,-1.227825E-3,1.000558E+0
99.706959,1.001024E+0,-1.242060E-3,1.001025E+0
100.108948,1.001492E+0,-1.256308E-3,1.001493E+0
100.512557,1.001817E+0,-8.997052E-4,1.001817E+0
100.917793,1.002143E+0,-5.428708E-4,1.002143E+0
101.324663,1.002468E+0,-1.858048E-4,1.002468E+0
101.733174,1.002794E+0,1.714927E-4,1.002794E+0
102.143331,1.003111E+0,4.399665E-4,1.003111E+0
102.555142,1.003429E+0,7.086102E-4,1.003429E+0
102.968613,1.003747E+0,9.774242E-4,1.003747E+0
103.383752,1.004064E+0,1.246408E-3,1.004065E+0
103.800564,1.004412E+0,1.506324E-3,1.004413E+0
104.219056,1.004760E+0,1.766420E-3,1.004762E+0
104.639236,1.005108E+0,2.026695E-3,1.005110E+0
105.061110,1.005457E+0,2.287153E-3,1.005460E+0
105.484685,1.005746E+0,2.279084E-3,1.005749E+0
105.909967,1.006035E+0,2.271011E-3,1.006038E+0
106.336964,1.006325E+0,2.262933E-3,1.006328E+0
106.765682,1.006614E+0,2.254851E-3,1.006617E+0
107.196129,1.006853E+0,2.564919E-3,1.006856E+0
107.628312,1.007093E+0,2.875134E-3,1.007097E+0
108.062237,1.007331E+0,3.185497E-3,1.007336E+0
108.497911,1.007570E+0,3.496008E-3,1.007576E+0
108.935342,1.007735E+0,3.584082E-3,1.007741E+0
109.374536,1.007899E+0,3.672184E-3,1.007906E+0
109.815501,1.008063E+0,3.760315E-3,1.008070E+0
110.258244,1.008227E+0,3.848476E-3,1.008234E+0
110.702772,1.008131E+0,4.556912E-3,1.008141E+0
111.149092,1.008034E+0,5.265213E-3,1.008048E+0
111.597212,1.007937E+0,5.973383E-3,1.007955E+0
112.047138,1.007839E+0,6.681417E-3,1.007861E+0
112.498878,1.006753E+0,6.883270E-3,1.006777E+0
112.952440,1.005668E+0,7.084682E-3,1.005693E+0
113.407830,1.004585E+0,7.285650E-3,1.004611E+0
113.865056,1.003503E+0,7.486182E-3,1.003531E+0
114.324126,1.003067E+0,1.038651E-2,1.003121E+0
114.785046,1.002624E+0,1.328438E-2,1.002712E+0
115.247825,1.002172E+0,1.617976E-2,1.002303E+0
115.712469,1.001712E+0,1.907265E-2,1.001894E+0
116.178987,1.004014E+0,2.702507E-2,1.004378E+0
116.647385,1.006260E+0,3.501514E-2,1.006869E+0
117.117672,1.008447E+0,4.304250E-2,1.009365E+0
117.589855,1.010578E+0,5.110679E-2,1.011869E+0
118.063942,1.022665E+0,6.166364E-2,1.024522E+0
118.539940,1.034800E+0,7.247065E-2,1.037335E+0
119.017858,1.046979E+0,8.353142E-2,1.050306E+0
119.497702,1.059201E+0,9.484951E-2,1.063439E+0
119.979480,1.084496E+0,8.173971E-2,1.087572E+0
120.463201,1.110172E+0,6.796955E-2,1.112251E+0
120.948873,1.136231E+0,5.351856E-2,1.137491E+0
121.436502,1.162671E+0,3.836588E-2,1.163304E+0
121.926097,1.165510E+0,4.701509E-3,1.165519E+0
122.417666,1.167378E+0,-2.909522E-2,1.167741E+0
122.911217,1.168267E+0,-6.299631E-2,1.169964E+0
123.406758,1.168176E+0,-9.697361E-2,1.172194E+0
123.904297,1.139440E+0,-1.257505E-1,1.146358E+0
124.403842,1.110584E+0,-1.531214E-1,1.121090E+0
124.905401,1.081650E+0,-1.791148E-1,1.096380E+0
125.408981,1.052676E+0,-2.037593E-1,1.072215E+0
125.914593,1.020075E+0,-1.667690E-1,1.033617E+0
126.422242,9.876217E-1,-1.320412E-1,9.964093E-1
126.931938,9.553744E-1,-9.948958E-2,9.605407E-1
127.443690,9.233862E-1,-6.902893E-2,9.259628E-1
127.957504,9.318739E-1,-5.421879E-2,9.334499E-1
128.473390,9.401825E-1,-3.914978E-2,9.409973E-1
128.991356,9.483069E-1,-2.382279E-2,9.486061E-1
129.511410,9.562405E-1,-8.238817E-3,9.562760E-1
130.033561,9.572216E-1,-8.477198E-3,9.572591E-1
130.557817,9.582036E-1,-8.716064E-3,9.582432E-1
131.084187,9.591864E-1,-8.955406E-3,9.592282E-1
131.612679,9.601716E-1,-9.195244E-3,9.602156E-1
132.143301,9.623870E-1,-7.953310E-3,9.624199E-1
132.676063,9.646057E-1,-6.705615E-3,9.646290E-1
133.210973,9.668280E-1,-5.452138E-3,9.668434E-1
133.748039,9.690550E-1,-4.192864E-3,9.690641E-1
134.287271,9.699970E-1,-2.980821E-3,9.700016E-1
134.828677,9.709383E-1,-1.766424E-3,9.709399E-1
135.372265,9.718791E-1,-5.496721E-4,9.718793E-1
135.918045,9.728197E-1,6.694373E-4,9.728199E-1
136.466026,9.721569E-1,1.401553E-3,9.721579E-1
137.016216,9.714941E-1,2.132671E-3,9.714964E-1
137.568624,9.708310E-1,2.862794E-3,9.708352E-1
138.123259,9.701677E-1,3.591918E-3,9.701743E-1
138.680130,9.690095E-1,3.966392E-3,9.690176E-1
139.239246,9.678527E-1,4.339966E-3,9.678624E-1
139.800617,9.666971E-1,4.712646E-3,9.667086E-1
140.364251,9.655429E-1,5.084428E-3,9.655563E-1
140.930157,9.634636E-1,5.790600E-3,9.634810E-1
141.498345,9.613889E-1,6.493709E-3,9.614108E-1
142.068824,9.593182E-1,7.193766E-3,9.593452E-1
142.641602,9.572516E-1,7.890789E-3,9.572841E-1
143.216690,9.545527E-1,7.865721E-3,9.545851E-1
143.794096,9.518615E-1,7.840736E-3,9.518938E-1
144.373831,9.491779E-1,7.815829E-3,9.492101E-1
144.955903,9.465021E-1,7.790997E-3,9.465342E-1
145.540321,9.428831E-1,8.629518E-3,9.429226E-1
146.127096,9.392773E-1,9.461520E-3,9.393250E-1
146.716236,9.356846E-1,1.028704E-2,9.357411E-1
147.307751,9.321047E-1,1.110611E-2,9.321709E-1
147.901652,9.243699E-1,1.490502E-2,9.244901E-1
148.497947,9.166828E-1,1.864031E-2,9.168723E-1
149.096645,9.090439E-1,2.231270E-2,9.093177E-1
149.697758,9.014522E-1,2.592289E-2,9.018249E-1
150.301294,8.783210E-1,3.452276E-2,8.789992E-1
150.907264,8.556880E-1,4.266695E-2,8.567511E-1
151.515676,8.335456E-1,5.037213E-2,8.350662E-1
152.126542,8.118852E-1,5.765446E-2,8.139297E-1
152.739870,7.866078E-1,8.269317E-2,7.909425E-1
153.355671,7.612351E-1,1.061796E-1,7.686046E-1
153.973955,7.358206E-1,1.281551E-1,7.468974E-1
154.594731,7.104155E-1,1.486621E-1,7.258034E-1
155.218010,7.176362E-1,2.169659E-1,7.497172E-1
155.843803,7.189139E-1,2.879019E-1,7.744189E-1
156.472118,7.138392E-1,3.610111E-1,7.999346E-1
157.102966,7.020315E-1,4.357838E-1,8.262904E-1
157.736358,8.595739E-1,4.578194E-1,9.738921E-1
158.372303,1.046569E+0,4.714624E-1,1.147860E+0
159.010812,1.267548E+0,4.729409E-1,1.352905E+0
159.651896,1.527548E+0,4.574663E-1,1.594578E+0
160.295564,1.470038E+0,3.500109E-1,1.511132E+0
160.941827,1.409803E+0,2.514629E-1,1.432054E+0
161.590696,1.347471E+0,1.614902E-1,1.357114E+0
162.242181,1.283621E+0,7.974426E-2,1.286096E+0
162.896293,1.279473E+0,7.014166E-2,1.281394E+0
163.553041,1.275270E+0,6.060451E-2,1.276709E+0
164.212438,1.271013E+0,5.113292E-2,1.272041E+0
164.874493,1.266703E+0,4.172713E-2,1.267390E+0
165.539217,1.253435E+0,3.954316E-2,1.254059E+0
166.206621,1.240303E+0,3.740042E-2,1.240867E+0
166.876716,1.227306E+0,3.529833E-2,1.227813E+0
167.549512,1.214442E+0,3.323624E-2,1.214897E+0
168.225021,1.231558E+0,2.628363E-3,1.231561E+0
168.903254,1.248121E+0,-2.882715E-2,1.248454E+0
169.584221,1.264102E+0,-6.112749E-2,1.265579E+0
170.267933,1.279469E+0,-9.426905E-2,1.282937E+0
170.954402,1.192367E+0,-3.113641E-1,1.232350E+0
171.643639,1.072359E+0,-5.013255E-1,1.183757E+0
172.335654,9.259797E-1,-6.599354E-1,1.137081E+0
173.030459,7.601331E-1,-7.843443E-1,1.092245E+0
173.728066,8.902257E-1,-5.231403E-1,1.032559E+0
174.428485,9.429482E-1,-2.523639E-1,9.761346E-1
175.131728,9.227620E-1,7.640815E-3,9.227936E-1
175.837806,8.388580E-1,2.394603E-1,8.723669E-1
176.546731,9.368218E-1,2.379916E-1,9.665791E-1
177.258514,1.045271E+0,2.331868E-1,1.070966E+0
177.973167,1.165225E+0,2.243468E-1,1.186626E+0
178.690701,1.297790E+0,2.106646E-1,1.314777E+0
179.411128,1.280576E+0,1.707245E-1,1.291906E+0
180.134459,1.262555E+0,1.319751E-1,1.269434E+0
180.860707,1.243773E+0,9.441774E-2,1.247352E+0
181.589883,1.224279E+0,5.805222E-2,1.225655E+0
182.321998,1.204766E+0,4.497106E-2,1.205605E+0
183.057066,1.185445E+0,3.229781E-2,1.185885E+0
183.795096,1.166314E+0,2.002394E-2,1.166486E+0
184.536103,1.147376E+0,8.140961E-3,1.147405E+0
185.280097,1.140923E+0,1.194383E-2,1.140986E+0
186.027090,1.134493E+0,1.570376E-2,1.134602E+0
186.777095,1.128086E+0,1.942106E-2,1.128253E+0
187.530124,1.121704E+0,2.309607E-2,1.121942E+0
188.286189,1.109666E+0,2.575979E-2,1.109965E+0
189.045302,1.097750E+0,2.836384E-2,1.098116E+0
189.807475,1.085955E+0,3.090915E-2,1.086395E+0
190.572722,1.074279E+0,3.339668E-2,1.074798E+0
191.341053,1.076555E+0,3.001937E-2,1.076973E+0
192.112483,1.078824E+0,2.662794E-2,1.079153E+0
192.887022,1.081088E+0,2.322237E-2,1.081337E+0
193.664684,1.083345E+0,1.980266E-2,1.083526E+0
194.445482,1.086446E+0,1.023773E-2,1.086494E+0
195.229427,1.089471E+0,6.194363E-4,1.089471E+0
196.016533,1.092417E+0,-9.051686E-3,1.092455E+0
196.806813,1.095288E+0,-1.877509E-2,1.095449E+0
197.600278,1.040192E+0,-3.131447E-2,1.040663E+0
198.396943,9.877010E-1,-4.254765E-2,9.886170E-1
199.196820,9.377016E-1,-5.257212E-2,9.391742E-1
199.999921,8.900834E-1,-6.147911E-2,8.922041E-1
200.806260,8.726328E-1,-2.325279E-2,8.729426E-1
201.615851,8.539921E-1,1.339242E-2,8.540971E-1
202.428705,8.342532E-1,4.844277E-2,8.356585E-1
203.244836,8.135067E-1,8.188866E-2,8.176178E-1
204.064258,7.943309E-1,8.526303E-2,7.988938E-1
204.886983,7.755731E-1,8.843629E-2,7.805989E-1
205.713026,7.572247E-1,9.141572E-2,7.627228E-1
206.542399,7.392772E-1,9.420840E-2,7.452557E-1
207.375115,6.979218E-1,1.471210E-1,7.132597E-1
208.211189,6.543740E-1,1.943932E-1,6.826376E-1
209.050634,6.091715E-1,2.361149E-1,6.533301E-1
209.893463,5.628205E-1,2.724139E-1,6.252809E-1
210.739690,5.610670E-1,3.733802E-1,6.739503E-1
211.589329,5.443963E-1,4.809373E-1,7.264076E-1
212.442393,5.108307E-1,5.933460E-1,7.829479E-1
213.298896,4.585140E-1,7.084590E-1,8.438894E-1
214.158853,4.932186E-1,7.970172E-1,9.372838E-1
215.022277,5.297640E-1,8.961369E-1,1.041015E+0
215.889182,5.681163E-1,1.007025E+0,1.156225E+0
216.759582,6.082102E-1,1.131025E+0,1.284187E+0
217.633491,8.624307E-1,1.240150E+0,1.510549E+0
218.510923,1.174147E+0,1.333583E+0,1.776813E+0
219.391893,1.550948E+0,1.400964E+0,2.090010E+0
220.276415,2.000314E+0,1.429175E+0,2.458414E+0
221.164503,2.065153E+0,1.226310E+0,2.401810E+0
222.056172,2.111541E+0,1.023476E+0,2.346510E+0
222.951435,2.139972E+0,8.221932E-1,2.292484E+0
223.850308,2.151048E+0,6.239024E-1,2.239701E+0
224.752805,2.125041E+0,5.180293E-1,2.187271E+0
225.658940,2.095203E+0,4.158277E-1,2.136068E+0
226.568729,2.061781E+0,3.173698E-1,2.086064E+0
227.482186,2.025021E+0,2.227156E-1,2.037232E+0
228.399325,1.994939E+0,1.806686E-1,2.003103E+0
229.320162,1.964570E+0,1.399022E-1,1.969545E+0
230.244712,1.933945E+0,1.004002E-1,1.936549E+0
231.172989,1.903093E+0,6.214594E-2,1.904107E+0
232.105009,1.881270E+0,5.439841E-2,1.882056E+0
233.040786,1.859671E+0,4.682121E-2,1.860260E+0
233.980336,1.838294E+0,3.941158E-2,1.838716E+0
234.923674,1.817137E+0,3.216677E-2,1.817422E+0
235.870815,1.800937E+0,2.859465E-2,1.801164E+0
236.821775,1.784875E+0,2.508378E-2,1.785051E+0
237.776569,1.768950E+0,2.163335E-2,1.769082E+0
238.735212,1.753162E+0,1.824255E-2,1.753257E+0
239.697721,1.741880E+0,1.650801E-2,1.741958E+0
240.664110,1.730671E+0,1.479505E-2,1.730734E+0
241.634395,1.719531E+0,1.310346E-2,1.719581E+0
242.608591,1.708463E+0,1.143306E-2,1.708501E+0
243.586716,1.699302E+0,1.050281E-2,1.699334E+0
244.568784,1.690190E+0,9.582197E-3,1.690217E+0
245.554812,1.681125E+0,8.671166E-3,1.681147E+0
246.544814,1.672109E+0,7.769628E-3,1.672127E+0
247.538809,1.663725E+0,1.013796E-2,1.663756E+0
248.536810,1.655379E+0,1.248235E-2,1.655426E+0
249.538836,1.647073E+0,1.480301E-2,1.647140E+0
250.544901,1.638803E+0,1.710006E-2,1.638892E+0
251.555022,1.621835E+0,3.108405E-2,1.622133E+0
252.569216,1.604921E+0,4.477789E-2,1.605546E+0
253.587499,1.588062E+0,5.818506E-2,1.589128E+0
254.609887,1.571260E+0,7.130896E-2,1.572877E+0
255.636397,1.620995E+0,1.275561E-1,1.626006E+0
256.667046,1.670453E+0,1.873765E-1,1.680929E+0
257.701850,1.719502E+0,2.508795E-1,1.737708E+0
258.740826,1.768003E+0,3.181731E-1,1.796404E+0
259.783991,1.786911E+0,2.281037E-1,1.801411E+0
260.831361,1.801235E+0,1.369328E-1,1.806432E+0
261.882955,1.810912E+0,4.489347E-2,1.811468E+0
262.938788,1.815890E+0,-4.777759E-2,1.816518E+0
263.998878,1.788629E+0,-4.051874E-2,1.789088E+0
265.063241,1.761754E+0,-3.346770E-2,1.762072E+0
266.131896,1.735259E+0,-2.661992E-2,1.735463E+0
267.204860,1.709141E+0,-1.997098E-2,1.709258E+0
268.282149,1.709652E+0,-1.652320E-2,1.709732E+0
269.363781,1.710156E+0,-1.307345E-2,1.710206E+0
270.449775,1.710653E+0,-9.621723E-3,1.710680E+0
271.540147,1.711144E+0,-6.168055E-3,1.711155E+0
272.634915,1.708112E+0,-4.914616E-3,1.708119E+0
273.734096,1.705084E+0,-3.665602E-3,1.705088E+0
274.837709,1.702060E+0,-2.421003E-3,1.702062E+0
275.945772,1.699042E+0,-1.180809E-3,1.699042E+0
277.058302,1.692183E+0,1.781711E-3,1.692184E+0
278.175317,1.685347E+0,4.720327E-3,1.685354E+0
279.296836,1.678533E+0,7.635177E-3,1.678550E+0
280.422877,1.671742E+0,1.052639E-2,1.671775E+0
281.553457,1.657712E+0,1.726624E-2,1.657802E+0
282.688596,1.643772E+0,2.389240E-2,1.643946E+0
283.828311,1.629921E+0,3.040618E-2,1.630205E+0
284.972621,1.616160E+0,3.680890E-2,1.616579E+0
286.121544,1.583336E+0,5.471497E-2,1.584281E+0
287.275100,1.550963E+0,7.188343E-2,1.552628E+0
288.433306,1.519040E+0,8.833422E-2,1.521606E+0
289.596182,1.487569E+0,1.040870E-1,1.491206E+0
290.763747,1.424212E+0,1.979378E-1,1.437901E+0
291.936018,1.357091E+0,2.840576E-1,1.386501E+0
293.113016,1.286858E+0,3.624925E-1,1.336938E+0
294.294759,1.214136E+0,4.333300E-1,1.289147E+0
295.481267,1.280253E+0,7.064300E-1,1.462221E+0
296.672558,1.304491E+0,1.024220E+0,1.658530E+0
297.868652,1.273699E+0,1.384409E+0,1.881196E+0
299.069569,1.173573E+0,1.782031E+0,2.133754E+0
300.275327,1.714359E+0,1.758621E+0,2.455967E+0
301.485946,2.320476E+0,1.614432E+0,2.826836E+0
302.701447,2.974139E+0,1.319513E+0,3.253708E+0
303.921847,3.648724E+0,8.438839E-1,3.745040E+0
305.147168,3.599518E+0,6.334415E-1,3.654829E+0
306.377430,3.540666E+0,4.309061E-1,3.566791E+0
307.612651,3.472825E+0,2.365755E-1,3.480874E+0
308.852852,3.396649E+0,5.070668E-2,3.397027E+0
310.098054,3.373831E+0,-1.744078E-2,3.373876E+0
311.348275,3.349812E+0,-8.465473E-2,3.350882E+0
312.603538,3.324622E+0,-1.509177E-1,3.328046E+0
313.863861,3.298285E+0,-2.162132E-1,3.305364E+0
315.129265,3.385610E+0,-3.105801E-1,3.399826E+0
316.399771,3.472875E+0,-4.099477E-1,3.496987E+0
317.675399,3.559945E+0,-5.144559E-1,3.596926E+0
318.956170,3.646674E+0,-6.242439E-1,3.699718E+0
320.242105,3.735191E+0,-1.077538E+0,3.887511E+0
321.533225,3.774712E+0,-1.561224E+0,4.084834E+0
322.829550,3.759524E+0,-2.070930E+0,4.292176E+0
324.131101,3.684169E+0,-2.601420E+0,4.510043E+0
325.437900,2.621197E+0,-2.475809E+0,3.605593E+0
326.749967,1.794174E+0,-2.256076E+0,2.882523E+0
328.067324,1.164538E+0,-1.988562E+0,2.304458E+0
329.389992,6.965230E-1,-1.705577E+0,1.842318E+0
330.717993,9.295560E-1,-1.367396E+0,1.653435E+0
332.051349,1.071061E+0,-1.027051E+0,1.483916E+0
333.390079,1.131811E+0,-7.018777E-1,1.331776E+0
334.734207,1.124499E+0,-4.050847E-1,1.195237E+0
336.083755,1.233822E+0,-3.713031E-1,1.288481E+0
337.438743,1.349560E+0,-3.286421E-1,1.388999E+0
338.799194,1.471693E+0,-2.760534E-1,1.497360E+0
340.165130,1.600137E+0,-2.124093E-1,1.614174E+0
341.536573,1.668200E+0,-1.845231E-1,1.678374E+0
342.913545,1.738322E+0,-1.539913E-1,1.745129E+0
344.296069,1.810523E+0,-1.206627E-1,1.814539E+0
345.684167,1.884823E+0,-8.437984E-2,1.886711E+0
347.077861,1.969395E+0,-1.243121E-1,1.973315E+0
348.477174,2.057070E+0,-1.676890E-1,2.063894E+0
349.882129,2.147926E+0,-2.147274E-1,2.158632E+0
351.292748,2.242035E+0,-2.656559E-1,2.257719E+0
352.709054,2.137745E+0,-2.758529E-1,2.155469E+0
354.131071,2.038084E+0,-2.845528E-1,2.057852E+0
355.558820,1.942853E+0,-2.918696E-1,1.964654E+0
356.992326,1.851867E+0,-2.979099E-1,1.875676E+0
358.431611,1.871790E+0,-2.461293E-1,1.887903E+0
359.876699,1.890335E+0,-1.934561E-1,1.900208E+0
361.327613,1.907469E+0,-1.399249E-1,1.912594E+0
362.784377,1.923158E+0,-8.557110E-2,1.925061E+0
364.247014,1.955413E+0,-6.271498E-2,1.956418E+0
365.715548,1.987901E+0,-3.908174E-2,1.988285E+0
367.190003,2.020619E+0,-1.465584E-2,2.020672E+0
368.670402,2.053561E+0,1.057843E-2,2.053588E+0
370.156770,2.080292E+0,2.638267E-2,2.080459E+0
371.649130,2.107252E+0,4.259720E-2,2.107682E+0
373.147507,2.134440E+0,5.922910E-2,2.135262E+0
374.651925,2.161857E+0,7.628556E-2,2.163203E+0
376.162408,2.181682E+0,1.103682E-1,2.184472E+0
377.678982,2.201175E+0,1.450876E-1,2.205951E+0
379.201669,2.220321E+0,1.804450E-1,2.227641E+0
380.730496,2.239107E+0,2.164411E-1,2.249544E+0
382.265486,2.317706E+0,3.491582E-1,2.343858E+0
383.806665,2.392135E+0,4.915957E-1,2.442125E+0
385.354058,2.461691E+0,6.439158E-1,2.544514E+0
386.907689,2.525628E+0,8.062485E-1,2.651195E+0
388.467584,2.666215E+0,6.177338E-1,2.736841E+0
390.033768,2.795056E+0,4.119821E-1,2.825255E+0
391.606266,2.910364E+0,1.894805E-1,2.916526E+0
393.185104,3.010347E+0,-4.912025E-2,3.010748E+0
394.770308,2.958613E+0,-3.805783E-2,2.958858E+0
396.361902,2.907733E+0,-2.736167E-2,2.907862E+0
397.959914,2.857694E+0,-1.702259E-2,2.857745E+0
399.564368,2.808486E+0,-7.031580E-3,2.808495E+0
401.175291,2.780709E+0,2.851508E-2,2.780855E+0
402.792709,2.752758E+0,6.335817E-2,2.753487E+0
404.416647,2.724644E+0,9.750246E-2,2.726388E+0
406.047133,2.696378E+0,1.309528E-1,2.699556E+0
407.684192,2.644111E+0,1.804036E-1,2.650258E+0
409.327852,2.591856E+0,2.279365E-1,2.601859E+0
410.978138,2.539652E+0,2.735874E-1,2.554346E+0
412.635078,2.487531E+0,3.173916E-1,2.507698E+0
414.298698,2.548270E+0,5.808042E-1,2.613621E+0
415.969025,2.584635E+0,8.601902E-1,2.724016E+0
417.646087,2.594105E+0,1.153681E+0,2.839077E+0
419.329909,2.574247E+0,1.459082E+0,2.958998E+0
421.020521,2.284709E+0,1.784691E+0,2.899141E+0
422.717949,1.957228E+0,2.058562E+0,2.840496E+0
424.422220,1.600422E+0,2.276827E+0,2.783036E+0
426.133362,1.223201E+0,2.436983E+0,2.726739E+0
427.851403,1.193144E+0,3.915383E+0,4.093143E+0
429.576370,7.745269E-1,6.095256E+0,6.144269E+0
431.308293,-3.965390E-1,9.214708E+0,9.223236E+0
433.047197,-2.918727E+0,1.353397E+1,1.384512E+1
434.793113,8.326383E+0,1.461939E+1,1.682424E+1
436.546067,1.938755E+1,6.488185E+0,2.044440E+1
438.306089,2.281225E+1,-9.838766E+0,2.484351E+1
440.073207,1.268035E+1,-2.739703E+1,3.018921E+1
441.847449,1.310154E+1,-1.635533E+1,2.095584E+1
443.628845,1.154930E+1,-8.843870E+0,1.454649E+1
445.417422,9.254137E+0,-4.039725E+0,1.009745E+1
447.213211,6.908465E+0,-1.183688E+0,7.009137E+0
449.016239,7.452529E+0,-1.425401E+0,7.587619E+0
450.826537,8.036337E+0,-1.698374E+0,8.213841E+0
452.644134,8.662512E+0,-2.006012E+0,8.891749E+0
454.469058,9.333822E+0,-2.352055E+0,9.625611E+0
456.301340,9.917143E+0,-2.262990E+0,1.017206E+1
458.141009,1.053131E+1,-2.155020E+0,1.074954E+1
459.988096,1.117760E+1,-2.026345E+0,1.135979E+1
461.842629,1.185735E+1,-1.875032E+0,1.200469E+1
463.704639,9.466848E+0,-1.170834E+1,1.505677E+1
465.574156,-1.020990E+0,-1.885721E+1,1.888483E+1
467.451210,-1.679409E+1,-1.670302E+1,2.368612E+1
469.335832,-2.967299E+1,-1.444867E+0,2.970815E+1
471.228052,-1.478365E+1,-1.034955E+1,1.804632E+1
473.127902,-4.247794E+0,-1.010584E+1,1.096229E+1
475.035410,1.088565E+0,-6.569503E+0,6.659080E+0
476.950610,2.686438E+0,-3.024189E+0,4.045080E+0
478.873531,5.065898E+0,-2.759272E+0,5.768614E+0
480.804204,8.130388E+0,-1.253905E+0,8.226511E+0
482.742661,1.151452E+1,2.246829E+0,1.173168E+1
484.688934,1.436321E+1,8.579210E+0,1.673035E+1
486.643053,2.067069E+1,8.326975E+0,2.228488E+1
488.605051,2.891890E+1,6.694005E+0,2.968354E+1
490.574959,3.943616E+1,2.843757E+0,3.953856E+1
492.552809,5.248200E+1,-4.392308E+0,5.266548E+1
494.538633,4.508392E+1,-9.958345E+0,4.617065E+1
496.532464,3.800481E+1,-1.392846E+1,4.047675E+1
498.534333,3.138963E+1,-1.654932E+1,3.548505E+1
500.544272,2.533545E+1,-1.805220E+1,3.110895E+1
502.562316,2.550136E+1,-1.836240E+1,3.142447E+1
504.588495,2.566741E+1,-1.867656E+1,3.174319E+1
506.622844,2.583355E+1,-1.899475E+1,3.206513E+1
508.665394,2.599976E+1,-1.931697E+1,3.239032E+1
510.716179,2.320105E+1,-1.808197E+1,2.941507E+1
512.775233,2.068594E+1,-1.690216E+1,2.671313E+1
514.842587,1.842715E+1,-1.577836E+1,2.425936E+1
516.918277,1.639991E+1,-1.471081E+1,2.203100E+1
519.002336,9.138941E+0,-2.358628E+1,2.529492E+1
521.094796,-2.908768E+0,-2.889635E+1,2.904238E+1
523.195693,-1.800263E+1,-2.806773E+1,3.334505E+1
525.305060,-3.302284E+1,-1.937127E+1,3.828517E+1
527.422932,-1.718026E+1,-2.023280E+1,2.654294E+1
529.549341,-6.614846E+0,-1.717210E+1,1.840210E+1
531.684324,-4.004496E-1,-1.275181E+1,1.275810E+1
533.827915,2.655328E+0,-8.437155E+0,8.845132E+0
535.980148,5.147082E+0,-8.014601E+0,9.525035E+0
538.141058,7.616408E+0,-6.870261E+0,1.025720E+1
540.310680,9.858129E+0,-4.982329E+0,1.104565E+1
542.489050,1.165288E+1,-2.386241E+0,1.189469E+1
544.676202,1.592234E+1,-5.130063E+0,1.672837E+1
546.872172,2.146821E+1,-9.623110E+0,2.352633E+1
549.076995,2.852906E+1,-1.675796E+1,3.308680E+1
551.290708,3.730090E+1,-2.781911E+1,4.653235E+1
553.513345,1.436798E+1,-1.641513E+1,2.181503E+1
555.744944,4.974826E+0,-8.935690E+0,1.022719E+1
557.985540,1.403203E+0,-4.584725E+0,4.794651E+0
560.235169,1.931053E-1,-2.239491E+0,2.247801E+0
562.493868,2.865137E-1,-1.740526E+0,1.763950E+0
564.761673,3.294243E-1,-1.344482E+0,1.384252E+0
567.038622,3.390487E-1,-1.032017E+0,1.086284E+0
569.324750,3.276833E-1,-7.869588E-1,8.524556E-1
571.620096,6.621541E-1,-4.155092E-1,7.817263E-1
573.924695,7.157641E-1,3.971767E-2,7.168652E-1
576.238586,5.147549E-1,4.088811E-1,6.573860E-1
578.561806,1.687364E-1,5.787447E-1,6.028411E-1
580.894393,2.025271E-1,6.992949E-1,7.280320E-1
583.236383,2.430747E-1,8.449520E-1,8.792208E-1
585.587816,2.917278E-1,1.020945E+0,1.061807E+0
587.948730,3.501049E-1,1.233591E+0,1.282310E+0
590.319161,6.026062E-1,6.697429E-1,9.009383E-1
592.699150,5.873714E-1,2.359477E-1,6.329901E-1
595.088734,4.435098E-1,-3.295622E-2,4.447326E-1
597.487952,2.695468E-1,-1.580458E-1,3.124643E-1
599.896843,3.666179E-1,5.090456E-2,3.701351E-1
602.315446,3.034999E-1,3.164271E-1,4.384499E-1
604.743800,4.992149E-2,5.169688E-1,5.193736E-1
607.181944,-3.330413E-1,5.172959E-1,6.152329E-1
609.629918,-3.320565E-1,5.627130E-1,6.533815E-1
612.087762,-3.291351E-1,6.108695E-1,6.938959E-1
614.555515,-3.240460E-1,6.618522E-1,7.369221E-1
617.033217,-3.165395E-1,7.157455E-1,7.826167E-1
619.520909,-3.148105E-1,5.338672E-1,6.197740E-1
622.018630,-2.967221E-1,3.909668E-1,4.908147E-1
624.526421,-2.693509E-1,2.802300E-1,3.886885E-1
627.044323,-2.376368E-1,1.956459E-1,3.078126E-1
629.572376,-3.237274E-1,2.259371E-1,3.947746E-1
632.110622,-4.368754E-1,2.558998E-1,5.063051E-1
634.659101,-5.845818E-1,2.826884E-1,6.493448E-1
637.217855,-7.761472E-1,3.019012E-1,8.327958E-1
639.786925,-7.862562E-1,3.600152E-1,8.647599E-1
642.366353,-7.932116E-1,4.208698E-1,8.979510E-1
644.956180,-7.967319E-1,4.843740E-1,9.324162E-1
647.556448,-7.965299E-1,5.504159E-1,9.682033E-1
650.167200,-7.380942E-1,5.717419E-1,9.336337E-1
652.788478,-6.807104E-1,5.892120E-1,9.002985E-1
655.420324,-6.245414E-1,6.030248E-1,8.681537E-1
658.062781,-5.697338E-1,6.133796E-1,8.371566E-1
660.715891,-6.146115E-1,5.454963E-1,8.217746E-1
663.379698,-6.520480E-1,4.749307E-1,8.066757E-1
666.054245,-6.819602E-1,4.024467E-1,7.918542E-1
668.739574,-7.043394E-1,3.287994E-1,7.773050E-1
671.435730,-8.017632E-1,3.299932E-1,8.670177E-1
674.142756,-9.103767E-1,3.262939E-1,9.670850E-1
676.860696,-1.031205E+0,3.165647E-1,1.078702E+0
679.589594,-1.165333E+0,2.994866E-1,1.203201E+0
682.329494,-1.214243E+0,4.366744E-1,1.290376E+0
685.080441,-1.252704E+0,5.880629E-1,1.383866E+0
687.842478,-1.278585E+0,7.535664E-1,1.484130E+0
690.615651,-1.289618E+0,9.328786E-1,1.591659E+0
693.400005,-1.529022E+0,1.089966E+0,1.877747E+0
696.195584,-1.812739E+0,1.273322E+0,2.215259E+0
699.002434,-2.148945E+0,1.487306E+0,2.613435E+0
701.820601,-2.547324E+0,1.736990E+0,3.083179E+0
704.650130,-1.388307E+0,2.908524E+0,3.222873E+0
707.491066,2.747471E-1,3.357673E+0,3.368895E+0
710.343457,2.013422E+0,2.889175E+0,3.521534E+0
713.207347,3.337990E+0,1.551847E+0,3.681088E+0
716.082784,2.442943E+0,1.405861E+0,2.818584E+0
718.969813,1.769918E+0,1.234945E+0,2.158170E+0
721.868482,1.267911E+0,1.059786E+0,1.652496E+0
724.778838,8.966366E-1,8.927692E-1,1.265304E+0
727.700927,7.499813E-1,8.050789E-1,1.100284E+0
730.634798,6.254075E-1,7.240873E-1,9.567847E-1
733.580496,5.198029E-1,6.496390E-1,8.320011E-1
736.538071,4.304683E-1,5.814956E-1,7.234916E-1
739.507570,3.651246E-1,6.931511E-1,7.834376E-1
742.489042,2.768294E-1,8.019129E-1,8.483506E-1
745.482533,1.644449E-1,9.038037E-1,9.186421E-1
748.488094,2.740763E-2,9.943801E-1,9.947577E-1
751.505772,2.823223E-1,1.007493E+0,1.046302E+0
754.535616,5.457502E-1,9.556647E-1,1.100517E+0
757.577676,8.012518E-1,8.354033E-1,1.157542E+0
760.632000,1.031161E+0,6.473519E-1,1.217521E+0
763.698638,8.654319E-1,5.240510E-1,1.011732E+0
766.777641,7.260812E-1,4.238243E-1,8.407264E-1
769.869057,6.089562E-1,3.424157E-1,6.986245E-1
772.972936,5.105501E-1,2.763448E-1,5.805410E-1
776.089329,3.585040E-1,3.168620E-1,4.784628E-1
779.218287,2.288890E-1,3.211052E-1,3.943333E-1
782.359860,1.240326E-1,3.003975E-1,3.249965E-1
785.514099,4.369686E-2,2.642630E-1,2.678514E-1
788.681054,-5.402190E-3,2.726629E-1,2.727164E-1
791.860778,-5.611425E-2,2.719408E-1,2.776700E-1
795.053322,-1.067446E-1,2.617871E-1,2.827135E-1
798.258736,-1.555389E-1,2.422073E-1,2.878484E-1
801.477075,-2.000048E-1,2.416076E-1,3.136497E-1
804.708388,-2.480257E-1,2.351291E-1,3.417637E-1
807.952729,-2.991216E-1,2.218251E-1,3.723978E-1
811.210151,-3.526483E-1,2.007347E-1,4.057773E-1
814.480705,-3.026472E-1,2.182028E-1,3.731056E-1
817.764445,-2.552177E-1,2.292537E-1,3.430646E-1
821.061424,-2.107702E-1,2.346908E-1,3.154423E-1
824.371696,-1.696015E-1,2.352895E-1,2.900445E-1
827.695314,-1.705928E-1,2.277990E-1,2.845950E-1
831.032331,-1.714314E-1,2.204328E-1,2.792478E-1
834.382803,-1.721224E-1,2.131912E-1,2.740011E-1
837.746782,-1.726709E-1,2.060747E-1,2.688532E-1
841.124324,-2.155137E-1,1.853989E-1,2.842867E-1
844.515483,-2.566691E-1,1.564768E-1,3.006061E-1
847.920315,-2.946494E-1,1.192399E-1,3.178623E-1
851.338873,-3.278906E-1,7.387190E-2,3.361091E-1
854.771214,-3.504362E-1,6.280504E-2,3.560197E-1
858.217394,-3.737753E-1,5.003744E-2,3.771097E-1
861.677467,-3.978744E-1,3.543299E-2,3.994490E-1
865.151490,-4.226916E-1,1.884924E-2,4.231117E-1
868.639520,-4.291146E-1,2.175406E-2,4.296657E-1
872.141612,-4.356192E-1,2.474352E-2,4.363214E-1
875.657824,-4.422056E-1,2.781945E-2,4.430798E-1
879.188212,-4.488749E-1,3.098376E-2,4.499430E-1
882.732833,-4.211245E-1,3.099277E-2,4.222634E-1
886.291745,-3.950816E-1,3.088282E-2,3.962868E-1
889.865006,-3.706414E-1,3.066851E-2,3.719081E-1
893.452673,-3.477060E-1,3.036306E-2,3.490292E-1
897.054804,-2.685557E-1,-1.790159E-3,2.685617E-1
900.671458,-2.056042E-1,-2.071947E-2,2.066456E-1
904.302693,-1.560150E-1,-3.068537E-2,1.590040E-1
907.948569,-1.173081E-1,-3.474734E-2,1.223461E-1
911.609143,-7.884063E-2,-1.085264E-1,1.341411E-1
915.284476,3.865843E-3,-1.470223E-1,1.470731E-1
918.974626,1.014999E-1,-1.252994E-1,1.612519E-1
922.679654,1.719219E-1,-4.123446E-2,1.767977E-1
926.399620,2.642335E-1,-8.884315E-2,2.787695E-1
930.134584,4.025436E-1,-1.765455E-1,4.395562E-1
933.884605,6.074792E-1,-3.336597E-1,6.930799E-1
937.649746,9.073297E-1,-6.091210E-1,1.092829E+0
941.430067,8.093711E-1,-8.065728E-1,1.142647E+0
945.225628,6.693526E-1,-9.896258E-1,1.194735E+0
949.036492,4.890484E-1,-1.149490E+0,1.249198E+0
952.862721,2.720366E-1,-1.277501E+0,1.306144E+0
956.704376,4.184079E-1,-1.388334E+0,1.450013E+0
960.561519,5.905324E-1,-1.497495E+0,1.609727E+0
964.434213,7.909950E-1,-1.602440E+0,1.787033E+0
968.322520,1.022421E+0,-1.700115E+0,1.983869E+0
972.226504,1.191269E+0,-2.005355E+0,2.332503E+0
976.146228,1.387844E+0,-2.365304E+0,2.742403E+0
980.081754,1.616674E+0,-2.789752E+0,3.224337E+0
984.033148,1.883013E+0,-3.290238E+0,3.790963E+0
988.000473,1.104634E+0,-2.853375E+0,3.059733E+0
991.983792,5.363348E-1,-2.410602E+0,2.469546E+0
995.983171,1.363948E-1,-1.988528E+0,1.993200E+0
999.998674,-1.316995E-1,-1.603336E+0,1.608736E+0
