#I+1.668000E+03
+1.000000E+00
+8.010000E+02
+8.010000E+02
+1.000000E+01
+2.000000E+00
+3.000000E+00
+0.000000E+00
+1.000000E+00
+2.000000E+00
+5.000000E+00
+1.000000E+00
+2.497000E+03
-1.092400E+04
+2.025600E+04
-1.299100E+04
-1.119200E+04
+0.000000E+00
+0.000000E+00
+0.000000E+00
+0.000000E+00
+0.000000E+00
+0.000000E+00
+0.000000E+00
+0.000000E+00
+0.000000E+00
+0.000000E+00
+0.000000E+00
+0.000000E+00
+0.000000E+00
+0.000000E+00
+0.000000E+00
+0.000000E+00
+0.000000E+00
+0.000000E+00
+0.000000E+00
+1.000000E+00
+1.000000E+00
+1.000000E+00
+0.000000E+00
+0.000000E+00
+1.000000E+00
+0.000000E+00
+1.000000E+00
+2.000000E+00
+3.000000E+00
+4.500000E+01
+4.500000E+01
+0.000000E+00
+0.000000E+00
+2.000000E+00
+0.000000E+00
+0.000000E+00
+0.000000E+00
+0.000000E+00
+0.000000E+00
+2.499999E-03
+1.258927E+00
+0.000000E+00
+0.000000E+00
+0.000000E+00
+1.000000E+00
+1.000000E+00
+0.000000E+00
+0.000000E+00
+9.9999904632568339E+00
+9.9999904632568339E+00
+1.121482E+00
-1.922214E-02
+1.120421E+00
-1.782061E-02
+1.119360E+00
-1.642174E-02
+1.118298E+00
-1.502552E-02
+1.117235E+00
-1.363196E-02
+1.118033E+00
-1.543944E-02
+1.118829E+00
-1.724953E-02
+1.119623E+00
-1.906222E-02
+1.120414E+00
-2.087752E-02
+1.119974E+00
-1.938431E-02
+1.119532E+00
-1.789229E-02
+1.119089E+00
-1.640148E-02
+1.118644E+00
-1.491189E-02
+1.116499E+00
-1.749769E-02
+1.114352E+00
-2.007360E-02
+1.112204E+00
-2.263965E-02
+1.110052E+00
-2.519581E-02
+1.110102E+00
-2.218152E-02
+1.110144E+00
-1.916714E-02
+1.110178E+00
-1.615271E-02
+1.110203E+00
-1.313822E-02
+1.114365E+00
-1.703649E-02
+1.118530E+00
-2.096396E-02
+1.122697E+00
-2.492077E-02
+1.126867E+00
-2.890703E-02
+1.122442E+00
-2.551347E-02
+1.118025E+00
-2.214636E-02
+1.113615E+00
-1.880557E-02
+1.109215E+00
-1.549098E-02
+1.111505E+00
-1.479301E-02
+1.113799E+00
-1.409209E-02
+1.116097E+00
-1.338823E-02
+1.118400E+00
-1.268141E-02
+1.119227E+00
-1.366748E-02
+1.120054E+00
-1.465502E-02
+1.120881E+00
-1.564402E-02
+1.121708E+00
-1.663448E-02
+1.121637E+00
-1.751065E-02
+1.121564E+00
-1.838671E-02
+1.121491E+00
-1.926267E-02
+1.121419E+00
-2.013854E-02
+1.120603E+00
-2.009122E-02
+1.119788E+00
-2.004394E-02
+1.118974E+00
-1.999674E-02
+1.118160E+00
-1.994958E-02
+1.116957E+00
-1.885033E-02
+1.115755E+00
-1.775345E-02
+1.114553E+00
-1.665892E-02
+1.113352E+00
-1.556674E-02
+1.115123E+00
-1.577098E-02
+1.116899E+00
-1.597583E-02
+1.118676E+00
-1.618129E-02
+1.120458E+00
-1.638738E-02
+1.119433E+00
-1.721234E-02
+1.118407E+00
-1.803580E-02
+1.117383E+00
-1.885773E-02
+1.116359E+00
-1.967815E-02
+1.117083E+00
-1.954840E-02
+1.117808E+00
-1.941848E-02
+1.118533E+00
-1.928839E-02
+1.119260E+00
-1.915814E-02
+1.118092E+00
-2.036678E-02
+1.116925E+00
-2.157289E-02
+1.115757E+00
-2.277649E-02
+1.114589E+00
-2.397759E-02
+1.113421E+00
-2.256652E-02
+1.112252E+00
-2.115842E-02
+1.111083E+00
-1.975329E-02
+1.109913E+00
-1.835112E-02
+1.109944E+00
-1.713924E-02
+1.109975E+00
-1.592733E-02
+1.110004E+00
-1.471536E-02
+1.110033E+00
-1.350336E-02
+1.109898E+00
-1.477844E-02
+1.109762E+00
-1.605324E-02
+1.109624E+00
-1.732774E-02
+1.109485E+00
-1.860194E-02
+1.110316E+00
-1.796198E-02
+1.111149E+00
-1.732106E-02
+1.111981E+00
-1.667918E-02
+1.112814E+00
-1.603634E-02
+1.112665E+00
-1.610426E-02
+1.112517E+00
-1.617215E-02
+1.112369E+00
-1.624003E-02
+1.112223E+00
-1.630792E-02
+1.111494E+00
-1.643013E-02
+1.110765E+00
-1.655218E-02
+1.110037E+00
-1.667405E-02
+1.109310E+00
-1.679578E-02
+1.109259E+00
-1.627455E-02
+1.109208E+00
-1.575336E-02
+1.109157E+00
-1.523223E-02
+1.109106E+00
-1.471116E-02
+1.109820E+00
-1.518127E-02
+1.110533E+00
-1.565198E-02
+1.111247E+00
-1.612331E-02
+1.111962E+00
-1.659523E-02
+1.112417E+00
-1.635099E-02
+1.112872E+00
-1.610656E-02
+1.113329E+00
-1.586191E-02
+1.113786E+00
-1.561710E-02
+1.113894E+00
-1.545381E-02
+1.114003E+00
-1.529049E-02
+1.114112E+00
-1.512714E-02
+1.114221E+00
-1.496376E-02
+1.114823E+00
-1.511018E-02
+1.115425E+00
-1.525675E-02
+1.116029E+00
-1.540347E-02
+1.116634E+00
-1.555037E-02
+1.117095E+00
-1.605601E-02
+1.117556E+00
-1.656206E-02
+1.118016E+00
-1.706854E-02
+1.118478E+00
-1.757543E-02
+1.118582E+00
-1.785812E-02
+1.118687E+00
-1.814086E-02
+1.118792E+00
-1.842366E-02
+1.118898E+00
-1.870653E-02
+1.120775E+00
-1.923183E-02
+1.122656E+00
-1.975885E-02
+1.124540E+00
-2.028758E-02
+1.126426E+00
-2.081805E-02
+1.127156E+00
-2.140529E-02
+1.127886E+00
-2.199328E-02
+1.128617E+00
-2.258204E-02
+1.129348E+00
-2.317154E-02
+1.131313E+00
-2.469948E-02
+1.133281E+00
-2.623270E-02
+1.135250E+00
-2.777123E-02
+1.137220E+00
-2.931507E-02
+1.138155E+00
-3.065444E-02
+1.139089E+00
-3.199605E-02
+1.140023E+00
-3.333987E-02
+1.140956E+00
-3.468592E-02
+1.142049E+00
-3.753161E-02
+1.143137E+00
-4.038293E-02
+1.144218E+00
-4.323988E-02
+1.145293E+00
-4.610243E-02
+1.144466E+00
-4.817089E-02
+1.143635E+00
-5.023649E-02
+1.142801E+00
-5.229921E-02
+1.141963E+00
-5.435909E-02
+1.138761E+00
-5.701781E-02
+1.135560E+00
-5.966152E-02
+1.132362E+00
-6.229026E-02
+1.129165E+00
-6.490408E-02
+1.126098E+00
-6.548859E-02
+1.123038E+00
-6.606944E-02
+1.119986E+00
-6.664671E-02
+1.116942E+00
-6.722035E-02
+1.112584E+00
-6.341816E-02
+1.108232E+00
-5.964527E-02
+1.103885E+00
-5.590158E-02
+1.099546E+00
-5.218697E-02
+1.098092E+00
-4.989239E-02
+1.096636E+00
-4.760399E-02
+1.095178E+00
-4.532178E-02
+1.093716E+00
-4.304575E-02
+1.094177E+00
-3.988571E-02
+1.094629E+00
-3.672335E-02
+1.095071E+00
-3.355870E-02
+1.095504E+00
-3.039179E-02
+1.096113E+00
-2.941747E-02
+1.096722E+00
-2.844207E-02
+1.097330E+00
-2.746561E-02
+1.097938E+00
-2.648808E-02
+1.100232E+00
-2.627962E-02
+1.102532E+00
-2.607019E-02
+1.104836E+00
-2.585976E-02
+1.107146E+00
-2.564836E-02
+1.107913E+00
-2.601075E-02
+1.108681E+00
-2.637364E-02
+1.109449E+00
-2.673701E-02
+1.110218E+00
-2.710088E-02
+1.115807E+00
-3.260461E-02
+1.121399E+00
-3.816370E-02
+1.126992E+00
-4.377846E-02
+1.132587E+00
-4.944914E-02
+1.118591E+00
-5.025101E-02
+1.104766E+00
-5.102559E-02
+1.091111E+00
-5.177344E-02
+1.077622E+00
-5.249510E-02
+1.081889E+00
-4.070940E-02
+1.086039E+00
-2.883605E-02
+1.090072E+00
-1.687602E-02
+1.093987E+00
-4.830341E-03
+1.096057E+00
-7.896753E-03
+1.098123E+00
-1.097479E-02
+1.100184E+00
-1.406447E-02
+1.102240E+00
-1.716579E-02
+1.102976E+00
-1.612652E-02
+1.103711E+00
-1.508587E-02
+1.104446E+00
-1.404383E-02
+1.105180E+00
-1.300042E-02
+1.108921E+00
-1.323493E-02
+1.112674E+00
-1.347088E-02
+1.116440E+00
-1.370827E-02
+1.120219E+00
-1.394711E-02
+1.119467E+00
-1.655727E-02
+1.118710E+00
-1.916400E-02
+1.117948E+00
-2.176729E-02
+1.117180E+00
-2.436714E-02
+1.117631E+00
-2.295028E-02
+1.118079E+00
-2.153231E-02
+1.118527E+00
-2.011324E-02
+1.118973E+00
-1.869309E-02
+1.120411E+00
-1.823087E-02
+1.121850E+00
-1.776744E-02
+1.123291E+00
-1.730279E-02
+1.124733E+00
-1.683692E-02
+1.126243E+00
-1.683779E-02
+1.127755E+00
-1.683864E-02
+1.129270E+00
-1.683946E-02
+1.130787E+00
-1.684026E-02
+1.131594E+00
-1.903763E-02
+1.132398E+00
-2.123819E-02
+1.133198E+00
-2.344194E-02
+1.133995E+00
-2.564888E-02
+1.134723E+00
-2.625671E-02
+1.135451E+00
-2.686531E-02
+1.136179E+00
-2.747469E-02
+1.136908E+00
-2.808486E-02
+1.138007E+00
-2.547772E-02
+1.139101E+00
-2.286566E-02
+1.140190E+00
-2.024870E-02
+1.141274E+00
-1.762684E-02
+1.142429E+00
-1.745645E-02
+1.143585E+00
-1.728571E-02
+1.144743E+00
-1.711460E-02
+1.145903E+00
-1.694315E-02
+1.148246E+00
-1.717946E-02
+1.150595E+00
-1.741665E-02
+1.152949E+00
-1.765476E-02
+1.155308E+00
-1.789377E-02
+1.155953E+00
-1.894608E-02
+1.156597E+00
-1.999956E-02
+1.157241E+00
-2.105424E-02
+1.157884E+00
-2.211010E-02
+1.160383E+00
-2.237930E-02
+1.162888E+00
-2.264955E-02
+1.165397E+00
-2.292086E-02
+1.167912E+00
-2.319325E-02
+1.168895E+00
-2.252933E-02
+1.169877E+00
-2.186429E-02
+1.170860E+00
-2.119812E-02
+1.171845E+00
-2.053082E-02
+1.177017E+00
-2.082991E-02
+1.182214E+00
-2.113124E-02
+1.187433E+00
-2.143482E-02
+1.192675E+00
-2.174069E-02
+1.195404E+00
-2.182388E-02
+1.198138E+00
-2.190733E-02
+1.200879E+00
-2.199106E-02
+1.203628E+00
-2.207508E-02
+1.208016E+00
-2.039969E-02
+1.212416E+00
-1.871185E-02
+1.216831E+00
-1.701148E-02
+1.221260E+00
-1.529854E-02
+1.236509E+00
-1.192365E-02
+1.251937E+00
-8.462226E-03
+1.267547E+00
-4.912672E-03
+1.283343E+00
-1.273359E-03
+1.317274E+00
-1.989922E-02
+1.351834E+00
-3.950939E-02
+1.387023E+00
-6.013901E-02
+1.422846E+00
-8.182420E-02
+1.429394E+00
-1.202886E-01
+1.434957E+00
-1.591637E-01
+1.439516E+00
-1.984259E-01
+1.443055E+00
-2.380504E-01
+1.440534E+00
-2.668914E-01
+1.437440E+00
-2.957261E-01
+1.433772E+00
-3.245433E-01
+1.429530E+00
-3.533317E-01
+1.401314E+00
-3.919391E-01
+1.372284E+00
-4.292231E-01
+1.342491E+00
-4.651758E-01
+1.311984E+00
-4.997904E-01
+1.261488E+00
-5.296406E-01
+1.211332E+00
-5.570635E-01
+1.161586E+00
-5.821339E-01
+1.112317E+00
-6.049258E-01
+1.066502E+00
-5.802068E-01
+1.022575E+00
-5.564977E-01
+9.804567E-01
-5.337574E-01
+9.400738E-01
-5.119468E-01
+9.170962E-01
-4.733546E-01
+8.941222E-01
-4.366471E-01
+8.711921E-01
-4.017560E-01
+8.483437E-01
-3.686153E-01
+8.485178E-01
-3.431522E-01
+8.480452E-01
-3.179596E-01
+8.469396E-01
-2.930511E-01
+8.452154E-01
-2.684396E-01
+8.550712E-01
-2.438820E-01
+8.642178E-01
-2.189770E-01
+8.726436E-01
-1.937447E-01
+8.803366E-01
-1.682058E-01
+8.854815E-01
-1.549014E-01
+8.904327E-01
-1.414783E-01
+8.951877E-01
-1.279395E-01
+8.997441E-01
-1.142877E-01
+9.091791E-01
-1.061420E-01
+9.186174E-01
-9.782515E-02
+9.280573E-01
-8.933537E-02
+9.374972E-01
-8.067109E-02
+9.540058E-01
-7.871766E-02
+9.707931E-01
-7.667150E-02
+9.878634E-01
-7.452996E-02
+1.005221E+00
-7.229041E-02
+1.004170E+00
-6.076794E-02
+1.002990E+00
-4.927882E-02
+1.001682E+00
-3.782447E-02
+1.000245E+00
-2.640622E-02
+1.000466E+00
-2.944029E-02
+1.000676E+00
-3.247594E-02
+1.000878E+00
-3.551311E-02
+1.001071E+00
-3.855183E-02
+9.939371E-01
-3.072763E-02
+9.867972E-01
-2.301518E-02
+9.796520E-01
-1.541369E-02
+9.725026E-01
-7.922387E-03
+9.817566E-01
-5.043450E-03
+9.910897E-01
-2.109084E-03
+1.000503E+00
+8.814837E-04
+1.009996E+00
+3.929025E-03
+1.011157E+00
+1.031951E-02
+1.012278E+00
+1.672483E-02
+1.013360E+00
+2.314476E-02
+1.014404E+00
+2.957906E-02
+1.020232E+00
+3.580870E-02
+1.026057E+00
+4.211000E-02
+1.031880E+00
+4.848338E-02
+1.037699E+00
+5.492925E-02
+1.049896E+00
+5.822367E-02
+1.062230E+00
+6.158831E-02
+1.074702E+00
+6.502433E-02
+1.087313E+00
+6.853293E-02
+1.095520E+00
+6.528236E-02
+1.103776E+00
+6.197964E-02
+1.112081E+00
+5.862422E-02
+1.120436E+00
+5.521552E-02
+1.123111E+00
+4.976820E-02
+1.125765E+00
+4.429594E-02
+1.128397E+00
+3.879877E-02
+1.131008E+00
+3.327676E-02
+1.130153E+00
+3.329092E-02
+1.129298E+00
+3.330503E-02
+1.128445E+00
+3.331909E-02
+1.127592E+00
+3.333313E-02
+1.127404E+00
+3.546702E-02
+1.127211E+00
+3.760035E-02
+1.127015E+00
+3.973306E-02
+1.126815E+00
+4.186515E-02
+1.126921E+00
+5.539788E-02
+1.126866E+00
+6.893919E-02
+1.126648E+00
+8.248718E-02
+1.126268E+00
+9.603988E-02
+1.073849E+00
+8.992486E-02
+1.023868E+00
+8.417122E-02
+9.762105E-01
+7.875855E-02
+9.307703E-01
+7.366766E-02
+1.045579E+00
+1.022978E-01
+1.174142E+00
+1.369023E-01
+1.318053E+00
+1.785150E-01
+1.479084E+00
+2.283322E-01
+1.450912E+00
+1.444328E-01
+1.419098E+00
+6.429179E-02
+1.383938E+00
-1.200161E-02
+1.345724E+00
-8.437614E-02
+1.341631E+00
-7.392241E-02
+1.337472E+00
-6.353630E-02
+1.333251E+00
-5.321810E-02
+1.328966E+00
-4.296809E-02
+1.302641E+00
-6.479631E-02
+1.276450E+00
-8.575536E-02
+1.250407E+00
-1.058643E-01
+1.224523E+00
-1.251421E-01
+1.217148E+00
-9.145893E-02
+1.208941E+00
-5.826645E-02
+1.199922E+00
-2.558262E-02
+1.190112E+00
+6.575397E-03
+1.214108E+00
+4.273250E-03
+1.238584E+00
+1.875621E-03
+1.263548E+00
-6.203960E-04
+1.289010E+00
-3.217781E-03
+1.290598E+00
-5.228604E-03
+1.292185E+00
-7.244385E-03
+1.293771E+00
-9.265130E-03
+1.295356E+00
-1.129085E-02
+1.297019E+00
-9.139502E-03
+1.298681E+00
-6.982652E-03
+1.300340E+00
-4.820284E-03
+1.301999E+00
-2.652403E-03
+1.306870E+00
-2.772792E-03
+1.311759E+00
-2.894043E-03
+1.316666E+00
-3.016165E-03
+1.321592E+00
-3.139161E-03
+1.326839E+00
-7.305603E-04
+1.332102E+00
+1.697204E-03
+1.337382E+00
+4.144237E-03
+1.342679E+00
+6.610650E-03
+1.350963E+00
+1.614708E-02
+1.359232E+00
+2.580127E-02
+1.367484E+00
+3.557385E-02
+1.375718E+00
+4.546543E-02
+1.396501E+00
+5.271604E-02
+1.417567E+00
+6.017638E-02
+1.438919E+00
+6.785096E-02
+1.460559E+00
+7.574441E-02
+1.486602E+00
+8.161931E-02
+1.513095E+00
+8.768035E-02
+1.540045E+00
+9.393229E-02
+1.567462E+00
+1.003800E-01
+1.632055E+00
+1.101303E-01
+1.699291E+00
+1.205151E-01
+1.769275E+00
+1.315700E-01
+1.842121E+00
+1.433325E-01
+2.097128E+00
+9.774689E-02
+2.385127E+00
+3.697336E-02
+2.710056E+00
-4.221357E-02
+3.076277E+00
-1.436160E-01
+2.605631E+00
-1.178235E+00
+1.844880E+00
-1.909822E+00
+9.376169E-01
-2.280465E+00
+2.761773E-02
-2.289397E+00
+2.398932E-01
-1.752674E+00
+3.513719E-01
-1.320882E+00
+3.955930E-01
-9.791709E-01
+3.968520E-01
-7.129516E-01
+4.587179E-01
-6.306893E-01
+5.079320E-01
-5.455083E-01
+5.448061E-01
-4.590159E-01
+5.698205E-01
-3.727022E-01
+6.104718E-01
-2.907748E-01
+6.395496E-01
-2.047277E-01
+6.566881E-01
-1.161704E-01
+6.617421E-01
-2.673518E-02
+7.134856E-01
-1.180971E-02
+7.688385E-01
+5.595707E-03
+8.280154E-01
+2.576508E-02
+8.912402E-01
+4.900982E-02
+9.114204E-01
+5.124079E-02
+9.320563E-01
+5.354773E-02
+9.531580E-01
+5.593296E-02
+9.747358E-01
+5.839882E-02
+1.003541E+00
+6.310366E-02
+1.033188E+00
+6.803612E-02
+1.063702E+00
+7.320555E-02
+1.095107E+00
+7.862164E-02
+1.111449E+00
+7.514550E-02
+1.128015E+00
+7.154955E-02
+1.144808E+00
+6.783102E-02
+1.161830E+00
+6.398724E-02
+1.162446E+00
+5.117784E-02
+1.162920E+00
+3.836264E-02
+1.163253E+00
+2.554322E-02
+1.163444E+00
+1.272109E-02
+1.164432E+00
+2.640768E-02
+1.165260E+00
+4.011927E-02
+1.165928E+00
+5.385398E-02
+1.166435E+00
+6.760995E-02
+1.172930E+00
+6.200419E-02
+1.179432E+00
+5.633567E-02
+1.185939E+00
+5.060401E-02
+1.192450E+00
+4.480886E-02
+1.188792E+00
+9.453286E-02
+1.183064E+00
+1.440296E-01
+1.175277E+00
+1.932131E-01
+1.165448E+00
+2.419976E-01
+1.265385E+00
+1.563611E-01
+1.364580E+00
+5.619179E-02
+1.461714E+00
-5.942758E-02
+1.555294E+00
-1.913608E-01
+1.492551E+00
-8.521809E-02
+1.426203E+00
+1.191713E-02
+1.356985E+00
+1.002527E-01
+1.285583E+00
+1.800320E-01
+1.491063E+00
+2.346156E-01
+1.728877E+00
+3.021197E-01
+2.004029E+00
+3.852815E-01
+2.322281E+00
+4.873826E-01
+2.205514E+00
+3.330274E-01
+2.087664E+00
+1.944218E-01
+1.969641E+00
+7.065491E-02
+1.852251E+00
-3.917696E-02
+1.984740E+00
-6.925316E-02
+2.126303E+00
-1.034400E-01
+2.277534E+00
-1.421665E-01
+2.439060E+00
-1.859007E-01
+2.273678E+00
-6.076699E-01
+2.042600E+00
-9.772505E-01
+1.758632E+00
-1.285844E+00
+1.435447E+00
-1.527398E+00
+9.756371E-01
-1.349873E+00
+6.313640E-01
-1.163141E+00
+3.790783E-01
-9.809209E-01
+1.988240E-01
-8.116259E-01
+5.457021E-01
-7.166165E-01
+8.476573E-01
-4.734731E-01
+1.041479E+00
-1.032514E-01
+1.073755E+00
+3.460427E-01
+1.161066E+00
+3.584045E-01
+1.255267E+00
+3.705562E-01
+1.356885E+00
+3.823901E-01
+1.466488E+00
+3.937830E-01
+1.476492E+00
+3.020343E-01
+1.480892E+00
+2.105387E-01
+1.479756E+00
+1.196303E-01
+1.473170E+00
+2.963613E-02
+1.529318E+00
+2.831649E-02
+1.587602E+00
+2.685330E-02
+1.648103E+00
+2.523753E-02
+1.710905E+00
+2.345966E-02
+1.756469E+00
+1.701202E-02
+1.803216E+00
+1.020472E-02
+1.851177E+00
+3.023320E-03
+1.900385E+00
-4.547148E-03
+2.003684E+00
+1.191068E-01
+2.104518E+00
+2.561978E-01
+2.201882E+00
+4.072933E-01
+2.294671E+00
+5.729261E-01
+2.357600E+00
-1.223211E-01
+2.214904E+00
-8.043617E-01
+1.879770E+00
-1.413825E+00
+1.382099E+00
-1.897880E+00
+1.671365E+00
-1.626388E+00
+1.909051E+00
-1.312082E+00
+2.089058E+00
-9.645070E-01
+2.207015E+00
-5.940317E-01
+2.001913E+00
-1.355620E+00
+1.534003E+00
-2.046392E+00
+8.277391E-01
-2.575659E+00
-6.113318E-02
-2.861178E+00
+7.857138E-01
-2.763352E+00
+1.569398E+00
-2.419573E+00
+2.219891E+00
-1.858440E+00
+2.678445E+00
-1.128064E+00
+2.403866E+00
-9.610945E-01
+2.156602E+00
-8.168548E-01
+1.934033E+00
-6.924149E-01
+1.733780E+00
-5.852081E-01
+1.838398E+00
-5.242566E-01
+1.944530E+00
-4.554383E-01
+2.051850E+00
-3.783353E-01
+2.159998E+00
-2.925280E-01
+2.463526E+00
-3.624483E-01
+2.809329E+00
-4.462938E-01
+3.203240E+00
-5.466000E-01
+3.651888E+00
-6.663398E-01
+3.898236E+00
-8.763253E-01
+4.153983E+00
-1.112926E+00
+4.418675E+00
-1.378561E+00
+4.691716E+00
-1.675811E+00
+3.696528E+00
-1.952114E+00
+2.836988E+00
-2.062749E+00
+2.109895E+00
-2.051989E+00
+1.507302E+00
-1.956222E+00
+1.762896E+00
-2.848113E+00
+1.984277E+00
-4.086883E+00
+2.111474E+00
-5.788941E+00
+2.047453E+00
-8.103052E+00
+4.081052E+00
-6.983089E+00
+5.670691E+00
-5.395377E+00
+6.721889E+00
-3.492113E+00
+7.187703E+00
-1.440187E+00
+6.703385E+00
-1.236890E+00
+6.250190E+00
-1.054754E+00
+5.826232E+00
-8.918497E-01
+5.429736E+00
-7.464112E-01
+3.177022E+00
+3.778061E-01
+1.738997E+00
+6.811756E-01
+8.820256E-01
+6.408170E-01
+4.038855E-01
+4.918451E-01
+2.262966E-02
+6.876324E-01
-4.331937E-01
+6.045922E-01
-7.694398E-01
+2.333553E-01
-8.134488E-01
-3.063253E-01
-1.047384E+00
-6.106445E-01
-1.298257E+00
-1.083619E+00
-1.533163E+00
-1.792482E+00
-1.691195E+00
-2.822029E+00
-2.262111E+00
-1.889599E+00
-2.470529E+00
-9.325143E-01
-2.364974E+00
-6.133863E-02
-2.019071E+00
+6.446727E-01
-1.783207E+00
-6.924142E-01
-8.593246E-01
-1.497430E+00
+2.458756E-01
-1.538691E+00
+1.045243E+00
-9.408864E-01
+1.353739E+00
-1.148982E+00
+1.750726E+00
-1.400258E+00
+2.260978E+00
-1.702773E+00
+2.916063E+00
-2.065791E+00
+3.336792E+00
-2.354347E+00
+3.818205E+00
-2.683181E+00
+4.369050E+00
-3.057910E+00
+4.999335E+00
-3.484934E+00
+5.925590E+00
-4.013907E+00
+7.021621E+00
-4.620542E+00
+8.318247E+00
-5.315709E+00
+9.851816E+00
-6.111690E+00
+7.371306E+00
-6.916902E+00
+5.112618E+00
-7.179025E+00
+3.136855E+00
-7.015027E+00
+1.476149E+00
-6.535392E+00
+1.779738E+00
-6.189797E+00
+2.051880E+00
-5.841273E+00
+2.293683E+00
-5.491683E+00
+2.506311E+00
-5.142758E+00
+2.417030E+00
-4.257337E+00
+2.293168E+00
-3.505952E+00
+2.146980E+00
-2.870903E+00
+1.987978E+00
-2.336409E+00
+2.478019E+00
-1.498987E+00
+2.666887E+00
-6.026739E-01
+2.568435E+00
+2.564649E-01
+2.223757E+00
+9.965266E-01
+2.179066E+00
+1.251393E+00
+2.106975E+00
+1.508294E+00
+2.006560E+00
+1.764464E+00
+1.877161E+00
+2.016964E+00
+1.268320E+00
+3.024835E+00
+1.739161E-01
+3.900642E+00
-1.408697E+00
+4.429360E+00
-3.394106E+00
+4.369674E+00
-3.929500E+00
+4.098441E+00
-4.447062E+00
+3.764592E+00
-4.939757E+00
+3.368737E+00
-5.400468E+00
+2.912240E+00
-5.489217E+00
+2.137618E+00
-5.482383E+00
+1.389079E+00
-5.387553E+00
+6.766728E-01
-5.213145E+00
+9.075990E-03
-4.516944E+00
-2.852533E-01
-3.897235E+00
-5.011021E-01
-3.348215E+00
-6.532596E-01
-2.864011E+00
-7.542130E-01
-1.984078E+00
-1.653112E+00
-9.571053E-01
-2.038381E+00
-3.589931E-03
-1.963610E+00
+7.220646E-01
-1.552538E+00
+4.280750E-01
-2.629609E+00
-4.657131E-01
-4.119267E+00
-2.431661E+00
-5.974477E+00
-6.157556E+00
-7.925937E+00
-5.553035E+00
-4.955197E+00
-4.714000E+00
-2.869628E+00
-3.822567E+00
-1.461055E+00
-2.983648E+00
-5.532428E-01
-2.774029E+00
-4.760420E-01
-2.578661E+00
-4.070465E-01
-2.396612E+00
-3.454837E-01
-2.227007E+00
-2.906491E-01
-2.426791E+00
-3.088185E-01
-2.644471E+00
-3.279125E-01
-2.881645E+00
-3.479509E-01
-3.140058E+00
-3.689507E-01
-3.180763E+00
-3.051730E-01
-3.220518E+00
-2.398533E-01
-3.259280E+00
-1.729960E-01
-3.297009E+00
-1.046061E-01
-3.678440E+00
-4.110432E-01
-4.077748E+00
-7.878166E-01
-4.490783E+00
-1.244857E+00
-4.912011E+00
-1.792903E+00
-5.211583E+00
-1.188192E+00
-5.437829E+00
-5.364868E-01
-5.583678E+00
+1.534728E-01
-5.643088E+00
+8.719138E-01
-5.210021E+00
+6.951400E-01
-4.808101E+00
+5.406860E-01
-4.435267E+00
+4.061815E-01
-4.089583E+00
+2.894844E-01
-3.895405E+00
+2.151209E-01
-3.709553E+00
+1.472296E-01
-3.531718E+00
+8.537392E-02
-3.361602E+00
+2.914191E-02
-3.618665E+00
-4.519272E-01
-3.825906E+00
-1.006139E+00
-3.969063E+00
-1.631834E+00
-4.033040E+00
-2.325175E+00
-4.466247E+00
-1.869800E+00
-4.853454E+00
-1.343117E+00
-5.183848E+00
-7.488960E-01
-5.446763E+00
-9.245022E-02
-5.488496E+00
+3.258651E-01
-5.498321E+00
+7.500490E-01
-5.475587E+00
+1.177685E+00
-5.419820E+00
+1.606293E+00
-6.507440E+00
+2.358556E+00
-7.781970E+00
+3.357344E+00
-9.266977E+00
+4.671086E+00
-1.098630E+01
+6.385137E+00
-9.680952E+00
+7.943051E+00
-8.165568E+00
+9.252828E+00
-6.484969E+00
+1.028811E+01
-4.686927E+00
+1.103034E+01
-1.292458E+00
+1.246118E+01
+2.538800E+00
+1.284743E+01
+6.485393E+00
+1.205574E+01
+1.018516E+01
+1.005171E+01
+9.951284E+00
+7.367263E+00
+9.423338E+00
+5.096316E+00
+8.693952E+00
+3.215463E+00
+7.839616E+00
+1.693342E+00
+6.810773E+00
+2.025783E+00
+5.879460E+00
+2.249902E+00
+5.041617E+00
+2.384926E+00
+4.292373E+00
+2.447564E+00
+4.020358E+00
+2.496672E+00
+3.758249E+00
+2.533907E+00
+3.506047E+00
+2.560135E+00
+3.263724E+00
+2.576186E+00
+2.888133E+00
+2.956727E+00
+2.469240E+00
+3.283866E+00
+2.014484E+00
+3.552822E+00
+1.531814E+00
+3.759839E+00
+1.936423E+00
+3.471137E+00
+2.295207E+00
+3.142391E+00
+2.604696E+00
+2.780194E+00
+2.862292E+00
+2.391363E+00
+1.595004E+00
+2.837629E+00
+4.227462E-01
+2.809329E+00
-5.250122E-01
+2.423227E+00
-1.178786E+00
+1.814691E+00
-2.347375E+00
+1.725931E+00
-3.777359E+00
+1.058781E+00
-5.261781E+00
-4.612284E-01
-6.409492E+00
-3.081520E+00
-9.456328E+00
+2.482058E+00
-7.691392E+00
+1.102170E+01
+1.762890E+00
+1.839192E+01
+1.822742E+01
+1.768882E+01
+1.485863E+01
+1.502883E+01
+1.210197E+01
+1.275803E+01
+9.847826E+00
+1.082154E+01
+8.005979E+00
+9.171789E+00
+1.094526E+01
+4.529752E+00
+1.149862E+01
-7.874519E-01
+9.680524E+00
-5.660859E+00
+5.987681E+00
-9.121538E+00
+9.092447E+00
-5.147759E+00
+9.997309E+00
-4.042643E-01
+8.691599E+00
+4.031823E+00
+5.637729E+00
+7.238454E+00
+3.549066E+00
+7.510480E+00
+1.649904E+00
+7.337638E+00
+6.173589E-03
+6.809236E+00
-1.341547E+00
+6.017224E+00
-3.445193E+00
+3.722264E+00
-3.990467E+00
+1.219713E+00
-3.341915E+00
-7.851621E-01
-2.050719E+00
-1.941922E+00
-4.783122E+00
-2.376074E+00
-9.964155E+00
-1.648447E+00
-1.892958E+01
+2.535448E+00
-3.282456E+01
+1.506397E+01
-1.236138E+01
+1.549338E+01
-2.228219E+00
+1.064670E+01
+1.539299E+00
+5.767585E+00
+2.179610E+00
+2.445728E+00
+1.053964E+00
+2.041480E+00
+3.598537E-01
+1.570551E+00
-2.949675E-02
+1.129596E+00
-2.170604E-01
+7.621573E-01
+1.175317E-01
+1.122433E+00
+7.508872E-01
+1.421038E+00
+1.746364E+00
+1.479617E+00
+3.093061E+00
+1.028842E+00
+3.226884E+00
+3.870837E-01
+3.229400E+00
-2.665299E-01
+3.101285E+00
-9.054929E-01
+2.848494E+00
-1.504047E+00
+1.711367E+00
-1.868992E+00
+7.723468E-01
-1.837960E+00
+8.501010E-02
-1.566117E+00
-3.520781E-01
-1.182598E+00
-3.147764E-02
-1.491756E+00
+4.414330E-01
-1.749475E+00
+1.075450E+00
-1.898398E+00
+1.862445E+00
-1.868829E+00
+2.294596E+00
-1.285951E+00
+2.550569E+00
-6.093613E-01
+2.612075E+00
+1.091982E-01
+2.475646E+00
+8.151234E-01
+2.627174E+00
+1.225504E+00
+2.740617E+00
+1.698661E+00
+2.803751E+00
+2.236148E+00
+2.802867E+00
+2.838073E+00
+4.723380E+00
+3.948632E+00
+7.837268E+00
+5.372727E+00
+1.283074E+01
+7.103202E+00
+2.075708E+01
+9.028238E+00
+2.213816E+01
+2.623224E+00
+2.162281E+01
-3.809262E+00
+1.931113E+01
-9.729410E+00
+1.545075E+01
-1.465654E+01
+1.777339E+01
-7.132453E+00
+1.722172E+01
-7.280378E-02
+1.442111E+01
+5.646094E+00
+1.018472E+01
+9.498899E+00
