#I+8.670000E+02
+3.000000E+00
+8.010000E+02
+8.010000E+02
+1.000000E+01
+1.000000E+00
+3.000000E+00
+0.000000E+00
+1.000000E+00
+1.000000E+00
+1.000000E+00
+1.000000E+00
+2.497000E+03
-1.092400E+04
+2.025600E+04
-1.299100E+04
-1.119200E+04
+0.000000E+00
+0.000000E+00
+0.000000E+00
+0.000000E+00
+0.000000E+00
+0.000000E+00
+0.000000E+00
+0.000000E+00
+0.000000E+00
+0.000000E+00
+0.000000E+00
+0.000000E+00
+0.000000E+00
+0.000000E+00
+0.000000E+00
+0.000000E+00
+0.000000E+00
+0.000000E+00
+0.000000E+00
+1.000000E+00
+0.000000E+00
+1.000000E+00
+0.000000E+00
+0.000000E+00
+1.000000E+00
+0.000000E+00
+1.000000E+00
+2.000000E+00
+3.000000E+00
+4.500000E+01
+4.500000E+01
+0.000000E+00
+0.000000E+00
+2.000000E+00
+0.000000E+00
+0.000000E+00
+0.000000E+00
+0.000000E+00
+0.000000E+00
+2.499999E-03
+2.517856E-03
+0.000000E+00
+0.000000E+00
+0.000000E+00
+1.000000E+00
+1.000000E+00
+0.000000E+00
+0.000000E+00
+9.9999904632568339E+00
+9.9999904632568339E+00
+5.870941E-07
+6.128961E-07
+6.398320E-07
+6.679518E-07
+6.973071E-07
+7.266057E-07
+7.571352E-07
+7.889475E-07
+8.220965E-07
+8.494238E-07
+8.776595E-07
+9.068339E-07
+9.369776E-07
+9.726015E-07
+1.009580E-06
+1.047964E-06
+1.087809E-06
+1.126069E-06
+1.165675E-06
+1.206673E-06
+1.249114E-06
+1.297219E-06
+1.347177E-06
+1.399059E-06
+1.452940E-06
+1.499831E-06
+1.548236E-06
+1.598204E-06
+1.649784E-06
+1.724251E-06
+1.802079E-06
+1.883420E-06
+1.968433E-06
+2.047843E-06
+2.130456E-06
+2.216402E-06
+2.305815E-06
+2.389962E-06
+2.477180E-06
+2.567581E-06
+2.661282E-06
+2.775585E-06
+2.894798E-06
+3.019132E-06
+3.148804E-06
+3.283705E-06
+3.424385E-06
+3.571093E-06
+3.724084E-06
+3.898745E-06
+4.081598E-06
+4.273027E-06
+4.473435E-06
+4.648642E-06
+4.830711E-06
+5.019911E-06
+5.216520E-06
+5.519232E-06
+5.839512E-06
+6.178377E-06
+6.536908E-06
+6.805966E-06
+7.086099E-06
+7.377762E-06
+7.681428E-06
+8.149764E-06
+8.646653E-06
+9.173838E-06
+9.733170E-06
+1.020380E-05
+1.069719E-05
+1.121443E-05
+1.175668E-05
+1.248506E-05
+1.325856E-05
+1.407998E-05
+1.495229E-05
+1.580028E-05
+1.669636E-05
+1.764326E-05
+1.864387E-05
+1.976711E-05
+2.095803E-05
+2.222070E-05
+2.355945E-05
+2.513353E-05
+2.681277E-05
+2.860422E-05
+3.051536E-05
+3.215190E-05
+3.387621E-05
+3.569300E-05
+3.760721E-05
+4.070470E-05
+4.405731E-05
+4.768607E-05
+5.161369E-05
+5.450319E-05
+5.755446E-05
+6.077655E-05
+6.417902E-05
+7.002595E-05
+7.640557E-05
+8.336639E-05
+9.096140E-05
+9.479174E-05
+9.878337E-05
+1.029431E-04
+1.072780E-04
+1.134268E-04
+1.199281E-04
+1.268020E-04
+1.340699E-04
+1.375160E-04
+1.410508E-04
+1.446763E-04
+1.483951E-04
+1.483434E-04
+1.482917E-04
+1.482401E-04
+1.481884E-04
+1.465822E-04
+1.449934E-04
+1.434219E-04
+1.418674E-04
+1.367081E-04
+1.317364E-04
+1.269455E-04
+1.223288E-04
+1.184052E-04
+1.146074E-04
+1.109315E-04
+1.073734E-04
+1.023614E-04
+9.758332E-05
+9.302828E-05
+8.868583E-05
+8.603817E-05
+8.346955E-05
+8.097762E-05
+7.856007E-05
+7.535842E-05
+7.228725E-05
+6.934124E-05
+6.651527E-05
+6.455544E-05
+6.265334E-05
+6.080729E-05
+5.901564E-05
+5.814953E-05
+5.729614E-05
+5.645527E-05
+5.562675E-05
+5.365631E-05
+5.175567E-05
+4.992235E-05
+4.815398E-05
+4.745314E-05
+4.676250E-05
+4.608191E-05
+4.541122E-05
+4.405816E-05
+4.274541E-05
+4.147178E-05
+4.023609E-05
+3.881466E-05
+3.744345E-05
+3.612068E-05
+3.484463E-05
+3.431219E-05
+3.378789E-05
+3.327159E-05
+3.276319E-05
+3.005119E-05
+2.756368E-05
+2.528208E-05
+2.318934E-05
+2.898530E-05
+3.622992E-05
+4.528528E-05
+5.660393E-05
+4.922532E-05
+4.280855E-05
+3.722824E-05
+3.237536E-05
+3.207560E-05
+3.177861E-05
+3.148437E-05
+3.119287E-05
+3.252795E-05
+3.392019E-05
+3.537201E-05
+3.688597E-05
+3.585030E-05
+3.484371E-05
+3.386538E-05
+3.291453E-05
+3.294648E-05
+3.297847E-05
+3.301048E-05
+3.304252E-05
+3.332731E-05
+3.361455E-05
+3.390427E-05
+3.419649E-05
+3.396157E-05
+3.372825E-05
+3.349655E-05
+3.326643E-05
+3.316380E-05
+3.306149E-05
+3.295948E-05
+3.285781E-05
+3.287415E-05
+3.289050E-05
+3.290686E-05
+3.292323E-05
+3.294251E-05
+3.296179E-05
+3.298109E-05
+3.300037E-05
+3.331408E-05
+3.363078E-05
+3.395048E-05
+3.427320E-05
+3.469682E-05
+3.512568E-05
+3.555984E-05
+3.599934E-05
+3.641327E-05
+3.683196E-05
+3.725546E-05
+3.768381E-05
+3.816126E-05
+3.864474E-05
+3.913436E-05
+3.963015E-05
+4.026228E-05
+4.090447E-05
+4.155692E-05
+4.221976E-05
+4.300661E-05
+4.380812E-05
+4.462457E-05
+4.545624E-05
+4.659305E-05
+4.775829E-05
+4.895268E-05
+5.017692E-05
+5.150840E-05
+5.287521E-05
+5.427829E-05
+5.571861E-05
+5.740833E-05
+5.914929E-05
+6.094305E-05
+6.279119E-05
+6.422454E-05
+6.569060E-05
+6.719013E-05
+6.872386E-05
+7.034967E-05
+7.201395E-05
+7.371759E-05
+7.546151E-05
+7.827258E-05
+8.118836E-05
+8.421278E-05
+8.734985E-05
+9.223024E-05
+9.738331E-05
+1.028243E-04
+1.085693E-04
+1.127663E-04
+1.171256E-04
+1.216534E-04
+1.263562E-04
+1.288565E-04
+1.314063E-04
+1.340065E-04
+1.366583E-04
+1.400225E-04
+1.434695E-04
+1.470014E-04
+1.506202E-04
+1.561279E-04
+1.618370E-04
+1.677549E-04
+1.738893E-04
+1.829855E-04
+1.925575E-04
+2.026302E-04
+2.132298E-04
+2.273142E-04
+2.423289E-04
+2.583354E-04
+2.753991E-04
+2.761112E-04
+2.768252E-04
+2.775409E-04
+2.782585E-04
+2.673719E-04
+2.569112E-04
+2.468597E-04
+2.372015E-04
+2.194702E-04
+2.030643E-04
+1.878848E-04
+1.738400E-04
+1.736414E-04
+1.734430E-04
+1.732448E-04
+1.730468E-04
+1.687523E-04
+1.645643E-04
+1.604803E-04
+1.564976E-04
+1.409125E-04
+1.268795E-04
+1.142440E-04
+1.028668E-04
+9.702206E-05
+9.150944E-05
+8.631004E-05
+8.140609E-05
+7.653575E-05
+7.195679E-05
+6.765178E-05
+6.360434E-05
+5.997107E-05
+5.654534E-05
+5.331529E-05
+5.026975E-05
+4.774970E-05
+4.535598E-05
+4.308225E-05
+4.092251E-05
+3.917569E-05
+3.750344E-05
+3.590256E-05
+3.437003E-05
+3.278277E-05
+3.126880E-05
+2.982475E-05
+2.844739E-05
+2.699598E-05
+2.561862E-05
+2.431153E-05
+2.307113E-05
+2.203252E-05
+2.104066E-05
+2.009346E-05
+1.918890E-05
+1.834736E-05
+1.754273E-05
+1.677338E-05
+1.603778E-05
+1.559354E-05
+1.516160E-05
+1.474163E-05
+1.433329E-05
+1.344248E-05
+1.260703E-05
+1.182351E-05
+1.108867E-05
+1.058387E-05
+1.010204E-05
+9.642148E-06
+9.203193E-06
+8.942958E-06
+8.690082E-06
+8.444356E-06
+8.205577E-06
+7.934453E-06
+7.672288E-06
+7.418785E-06
+7.173657E-06
+7.005287E-06
+6.840870E-06
+6.680311E-06
+6.523519E-06
+6.297822E-06
+6.079934E-06
+5.869584E-06
+5.666511E-06
+5.669101E-06
+5.671693E-06
+5.674285E-06
+5.676880E-06
+5.513942E-06
+5.355680E-06
+5.201960E-06
+5.052654E-06
+4.910754E-06
+4.772839E-06
+4.638798E-06
+4.508519E-06
+4.397067E-06
+4.288370E-06
+4.182360E-06
+4.078971E-06
+3.964279E-06
+3.852812E-06
+3.744479E-06
+3.639192E-06
+3.542168E-06
+3.447732E-06
+3.355813E-06
+3.266345E-06
+3.181062E-06
+3.098005E-06
+3.017117E-06
+2.938341E-06
+2.844888E-06
+2.754407E-06
+2.666804E-06
+2.581987E-06
+2.444203E-06
+2.313772E-06
+2.190301E-06
+2.073420E-06
+1.984451E-06
+1.899300E-06
+1.817803E-06
+1.739802E-06
+1.781463E-06
+1.824123E-06
+1.867804E-06
+1.912530E-06
+2.176856E-06
+2.477713E-06
+2.820151E-06
+3.209918E-06
+3.017776E-06
+2.837135E-06
+2.667307E-06
+2.507645E-06
+2.449342E-06
+2.392395E-06
+2.336772E-06
+2.282442E-06
+2.231086E-06
+2.180885E-06
+2.131813E-06
+2.083845E-06
+2.023449E-06
+1.964804E-06
+1.907858E-06
+1.852563E-06
+1.834108E-06
+1.815837E-06
+1.797748E-06
+1.779839E-06
+1.977753E-06
+2.197675E-06
+2.442052E-06
+2.713605E-06
+2.772887E-06
+2.833465E-06
+2.895367E-06
+2.958622E-06
+2.862129E-06
+2.768783E-06
+2.678481E-06
+2.591125E-06
+2.421276E-06
+2.262561E-06
+2.114249E-06
+1.975659E-06
+1.896874E-06
+1.821231E-06
+1.748605E-06
+1.678875E-06
+1.778589E-06
+1.884226E-06
+1.996137E-06
+2.114696E-06
+2.100302E-06
+2.086006E-06
+2.071807E-06
+2.057705E-06
+2.179252E-06
+2.307978E-06
+2.444309E-06
+2.588693E-06
+2.724379E-06
+2.867177E-06
+3.017460E-06
+3.175619E-06
+3.508851E-06
+3.877050E-06
+4.283886E-06
+4.733414E-06
+3.663696E-06
+2.835727E-06
+2.194873E-06
+1.698847E-06
+2.338639E-06
+3.219379E-06
+4.431809E-06
+6.100847E-06
+6.000590E-06
+5.901979E-06
+5.804990E-06
+5.709596E-06
+8.793526E-06
+1.354318E-05
+2.085827E-05
+3.212448E-05
+4.279099E-05
+5.699918E-05
+7.592499E-05
+1.011349E-04
+1.495622E-04
+2.211783E-04
+3.270871E-04
+4.837093E-04
+3.621139E-04
+2.710852E-04
+2.029395E-04
+1.519242E-04
+1.050180E-04
+7.259392E-05
+5.018072E-05
+3.468753E-05
+2.677889E-05
+2.067339E-05
+1.595993E-05
+1.232111E-05
+9.550835E-06
+7.403427E-06
+5.738842E-06
+4.448520E-06
+3.906553E-06
+3.430615E-06
+3.012660E-06
+2.645626E-06
+3.988402E-06
+6.012698E-06
+9.064417E-06
+1.366503E-05
+1.900792E-05
+2.643984E-05
+3.677756E-05
+5.115721E-05
+5.386044E-05
+5.670652E-05
+5.970299E-05
+6.285780E-05
+4.973226E-05
+3.934751E-05
+3.113123E-05
+2.463062E-05
+1.051106E-05
+4.485571E-06
+1.914207E-06
+8.168834E-07
+1.222184E-06
+1.828576E-06
+2.735832E-06
+4.093226E-06
+5.002934E-06
+6.114821E-06
+7.473823E-06
+9.134861E-06
+7.609713E-06
+6.339203E-06
+5.280815E-06
+4.399134E-06
+1.907976E-06
+8.275200E-07
+3.589089E-07
+1.556646E-07
+1.379474E-07
+1.222466E-07
+1.083329E-07
+9.600278E-08
+1.419332E-07
+2.098380E-07
+3.102305E-07
+4.586535E-07
+4.962415E-07
+5.369100E-07
+5.809113E-07
+6.285192E-07
+9.580324E-07
+1.460299E-06
+2.225889E-06
+3.392854E-06
+3.272348E-06
+3.156123E-06
+3.044025E-06
+2.935909E-06
+2.901680E-06
+2.867850E-06
+2.834413E-06
+2.801367E-06
+2.632861E-06
+2.474490E-06
+2.325646E-06
+2.185754E-06
+2.055359E-06
+1.932743E-06
+1.817442E-06
+1.709020E-06
+1.594167E-06
+1.487033E-06
+1.387099E-06
+1.293881E-06
+1.226592E-06
+1.162802E-06
+1.102330E-06
+1.045003E-06
+1.138201E-06
+1.239711E-06
+1.350274E-06
+1.470699E-06
+1.123729E-06
+8.586171E-07
+6.560508E-07
+5.012741E-07
+6.504595E-07
+8.440442E-07
+1.095242E-06
+1.421199E-06
+2.262881E-06
+3.603034E-06
+5.736871E-06
+9.134437E-06
+8.718105E-06
+8.320748E-06
+7.941502E-06
+7.579541E-06
+7.721386E-06
+7.865885E-06
+8.013088E-06
+8.163049E-06
+4.637659E-06
+2.634785E-06
+1.496896E-06
+8.504284E-07
+1.448456E-06
+2.467020E-06
+4.201846E-06
+7.156622E-06
+8.059018E-06
+9.075200E-06
+1.021951E-05
+1.150811E-05
+8.373974E-06
+6.093392E-06
+4.433907E-06
+3.226368E-06
+2.785454E-06
+2.404795E-06
+2.076157E-06
+1.792429E-06
+2.344874E-06
+3.067587E-06
+4.013047E-06
+5.249908E-06
+7.473667E-06
+1.063937E-05
+1.514600E-05
+2.156155E-05
+2.196532E-05
+2.237665E-05
+2.279568E-05
+2.322257E-05
+5.007850E-05
+1.079922E-04
+2.328807E-04
+5.021974E-04
+3.095056E-04
+1.907491E-04
+1.175592E-04
+7.245199E-05
+1.060137E-04
+1.551220E-04
+2.269787E-04
+3.321213E-04
+4.199861E-04
+5.310962E-04
+6.716013E-04
+8.492778E-04
+3.263676E-04
+1.254193E-04
+4.819718E-05
+1.852161E-05
+3.175237E-05
+5.443439E-05
+9.331913E-05
+1.599809E-04
+1.730052E-04
+1.870898E-04
+2.023210E-04
+2.187923E-04
+3.326920E-04
+5.058860E-04
+7.692422E-04
+1.169697E-03
+5.570733E-04
+2.653085E-04
+1.263543E-04
+6.017675E-05
+5.182833E-05
+4.463811E-05
+3.844540E-05
+3.311180E-05
+2.142289E-05
+1.386032E-05
+8.967438E-06
+5.801813E-06
+4.128115E-06
+2.937244E-06
+2.089912E-06
+1.487017E-06
+1.696986E-06
+1.936603E-06
+2.210055E-06
+2.522118E-06
+1.971717E-06
+1.541429E-06
+1.205044E-06
+9.420673E-07
+1.023167E-06
+1.111248E-06
+1.206912E-06
+1.310812E-06
+1.537465E-06
+1.803310E-06
+2.115122E-06
+2.480849E-06
+2.283464E-06
+2.101783E-06
+1.934558E-06
+1.780637E-06
+1.723283E-06
+1.667776E-06
+1.614057E-06
+1.562068E-06
+1.698678E-06
+1.847235E-06
+2.008784E-06
+2.184461E-06
+2.417309E-06
+2.674976E-06
+2.960109E-06
+3.275634E-06
+1.918785E-06
+1.123976E-06
+6.583971E-07
+3.856724E-07
+6.110765E-07
+9.682169E-07
+1.534086E-06
+2.430675E-06
+2.688268E-06
+2.973161E-06
+3.288246E-06
+3.636724E-06
+2.029076E-06
+1.132104E-06
+6.316467E-07
+3.524214E-07
+7.825994E-07
+1.737868E-06
+3.859171E-06
+8.569815E-06
+6.546610E-06
+5.001053E-06
+3.820379E-06
+2.918445E-06
+2.161942E-06
+1.601535E-06
+1.186394E-06
+8.788635E-07
+1.255568E-06
+1.793739E-06
+2.562585E-06
+3.660979E-06
+3.495043E-06
+3.336628E-06
+3.185393E-06
+3.041013E-06
+2.886264E-06
+2.739389E-06
+2.599988E-06
+2.467681E-06
+2.430610E-06
+2.394097E-06
+2.358131E-06
+2.322706E-06
+2.396919E-06
+2.473503E-06
+2.552533E-06
+2.634089E-06
+2.613802E-06
+2.593671E-06
+2.573695E-06
+2.553873E-06
