Hz,real,imaginary,V^2 (rms) 
9.99999046326,4.666549e-07,4.666549e-07,6.59949688528e-07
10.0577210151,4.881063e-07,4.881063e-07,6.9028654934e-07
10.1157848488,5.105438e-07,5.105438e-07,7.22017966145e-07
10.1741838887,5.340128e-07,5.340128e-07,7.55208144241e-07
10.2329200697,5.585604e-07,5.585604e-07,7.89923693085e-07
10.2919953382,5.811742e-07,5.811742e-07,8.21904435741e-07
10.3514116519,6.047035e-07,6.047035e-07,8.55179890914e-07
10.4111709795,6.291854e-07,6.291854e-07,8.89802525927e-07
10.4712753014,6.546585e-07,6.546585e-07,9.25826929423e-07
10.5317266092,6.769836e-07,6.769836e-07,9.57399388624e-07
10.592526906,7.000701e-07,7.000701e-07,9.90048630032e-07
10.6536782067,7.239439e-07,7.239439e-07,1.02381128178e-06
10.7151825375,7.486316e-07,7.486316e-07,1.05872496194e-06
10.7770419365,7.800304e-07,7.800304e-07,1.10312957074e-06
10.8392584537,8.127462e-07,8.127462e-07,1.14939669881e-06
10.9018341505,8.46834e-07,8.46834e-07,1.19760412788e-06
10.9647711006,8.823521e-07,8.823521e-07,1.24783430661e-06
11.0280713896,9.134095e-07,9.134095e-07,1.2917561029e-06
11.091737115,9.455601e-07,9.455601e-07,1.33722391746e-06
11.1557703865,9.788423e-07,9.788423e-07,1.38429205608e-06
11.2201733259,1.013296e-06,1.013296e-06,1.4330169459e-06
11.2849480674,1.044375e-06,1.044375e-06,1.4769692892e-06
11.3500967575,1.076407e-06,1.076407e-06,1.52226937803e-06
11.4156215548,1.109421e-06,1.109421e-06,1.56895822458e-06
11.4815246308,1.143449e-06,1.143449e-06,1.61708108368e-06
11.5478081693,1.189845e-06,1.189845e-06,1.68269493612e-06
11.6144743666,1.238123e-06,1.238123e-06,1.75097033849e-06
11.681525432,1.288361e-06,1.288361e-06,1.82201759943e-06
11.7489635872,1.340636e-06,1.340636e-06,1.89594561341e-06
11.816791067,1.395407e-06,1.395407e-06,1.97340350443e-06
11.8850101189,1.452415e-06,1.452415e-06,2.05402499119e-06
11.9536230036,1.511752e-06,1.511752e-06,2.13794018134e-06
12.0226319946,1.573514e-06,1.573514e-06,2.22528483938e-06
12.0920393787,1.634539e-06,1.634539e-06,2.31158722203e-06
12.1618474559,1.697931e-06,1.697931e-06,2.40123704817e-06
12.2320585393,1.763781e-06,1.763781e-06,2.49436301126e-06
12.3026749556,1.832185e-06,1.832185e-06,2.59110087578e-06
12.3736990447,1.899244e-06,1.899244e-06,2.68593662306e-06
12.4451331602,1.968758e-06,1.968758e-06,2.78424426463e-06
12.5169796691,2.040816e-06,2.040816e-06,2.88614966551e-06
12.5892409524,2.115511e-06,2.115511e-06,2.99178434755e-06
12.6619194044,2.209587e-06,2.209587e-06,3.12482790264e-06
12.7350174335,2.307848e-06,2.307848e-06,3.2637899415e-06
12.808537462,2.410478e-06,2.410478e-06,3.4089306794e-06
12.8824819261,2.517673e-06,2.517673e-06,3.56052730222e-06
12.956853276,2.631279e-06,2.631279e-06,3.72119044819e-06
13.0316539763,2.750012e-06,2.750012e-06,3.88910426709e-06
13.1068865055,2.874102e-06,2.874102e-06,4.06459402804e-06
13.1825533567,3.003792e-06,3.003792e-06,4.24800338495e-06
13.2586570372,3.134669e-06,3.134669e-06,4.43309141335e-06
13.3352000689,3.271248e-06,3.271248e-06,4.62624328749e-06
13.4121849882,3.413778e-06,3.413778e-06,4.82781114653e-06
13.489614346,3.562518e-06,3.562518e-06,5.0381612718e-06
13.5674907083,3.708748e-06,3.708748e-06,5.24496172102e-06
13.6458166555,3.860981e-06,3.860981e-06,5.46025169426e-06
13.7245947832,4.019462e-06,4.019462e-06,5.68437767384e-06
13.8038277017,4.184447e-06,4.184447e-06,5.91770169843e-06
13.8835180367,4.421549e-06,4.421549e-06,6.2530145625e-06
13.9636684289,4.672085e-06,4.672085e-06,6.60732597156e-06
14.0442815341,4.936817e-06,4.936817e-06,6.98171355635e-06
14.1253600237,5.21655e-06,5.21655e-06,7.3773157588e-06
14.2069065844,5.442398e-06,5.442398e-06,7.69671306343e-06
14.2889239182,5.678025e-06,5.678025e-06,8.02993996249e-06
14.3714147431,5.923853e-06,5.923853e-06,8.3775932541e-06
14.4543817926,6.180325e-06,6.180325e-06,8.74029943487e-06
14.5378278159,6.571251e-06,6.571251e-06,9.29315228596e-06
14.6217555781,6.986905e-06,6.986905e-06,9.88097581001e-06
14.7061678604,7.42885e-06,7.42885e-06,1.05059804228e-05
14.7910674599,7.89875e-06,7.89875e-06,1.11705193758e-05
14.8764571899,8.280493e-06,8.280493e-06,1.17103855037e-05
14.9623398801,8.680683e-06,8.680683e-06,1.22763396293e-05
15.0487183762,9.100215e-06,9.100215e-06,1.28696474735e-05
15.1355955406,9.540021e-06,9.540021e-06,1.34916270835e-05
15.2229742522,1.013322e-05,1.013322e-05,1.43305371545e-05
15.3108574064,1.076331e-05,1.076331e-05,1.5221618978e-05
15.3992479154,1.143258e-05,1.143258e-05,1.61681096889e-05
15.4881487081,1.214347e-05,1.214347e-05,1.71734599683e-05
15.5775627305,1.28132e-05,1.28132e-05,1.81206012174e-05
15.6674929455,1.351986e-05,1.351986e-05,1.91199693734e-05
15.757942333,1.426549e-05,1.426549e-05,2.01744494319e-05
15.8489138904,1.505224e-05,1.505224e-05,2.12870819521e-05
15.9404106321,1.596331e-05,1.596331e-05,2.25755295024e-05
16.03243559,1.692953e-05,1.692953e-05,2.39419709306e-05
16.1249918136,1.795422e-05,1.795422e-05,2.53911014258e-05
16.2180823699,1.904093e-05,1.904093e-05,2.69279414462e-05
16.3117103437,2.033969e-05,2.033969e-05,2.87646654525e-05
16.4058788374,2.172703e-05,2.172703e-05,3.07266604961e-05
16.5005909715,2.3209e-05,2.3209e-05,3.28224825691e-05
16.5958498845,2.479207e-05,2.479207e-05,3.50612816333e-05
16.6916587331,2.612442e-05,2.612442e-05,3.69455090731e-05
16.7880206919,2.752837e-05,2.752837e-05,3.8930994204e-05
16.8849389541,2.900777e-05,2.900777e-05,4.10231817482e-05
16.9824167314,3.056667e-05,3.056667e-05,4.32277992706e-05
17.0804572538,3.304139e-05,3.304139e-05,4.67275818577e-05
17.17906377,3.571647e-05,3.571647e-05,5.05107162741e-05
17.2782395477,3.860812e-05,3.860812e-05,5.46001269217e-05
17.3779878732,4.173388e-05,4.173388e-05,5.90206191065e-05
17.4783120518,4.403446e-05,4.403446e-05,6.22741305438e-05
17.5792154079,4.646186e-05,4.646186e-05,6.57069925451e-05
17.6807012853,4.902307e-05,4.902307e-05,6.93290904632e-05
17.7827730468,5.172545e-05,5.172545e-05,7.31508329099e-05
17.8854340747,5.642704e-05,5.642704e-05,7.97998852526e-05
17.988687771,6.155598e-05,6.155598e-05,8.70533017612e-05
18.0925375572,6.715112e-05,6.715112e-05,9.49660246325e-05
18.1969868745,7.325482e-05,7.325482e-05,0.000103597959953
18.302039184,7.625678e-05,7.625678e-05,0.000107843372499
18.4076979669,7.938176e-05,7.938176e-05,0.000112262761597
18.5139667243,8.26348e-05,8.26348e-05,0.000116863254884
18.6208489778,8.60211e-05,8.60211e-05,0.00012165220627
18.7283482689,9.087534e-05,9.087534e-05,0.000128517138313
18.83646816,9.600351e-05,9.600351e-05,0.000135769465877
18.9452122338,0.0001014211,0.0001014211,0.000143431095131
19.0545840938,0.0001071444,0.0001071444,0.000151525063612
19.1645873641,0.0001098769,0.0001098769,0.000155389402172
19.27522569,0.000112679,0.000112679,0.000159352169995
19.3865027376,0.0001155527,0.0001155527,0.000163416195509
19.4984221944,0.0001184996,0.0001184996,0.000167583741456
19.610987769,0.00011806,0.00011806,0.000166962053174
19.7242031915,0.0001176221,0.0001176221,0.000166342769055
19.8380722135,0.0001171857,0.0001171857,0.000165725606256
19.9525986083,0.000116751,0.000116751,0.000165110847621
20.0677861709,0.0001153338,0.0001153338,0.00016310662416
20.1836387183,0.0001139338,0.0001139338,0.000161126725173
20.3001600895,0.0001125508,0.0001125508,0.000159170867816
20.4173541456,0.0001111846,0.0001111846,0.000157238769247
20.5352247701,0.0001067631,0.0001067631,0.000150985823981
20.6537758689,0.0001025175,0.0001025175,0.000144981638881
20.7730113704,9.844066e-05,9.844066e-05,0.000139216116461
20.8929352257,9.452595e-05,9.452595e-05,0.000133679880486
21.0135514086,9.133827e-05,9.133827e-05,0.000129171820198
21.1348639161,8.825808e-05,8.825808e-05,0.000124815773725
21.2568767681,8.528176e-05,8.528176e-05,0.000120606621615
21.3795940077,8.240582e-05,8.240582e-05,0.000116539428262
21.5030197013,7.83967e-05,7.83967e-05,0.000110869676385
21.627157939,7.458263e-05,7.458263e-05,0.000105475766863
21.7520128342,7.09541e-05,7.09541e-05,0.000100344250526
21.8775885244,6.750211e-05,6.750211e-05,9.54623994508e-05
22.0038891706,6.557174e-05,6.557174e-05,9.27324440164e-05
22.1309189581,6.369657e-05,6.369657e-05,9.00805531706e-05
22.2586820963,6.187502e-05,6.187502e-05,8.75044924561e-05
22.3871828188,6.010557e-05,6.010557e-05,8.50021122682e-05
22.5164253838,5.796681e-05,5.796681e-05,8.19774488695e-05
22.646414074,5.590417e-05,5.590417e-05,7.90604354072e-05
22.7771531967,5.391491e-05,5.391491e-05,7.62471969361e-05
22.9086470844,5.199645e-05,5.199645e-05,7.35340847853e-05
23.0409000942,5.073577e-05,5.073577e-05,7.17512140314e-05
23.1739166087,4.950565e-05,4.950565e-05,7.00115616441e-05
23.3077010356,4.830536e-05,4.830536e-05,6.83140952473e-05
23.4422578082,4.713416e-05,4.713416e-05,6.66577683231e-05
23.5775913851,4.682435e-05,4.682435e-05,6.62196308193e-05
23.713706251,4.651658e-05,4.651658e-05,6.57843783112e-05
23.8506069163,4.621083e-05,4.621083e-05,6.53519825145e-05
23.9882979174,4.590708e-05,4.590708e-05,6.49224151449e-05
24.126783817,4.440658e-05,4.440658e-05,6.28003876946e-05
24.2660692042,4.295513e-05,4.295513e-05,6.07477274195e-05
24.4061586943,4.155112e-05,4.155112e-05,5.87621574358e-05
24.5470569295,4.0193e-05,4.0193e-05,5.68414857125e-05
24.6887685789,3.95834e-05,3.95834e-05,5.59793811248e-05
24.8312983381,3.898305e-05,3.898305e-05,5.51303580127e-05
24.9746509303,3.839179e-05,3.839179e-05,5.42941901018e-05
25.1188311058,3.780951e-05,3.780951e-05,5.34707218287e-05
25.2638436421,3.664398e-05,3.664398e-05,5.18224134953e-05
25.4096933446,3.551438e-05,3.551438e-05,5.02249178553e-05
25.5563850463,3.44196e-05,3.44196e-05,4.86766651315e-05
25.7039236081,3.335856e-05,3.335856e-05,4.71761279732e-05
25.8523139189,3.204637e-05,3.204637e-05,4.53204110788e-05
26.001560896,3.07858e-05,3.07858e-05,4.35376958885e-05
26.151669485,2.957481e-05,2.957481e-05,4.18250974066e-05
26.30264466,2.841145e-05,2.841145e-05,4.01798579167e-05
26.4544914238,2.793816e-05,2.793816e-05,3.95105247797e-05
26.6072148082,2.747275e-05,2.747275e-05,3.88523356457e-05
26.760819874,2.701509e-05,2.701509e-05,3.82051066667e-05
26.9153117111,2.656506e-05,2.656506e-05,3.75686681373e-05
27.070695439,2.411642e-05,2.411642e-05,3.41057682399e-05
27.2269762066,2.189347e-05,2.189347e-05,3.09620422014e-05
27.3841591925,1.987543e-05,1.987543e-05,2.8108102664e-05
27.5422496054,1.804341e-05,1.804341e-05,2.55172351335e-05
27.7012526838,2.311851e-05,2.311851e-05,3.26945103839e-05
27.8611736966,2.962111e-05,2.962111e-05,4.18905754945e-05
28.0220179431,3.79527e-05,3.79527e-05,5.36732230687e-05
28.1837907532,4.862774e-05,4.862774e-05,6.87700094156e-05
28.3464974876,4.199606e-05,4.199606e-05,5.93913976182e-05
28.5101435378,3.626878e-05,3.626878e-05,5.12918005667e-05
28.6747343267,3.132257e-05,3.132257e-05,4.42968033024e-05
28.8402753081,2.705089e-05,2.705089e-05,3.82557355123e-05
29.0067719676,2.669842e-05,2.669842e-05,3.77572676579e-05
29.1742298225,2.635054e-05,2.635054e-05,3.72652910439e-05
29.3426544217,2.600719e-05,2.600719e-05,3.67797208172e-05
29.5120513464,2.566831e-05,2.566831e-05,3.63004721252e-05
29.6824262098,2.673201e-05,2.673201e-05,3.78047710915e-05
29.8537846576,2.78398e-05,2.78398e-05,3.93714227338e-05
30.0261323681,2.899348e-05,2.899348e-05,4.10029726364e-05
30.1994750524,3.019499e-05,3.019499e-05,4.27021643737e-05
30.3738184546,2.914941e-05,2.914941e-05,4.12234909572e-05
30.5491683518,2.814004e-05,2.814004e-05,3.97960262137e-05
30.7255305546,2.716562e-05,2.716562e-05,3.84179882343e-05
30.9029109071,2.622494e-05,2.622494e-05,3.70876658204e-05
31.0813152871,2.628397e-05,2.628397e-05,3.7171146847e-05
31.2607496065,2.634312e-05,2.634312e-05,3.72547975792e-05
31.441219811,2.640241e-05,2.640241e-05,3.73386463013e-05
31.622731881,2.646184e-05,2.646184e-05,3.74226930133e-05
31.8052918312,2.666983e-05,2.666983e-05,3.77168352922e-05
31.9889057111,2.687945e-05,2.687945e-05,3.80132827391e-05
32.1735796051,2.709072e-05,2.709072e-05,3.83120636385e-05
32.3593196326,2.730365e-05,2.730365e-05,3.86131921323e-05
32.5461319486,2.704693e-05,2.704693e-05,3.82501352266e-05
32.7340227434,2.679263e-05,2.679263e-05,3.78905007176e-05
32.9229982432,2.654071e-05,2.654071e-05,3.7534232037e-05
33.11306471,2.629117e-05,2.629117e-05,3.71813291847e-05
33.3042284421,2.613983e-05,2.613983e-05,3.69673021041e-05
33.496495774,2.598935e-05,2.598935e-05,3.67544912473e-05
33.6898730769,2.583974e-05,2.583974e-05,3.65429107562e-05
33.8843667586,2.5691e-05,2.5691e-05,3.63325606309e-05
34.0799832642,2.566552e-05,2.566552e-05,3.62965264694e-05
34.2767290758,2.564007e-05,2.564007e-05,3.62605347342e-05
34.4746107129,2.561465e-05,2.561465e-05,3.62245854254e-05
34.6736347326,2.558926e-05,2.558926e-05,3.61886785431e-05
34.8738077301,2.557079e-05,2.557079e-05,3.61625580186e-05
35.0751363385,2.555233e-05,2.555233e-05,3.61364516362e-05
35.2776272292,2.553389e-05,2.553389e-05,3.61103735381e-05
35.481287112,2.551545e-05,2.551545e-05,3.60842954401e-05
35.6861227357,2.571108e-05,2.571108e-05,3.63609580393e-05
35.8921408879,2.590821e-05,2.590821e-05,3.66397419588e-05
36.0993483954,2.610685e-05,2.610685e-05,3.69206613408e-05
36.3077521244,2.6307e-05,2.6307e-05,3.72037161853e-05
36.5173589808,2.657845e-05,2.657845e-05,3.75876044569e-05
36.7281759103,2.685269e-05,2.685269e-05,3.79754383842e-05
36.9402098987,2.712976e-05,2.712976e-05,3.83672745359e-05
37.1534679722,2.740969e-05,2.740969e-05,3.87631553384e-05
37.3679571975,2.761162e-05,2.761162e-05,3.90487274831e-05
37.5836846821,2.781504e-05,2.781504e-05,3.9336406806e-05
37.8006575745,2.801996e-05,2.801996e-05,3.96262074492e-05
38.0188830647,2.822639e-05,2.822639e-05,3.99181435548e-05
38.2383683838,2.855129e-05,2.855129e-05,4.03776215412e-05
38.459120805,2.887993e-05,2.887993e-05,4.08423886864e-05
38.6811476434,2.921236e-05,2.921236e-05,4.13125157009e-05
38.9044562561,2.95486e-05,2.95486e-05,4.17880308691e-05
39.129054043,2.989053e-05,2.989053e-05,4.22715929125e-05
39.3549484466,3.023642e-05,3.023642e-05,4.27607552416e-05
39.5821469523,3.058631e-05,3.058631e-05,4.32555744249e-05
39.8106570887,3.094027e-05,3.094027e-05,4.37561494575e-05
40.040486428,3.146467e-05,3.146467e-05,4.44977630496e-05
40.2716425861,3.199795e-05,3.199795e-05,4.52519348581e-05
40.5041332226,3.254027e-05,3.254027e-05,4.60188911573e-05
40.7379660418,3.309178e-05,3.309178e-05,4.67988440791e-05
40.9731487919,3.362164e-05,3.362164e-05,4.75481792772e-05
41.2096892664,3.415998e-05,3.415998e-05,4.83095070064e-05
41.4475953034,3.470694e-05,3.470694e-05,4.90830252565e-05
41.6868747863,3.526267e-05,3.526267e-05,4.98689461595e-05
41.9275356443,3.603329e-05,3.603329e-05,5.09587674149e-05
42.169585852,3.682075e-05,3.682075e-05,5.20724040267e-05
42.4130334302,3.762542e-05,3.762542e-05,5.3210379254e-05
42.6578864461,3.844765e-05,3.844765e-05,5.43731880714e-05
42.9041530132,3.932837e-05,3.932837e-05,5.561871424e-05
43.1518412923,4.022926e-05,4.022926e-05,5.68927650962e-05
43.4009594908,4.115079e-05,4.115079e-05,5.81960053204e-05
43.6515158637,4.209344e-05,4.209344e-05,5.95291137349e-05
43.9035187138,4.200164e-05,4.200164e-05,5.93992889299e-05
44.1569763917,4.191003e-05,4.191003e-05,5.92697328255e-05
44.4118972961,4.181863e-05,4.181863e-05,5.91404737059e-05
44.6682898744,4.172742e-05,4.172742e-05,5.90114832868e-05
44.9261626225,4.053313e-05,4.053313e-05,5.73225021714e-05
45.1855240857,3.937302e-05,3.937302e-05,5.56818588756e-05
45.4463828584,3.824612e-05,3.824612e-05,5.40881816121e-05
45.7087475846,3.715147e-05,3.715147e-05,5.25401127361e-05
45.9726269583,3.804004e-05,3.804004e-05,5.37967404812e-05
46.2380297236,3.894986e-05,3.894986e-05,5.50834202645e-05
46.5049646752,3.988144e-05,3.988144e-05,5.6400873335e-05
46.7734406585,4.083531e-05,4.083531e-05,5.77498492257e-05
47.0434665699,4.297034e-05,4.297034e-05,6.07692376078e-05
47.3150513572,4.521698e-05,4.521698e-05,6.39464663656e-05
47.5882040201,4.75811e-05,4.75811e-05,6.72898369326e-05
47.8629336098,5.006883e-05,5.006883e-05,7.08080184382e-05
48.1392492302,5.325959e-05,5.325959e-05,7.53204345044e-05
48.4171600373,5.665371e-05,5.665371e-05,8.01204450408e-05
48.6966752405,6.026411e-05,6.026411e-05,8.52263216863e-05
48.9778041018,6.410461e-05,6.410461e-05,9.06576088726e-05
49.2605559372,6.883828e-05,6.883828e-05,9.73520291864e-05
49.544940116,7.392152e-05,7.392152e-05,0.000104540816135
49.830966062,7.93801e-05,7.93801e-05,0.000112260414003
50.1186432531,8.524178e-05,8.524178e-05,0.000120550081357
50.4079812221,9.499054e-05,9.499054e-05,0.000134336909965
50.6989895567,0.0001058542,0.0001058542,0.000149700445274
50.9916779002,0.0001179603,0.0001179603,0.000166821056082
51.2860559511,0.0001314509,0.0001314509,0.000185899645566
51.5821334645,0.000146581,0.000146581,0.000207296838186
51.8799202513,0.0001634526,0.0001634526,0.000231156883725
52.1794261793,0.0001822662,0.0001822662,0.000257763332002
52.4806611732,0.0002032451,0.0002032451,0.000287431976906
52.783635215,0.0002184286,0.0002184286,0.00030890468853
53.0883583443,0.0002347463,0.0002347463,0.000331981401177
53.3948406587,0.0002522831,0.0002522831,0.000356782181578
53.7030923141,0.0002711299,0.0002711299,0.000383435581745
54.0131235251,0.0002875121,0.0002875121,0.000406603511166
54.324944565,0.0003048843,0.0003048843,0.000431171512015
54.6385657668,0.0003233061,0.0003233061,0.000457223871418
54.9539975227,0.0003428409,0.0003428409,0.000484850250516
55.2712502853,0.0003416915,0.0003416915,0.000483224753448
55.5903345674,0.0003405461,0.0003405461,0.000481604913233
55.9112609424,0.0003394044,0.0003394044,0.000479990305609
56.2340400449,0.0003382667,0.0003382667,0.000478381354839
56.5586825707,0.0003191081,0.0003191081,0.000451287002883
56.8851992775,0.0003010347,0.0003010347,0.000425727355485
57.213600985,0.0002839848,0.0002839848,0.000401615155668
57.5438985756,0.0002679006,0.0002679006,0.000378868661888
57.8761029941,0.0002395117,0.0002395117,0.000338720694487
58.210225249,0.0002141312,0.0002141312,0.000302827247167
58.5462764119,0.0001914401,0.0001914401,0.000270737185802
58.8842676185,0.0001711535,0.0001711535,0.000242047600948
59.2242100689,0.0001715739,0.0001715739,0.000242642136329
59.5661150277,0.0001719953,0.0001719953,0.000243238085924
59.9099938246,0.0001724178,0.0001724178,0.000243835591155
60.2558578547,0.0001728414,0.0001728414,0.00024443465202
60.6037185787,0.0001684494,0.0001684494,0.000238223426054
60.9535875239,0.0001641689,0.0001641689,0.0002321698849
61.3054762837,0.0001599973,0.0001599973,0.000226270351603
61.6593965186,0.0001559316,0.0001559316,0.000220520583523
62.0153599566,0.0001425006,0.0001425006,0.000201526281166
62.3733783931,0.0001302265,0.0001302265,0.00018416808248
62.7334636917,0.0001190096,0.0001190096,0.000168304990373
63.0956277846,0.0001087589,0.0001087589,0.000153808311409
63.4598826729,0.0001006587,0.0001006587,0.000142352898711
63.8262404266,9.316178e-05,9.316178e-05,0.000131750652771
64.194713186,8.622324e-05,8.622324e-05,0.0001219380754
64.5653131609,7.980146e-05,7.980146e-05,0.000112856307029
64.938052632,7.484834e-05,7.484834e-05,0.000105851537549
65.3129439507,7.020266e-05,7.020266e-05,9.92815538867e-05
65.6899995397,6.584532e-05,6.584532e-05,9.31193445628e-05
66.0692318935,6.175844e-05,6.175844e-05,8.7339623439e-05
66.4506535786,5.754523e-05,5.754523e-05,8.13812447159e-05
66.8342772344,5.361944e-05,5.361944e-05,7.58293392549e-05
67.2201155727,4.996148e-05,4.996148e-05,7.06562026122e-05
67.6081813792,4.655307e-05,4.655307e-05,6.58359829641e-05
67.9984875132,4.318609e-05,4.318609e-05,6.10743541839e-05
68.3910469082,4.006263e-05,4.006263e-05,5.66571146903e-05
68.7858725723,3.716507e-05,3.716507e-05,5.25593460405e-05
69.182977589,3.447709e-05,3.447709e-05,4.87579682692e-05
69.5823751171,3.25264e-05,3.25264e-05,4.59992760152e-05
69.9840783913,3.068608e-05,3.068608e-05,4.33966705121e-05
70.3881007229,2.894989e-05,2.894989e-05,4.09413270672e-05
70.7944554999,2.731192e-05,2.731192e-05,3.86248876784e-05
71.2031561878,2.593869e-05,2.593869e-05,3.66828471882e-05
71.6142163295,2.46345e-05,2.46345e-05,3.48384440023e-05
72.0276495463,2.339589e-05,2.339589e-05,3.30867849418e-05
72.4434695382,2.221955e-05,2.221955e-05,3.14231889598e-05
72.8616900841,2.111776e-05,2.111776e-05,2.98650225989e-05
73.2823250427,2.00706e-05,2.00706e-05,2.8384114725e-05
73.7053883523,1.907536e-05,1.907536e-05,2.69766328191e-05
74.1308940322,1.812948e-05,1.812948e-05,2.56389564948e-05
74.5588561821,1.731711e-05,1.731711e-05,2.44900918231e-05
74.9892889835,1.654115e-05,1.654115e-05,2.33927186672e-05
75.4222066996,1.579996e-05,1.579996e-05,2.2344517717e-05
75.8576236759,1.509197e-05,1.509197e-05,2.13432686569e-05
76.2955543409,1.441246e-05,1.441246e-05,2.03822963992e-05
76.7360132062,1.376355e-05,1.376355e-05,1.94645990764e-05
77.1790148672,1.314384e-05,1.314384e-05,1.85881967897e-05
77.6245740037,1.255204e-05,1.255204e-05,1.77512652034e-05
78.0727053801,1.342836e-05,1.342836e-05,1.89905688324e-05
78.5234238462,1.436586e-05,1.436586e-05,2.03163940472e-05
78.9767443373,1.536882e-05,1.536882e-05,2.17347936817e-05
79.4326818752,1.644179e-05,1.644179e-05,2.32522024077e-05
79.8912515681,1.217946e-05,1.217946e-05,1.72243575144e-05
80.3524686117,9.022089e-06,9.022089e-06,1.27591606247e-05
80.8163482892,6.683226e-06,6.683226e-06,9.4515088496e-06
81.2829059723,4.950683e-06,4.950683e-06,7.00132304161e-06
81.7521571212,4.978282e-06,4.978282e-06,7.04035392172e-06
82.2241172855,5.006034e-06,5.006034e-06,7.0796011765e-06
82.6988021044,5.033941e-06,5.033941e-06,7.11906763439e-06
83.1762273076,5.062003e-06,5.062003e-06,7.15875329537e-06
83.6564087154,4.953346e-06,4.953346e-06,7.00508909233e-06
84.1393622397,4.847022e-06,4.847022e-06,6.85472424952e-06
84.625103884,4.742979e-06,4.742979e-06,6.70758522785e-06
85.1136497443,4.64117e-06,4.64117e-06,6.56360555928e-06
85.6050160094,4.664383e-06,4.664383e-06,6.5964336987e-06
86.0992189619,4.687712e-06,4.687712e-06,6.6294258869e-06
86.5962749779,4.711158e-06,4.711158e-06,6.66258353808e-06
87.0962005286,4.73472e-06,4.73472e-06,6.69590523804e-06
87.5990121797,4.702122e-06,4.702122e-06,6.64980470433e-06
88.1047265931,4.669749e-06,4.669749e-06,6.60402236868e-06
88.6133605264,4.637598e-06,4.637598e-06,6.55855398843e-06
89.1249308343,4.60567e-06,4.60567e-06,6.51340097781e-06
89.6394544686,4.27238e-06,4.27238e-06,6.04205773961e-06
90.1569484791,3.963208e-06,3.963208e-06,5.60482250411e-06
90.6774300139,3.676409e-06,3.676409e-06,5.19922746863e-06
91.2009163202,3.410365e-06,3.410365e-06,4.82298443564e-06
91.7274247448,3.403496e-06,3.403496e-06,4.81327020268e-06
92.2569727344,3.396641e-06,3.396641e-06,4.80357576871e-06
92.7895778367,3.3898e-06,3.3898e-06,4.79390113373e-06
93.3252577005,3.382972e-06,3.382972e-06,4.78424488353e-06
93.8640300768,3.277539e-06,3.277539e-06,4.63514010501e-06
94.4059128186,3.175391e-06,3.175391e-06,4.49068101804e-06
94.9509238824,3.076427e-06,3.076427e-06,4.35072478705e-06
95.4990813282,2.980547e-06,2.980547e-06,4.21512999069e-06
96.0504033201,2.875286e-06,2.875286e-06,4.0662684569e-06
96.6049081274,2.773743e-06,2.773743e-06,3.92266496914e-06
97.1626141246,2.675786e-06,2.675786e-06,3.78413285121e-06
97.7235397923,2.581288e-06,2.581288e-06,3.65049249799e-06
98.287703718,2.49762e-06,2.49762e-06,3.53216807765e-06
98.8551245962,2.416664e-06,2.416664e-06,3.4176790045e-06
99.4258212296,2.338332e-06,2.338332e-06,3.30690082773e-06
99.9998125293,2.262538e-06,2.262538e-06,3.19971192498e-06
100.577117516,2.171776e-06,2.171776e-06,3.07135507364e-06
101.157755319,2.084654e-06,2.084654e-06,2.94814595966e-06
101.741745179,2.001027e-06,2.001027e-06,2.82987952207e-06
102.329106448,1.920755e-06,1.920755e-06,2.716357771e-06
102.91985859,1.813712e-06,1.813712e-06,2.56497610864e-06
103.514021179,1.712634e-06,1.712634e-06,2.42203023018e-06
104.111613905,1.61719e-06,1.61719e-06,2.28705203093e-06
104.71265657,1.527065e-06,1.527065e-06,2.15959603363e-06
105.317169091,1.435079e-06,1.435079e-06,2.02950818488e-06
105.9251715,1.348634e-06,1.348634e-06,1.90725649348e-06
106.536683943,1.267397e-06,1.267397e-06,1.79237002631e-06
107.151726685,1.191052e-06,1.191052e-06,1.68440189189e-06
107.770320105,1.063217e-06,1.063217e-06,1.50361590115e-06
108.392484703,9.491034e-07,9.491034e-07,1.34223490037e-06
109.018241096,8.472371e-07,8.472371e-07,1.19817419737e-06
109.647610017,7.563037e-07,7.563037e-07,1.06957494981e-06
110.280612324,5.545553e-07,5.545553e-07,7.84259626346e-07
110.917268991,4.066245e-07,4.066245e-07,5.75053882693e-07
111.557601116,2.98155e-07,2.98155e-07,4.21654844689e-07
112.201629918,2.186204e-07,2.186204e-07,3.09175934691e-07
112.849376736,2.426703e-07,2.426703e-07,3.43187629445e-07
113.500863036,2.693658e-07,2.693658e-07,3.80940767599e-07
114.156110407,2.989981e-07,2.989981e-07,4.22847168144e-07
114.81514056,3.318901e-07,3.318901e-07,4.69363480637e-07
115.477975334,5.692635e-07,5.692635e-07,8.05060162264e-07
116.144636693,9.764103e-07,9.764103e-07,1.3808526887e-06
116.815146729,1.674755e-06,1.674755e-06,2.36846123465e-06
117.48952766,2.872569e-06,2.872569e-06,4.06242603865e-06
118.167801833,3.579233e-06,3.579233e-06,5.06179985149e-06
118.849991724,4.459739e-06,4.459739e-06,6.30702337844e-06
119.536119939,5.556853e-06,5.556853e-06,7.85857687671e-06
120.226209214,6.923862e-06,6.923862e-06,9.7918195444e-06
120.920282416,6.600189e-06,6.600189e-06,9.33407679803e-06
121.618362544,6.291647e-06,6.291647e-06,8.89773251706e-06
122.320472732,5.997528e-06,5.997528e-06,8.48178543831e-06
123.026636244,5.717159e-06,5.717159e-06,8.08528379604e-06
123.736876481,4.810165e-06,4.810165e-06,6.80260058025e-06
124.451216978,4.047059e-06,4.047059e-06,5.72340572552e-06
125.169681406,3.405017e-06,3.405017e-06,4.81542122151e-06
125.892293573,2.864829e-06,2.864829e-06,4.05148002568e-06
126.619077423,2.677367e-06,2.677367e-06,3.78636872285e-06
127.350057041,2.502172e-06,2.502172e-06,3.53860557779e-06
128.085256649,2.338441e-06,2.338441e-06,3.30705497701e-06
128.824700609,2.185423e-06,2.185423e-06,3.09065484612e-06
129.568413423,2.001282e-06,2.001282e-06,2.83024014653e-06
130.316419737,1.832656e-06,1.832656e-06,2.59176697036e-06
131.068744336,1.678239e-06,1.678239e-06,2.3733883547e-06
131.825412151,1.536833e-06,1.536833e-06,2.1734100717e-06
132.586448256,1.477968e-06,1.477968e-06,2.09016239035e-06
133.351877867,1.421357e-06,1.421357e-06,2.01010234637e-06
134.121726351,1.366915e-06,1.366915e-06,1.93310973161e-06
134.896019216,1.314558e-06,1.314558e-06,1.85906575213e-06
135.674782122,1.460784e-06,1.460784e-06,2.0658605445e-06
136.458040872,1.623274e-06,1.623274e-06,2.29565610625e-06
137.245821423,1.803839e-06,1.803839e-06,2.55101357814e-06
138.038149879,2.00449e-06,2.00449e-06,2.83477694364e-06
138.835052496,2.044e-06,2.044e-06,2.89065252149e-06
139.636555679,2.084289e-06,2.084289e-06,2.94762977171e-06
140.442685989,2.125372e-06,2.125372e-06,3.00572990749e-06
141.253470138,2.167264e-06,2.167264e-06,3.06497414204e-06
142.068934993,2.074592e-06,2.074592e-06,2.93391614279e-06
142.889107576,1.985882e-06,1.985882e-06,2.80846125767e-06
143.714015066,1.900966e-06,1.900966e-06,2.68837189881e-06
144.543684796,1.81968e-06,1.81968e-06,2.57341613518e-06
145.37814426,1.70253e-06,1.70253e-06,2.40774101635e-06
146.21742111,1.592921e-06,1.592921e-06,2.25273048199e-06
147.061543155,1.490369e-06,1.490369e-06,2.10770005274e-06
147.910538368,1.39442e-06,1.39442e-06,1.97200767564e-06
148.764434882,1.166842e-06,1.166842e-06,1.65016378155e-06
149.623260993,9.764067e-07,9.764067e-07,1.38084759753e-06
150.487045158,8.170513e-07,8.170513e-07,1.15548502961e-06
151.355816003,6.837037e-07,6.837037e-07,9.66903045185e-07
152.229602313,7.958005e-07,7.958005e-07,1.12543186004e-06
153.108433046,9.262761e-07,9.262761e-07,1.30995222312e-06
153.992337321,1.078144e-06,1.078144e-06,1.52472586699e-06
154.88134443,1.254911e-06,1.254911e-06,1.77471215577e-06
155.77548383,9.218667e-07,9.218667e-07,1.30371638984e-06
156.674785152,6.772099e-07,6.772099e-07,9.57719425153e-07
157.579278194,4.974833e-07,4.974833e-07,7.03547629914e-07
158.48899293,3.654548e-07,3.654548e-07,5.16831134594e-07
159.403959505,4.380229e-07,4.380229e-07,6.1945792581e-07
160.324208236,5.250009e-07,5.250009e-07,7.42463393038e-07
161.24976962,6.292502e-07,6.292502e-07,8.89894166966e-07
162.180674325,7.542002e-07,7.542002e-07,1.06660015158e-06
163.1169532,6.907676e-07,6.907676e-07,9.76892908368e-07
164.05863727,6.3267e-07,6.3267e-07,8.94730494507e-07
165.005757739,5.794587e-07,5.794587e-07,8.19478352375e-07
165.958345992,5.307229e-07,5.307229e-07,7.50555523042e-07
166.916433595,6.334948e-07,6.334948e-07,8.95896937853e-07
167.880052295,7.561679e-07,7.561679e-07,1.06938289961e-06
168.849234025,9.02596e-07,9.02596e-07,1.27646350454e-06
169.8240109,1.077379e-06,1.077379e-06,1.52364399362e-06
170.804415221,1.320716e-06,1.320716e-06,1.86777447924e-06
171.790479475,1.619014e-06,1.619014e-06,2.28963155647e-06
172.782236339,1.984684e-06,1.984684e-06,2.80676702982e-06
173.779718674,2.432947e-06,2.432947e-06,3.44070664393e-06
174.782959536,2.882477e-06,2.882477e-06,4.07643806663e-06
175.791992169,3.415065e-06,3.415065e-06,4.82963123939e-06
176.806850008,4.046059e-06,4.046059e-06,5.72199151196e-06
177.827566682,4.793642e-06,4.793642e-06,6.77923352956e-06
178.854176016,4.063985e-06,4.063985e-06,5.74734270428e-06
179.886712028,3.445392e-06,3.445392e-06,4.87252009409e-06
180.925208934,2.920957e-06,2.920957e-06,4.13085700451e-06
181.969701144,2.476348e-06,2.476348e-06,3.50208492676e-06
183.020223272,3.871662e-06,3.871662e-06,5.47535690932e-06
184.076810128,6.053174e-06,6.053174e-06,8.5604807662e-06
185.139496723,9.463872e-06,9.463872e-06,1.3383936135e-05
186.208318273,1.479635e-05,1.479635e-05,2.09251988436e-05
187.283310195,1.828975e-05,1.828975e-05,2.58656125024e-05
188.36450811,2.260793e-05,2.260793e-05,3.19724412232e-05
189.451947847,2.794563e-05,2.794563e-05,3.95210889551e-05
190.545665439,3.454355e-05,3.454355e-05,4.88519569025e-05
191.645697129,4.8473e-05,4.8473e-05,6.85511740089e-05
192.752079368,6.80194e-05,6.80194e-05,9.61939579845e-05
193.86484882,9.544776e-05,9.544776e-05,0.00013498351669
194.984042357,0.0001339364,0.0001339364,0.000189414673375
196.109697066,8.987832e-05,8.987832e-05,0.000127107139107
197.241850248,6.031302e-05,6.031302e-05,8.52954908717e-05
198.38053942,4.047318e-05,4.047318e-05,5.72377200684e-05
199.525802313,2.715959e-05,2.715959e-05,3.84094605265e-05
200.677676878,1.884324e-05,1.884324e-05,2.66483655671e-05
201.836201285,1.307338e-05,1.307338e-05,1.84885513021e-05
203.001413923,9.070272e-06,9.070272e-06,1.28273016768e-05
204.173353405,6.292925e-06,6.292925e-06,8.899539882e-06
205.352058565,4.923857e-06,4.923857e-06,6.96338534859e-06
206.537568461,3.852639e-06,3.852639e-06,5.44845432473e-06
207.729922378,3.014471e-06,3.014471e-06,4.26310577158e-06
208.929159826,2.358653e-06,2.358653e-06,3.33563906153e-06
210.135320544,1.633917e-06,1.633917e-06,2.31070758119e-06
211.348444502,1.131868e-06,1.131868e-06,1.60070307642e-06
212.568571898,7.840828e-07,7.840828e-07,1.10886052978e-06
213.795743164,5.4316e-07,5.4316e-07,7.68144238539e-07
215.029998963,4.733229e-07,4.733229e-07,6.69379664562e-07
216.271380197,4.124652e-07,4.124652e-07,5.83313879847e-07
217.519927999,3.594322e-07,3.594322e-07,5.08313891994e-07
218.775683744,3.132179e-07,3.132179e-07,4.42957002158e-07
220.038689043,5.950812e-07,5.950812e-07,8.41571903753e-07
221.308985748,1.130592e-06,1.130592e-06,1.59889853991e-06
222.586615953,2.148006e-06,2.148006e-06,3.03773921726e-06
223.871621995,4.080986e-06,4.080986e-06,5.77138574905e-06
225.164046454,5.201165e-06,5.201165e-06,7.35555808314e-06
226.463932159,6.628817e-06,6.628817e-06,9.37456290389e-06
227.771322182,8.44834e-06,8.44834e-06,1.19477570075e-05
229.086259848,1.07673e-05,1.07673e-05,1.52272616901e-05
230.408788728,8.686709e-06,8.686709e-06,1.22848616802e-05
231.738952648,7.008157e-06,7.008157e-06,9.91103067664e-06
233.076795685,5.653955e-06,5.653955e-06,7.99589984205e-06
234.422362171,4.561429e-06,4.561429e-06,6.4508347556e-06
235.775696694,3.115241e-06,3.115241e-06,4.40561607226e-06
237.136844099,2.127563e-06,2.127563e-06,3.0088284494e-06
238.505849491,1.453025e-06,1.453025e-06,2.05488766147e-06
239.882758234,9.923476e-07,9.923476e-07,1.40339143451e-06
241.267615955,6.014887e-07,6.014887e-07,8.50633477154e-07
242.660468543,3.645786e-07,3.645786e-07,5.15592000671e-07
244.061362154,2.209809e-07,2.209809e-07,3.12514185805e-07
245.470343209,1.339425e-07,1.339425e-07,1.89423300078e-07
246.887458397,1.089334e-07,1.089334e-07,1.54055091675e-07
248.312754677,8.859395e-08,8.859395e-08,1.25290765634e-07
249.746279278,7.205214e-08,7.205214e-08,1.01897113586e-07
251.188079705,5.859894e-08,5.859894e-08,8.28714156887e-08
252.638203732,7.64758e-08,7.64758e-08,1.08153113553e-07
254.096699414,9.980637e-08,9.980637e-08,1.41147522065e-07
255.56361508,1.302544e-07,1.302544e-07,1.84207539039e-07
257.038999339,1.699914e-07,1.699914e-07,2.40404143367e-07
258.522901081,1.637721e-07,1.637721e-07,2.31608724958e-07
260.015369477,1.577804e-07,1.577804e-07,2.23135181557e-07
261.516453985,1.520079e-07,1.520079e-07,2.14971633768e-07
263.026204344,1.464466e-07,1.464466e-07,2.07106767883e-07
264.544670583,1.863948e-07,1.863948e-07,2.63602054116e-07
266.071903021,2.372402e-07,2.372402e-07,3.3550830838e-07
267.607952264,3.019553e-07,3.019553e-07,4.2702928049e-07
269.152869212,3.843238e-07,3.843238e-07,5.43515930303e-07
270.70670506,2.914274e-07,2.914274e-07,4.12140581527e-07
272.269511296,2.209854e-07,2.209854e-07,3.12520549766e-07
273.841339708,1.675702e-07,1.675702e-07,2.3698004949e-07
275.42224238,1.270661e-07,1.270661e-07,1.79698601938e-07
277.0122717,9.655987e-08,9.655987e-08,1.36556277735e-07
278.611480355,7.337761e-08,7.337761e-08,1.03771611237e-07
280.219921339,5.576098e-08,5.576098e-08,7.88579341672e-08
281.83764795,4.237378e-08,4.237378e-08,5.9925574365e-08
283.464713795,5.711978e-08,5.711978e-08,8.07795675558e-08
285.10117279,7.699737e-08,7.699737e-08,1.08890724921e-07
286.747079163,1.037923e-07,1.037923e-07,1.4678447833e-07
288.402487452,1.399119e-07,1.399119e-07,1.97865306517e-07
290.067452514,2.618101e-07,2.618101e-07,3.70255394186e-07
291.74202952,4.899123e-07,4.899123e-07,6.92840619033e-07
293.426273962,9.167486e-07,9.167486e-07,1.29647830341e-06
295.120241648,1.715467e-06,1.715467e-06,2.4260366972e-06
296.823988713,1.037928e-06,1.037928e-06,1.46785185437e-06
298.537571612,6.279886e-07,6.279886e-07,8.88109995136e-07
300.26104713,3.799587e-07,3.799587e-07,5.37342746682e-07
301.994472377,2.298904e-07,2.298904e-07,3.25114121539e-07
303.737904793,1.739915e-07,1.739915e-07,2.46061139038e-07
305.49140215,1.316847e-07,1.316847e-07,1.86230288697e-07
307.255022553,9.966503e-08,9.966503e-08,1.4094763712e-07
309.028824445,7.543105e-08,7.543105e-08,1.06675613934e-07
310.812866602,5.139893e-08,5.139893e-08,7.26890638975e-08
312.607208143,3.502338e-08,3.502338e-08,4.95305389961e-08
314.411908526,2.386503e-08,2.386503e-08,3.37502490924e-08
316.227027554,1.62617e-08,1.62617e-08,2.29975166872e-08
318.052625375,2.011513e-08,2.011513e-08,2.84470896549e-08
319.888762483,2.488169e-08,2.488169e-08,3.51880234528e-08
321.735499721,3.077776e-08,3.077776e-08,4.35263256115e-08
323.592898286,3.807097e-08,3.807097e-08,5.38404821067e-08
325.461019725,3.84312e-08,3.84312e-08,5.43499242583e-08
327.339925943,3.879484e-08,3.879484e-08,5.48641888781e-08
329.2296792,3.916193e-08,3.916193e-08,5.53833325347e-08
331.130342118,3.953248e-08,3.953248e-08,5.59073693702e-08
333.041977678,5.11785e-08,5.11785e-08,7.23773288019e-08
334.964649226,6.625535e-08,6.625535e-08,9.36992145498e-08
336.898420474,8.577375e-08,8.577375e-08,1.21302400546e-07
338.8433555,1.110422e-07,1.110422e-07,1.57037385236e-07
340.799518754,1.357013e-07,1.357013e-07,1.91910618892e-07
342.766975058,1.658364e-07,1.658364e-07,2.34528086015e-07
344.745789606,2.026637e-07,2.026637e-07,2.86609753141e-07
346.73602797,2.476692e-07,2.476692e-07,3.50257141622e-07
348.737756102,1.779654e-07,1.779654e-07,2.51681082313e-07
350.751040331,1.278789e-07,1.278789e-07,1.80848074721e-07
352.775947373,9.188878e-08,9.188878e-08,1.29950358906e-07
354.812544325,6.602762e-08,6.602762e-08,9.33771556952e-08
356.860898676,6.046136e-08,6.046136e-08,8.55052753115e-08
358.9210783,5.536435e-08,5.536435e-08,7.8297014642e-08
360.993151467,5.069703e-08,5.069703e-08,7.1696427398e-08
363.077186837,4.642317e-08,4.642317e-08,6.56522766224e-08
365.173253471,7.019258e-08,7.019258e-08,9.9267298614e-08
367.281420824,1.061323e-07,1.061323e-07,1.50093738066e-07
369.401758755,1.604738e-07,1.604738e-07,2.26944224366e-07
371.534337526,2.426391e-07,2.426391e-07,3.43143505982e-07
373.679227803,2.512356e-07,2.512356e-07,3.55300792871e-07
375.836500662,2.601366e-07,2.601366e-07,3.6788870779e-07
378.006227589,2.693529e-07,2.693529e-07,3.80922524245e-07
380.18848048,2.788958e-07,2.788958e-07,3.94418222849e-07
382.38333165,3.769445e-07,3.769445e-07,5.33080024162e-07
384.590853829,5.094631e-07,5.094631e-07,7.20489625549e-07
386.811120167,6.8857e-07,6.8857e-07,9.73785032643e-07
389.044204238,9.306441e-07,9.306441e-07,1.31612950796e-06
391.290180039,6.953692e-07,6.953692e-07,9.83400553497e-07
393.549121994,5.195739e-07,5.195739e-07,7.34788456035e-07
395.821104958,3.882211e-07,3.882211e-07,5.49027544819e-07
398.106204217,2.900753e-07,2.900753e-07,4.10228423369e-07
400.404495494,2.040629e-07,2.040629e-07,2.88588520757e-07
402.716054945,1.435547e-07,1.435547e-07,2.03017003682e-07
405.04095917,1.009882e-07,1.009882e-07,1.4281888208e-07
407.379285207,7.10434e-08,7.10434e-08,1.00470539797e-07
409.731110543,1.454955e-07,1.454955e-07,2.05761709364e-07
412.096513109,2.979721e-07,2.979721e-07,4.21396185029e-07
414.475571287,6.10241e-07,6.10241e-07,8.63011098516e-07
416.868363913,1.249763e-06,1.249763e-06,1.76743178435e-06
419.274970276,1.057072e-06,1.057072e-06,1.4949255588e-06
421.695470124,8.940912e-07,8.940912e-07,1.26443590104e-06
424.129943664,7.562386e-07,7.562386e-07,1.06948288451e-06
426.578471567,6.396402e-07,6.396402e-07,9.04587845879e-07
429.041134971,4.654305e-07,4.654305e-07,6.58218125442e-07
431.51801548,3.386678e-07,3.386678e-07,4.78948595899e-07
434.00919517,2.464297e-07,2.464297e-07,3.48504223912e-07
436.514756592,1.793131e-07,1.793131e-07,2.53587017931e-07
439.034782772,2.296559e-07,2.296559e-07,3.24782488459e-07
441.569357216,2.941327e-07,2.941327e-07,4.15966453477e-07
444.118563912,3.767116e-07,3.767116e-07,5.32750653823e-07
446.682487334,4.824748e-07,4.824748e-07,6.82322405663e-07
449.26121244,5.45528e-07,5.45528e-07,7.71493096254e-07
451.854824684,6.168215e-07,6.168215e-07,8.72317330863e-07
454.463410008,6.97432e-07,6.97432e-07,9.86317793233e-07
457.087054853,7.88577e-07,7.88577e-07,1.11521628838e-06
459.72584616,7.687598e-07,7.687598e-07,1.08719053537e-06
462.379871368,7.494406e-07,7.494406e-07,1.05986906071e-06
465.049218426,7.306069e-07,7.306069e-07,1.03323418674e-06
467.733975785,7.122463e-07,7.122463e-07,1.00726837721e-06
470.434232413,1.812629e-06,1.812629e-06,2.56344451535e-06
473.150077785,4.613045e-06,4.613045e-06,6.52383080284e-06
475.881601898,1.173996e-05,1.173996e-05,1.66028106537e-05
478.628895265,2.987758e-05,2.987758e-05,4.22532788469e-05
481.392048923,2.033482e-05,2.033482e-05,2.87577782324e-05
484.171154435,1.383998e-05,1.383998e-05,1.9572687419e-05
486.966303892,9.419553e-06,9.419553e-06,1.33212596041e-05
489.777589916,6.41099e-06,6.41099e-06,9.06650900624e-06
492.605105665,7.971572e-06,7.971572e-06,1.12735052358e-05
495.448944835,9.912035e-06,9.912035e-06,1.40177343277e-05
498.30920166,1.232485e-05,1.232485e-05,1.74299700242e-05
501.185970921,1.532501e-05,1.532501e-05,2.16728369855e-05
504.079347946,1.791483e-05,1.791483e-05,2.53353955536e-05
506.989428613,2.09423e-05,2.09423e-05,2.96168846873e-05
509.916309351,2.448139e-05,2.448139e-05,3.46219137637e-05
512.86008715,2.861855e-05,2.861855e-05,4.04727415455e-05
515.820859556,1.079623e-05,1.079623e-05,1.52681748885e-05
518.798724681,4.072832e-06,4.072832e-06,5.75985425167e-06
521.793781203,1.536459e-06,1.536459e-06,2.17288115583e-06
524.806128367,5.796223e-07,5.796223e-07,8.19709717714e-07
527.835865994,6.627562e-07,6.627562e-07,9.37278806587e-07
530.883094481,7.578137e-07,7.578137e-07,1.07171041229e-06
533.947914803,8.665052e-07,8.665052e-07,1.22542340571e-06
537.030428518,9.90786e-07,9.90786e-07,1.40118299861e-06
540.130737772,1.103259e-06,1.103259e-06,1.56024384061e-06
543.248945299,1.228499e-06,1.228499e-06,1.73735994716e-06
546.385154428,1.367957e-06,1.367957e-06,1.93458334214e-06
549.539469082,1.523245e-06,1.523245e-06,2.15419373782e-06
552.711993787,2.119712e-06,2.119712e-06,2.99772545872e-06
555.902833669,2.949741e-06,2.949741e-06,4.17156372769e-06
559.112094463,4.104788e-06,4.104788e-06,5.80504686027e-06
562.339882514,5.712127e-06,5.712127e-06,8.0781674734e-06
565.586304782,3.633769e-06,3.633769e-06,5.13892540233e-06
568.851468843,2.311622e-06,2.311622e-06,3.26912718348e-06
572.135482894,1.470538e-06,1.470538e-06,2.07965478359e-06
575.438455757,9.354824e-07,9.354824e-07,1.32297189744e-06
578.760496883,1.026498e-06,1.026498e-06,1.45168739335e-06
582.101716354,1.126369e-06,1.126369e-06,1.59292631604e-06
585.462224888,1.235956e-06,1.235956e-06,1.7479057377e-06
588.842133841,1.356205e-06,1.356205e-06,1.91796350436e-06
592.241555215,9.565219e-07,9.565219e-07,1.35272624369e-06
595.660601653,6.74628e-07,6.74628e-07,9.54068067157e-07
599.099386455,4.758103e-07,4.758103e-07,6.72897379377e-07
602.55802357,3.355856e-07,3.355856e-07,4.74589706857e-07
606.036627607,2.416426e-07,2.416426e-07,3.41734242167e-07
609.535313836,1.739977e-07,1.739977e-07,2.46069907162e-07
613.054198193,1.252892e-07,1.252892e-07,1.77185685859e-07
616.593397283,9.021602e-08,9.021602e-08,1.27584719027e-07
620.153028384,1.074142e-07,1.074142e-07,1.51906618431e-07
623.733209451,1.27891e-07,1.27891e-07,1.80865186705e-07
627.334059121,1.522714e-07,1.522714e-07,2.15344279042e-07
630.955696715,1.812995e-07,1.812995e-07,2.56396211751e-07
634.598242242,1.860781e-07,1.860781e-07,2.63154172681e-07
638.261816405,1.909827e-07,1.909827e-07,2.70090324519e-07
641.946540605,1.960165e-07,1.960165e-07,2.77209192749e-07
645.652536941,2.01183e-07,2.01183e-07,2.84515727119e-07
649.379928219,1.205284e-07,1.205284e-07,1.70452897931e-07
653.128837952,7.22084e-08,7.22084e-08,1.02118098597e-07
656.89939037,4.325995e-08,4.325995e-08,6.11788079976e-08
660.691710415,2.591695e-08,2.591695e-08,3.66521021853e-08
664.505923754,1.608517e-08,1.608517e-08,2.27478655671e-08
668.342156778,9.983148e-09,9.983148e-09,1.41183032968e-08
672.200536608,6.19597e-09,6.19597e-09,8.76242480606e-09
676.081191098,3.845485e-09,3.845485e-09,5.4383370409e-09
679.984248843,5.112488e-09,5.112488e-09,7.23014986707e-09
683.909839177,6.796942e-09,6.796942e-09,9.61232755906e-09
687.858092182,9.036386e-09,9.036386e-09,1.2779379636e-08
691.829138692,1.201368e-08,1.201368e-08,1.698990919e-08
695.823110294,1.228133e-08,1.228133e-08,1.736842345e-08
699.840139336,1.255494e-08,1.255494e-08,1.77553664228e-08
703.880358931,1.283465e-08,1.283465e-08,1.81509360983e-08
707.943902959,1.312059e-08,1.312059e-08,1.85553163243e-08
712.030906073,1.555965e-08,1.555965e-08,2.20046680558e-08
716.141503704,1.845212e-08,1.845212e-08,2.60952383585e-08
720.275832064,2.188229e-08,2.188229e-08,3.09462312938e-08
724.434028153,2.595013e-08,2.595013e-08,3.66990257913e-08
728.616229761,3.503186e-08,3.503186e-08,4.95425315272e-08
732.822575472,4.729192e-08,4.729192e-08,6.68808746547e-08
737.053204672,6.384262e-08,6.384262e-08,9.02870990614e-08
741.308257551,8.61856e-08,8.61856e-08,1.21884844401e-07
745.587875109,7.458946e-08,7.458946e-08,1.05485425942e-07
749.892199159,6.455356e-08,6.455356e-08,9.12925200515e-08
754.221372332,5.586797e-08,5.586797e-08,7.90092408763e-08
758.575538085,4.835103e-08,4.835103e-08,6.83786823807e-08
762.954840701,2.142325e-08,2.142325e-08,3.02970507001e-08
767.359425297,9.49216e-09,9.49216e-09,1.34239414082e-08
771.789437827,4.205763e-09,4.205763e-09,5.94784707473e-09
776.245025089,1.863477e-09,1.863477e-09,2.63535444657e-09
780.726334726,6.843017e-09,6.843017e-09,9.67748744895e-09
785.233515235,2.512876e-08,2.512876e-08,3.55374331976e-08
789.766715971,9.227723e-08,9.227723e-08,1.30499710164e-07
794.32608715,3.388582e-07,3.388582e-07,4.79217862161e-07
798.911779856,3.844053e-07,3.844053e-07,5.43631188708e-07
803.523946043,4.360744e-07,4.360744e-07,6.16702330684e-07
808.162738546,4.946886e-07,4.946886e-07,6.99595327271e-07
812.82831108,5.611812e-07,5.611812e-07,7.93630063989e-07
817.520818247,6.144442e-07,6.144442e-07,8.68955320961e-07
822.240415543,6.727624e-07,6.727624e-07,9.51429710335e-07
826.98725936,7.366159e-07,7.366159e-07,1.04173219604e-06
831.761506995,8.065301e-07,8.065301e-07,1.14060580588e-06
836.563316651,6.197907e-07,6.197907e-07,8.76516413773e-07
841.392847445,4.762879e-07,4.762879e-07,6.73572807774e-07
846.250259414,3.660108e-07,3.660108e-07,5.17617437335e-07
851.135713517,2.812667e-07,2.812667e-07,3.97771181784e-07
856.049371643,3.366509e-07,3.366509e-07,4.76096268565e-07
860.991396616,4.029409e-07,4.029409e-07,5.69844485615e-07
865.961952199,4.822841e-07,4.822841e-07,6.82052715137e-07
870.9612031,5.772509e-07,5.772509e-07,8.16356051672e-07
875.989314981,5.63964e-07,5.63964e-07,7.9756553749e-07
881.046454456,5.509829e-07,5.509829e-07,7.79207489816e-07
886.132789105,5.383006e-07,5.383006e-07,7.61272009154e-07
891.248487472,5.259102e-07,5.259102e-07,7.4374933743e-07
896.393719077,5.051482e-07,5.051482e-07,7.14387435448e-07
901.568654415,4.852059e-07,4.852059e-07,6.86184764323e-07
906.77346497,4.660508e-07,4.660508e-07,6.59095362115e-07
912.008323211,4.47652e-07,4.47652e-07,6.33075529623e-07
917.273402607,3.434434e-07,3.434434e-07,4.85702314188e-07
922.568877626,2.634934e-07,2.634934e-07,3.72635939876e-07
927.894923743,2.021549e-07,2.021549e-07,2.8589020128e-07
933.251717448,1.550954e-07,1.550954e-07,2.19338018142e-07
938.639436248,6.412878e-08,6.412878e-08,9.06917904144e-08
944.058258676,2.651593e-08,2.651593e-08,3.74991878249e-08
949.508364294,1.096379e-08,1.096379e-08,1.5505140513e-08
954.989933703,4.533301e-09,4.533301e-09,6.41105575652e-09
960.503148545,4.822971e-09,4.822971e-09,6.82071099913e-09
966.04819151,5.131151e-09,5.131151e-09,7.25654333478e-09
971.625246345,5.459023e-09,5.459023e-09,7.72022436391e-09
977.234497856,5.807846e-09,5.807846e-09,8.21353458137e-09
982.876131917,7.126635e-09,7.126635e-09,1.00785838711e-08
988.550335473,8.744882e-09,8.744882e-09,1.23671307258e-08
994.257296551,1.073059e-08,1.073059e-08,1.51753459103e-08
999.997204261,1.316718e-08,1.316718e-08,1.86212045342e-08
