#I+8.670000E+02
+2.000000E+00
+8.010000E+02
+8.010000E+02
+1.000000E+01
+0.000000E+00
+3.000000E+00
+0.000000E+00
+1.000000E+00
+1.000000E+00
+1.000000E+00
+1.000000E+00
+2.497000E+03
-1.092400E+04
+2.025600E+04
-1.299100E+04
-1.119200E+04
+0.000000E+00
+0.000000E+00
+0.000000E+00
+0.000000E+00
+0.000000E+00
+0.000000E+00
+0.000000E+00
+0.000000E+00
+0.000000E+00
+0.000000E+00
+0.000000E+00
+0.000000E+00
+0.000000E+00
+0.000000E+00
+0.000000E+00
+0.000000E+00
+0.000000E+00
+0.000000E+00
+0.000000E+00
+1.000000E+00
+0.000000E+00
+1.000000E+00
+0.000000E+00
+0.000000E+00
+1.000000E+00
+0.000000E+00
+1.000000E+00
+2.000000E+00
+3.000000E+00
+4.500000E+01
+4.500000E+01
+0.000000E+00
+0.000000E+00
+2.000000E+00
+0.000000E+00
+0.000000E+00
+0.000000E+00
+0.000000E+00
+0.000000E+00
+2.499999E-03
+3.990503E-04
+0.000000E+00
+0.000000E+00
+0.000000E+00
+1.000000E+00
+1.000000E+00
+0.000000E+00
+0.000000E+00
+9.9999904632568339E+00
+9.9999904632568339E+00
+4.637489E-07
+4.802927E-07
+4.974265E-07
+5.151717E-07
+5.335498E-07
+5.562382E-07
+5.798913E-07
+6.045502E-07
+6.302577E-07
+6.496165E-07
+6.695699E-07
+6.901362E-07
+7.113343E-07
+7.393761E-07
+7.685232E-07
+7.988194E-07
+8.303099E-07
+8.575947E-07
+8.857761E-07
+9.148836E-07
+9.449479E-07
+9.825462E-07
+1.021640E-06
+1.062290E-06
+1.104557E-06
+1.137405E-06
+1.171230E-06
+1.206061E-06
+1.241928E-06
+1.291619E-06
+1.343298E-06
+1.397045E-06
+1.452942E-06
+1.495439E-06
+1.539180E-06
+1.584199E-06
+1.630536E-06
+1.700555E-06
+1.773581E-06
+1.849743E-06
+1.929175E-06
+2.009823E-06
+2.093843E-06
+2.181376E-06
+2.272568E-06
+2.354752E-06
+2.439909E-06
+2.528145E-06
+2.619572E-06
+2.736072E-06
+2.857753E-06
+2.984846E-06
+3.117590E-06
+3.238714E-06
+3.364543E-06
+3.495262E-06
+3.631058E-06
+3.812246E-06
+4.002475E-06
+4.202197E-06
+4.411885E-06
+4.611618E-06
+4.820394E-06
+5.038621E-06
+5.266727E-06
+5.560291E-06
+5.870219E-06
+6.197421E-06
+6.542863E-06
+6.845366E-06
+7.161856E-06
+7.492978E-06
+7.839413E-06
+8.313500E-06
+8.816257E-06
+9.349420E-06
+9.914829E-06
+1.034594E-05
+1.079579E-05
+1.126520E-05
+1.175502E-05
+1.249657E-05
+1.328489E-05
+1.412295E-05
+1.501387E-05
+1.602652E-05
+1.710747E-05
+1.826133E-05
+1.949300E-05
+2.056637E-05
+2.169885E-05
+2.289368E-05
+2.415432E-05
+2.593099E-05
+2.783835E-05
+2.988601E-05
+3.208428E-05
+3.385432E-05
+3.572202E-05
+3.769276E-05
+3.977223E-05
+4.302298E-05
+4.653943E-05
+5.034330E-05
+5.445808E-05
+5.886271E-05
+6.362359E-05
+6.876954E-05
+7.433167E-05
+7.750529E-05
+8.081440E-05
+8.426479E-05
+8.786254E-05
+9.109682E-05
+9.445015E-05
+9.792692E-05
+1.015317E-04
+1.045828E-04
+1.077257E-04
+1.109630E-04
+1.142975E-04
+1.141606E-04
+1.140238E-04
+1.138872E-04
+1.137508E-04
+1.110974E-04
+1.085059E-04
+1.059748E-04
+1.035028E-04
+9.976234E-05
+9.615703E-05
+9.268200E-05
+8.933259E-05
+8.618736E-05
+8.315284E-05
+8.022517E-05
+7.740057E-05
+7.540753E-05
+7.346579E-05
+7.157406E-05
+6.973103E-05
+6.716593E-05
+6.469521E-05
+6.231536E-05
+6.002308E-05
+5.820447E-05
+5.644097E-05
+5.473090E-05
+5.307265E-05
+5.233867E-05
+5.161484E-05
+5.090101E-05
+5.019706E-05
+4.863780E-05
+4.712697E-05
+4.566307E-05
+4.424463E-05
+4.371538E-05
+4.319246E-05
+4.267581E-05
+4.216533E-05
+4.084105E-05
+3.955836E-05
+3.831595E-05
+3.711257E-05
+3.561491E-05
+3.417768E-05
+3.279845E-05
+3.147489E-05
+3.074218E-05
+3.002652E-05
+2.932753E-05
+2.864480E-05
+2.664670E-05
+2.478797E-05
+2.305890E-05
+2.145044E-05
+2.667681E-05
+3.317659E-05
+4.126003E-05
+5.131299E-05
+4.636092E-05
+4.188676E-05
+3.784438E-05
+3.419213E-05
+3.489426E-05
+3.561081E-05
+3.634208E-05
+3.708838E-05
+3.532271E-05
+3.364110E-05
+3.203954E-05
+3.051423E-05
+3.062263E-05
+3.073141E-05
+3.084058E-05
+3.095016E-05
+3.029362E-05
+2.965100E-05
+2.902202E-05
+2.840638E-05
+2.822336E-05
+2.804151E-05
+2.786084E-05
+2.768133E-05
+2.763789E-05
+2.759452E-05
+2.755121E-05
+2.750797E-05
+2.764289E-05
+2.777848E-05
+2.791473E-05
+2.805164E-05
+2.791659E-05
+2.778219E-05
+2.764844E-05
+2.751532E-05
+2.758933E-05
+2.766352E-05
+2.773792E-05
+2.781252E-05
+2.795943E-05
+2.810711E-05
+2.825557E-05
+2.840482E-05
+2.856625E-05
+2.872859E-05
+2.889186E-05
+2.905606E-05
+2.915594E-05
+2.925617E-05
+2.935675E-05
+2.945767E-05
+2.975554E-05
+3.005641E-05
+3.036033E-05
+3.066732E-05
+3.093695E-05
+3.120895E-05
+3.148333E-05
+3.176014E-05
+3.228449E-05
+3.281750E-05
+3.335931E-05
+3.391007E-05
+3.441990E-05
+3.493740E-05
+3.546268E-05
+3.599586E-05
+3.660050E-05
+3.721529E-05
+3.784042E-05
+3.847603E-05
+3.941065E-05
+4.036797E-05
+4.134854E-05
+4.235291E-05
+4.224502E-05
+4.213741E-05
+4.203008E-05
+4.192302E-05
+4.063016E-05
+3.937716E-05
+3.816281E-05
+3.698590E-05
+3.776951E-05
+3.856972E-05
+3.938688E-05
+4.022135E-05
+4.262352E-05
+4.516916E-05
+4.786684E-05
+5.072564E-05
+5.364925E-05
+5.674137E-05
+6.001170E-05
+6.347053E-05
+6.790094E-05
+7.264060E-05
+7.771110E-05
+8.313556E-05
+9.276731E-05
+1.035149E-04
+1.155078E-04
+1.288900E-04
+1.439543E-04
+1.607793E-04
+1.795707E-04
+2.005585E-04
+2.162603E-04
+2.331914E-04
+2.514481E-04
+2.711340E-04
+2.894224E-04
+3.089444E-04
+3.297831E-04
+3.520275E-04
+3.522861E-04
+3.525449E-04
+3.528039E-04
+3.530630E-04
+3.334923E-04
+3.150065E-04
+2.975453E-04
+2.810520E-04
+2.520194E-04
+2.259858E-04
+2.026414E-04
+1.817086E-04
+1.829152E-04
+1.841299E-04
+1.853527E-04
+1.865835E-04
+1.888284E-04
+1.911002E-04
+1.933994E-04
+1.957263E-04
+1.751828E-04
+1.567956E-04
+1.403383E-04
+1.256083E-04
+1.143040E-04
+1.040171E-04
+9.465590E-05
+8.613718E-05
+8.005106E-05
+7.439496E-05
+6.913850E-05
+6.425346E-05
+6.027250E-05
+5.653820E-05
+5.303526E-05
+4.974936E-05
+4.616848E-05
+4.284535E-05
+3.976141E-05
+3.689945E-05
+3.482390E-05
+3.286510E-05
+3.101648E-05
+2.927184E-05
+2.769153E-05
+2.619653E-05
+2.478224E-05
+2.344430E-05
+2.238142E-05
+2.136673E-05
+2.039804E-05
+1.947327E-05
+1.881210E-05
+1.817338E-05
+1.755635E-05
+1.696027E-05
+1.589693E-05
+1.490027E-05
+1.396609E-05
+1.309048E-05
+1.324169E-05
+1.339464E-05
+1.354936E-05
+1.370587E-05
+1.042390E-05
+7.927821E-06
+6.029447E-06
+4.585651E-06
+4.818274E-06
+5.062697E-06
+5.319519E-06
+5.589370E-06
+5.486536E-06
+5.385594E-06
+5.286509E-06
+5.189246E-06
+5.364476E-06
+5.545624E-06
+5.732888E-06
+5.926473E-06
+5.521319E-06
+5.143862E-06
+4.792209E-06
+4.464598E-06
+4.275296E-06
+4.094021E-06
+3.920432E-06
+3.754204E-06
+3.732831E-06
+3.711580E-06
+3.690449E-06
+3.669439E-06
+3.526238E-06
+3.388626E-06
+3.256384E-06
+3.129303E-06
+3.001224E-06
+2.878387E-06
+2.760577E-06
+2.647590E-06
+2.561817E-06
+2.478824E-06
+2.398519E-06
+2.320815E-06
+2.229846E-06
+2.142442E-06
+2.058464E-06
+1.977778E-06
+1.880019E-06
+1.787093E-06
+1.698760E-06
+1.614793E-06
+1.522025E-06
+1.434586E-06
+1.352170E-06
+1.274490E-06
+1.168477E-06
+1.071282E-06
+9.821720E-07
+9.004737E-07
+7.499648E-07
+6.246127E-07
+5.202123E-07
+4.332620E-07
+3.686268E-07
+3.136341E-07
+2.668453E-07
+2.270366E-07
+4.014913E-07
+7.099968E-07
+1.255558E-06
+2.220328E-06
+3.079910E-06
+4.272271E-06
+5.926246E-06
+8.220542E-06
+7.907014E-06
+7.605443E-06
+7.315373E-06
+7.036368E-06
+5.915505E-06
+4.973192E-06
+4.180984E-06
+3.514972E-06
+3.246564E-06
+2.998651E-06
+2.769669E-06
+2.558173E-06
+2.388318E-06
+2.229740E-06
+2.081692E-06
+1.943474E-06
+1.853984E-06
+1.768615E-06
+1.687177E-06
+1.609488E-06
+1.734966E-06
+1.870227E-06
+2.016033E-06
+2.173206E-06
+2.166712E-06
+2.160236E-06
+2.153780E-06
+2.147343E-06
+2.070121E-06
+1.995676E-06
+1.923908E-06
+1.854720E-06
+1.762098E-06
+1.674101E-06
+1.590499E-06
+1.511072E-06
+1.242056E-06
+1.020933E-06
+8.391762E-07
+6.897778E-07
+8.274649E-07
+9.926357E-07
+1.190776E-06
+1.428469E-06
+1.071686E-06
+8.040151E-07
+6.031995E-07
+4.525406E-07
+5.473599E-07
+6.620464E-07
+8.007627E-07
+9.685438E-07
+9.468140E-07
+9.255716E-07
+9.048058E-07
+8.845058E-07
+6.708113E-07
+5.087450E-07
+3.858335E-07
+2.926170E-07
+6.143582E-07
+1.289864E-06
+2.708107E-06
+5.685759E-06
+5.415145E-06
+5.157412E-06
+4.911944E-06
+4.678160E-06
+4.191533E-06
+3.755526E-06
+3.364872E-06
+3.014854E-06
+5.092426E-06
+8.601677E-06
+1.452919E-05
+2.454144E-05
+3.029825E-05
+3.740547E-05
+4.617987E-05
+5.701253E-05
+6.940401E-05
+8.448874E-05
+1.028521E-04
+1.252067E-04
+5.620476E-05
+2.523009E-05
+1.132569E-05
+5.084052E-06
+5.952072E-06
+6.968292E-06
+8.158016E-06
+9.550868E-06
+6.032648E-06
+3.810423E-06
+2.406791E-06
+1.520209E-06
+1.218395E-06
+9.765013E-07
+7.826319E-07
+6.272521E-07
+5.159681E-07
+4.244275E-07
+3.491276E-07
+2.871869E-07
+5.720468E-07
+1.139459E-06
+2.269684E-06
+4.520981E-06
+4.987740E-06
+5.502688E-06
+6.070802E-06
+6.697569E-06
+6.155003E-06
+5.656389E-06
+5.198169E-06
+4.777069E-06
+3.227899E-06
+2.181115E-06
+1.473795E-06
+9.958535E-07
+5.676259E-07
+3.235407E-07
+1.844147E-07
+1.051144E-07
+5.973270E-08
+3.394393E-08
+1.928910E-08
+1.096130E-08
+2.025589E-08
+3.743181E-08
+6.917199E-08
+1.278262E-07
+1.620676E-07
+2.054814E-07
+2.605248E-07
+3.303129E-07
+3.488012E-07
+3.683244E-07
+3.889403E-07
+4.107101E-07
+3.407296E-07
+2.826731E-07
+2.345087E-07
+1.945510E-07
+1.438335E-07
+1.063375E-07
+7.861638E-08
+5.812185E-08
+7.434498E-08
+9.509636E-08
+1.216399E-07
+1.555924E-07
+2.880122E-07
+5.331304E-07
+9.868608E-07
+1.826748E-06
+9.767450E-07
+5.222564E-07
+2.792456E-07
+1.493100E-07
+1.331200E-07
+1.186854E-07
+1.058161E-07
+9.434225E-08
+6.513764E-08
+4.497361E-08
+3.105156E-08
+2.143923E-08
+2.250249E-08
+2.361849E-08
+2.478983E-08
+2.601926E-08
+2.587098E-08
+2.572354E-08
+2.557694E-08
+2.543118E-08
+2.820501E-08
+3.128139E-08
+3.469333E-08
+3.847739E-08
+3.653550E-08
+3.469161E-08
+3.294078E-08
+3.127830E-08
+3.810150E-08
+4.641316E-08
+5.653797E-08
+6.887148E-08
+6.417494E-08
+5.979867E-08
+5.572083E-08
+5.192106E-08
+6.687500E-08
+8.613588E-08
+1.109442E-07
+1.428976E-07
+1.337241E-07
+1.251396E-07
+1.171062E-07
+1.095884E-07
+1.076320E-07
+1.057105E-07
+1.038233E-07
+1.019698E-07
+1.116835E-07
+1.223225E-07
+1.339751E-07
+1.467377E-07
+2.598105E-07
+4.600145E-07
+8.144912E-07
+1.442120E-06
+1.327334E-06
+1.221685E-06
+1.124445E-06
+1.034945E-06
+1.054005E-06
+1.073417E-06
+1.093186E-06
+1.113318E-06
+1.232715E-06
+1.364918E-06
+1.511298E-06
+1.673377E-06
+1.953068E-06
+2.279508E-06
+2.660509E-06
+3.105192E-06
+3.363499E-06
+3.643293E-06
+3.946362E-06
+4.274642E-06
+3.690996E-06
+3.187039E-06
+2.751891E-06
+2.376156E-06
+3.343614E-06
+4.704974E-06
+6.620616E-06
+9.316216E-06
+8.021747E-06
+6.907141E-06
+5.947408E-06
+5.121029E-06
+5.987274E-06
+7.000047E-06
+8.184135E-06
+9.568519E-06
+1.117359E-05
+1.304790E-05
+1.523662E-05
+1.779249E-05
+6.755062E-06
+2.564613E-06
+9.736759E-07
+3.696636E-07
+4.087592E-07
+4.519896E-07
+4.997920E-07
+5.526500E-07
+9.591913E-07
+1.664793E-06
+2.889451E-06
+5.014993E-06
+5.821194E-06
+6.757000E-06
+7.843244E-06
+9.104113E-06
+4.707715E-06
+2.434348E-06
+1.258795E-06
+6.509200E-07
+7.858748E-07
+9.488097E-07
+1.145526E-06
+1.383027E-06
+1.046273E-06
+7.915149E-07
+5.987883E-07
+4.529886E-07
+3.393738E-07
+2.542549E-07
+1.904848E-07
+1.427090E-07
+1.594925E-07
+1.782500E-07
+1.992134E-07
+2.226423E-07
+2.131912E-07
+2.041414E-07
+1.954757E-07
+1.871780E-07
+9.199928E-08
+4.521829E-08
+2.222511E-08
+1.092379E-08
+1.202546E-08
+1.323824E-08
+1.457333E-08
+1.604306E-08
+1.526953E-08
+1.453330E-08
+1.383256E-08
+1.316561E-08
+1.446125E-08
+1.588440E-08
+1.744760E-08
+1.916464E-08
+2.212854E-08
+2.555081E-08
+2.950235E-08
+3.406501E-08
+5.150878E-08
+7.788505E-08
+1.177679E-07
+1.780736E-07
+1.812682E-07
+1.845201E-07
+1.878303E-07
+1.911998E-07
+1.446340E-07
+1.094091E-07
+8.276302E-08
+6.260646E-08
+8.392555E-08
+1.125043E-07
+1.508149E-07
+2.021712E-07
+2.116563E-07
+2.215863E-07
+2.319823E-07
+2.428660E-07
+3.502990E-07
+5.052557E-07
+7.287581E-07
+1.051128E-06
+7.593275E-07
+5.485327E-07
+3.962561E-07
+2.862525E-07
+3.291105E-07
+3.783851E-07
+4.350372E-07
+5.001712E-07
+4.260238E-07
+3.628684E-07
+3.090753E-07
+2.632568E-07
+2.824150E-07
+3.029673E-07
+3.250154E-07
+3.486679E-07
+2.413939E-07
+1.671247E-07
+1.157057E-07
+8.010673E-08
+3.290783E-08
+1.351853E-08
+5.553407E-09
+2.281337E-09
+3.370561E-09
+4.979835E-09
+7.357457E-09
+1.087028E-08
+1.033613E-08
+9.828225E-09
+9.345280E-09
+8.886067E-09
