Hz,real,imaginary,V^2 (rms) 
9.99999046326,2.909163e-08,2.909163e-08,4.11417776975e-08
10.0577210151,2.92412e-08,2.92412e-08,4.13533016201e-08
10.1157848488,2.939153e-08,2.939153e-08,4.15659003449e-08
10.1741838887,2.954264e-08,2.954264e-08,4.17796021563e-08
10.2329200697,2.969453e-08,2.969453e-08,4.19944070543e-08
10.2919953382,3.009309e-08,3.009309e-08,4.25580560117e-08
10.3514116519,3.0497e-08,3.0497e-08,4.31292710117e-08
10.4111709795,3.090633e-08,3.090633e-08,4.37081510492e-08
10.4712753014,3.132117e-08,3.132117e-08,4.42948234034e-08
10.5317266092,3.015889e-08,3.015889e-08,4.26511112641e-08
10.592526906,2.903974e-08,2.903974e-08,4.10683941558e-08
10.6536782067,2.796211e-08,2.796211e-08,3.95443951946e-08
10.7151825375,2.692448e-08,2.692448e-08,3.80769647758e-08
10.7770419365,2.744864e-08,2.744864e-08,3.88182389567e-08
10.8392584537,2.798301e-08,2.798301e-08,3.9573952258e-08
10.9018341505,2.852778e-08,2.852778e-08,4.03443733804e-08
10.9647711006,2.908316e-08,2.908316e-08,4.11297993087e-08
11.0280713896,2.86749e-08,2.86749e-08,4.05524324797e-08
11.091737115,2.827237e-08,2.827237e-08,3.99831690944e-08
11.1557703865,2.787549e-08,2.787549e-08,3.94218960158e-08
11.2201733259,2.748418e-08,2.748418e-08,3.88685001067e-08
11.2849480674,2.675942e-08,2.675942e-08,3.78435346852e-08
11.3500967575,2.605377e-08,2.605377e-08,3.68455948849e-08
11.4156215548,2.536672e-08,2.536672e-08,3.58739594569e-08
11.4815246308,2.469779e-08,2.469779e-08,3.49279495786e-08
11.5478081693,2.519009e-08,2.519009e-08,3.56241669154e-08
11.6144743666,2.569219e-08,2.569219e-08,3.63342435451e-08
11.681525432,2.620431e-08,2.620431e-08,3.70584905946e-08
11.7489635872,2.672664e-08,2.672664e-08,3.77971767647e-08
11.816791067,2.699267e-08,2.699267e-08,3.81733999987e-08
11.8850101189,2.726135e-08,2.726135e-08,3.85533708986e-08
11.9536230036,2.75327e-08,2.75327e-08,3.89371177487e-08
12.0226319946,2.780676e-08,2.780676e-08,3.93246971177e-08
12.0920393787,2.800187e-08,2.800187e-08,3.96006243258e-08
12.1618474559,2.819836e-08,2.819836e-08,3.98785031487e-08
12.2320585393,2.839623e-08,2.839623e-08,4.01583335863e-08
12.3026749556,2.859548e-08,2.859548e-08,4.04401156386e-08
12.3736990447,2.88486e-08,2.88486e-08,4.07980813755e-08
12.4451331602,2.910397e-08,2.910397e-08,4.11592290929e-08
12.5169796691,2.936159e-08,2.936159e-08,4.15235587908e-08
12.5892409524,2.962149e-08,2.962149e-08,4.18911128957e-08
12.6619194044,3.010929e-08,3.010929e-08,4.25809662714e-08
12.7350174335,3.060512e-08,3.060512e-08,4.32821757821e-08
12.808537462,3.110912e-08,3.110912e-08,4.39949394175e-08
12.8824819261,3.162143e-08,3.162143e-08,4.47194551676e-08
12.956853276,3.067714e-08,3.067714e-08,4.33840274428e-08
13.0316539763,2.976104e-08,2.976104e-08,4.20884663983e-08
13.1068865055,2.887231e-08,2.887231e-08,4.0831612379e-08
13.1825533567,2.801011e-08,2.801011e-08,3.96122774456e-08
13.2586570372,2.955408e-08,2.955408e-08,4.17957807595e-08
13.3352000689,3.118316e-08,3.118316e-08,4.40996477897e-08
13.4121849882,3.290203e-08,3.290203e-08,4.65304970556e-08
13.489614346,3.471564e-08,3.471564e-08,4.90953289145e-08
13.5674907083,3.421724e-08,3.421724e-08,4.8390484875e-08
13.6458166555,3.3726e-08,3.3726e-08,4.76957666046e-08
13.7245947832,3.324181e-08,3.324181e-08,4.70110185398e-08
13.8038277017,3.276457e-08,3.276457e-08,4.63360992593e-08
13.8835180367,3.402135e-08,3.402135e-08,4.81134545802e-08
13.9636684289,3.532634e-08,3.532634e-08,4.9958989137e-08
14.0442815341,3.668138e-08,3.668138e-08,5.18753050826e-08
14.1253600237,3.808842e-08,3.808842e-08,5.38651601334e-08
14.2069065844,3.884949e-08,3.884949e-08,5.49414756493e-08
14.2889239182,3.962575e-08,3.962575e-08,5.60392730692e-08
14.3714147431,4.041753e-08,4.041753e-08,5.71590190836e-08
14.4543817926,4.122512e-08,4.122512e-08,5.83011238145e-08
14.5378278159,4.106257e-08,4.106257e-08,5.80712433999e-08
14.6217555781,4.090066e-08,4.090066e-08,5.7842268082e-08
14.7061678604,4.073939e-08,4.073939e-08,5.76141978608e-08
14.7910674599,4.057877e-08,4.057877e-08,5.73870468784e-08
14.8764571899,4.091064e-08,4.091064e-08,5.78563819334e-08
14.9623398801,4.124523e-08,4.124523e-08,5.83295636492e-08
15.0487183762,4.158255e-08,4.158255e-08,5.88066061681e-08
15.1355955406,4.192263e-08,4.192263e-08,5.92875519163e-08
15.2229742522,4.350343e-08,4.350343e-08,6.15231407157e-08
15.3108574064,4.514384e-08,4.514384e-08,6.38430307856e-08
15.3992479154,4.68461e-08,4.68461e-08,6.62503899643e-08
15.4881487081,4.861254e-08,4.861254e-08,6.87485133694e-08
15.5775627305,5.115167e-08,5.115167e-08,7.2339385452e-08
15.6674929455,5.382343e-08,5.382343e-08,7.61178246794e-08
15.757942333,5.663473e-08,5.663473e-08,8.00936032673e-08
15.8489138904,5.959289e-08,5.959289e-08,8.4277073259e-08
15.9404106321,5.878584e-08,5.878584e-08,8.31357322035e-08
16.03243559,5.798973e-08,5.798973e-08,8.20098626444e-08
16.1249918136,5.72044e-08,5.72044e-08,8.08992383074e-08
16.2180823699,5.642968e-08,5.642968e-08,7.98036187764e-08
16.3117103437,6.107061e-08,6.107061e-08,8.63668849244e-08
16.4058788374,6.609321e-08,6.609321e-08,9.34699139628e-08
16.5005909715,7.152887e-08,7.152887e-08,1.01157098055e-07
16.5958498845,7.741161e-08,7.741161e-08,1.09476548747e-07
16.6916587331,8.067519e-08,8.067519e-08,1.14091947845e-07
16.7880206919,8.407636e-08,8.407636e-08,1.18901928587e-07
16.8849389541,8.762092e-08,8.762092e-08,1.23914693412e-07
16.9824167314,9.131496e-08,9.131496e-08,1.2913885488e-07
17.0804572538,9.757416e-08,9.757416e-08,1.37990700409e-07
17.17906377,1.042624e-07,1.042624e-07,1.47449300126e-07
17.2782395477,1.114091e-07,1.114091e-07,1.57556260192e-07
17.3779878732,1.190456e-07,1.190456e-07,1.68355902061e-07
17.4783120518,1.229199e-07,1.229199e-07,1.73834989666e-07
17.5792154079,1.269202e-07,1.269202e-07,1.79492268179e-07
17.6807012853,1.310508e-07,1.310508e-07,1.8533381872e-07
17.7827730468,1.353157e-07,1.353157e-07,1.91365298142e-07
17.8854340747,1.466553e-07,1.466553e-07,2.07401914254e-07
17.988687771,1.589451e-07,1.589451e-07,2.24782316093e-07
18.0925375572,1.722648e-07,1.722648e-07,2.43619216479e-07
18.1969868745,1.867008e-07,1.867008e-07,2.64034803466e-07
18.302039184,1.922047e-07,1.922047e-07,2.71818493492e-07
18.4076979669,1.978707e-07,1.978707e-07,2.79831427536e-07
18.5139667243,2.037039e-07,2.037039e-07,2.88080818088e-07
18.6208489778,2.097089e-07,2.097089e-07,2.9657317053e-07
18.7283482689,2.25548e-07,2.25548e-07,3.18973040566e-07
18.83646816,2.425834e-07,2.425834e-07,3.43064734287e-07
18.9452122338,2.609054e-07,2.609054e-07,3.68975955176e-07
19.0545840938,2.806114e-07,2.806114e-07,3.96844447637e-07
19.1645873641,2.901834e-07,2.901834e-07,4.10381299856e-07
19.27522569,3.00082e-07,3.00082e-07,4.24380034224e-07
19.3865027376,3.103182e-07,3.103182e-07,4.38856207091e-07
19.4984221944,3.209033e-07,3.209033e-07,4.5382579907e-07
19.610987769,3.30978e-07,3.30978e-07,4.68073576447e-07
19.7242031915,3.413689e-07,3.413689e-07,4.82768528152e-07
19.8380722135,3.520861e-07,3.520861e-07,4.97924937743e-07
19.9525986083,3.631397e-07,3.631397e-07,5.13557088776e-07
20.0677861709,3.628573e-07,3.628573e-07,5.13157714866e-07
20.1836387183,3.625751e-07,3.625751e-07,5.12758623799e-07
20.3001600895,3.622932e-07,3.622932e-07,5.12359956996e-07
20.4173541456,3.620115e-07,3.620115e-07,5.11961573035e-07
20.5352247701,3.602185e-07,3.602185e-07,5.09425888118e-07
20.6537758689,3.584343e-07,3.584343e-07,5.0690264828e-07
20.7730113704,3.56659e-07,3.56659e-07,5.04391994942e-07
20.8929352257,3.548924e-07,3.548924e-07,5.01893645263e-07
21.0135514086,3.493795e-07,3.493795e-07,4.94097227315e-07
21.1348639161,3.439523e-07,3.439523e-07,4.86422007469e-07
21.2568767681,3.386094e-07,3.386094e-07,4.78866005827e-07
21.3795940077,3.333495e-07,3.333495e-07,4.7142738391e-07
21.5030197013,3.197977e-07,3.197977e-07,4.52262244556e-07
21.627157939,3.067969e-07,3.067969e-07,4.33876336874e-07
21.7520128342,2.943246e-07,2.943246e-07,4.1623784106e-07
21.8775885244,2.823592e-07,2.823592e-07,3.99316210101e-07
22.0038891706,2.69834e-07,2.69834e-07,3.81602902389e-07
22.1309189581,2.578644e-07,2.578644e-07,3.64675331733e-07
22.2586820963,2.464258e-07,2.464258e-07,3.48498708479e-07
22.3871828188,2.354946e-07,2.354946e-07,3.33039657186e-07
22.5164253838,2.191485e-07,2.191485e-07,3.09922780874e-07
22.646414074,2.039371e-07,2.039371e-07,2.88410612691e-07
22.7771531967,1.897815e-07,1.897815e-07,2.68391571188e-07
22.9086470844,1.766085e-07,1.766085e-07,2.4976213593e-07
23.0409000942,1.626692e-07,1.626692e-07,2.3004898882e-07
23.1739166087,1.498301e-07,1.498301e-07,2.11891759472e-07
23.3077010356,1.380044e-07,1.380044e-07,1.95167694147e-07
23.4422578082,1.27112e-07,1.27112e-07,1.7976351434e-07
23.5775913851,1.067704e-07,1.067704e-07,1.5099614774e-07
23.713706251,8.968405e-08,8.968405e-08,1.26832399839e-07
23.8506069163,7.533199e-08,7.533199e-08,1.06535521939e-07
23.9882979174,6.327666e-08,6.327666e-08,8.94867107537e-08
24.126783817,5.381358e-08,5.381358e-08,7.61038946758e-08
24.2660692042,4.576571e-08,4.576571e-08,6.47224877736e-08
24.4061586943,3.892141e-08,3.892141e-08,5.50431858887e-08
24.5470569295,3.310066e-08,3.310066e-08,4.68114022955e-08
24.6887685789,2.457671e-08,2.457671e-08,3.47567166005e-08
24.8312983381,1.824781e-08,1.824781e-08,2.58063003856e-08
24.9746509303,1.35487e-08,1.35487e-08,1.91607552925e-08
25.1188311058,1.005969e-08,1.005969e-08,1.42265500313e-08
25.2638436421,9.028698e-09,9.028698e-09,1.27685071622e-08
25.4096933446,8.103368e-09,8.103368e-09,1.14598929265e-08
25.5563850463,7.272874e-09,7.272874e-09,1.02853970482e-08
25.7039236081,6.527496e-09,6.527496e-09,9.23127337154e-09
25.8523139189,8.304983e-09,8.304983e-09,1.17450195939e-08
26.001560896,1.056649e-08,1.056649e-08,1.49432734647e-08
26.151669485,1.344383e-08,1.344383e-08,1.90124467162e-08
26.30264466,1.710469e-08,1.710469e-08,2.41896845782e-08
26.4544914238,1.929158e-08,1.929158e-08,2.72824140756e-08
26.6072148082,2.175808e-08,2.175808e-08,3.07705718272e-08
26.760819874,2.453992e-08,2.453992e-08,3.47046876836e-08
26.9153117111,2.767744e-08,2.767744e-08,3.91418110198e-08
27.070695439,4.131857e-08,4.131857e-08,5.84332820719e-08
27.2269762066,6.168289e-08,6.168289e-08,8.72327796044e-08
27.3841591925,9.208401e-08,9.208401e-08,1.3022645582e-07
27.5422496054,1.374687e-07,1.374687e-07,1.94410099942e-07
27.7012526838,2.17049e-07,2.17049e-07,3.069536395e-07
27.8611736966,3.426982e-07,3.426982e-07,4.84648442241e-07
28.0220179431,5.410852e-07,5.410852e-07,7.65210028239e-07
28.1837907532,8.543182e-07,8.543182e-07,1.20818838502e-06
28.3464974876,8.451533e-07,8.451533e-07,1.19522725914e-06
28.5101435378,8.360868e-07,8.360868e-07,1.18240529188e-06
28.6747343267,8.271176e-07,8.271176e-07,1.1697209276e-06
28.8402753081,8.182446e-07,8.182446e-07,1.15717261066e-06
29.0067719676,6.084849e-07,6.084849e-07,8.60527598079e-07
29.1742298225,4.524978e-07,4.524978e-07,6.39928525704e-07
29.3426544217,3.364985e-07,3.364985e-07,4.75880742418e-07
29.5120513464,2.50236e-07,2.50236e-07,3.53887144994e-07
29.6824262098,2.401479e-07,2.401479e-07,3.39620417155e-07
29.8537846576,2.304664e-07,2.304664e-07,3.25928708551e-07
30.0261323681,2.211753e-07,2.211753e-07,3.12789108922e-07
30.1994750524,2.122587e-07,2.122587e-07,3.00179132272e-07
30.3738184546,7.203029e-08,7.203029e-08,1.0186621302e-07
30.5491683518,2.444358e-08,2.444358e-08,3.4568442349e-08
30.7255305546,8.294966e-09,8.294966e-09,1.17308534166e-08
30.9029109071,2.814909e-09,2.814909e-09,3.98088248465e-09
31.0813152871,6.518917e-09,6.518917e-09,9.21914083338e-09
31.2607496065,1.509686e-08,1.509686e-08,2.13501841612e-08
31.441219811,3.496211e-08,3.496211e-08,4.94438901312e-08
31.622731881,8.096714e-08,8.096714e-08,1.14504827495e-07
31.8052918312,7.932199e-08,7.932199e-08,1.12178234052e-07
31.9889057111,7.771027e-08,7.771027e-08,1.0989891777e-07
32.1735796051,7.613128e-08,7.613128e-08,1.07665888697e-07
32.3593196326,7.458441e-08,7.458441e-08,1.05478284164e-07
32.5461319486,8.14495e-08,8.14495e-08,1.15186987549e-07
32.7340227434,8.894648e-08,8.894648e-08,1.25789318341e-07
32.9229982432,9.713352e-08,9.713352e-08,1.37367541345e-07
33.11306471,1.060741e-07,1.060741e-07,1.50011430837e-07
33.3042284421,1.0682e-07,1.0682e-07,1.51066292733e-07
33.496495774,1.075711e-07,1.075711e-07,1.52128508539e-07
33.6898730769,1.083275e-07,1.083275e-07,1.53198219678e-07
33.8843667586,1.090891e-07,1.090891e-07,1.54275284727e-07
34.0799832642,1.065215e-07,1.065215e-07,1.50644149984e-07
34.2767290758,1.040142e-07,1.040142e-07,1.47098292319e-07
34.4746107129,1.01566e-07,1.01566e-07,1.43636014676e-07
34.6736347326,9.917536e-08,9.917536e-08,1.40255139165e-07
34.8738077301,1.296121e-07,1.296121e-07,1.83299189668e-07
35.0751363385,1.693899e-07,1.693899e-07,2.39553493909e-07
35.2776272292,2.213754e-07,2.213754e-07,3.13072093056e-07
35.481287112,2.893153e-07,2.893153e-07,4.09153621062e-07
35.6861227357,3.49529e-07,3.49529e-07,4.94308652243e-07
35.8921408879,4.222746e-07,4.222746e-07,5.97186466366e-07
36.0993483954,5.101604e-07,5.101604e-07,7.21475756666e-07
36.3077521244,6.163373e-07,6.163373e-07,8.71632568656e-07
36.5173589808,5.537516e-07,5.537516e-07,7.83123022906e-07
36.7281759103,4.975212e-07,4.975212e-07,7.03601228608e-07
36.9402098987,4.470007e-07,4.470007e-07,6.3215445233e-07
37.1534679722,4.016103e-07,4.016103e-07,5.67962733049e-07
37.3679571975,3.634793e-07,3.634793e-07,5.14037355702e-07
37.5836846821,3.289686e-07,3.289686e-07,4.65231855715e-07
37.8006575745,2.977346e-07,2.977346e-07,4.21060309308e-07
38.0188830647,2.694661e-07,2.694661e-07,3.8108261322e-07
38.2383683838,2.553432e-07,2.553432e-07,3.611098165e-07
38.459120805,2.419605e-07,2.419605e-07,3.42183820659e-07
38.6811476434,2.292793e-07,2.292793e-07,3.24249895631e-07
38.9044562561,2.172627e-07,2.172627e-07,3.07255856938e-07
39.129054043,2.192432e-07,2.192432e-07,3.10056706898e-07
39.3549484466,2.212418e-07,2.212418e-07,3.12883154124e-07
39.5821469523,2.232587e-07,2.232587e-07,3.15735481458e-07
39.8106570887,2.252939e-07,2.252939e-07,3.186136889e-07
40.040486428,2.176654e-07,2.176654e-07,3.07825360739e-07
40.2716425861,2.102952e-07,2.102952e-07,2.97402323942e-07
40.5041332226,2.031745e-07,2.031745e-07,2.87332133428e-07
40.7379660418,1.96295e-07,1.96295e-07,2.77603051226e-07
40.9731487919,2.945693e-07,2.945693e-07,4.16583899119e-07
41.2096892664,4.420443e-07,4.420443e-07,6.2514504423e-07
41.4475953034,6.63352e-07,6.63352e-07,9.38121395027e-07
41.6868747863,9.954569e-07,9.954569e-07,1.40778864874e-06
41.9275356443,1.145483e-06,1.145483e-06,1.61995759407e-06
42.169585852,1.31812e-06,1.31812e-06,1.86410318084e-06
42.4130334302,1.516775e-06,1.516775e-06,2.14504377607e-06
42.6578864461,1.74537e-06,1.74537e-06,2.46832592536e-06
42.9041530132,2.347216e-06,2.347216e-06,3.31946470102e-06
43.1518412923,3.156594e-06,3.156594e-06,4.46409804571e-06
43.4009594908,4.245066e-06,4.245066e-06,6.00342991037e-06
43.6515158637,5.70887e-06,5.70887e-06,8.07356137982e-06
43.9035187138,7.140626e-06,7.140626e-06,1.0098370133e-05
44.1569763917,8.931458e-06,8.931458e-06,1.26309890354e-05
44.4118972961,1.117142e-05,1.117142e-05,1.5798773675e-05
44.6682898744,1.397316e-05,1.397316e-05,1.97610323812e-05
44.9261626225,1.624764e-05,1.624764e-05,2.29776328446e-05
45.1855240857,1.889236e-05,1.889236e-05,2.67178317372e-05
45.4463828584,2.196757e-05,2.196757e-05,3.10668354264e-05
45.7087475846,2.554335e-05,2.554335e-05,3.61237519984e-05
45.9726269583,2.638225e-05,2.638225e-05,3.73101357559e-05
46.2380297236,2.724871e-05,2.724871e-05,3.85354952392e-05
46.5049646752,2.814363e-05,2.814363e-05,3.98011032404e-05
46.7734406585,2.906792e-05,2.906792e-05,4.1108246694e-05
47.0434665699,2.548547e-05,2.548547e-05,3.60418973175e-05
47.3150513572,2.234455e-05,2.234455e-05,3.15999656551e-05
47.5882040201,1.959072e-05,1.959072e-05,2.77054619207e-05
47.8629336098,1.717628e-05,1.717628e-05,2.42909281271e-05
48.1392492302,1.819597e-05,1.819597e-05,2.57329875545e-05
48.4171600373,1.927619e-05,1.927619e-05,2.72606493289e-05
48.6966752405,2.042054e-05,2.042054e-05,2.8879004619e-05
48.9778041018,2.163283e-05,2.163283e-05,3.05934415785e-05
49.2605559372,2.442587e-05,2.442587e-05,3.45433966268e-05
49.544940116,2.757951e-05,2.757951e-05,3.90033170856e-05
49.830966062,3.114032e-05,3.114032e-05,4.40390628806e-05
50.1186432531,3.516087e-05,3.516087e-05,4.97249792188e-05
50.4079812221,3.607466e-05,3.607466e-05,5.101727343e-05
50.6989895567,3.701221e-05,3.701221e-05,5.23431693554e-05
50.9916779002,3.797412e-05,3.797412e-05,5.37035155232e-05
51.2860559511,3.896104e-05,3.896104e-05,5.50992311722e-05
51.5821334645,4.03337e-05,4.03337e-05,5.70404655607e-05
51.8799202513,4.175471e-05,4.175471e-05,5.9050077175e-05
52.1794261793,4.322578e-05,4.322578e-05,6.11304843202e-05
52.4806611732,4.47487e-05,4.47487e-05,6.32842184386e-05
52.783635215,4.34654e-05,4.34654e-05,6.1469358174e-05
53.0883583443,4.22189e-05,4.22189e-05,5.97065409685e-05
53.3948406587,4.100816e-05,4.100816e-05,5.799429604e-05
53.7030923141,3.983214e-05,3.983214e-05,5.63311526063e-05
54.0131235251,3.716939e-05,3.716939e-05,5.25654554431e-05
54.324944565,3.468464e-05,3.468464e-05,4.9051488294e-05
54.6385657668,3.2366e-05,3.2366e-05,4.57724361598e-05
54.9539975227,3.020235e-05,3.020235e-05,4.27125729855e-05
55.2712502853,2.763869e-05,2.763869e-05,3.90870102442e-05
55.5903345674,2.529264e-05,2.529264e-05,3.57691945162e-05
55.9112609424,2.314573e-05,2.314573e-05,3.2733005277e-05
56.2340400449,2.118105e-05,2.118105e-05,2.99545281753e-05
56.5586825707,1.787505e-05,1.787505e-05,2.52791381381e-05
56.8851992775,1.508506e-05,1.508506e-05,2.13334964412e-05
57.213600985,1.273055e-05,1.273055e-05,1.80037164665e-05
57.5438985756,1.074352e-05,1.074352e-05,1.51936316916e-05
57.8761029941,8.348266e-06,8.348266e-06,1.18062309995e-05
58.210225249,6.487028e-06,6.487028e-06,9.17404297709e-06
58.5462764119,5.040752e-06,5.040752e-06,7.12869984296e-06
58.8842676185,3.91692e-06,3.91692e-06,5.53936138673e-06
59.2242100689,3.050226e-06,3.050226e-06,4.3136709775e-06
59.5661150277,2.375305e-06,2.375305e-06,3.35918854577e-06
59.9099938246,1.849724e-06,1.849724e-06,2.61590476745e-06
60.2558578547,1.440436e-06,1.440436e-06,2.03708412693e-06
60.6037185787,1.722168e-06,1.722168e-06,2.43551334228e-06
60.9535875239,2.059004e-06,2.059004e-06,2.91187138178e-06
61.3054762837,2.461721e-06,2.461721e-06,3.48139922498e-06
61.6593965186,2.943204e-06,2.943204e-06,4.16231901363e-06
62.0153599566,3.128094e-06,3.128094e-06,4.42379295918e-06
62.3733783931,3.324597e-06,3.324597e-06,4.70169016682e-06
62.7334636917,3.533445e-06,3.533445e-06,4.9970458409e-06
63.0956277846,3.755412e-06,3.755412e-06,5.3109545827e-06
63.4598826729,3.002579e-06,3.002579e-06,4.2462879439e-06
63.8262404266,2.400663e-06,2.400663e-06,3.39505017329e-06
64.194713186,1.919411e-06,1.919411e-06,2.71445706797e-06
64.5653131609,1.534633e-06,1.534633e-06,2.17029880187e-06
64.938052632,1.44529e-06,1.44529e-06,2.04394871956e-06
65.3129439507,1.361147e-06,1.361147e-06,1.92495254778e-06
65.6899995397,1.281904e-06,1.281904e-06,1.81288602246e-06
66.0692318935,1.207274e-06,1.207274e-06,1.7073432643e-06
66.4506535786,1.055845e-06,1.055845e-06,1.49319031876e-06
66.8342772344,9.234092e-07,9.234092e-07,1.30589781426e-06
67.2201155727,8.075853e-07,8.075853e-07,1.14209808403e-06
67.6081813792,7.06289e-07,7.06289e-07,9.98843482755e-07
67.9984875132,6.311466e-07,6.311466e-07,8.92576081566e-07
68.3910469082,5.639986e-07,5.639986e-07,7.97614469279e-07
68.7858725723,5.039946e-07,5.039946e-07,7.12755998683e-07
69.182977589,4.503743e-07,4.503743e-07,6.36925443204e-07
69.5823751171,4.177295e-07,4.177295e-07,5.90758724303e-07
69.9840783913,3.87451e-07,3.87451e-07,5.47938458955e-07
70.3881007229,3.593671e-07,3.593671e-07,5.08221826691e-07
70.7944554999,3.333189e-07,3.333189e-07,4.71384108975e-07
71.2031561878,3.093081e-07,3.093081e-07,4.37427709972e-07
71.6142163295,2.87027e-07,2.87027e-07,4.05917476167e-07
72.0276495463,2.663509e-07,2.663509e-07,3.7667705513e-07
72.4434695382,2.471642e-07,2.471642e-07,3.49542963773e-07
72.8616900841,2.312973e-07,2.312973e-07,3.271037786e-07
73.2823250427,2.164491e-07,2.164491e-07,3.06105252783e-07
73.7053883523,2.02554e-07,2.02554e-07,2.86454613913e-07
74.1308940322,1.895509e-07,1.895509e-07,2.6806545354e-07
74.5588561821,1.643419e-07,1.643419e-07,2.32414543846e-07
74.9892889835,1.424855e-07,1.424855e-07,2.01504926542e-07
75.4222066996,1.235358e-07,1.235358e-07,1.74706003799e-07
75.8576236759,1.071064e-07,1.071064e-07,1.51471323497e-07
76.2955543409,1.209677e-07,1.209677e-07,1.71074161949e-07
76.7360132062,1.366229e-07,1.366229e-07,1.93213958111e-07
77.1790148672,1.543042e-07,1.543042e-07,2.18219092371e-07
77.6245740037,1.742736e-07,1.742736e-07,2.46460088684e-07
78.0727053801,2.506124e-07,2.506124e-07,3.54419454979e-07
78.5234238462,3.603907e-07,3.603907e-07,5.09669415693e-07
78.9767443373,5.182562e-07,5.182562e-07,7.32924946824e-07
79.4326818752,7.452735e-07,7.452735e-07,1.05397589138e-06
79.8912515681,5.627372e-07,5.627372e-07,7.95830580292e-07
80.3524686117,4.249087e-07,4.249087e-07,6.0091164631e-07
80.8163482892,3.208379e-07,3.208379e-07,4.53733309503e-07
81.2829059723,2.422565e-07,2.422565e-07,3.42602427873e-07
81.7521571212,2.173808e-07,2.173808e-07,3.0742287556e-07
82.2241172855,1.950594e-07,1.950594e-07,2.75855648948e-07
82.6988021044,1.7503e-07,1.7503e-07,2.47529799822e-07
83.1762273076,1.570572e-07,1.570572e-07,2.22112422308e-07
83.6564087154,1.833384e-07,1.833384e-07,2.59279651784e-07
84.1393622397,2.140174e-07,2.140174e-07,3.02666309664e-07
84.625103884,2.498301e-07,2.498301e-07,3.53313115709e-07
85.1136497443,2.916356e-07,2.916356e-07,4.12435020791e-07
85.6050160094,2.895784e-07,2.895784e-07,4.0952570065e-07
86.0992189619,2.875358e-07,2.875358e-07,4.06637028028e-07
86.5962749779,2.855075e-07,2.855075e-07,4.03768578659e-07
87.0962005286,2.834935e-07,2.834935e-07,4.00920352545e-07
87.5990121797,4.232974e-07,4.232974e-07,5.98632923997e-07
88.1047265931,6.320453e-07,6.320453e-07,8.93847035294e-07
88.6133605264,9.437364e-07,9.437364e-07,1.33464481619e-06
89.1249308343,1.409137e-06,1.409137e-06,1.99282065664e-06
89.6394544686,1.98318e-06,1.98318e-06,2.80464005263e-06
90.1569484791,2.791073e-06,2.791073e-06,3.94717329017e-06
90.6774300139,3.928078e-06,3.928078e-06,5.55514118166e-06
91.2009163202,5.528269e-06,5.528269e-06,7.81815299625e-06
91.7274247448,6.434236e-06,6.434236e-06,9.09938381471e-06
92.2569727344,7.488671e-06,7.488671e-06,1.05905800924e-05
92.7895778367,8.715906e-06,8.715906e-06,1.23261524736e-05
93.3252577005,1.014426e-05,1.014426e-05,1.43461500722e-05
93.8640300768,8.583596e-06,8.583596e-06,1.21390378771e-05
94.4059128186,7.263034e-06,7.263034e-06,1.02714811868e-05
94.9509238824,6.145636e-06,6.145636e-06,8.69124178061e-06
95.4990813282,5.200147e-06,5.200147e-06,7.35411841373e-06
96.0504033201,3.893798e-06,3.893798e-06,5.50666194074e-06
96.6049081274,2.915622e-06,2.915622e-06,4.12331217515e-06
97.1626141246,2.183177e-06,2.183177e-06,3.08747852246e-06
97.7235397923,1.634732e-06,1.634732e-06,2.31186016525e-06
98.287703718,1.426933e-06,1.426933e-06,2.0179880012e-06
98.8551245962,1.245548e-06,1.245548e-06,1.76147087419e-06
99.4258212296,1.08722e-06,1.08722e-06,1.53756126928e-06
99.9998125293,9.490182e-07,9.490182e-07,1.34211440938e-06
100.577117516,8.758727e-07,8.758727e-07,1.23867105125e-06
101.157755319,8.083649e-07,8.083649e-07,1.14320060493e-06
101.741745179,7.460603e-07,7.460603e-07,1.05508859461e-06
102.329106448,6.885576e-07,6.885576e-07,9.73767496395e-07
102.91985859,6.32218e-07,6.32218e-07,8.94091269976e-07
103.514021179,5.804882e-07,5.804882e-07,8.20934285238e-07
104.111613905,5.329911e-07,5.329911e-07,7.53763242244e-07
104.71265657,4.893801e-07,4.893801e-07,6.92087974576e-07
105.317169091,4.887438e-07,4.887438e-07,6.91188110486e-07
105.9251715,4.881083e-07,4.881083e-07,6.90289377767e-07
106.536683943,4.874736e-07,4.874736e-07,6.89391776419e-07
107.151726685,4.868396e-07,4.868396e-07,6.8849516502e-07
107.770320105,5.126699e-07,5.126699e-07,7.250247256e-07
108.392484703,5.398707e-07,5.398707e-07,7.63492465868e-07
109.018241096,5.685148e-07,5.685148e-07,8.0400134057e-07
109.647610017,5.986786e-07,5.986786e-07,8.46659395623e-07
110.280612324,6.978771e-07,6.978771e-07,9.8694725969e-07
110.917268991,8.135123e-07,8.135123e-07,1.15048012782e-06
111.557601116,9.483077e-07,9.483077e-07,1.34110961064e-06
112.201629918,1.105438e-06,1.105438e-06,1.56332541196e-06
112.849376736,1.300652e-06,1.300652e-06,1.83939969833e-06
113.500863036,1.530339e-06,1.530339e-06,2.16422616883e-06
114.156110407,1.800587e-06,1.800587e-06,2.54641455563e-06
114.81514056,2.11856e-06,2.11856e-06,2.9960962847e-06
115.477975334,2.313379e-06,2.313379e-06,3.27161195671e-06
116.144636693,2.526114e-06,2.526114e-06,3.5724646789e-06
116.815146729,2.758411e-06,2.758411e-06,3.9009822468e-06
117.48952766,3.01207e-06,3.01207e-06,4.25971024482e-06
118.167801833,3.420418e-06,3.420418e-06,4.83720152459e-06
118.849991724,3.884127e-06,3.884127e-06,5.49298508138e-06
119.536119939,4.410701e-06,4.410701e-06,6.23767317377e-06
120.226209214,5.008665e-06,5.008665e-06,7.08332197238e-06
120.920282416,3.97922e-06,3.97922e-06,5.62746689167e-06
121.618362544,3.16136e-06,3.16136e-06,4.47083818754e-06
122.320472732,2.511597e-06,2.511597e-06,3.55193454062e-06
123.026636244,1.995382e-06,1.995382e-06,2.82189628652e-06
123.736876481,1.379261e-06,1.379261e-06,1.95056961225e-06
124.451216978,9.533825e-07,9.533825e-07,1.34828646163e-06
125.169681406,6.590036e-07,6.590036e-07,9.31971828773e-07
125.892293573,4.55521e-07,4.55521e-07,6.44203976146e-07
126.619077423,3.626285e-07,3.626285e-07,5.12834142803e-07
127.350057041,2.886792e-07,2.886792e-07,4.08254039815e-07
128.085256649,2.2981e-07,2.2981e-07,3.25000418769e-07
128.824700609,1.829458e-07,1.829458e-07,2.58724431539e-07
129.568413423,1.512942e-07,1.512942e-07,2.13962309548e-07
130.316419737,1.251186e-07,1.251186e-07,1.76944421025e-07
131.068744336,1.034717e-07,1.034717e-07,1.46331081462e-07
131.825412151,8.556998e-08,8.556998e-08,1.21014226248e-07
132.586448256,6.630879e-08,6.630879e-08,9.37747901225e-08
133.351877867,5.138315e-08,5.138315e-08,7.26667476075e-08
134.121726351,3.981717e-08,3.981717e-08,5.63099818293e-08
134.896019216,3.085459e-08,3.085459e-08,4.36349796395e-08
135.674782122,2.662219e-08,2.662219e-08,3.76494621581e-08
136.458040872,2.297035e-08,2.297035e-08,3.24849805025e-08
137.245821423,1.981944e-08,1.981944e-08,2.80289208466e-08
138.038149879,1.710075e-08,1.710075e-08,2.41841125768e-08
138.835052496,1.806976e-08,1.806976e-08,2.55544996608e-08
139.636555679,1.909367e-08,1.909367e-08,2.70025270695e-08
140.442685989,2.01756e-08,2.01756e-08,2.8532607149e-08
141.253470138,2.131884e-08,2.131884e-08,3.01493926621e-08
142.068934993,1.681398e-08,1.681398e-08,2.37785585535e-08
142.889107576,1.326104e-08,1.326104e-08,1.87539426192e-08
143.714015066,1.045887e-08,1.045887e-08,1.47910758011e-08
144.543684796,8.248818e-09,8.248818e-09,1.16655902891e-08
145.37814426,6.520693e-09,6.520693e-09,9.22165247667e-09
146.21742111,5.15461e-09,5.15461e-09,7.28971937074e-09
147.061543155,4.074721e-09,4.074721e-09,5.76252570109e-09
147.910538368,3.221067e-09,3.221067e-09,4.55527663671e-09
148.764434882,4.190714e-09,4.190714e-09,5.92656457483e-09
149.623260993,5.452256e-09,5.452256e-09,7.71065438073e-09
150.487045158,7.093563e-09,7.093563e-09,1.00318130001e-08
151.355816003,9.228962e-09,9.228962e-09,1.3051723227e-08
152.229602313,1.105561e-08,1.105561e-08,1.56349936023e-08
153.108433046,1.324379e-08,1.324379e-08,1.87295474352e-08
153.992337321,1.586508e-08,1.586508e-08,2.24366113041e-08
154.88134443,1.900518e-08,1.900518e-08,2.68773833113e-08
155.77548383,2.261477e-08,2.261477e-08,3.19821144439e-08
156.674785152,2.690991e-08,2.690991e-08,3.80563596842e-08
157.579278194,3.202081e-08,3.202081e-08,4.52842637802e-08
158.48899293,3.810241e-08,3.810241e-08,5.38849449811e-08
159.403959505,2.523728e-08,2.523728e-08,3.56909036534e-08
160.324208236,1.671601e-08,1.671601e-08,2.36400080508e-08
161.24976962,1.107191e-08,1.107191e-08,1.56580452834e-08
162.180674325,7.333522e-09,7.333522e-09,1.03711662724e-08
163.1169532,9.349412e-09,9.349412e-09,1.32220652506e-08
164.05863727,1.191944e-08,1.191944e-08,1.68566337039e-08
165.005757739,1.519594e-08,1.519594e-08,2.1490304441e-08
165.958345992,1.937311e-08,1.937311e-08,2.73977149073e-08
166.916433595,2.598653e-08,2.598653e-08,3.6750503165e-08
167.880052295,3.485758e-08,3.485758e-08,4.92960623875e-08
168.849234025,4.675694e-08,4.675694e-08,6.61242986831e-08
169.8240109,6.271842e-08,6.271842e-08,8.86972401746e-08
170.804415221,7.456421e-08,7.456421e-08,1.0544971705e-07
171.790479475,8.864735e-08,8.864735e-08,1.25366284638e-07
172.782236339,1.053904e-07,1.053904e-07,1.49044533024e-07
173.779718674,1.252958e-07,1.252958e-07,1.77195019668e-07
174.782959536,1.07093e-07,1.07093e-07,1.51452373035e-07
175.791992169,9.153463e-08,9.153463e-08,1.29449515173e-07
176.806850008,7.823659e-08,7.823659e-08,1.10643246652e-07
177.827566682,6.687047e-08,6.687047e-08,9.45691255963e-08
178.854176016,6.129105e-08,6.129105e-08,8.66786341621e-08
179.886712028,5.617715e-08,5.617715e-08,7.94464874255e-08
180.925208934,5.148994e-08,5.148994e-08,7.28177714738e-08
181.969701144,4.719381e-08,4.719381e-08,6.67421261621e-08
183.020223272,4.884173e-08,4.884173e-08,6.90726369758e-08
184.076810128,5.054721e-08,5.054721e-08,7.14845499221e-08
185.139496723,5.231223e-08,5.231223e-08,7.3980665144e-08
186.208318273,5.413888e-08,5.413888e-08,7.65639383477e-08
187.283310195,1.043319e-07,1.043319e-07,1.47547587968e-07
188.36450811,2.010599e-07,2.010599e-07,2.84341637429e-07
189.451947847,3.874658e-07,3.874658e-07,5.47959389316e-07
190.545665439,7.466921e-07,7.466921e-07,1.05598209474e-06
191.645697129,1.129022e-06,1.129022e-06,1.59667822462e-06
192.752079368,1.707117e-06,1.707117e-06,2.41422801396e-06
193.86484882,2.581215e-06,2.581215e-06,3.6503892604e-06
194.984042357,3.90288e-06,3.90288e-06,5.51950582831e-06
196.109697066,3.640459e-06,3.640459e-06,5.14838649106e-06
197.241850248,3.395682e-06,3.395682e-06,4.80221953791e-06
198.38053942,3.167364e-06,3.167364e-06,4.47932912577e-06
199.525802313,2.954397e-06,2.954397e-06,4.17814830603e-06
200.677676878,2.145326e-06,2.145326e-06,3.03394912491e-06
201.836201285,1.557821e-06,1.557821e-06,2.20309158595e-06
203.001413923,1.131207e-06,1.131207e-06,1.59976828125e-06
204.173353405,8.214221e-07,8.214221e-07,1.16166627425e-06
205.352058565,6.787857e-07,6.787857e-07,9.59947942885e-07
206.537568461,5.609174e-07,5.609174e-07,7.93256994451e-07
207.729922378,4.635165e-07,4.635165e-07,6.55511320684e-07
208.929159826,3.830287e-07,3.830287e-07,5.41684382318e-07
210.135320544,4.646624e-07,4.646624e-07,6.57131868005e-07
211.348444502,5.636944e-07,5.636944e-07,7.97184265514e-07
212.568571898,6.838327e-07,6.838327e-07,9.67085478734e-07
213.795743164,8.295756e-07,8.295756e-07,1.17319706453e-06
215.029998963,5.833353e-07,5.833353e-07,8.24960692671e-07
216.271380197,4.101858e-07,4.101858e-07,5.80090321453e-07
217.519927999,2.884317e-07,2.884317e-07,4.07904021958e-07
218.775683744,2.028174e-07,2.028174e-07,2.86827117765e-07
220.038689043,1.937113e-07,1.937113e-07,2.73949147645e-07
221.308985748,1.850141e-07,1.850141e-07,2.6164944945e-07
222.586615953,1.767073e-07,1.767073e-07,2.4990186023e-07
223.871621995,1.687736e-07,1.687736e-07,2.38681914091e-07
225.164046454,1.917147e-07,1.917147e-07,2.71125528846e-07
226.463932159,2.177742e-07,2.177742e-07,3.07979227175e-07
227.771322182,2.473758e-07,2.473758e-07,3.49842211363e-07
229.086259848,2.810013e-07,2.810013e-07,3.97395849504e-07
230.408788728,3.852473e-07,3.852473e-07,5.44821956528e-07
231.738952648,5.281667e-07,5.281667e-07,7.46940510334e-07
233.076795685,7.241063e-07,7.241063e-07,1.02404095006e-06
234.422362171,9.927357e-07,9.927357e-07,1.40394029079e-06
235.775696694,8.988856e-07,8.988856e-07,1.27121620654e-06
237.136844099,8.139077e-07,8.139077e-07,1.15103930786e-06
238.505849491,7.369634e-07,7.369634e-07,1.04222363525e-06
239.882758234,6.672932e-07,6.672932e-07,9.43695093519e-07
241.267615955,5.26683e-07,5.26683e-07,7.44842241671e-07
242.660468543,4.157019e-07,4.157019e-07,5.87891264884e-07
244.061362154,3.281064e-07,3.281064e-07,4.64012520781e-07
245.470343209,2.589687e-07,2.589687e-07,3.6623704777e-07
246.887458397,3.207051e-07,3.207051e-07,4.53545501942e-07
248.312754677,3.97159e-07,3.97159e-07,5.61667644219e-07
249.746279278,4.91839e-07,4.91839e-07,6.95565384304e-07
251.188079705,6.090901e-07,6.090901e-07,8.61383480127e-07
252.638203732,6.175082e-07,6.175082e-07,8.73288471317e-07
254.096699414,6.260427e-07,6.260427e-07,8.85358076965e-07
255.56361508,6.346952e-07,6.346952e-07,8.97594559813e-07
257.038999339,6.43467e-07,6.43467e-07,9.0999975834e-07
258.522901081,5.053552e-07,5.053552e-07,7.14680177656e-07
260.015369477,3.968872e-07,3.968872e-07,5.61283260972e-07
261.516453985,3.117005e-07,3.117005e-07,4.40811074498e-07
263.026204344,2.447981e-07,2.447981e-07,3.46196793063e-07
264.544670583,2.819461e-07,2.819461e-07,3.98731998478e-07
266.071903021,3.247314e-07,3.247314e-07,4.59239550008e-07
267.607952264,3.740092e-07,3.740092e-07,5.28928883092e-07
269.152869212,4.307648e-07,4.307648e-07,6.09193422353e-07
270.70670506,3.668816e-07,3.668816e-07,5.18848934505e-07
272.269511296,3.124725e-07,3.124725e-07,4.41902847369e-07
273.841339708,2.661322e-07,2.661322e-07,3.76367766624e-07
275.42224238,2.266644e-07,2.266644e-07,3.20551868587e-07
277.0122717,1.440534e-07,1.440534e-07,2.03722271986e-07
278.611480355,9.15511e-08,9.15511e-08,1.2947280727e-07
280.219921339,5.818401e-08,5.818401e-08,8.22846160553e-08
281.83764795,3.697802e-08,3.697802e-08,5.22948173937e-08
283.464713795,4.685372e-08,4.685372e-08,6.62611662716e-08
285.10117279,5.936691e-08,5.936691e-08,8.39574892782e-08
286.747079163,7.522199e-08,7.522199e-08,1.06379958447e-07
288.402487452,9.531148e-08,9.531148e-08,1.34790787666e-07
290.067452514,1.165368e-07,1.165368e-07,1.64807923076e-07
291.74202952,1.424889e-07,1.424889e-07,2.01509734868e-07
293.426273962,1.742204e-07,1.742204e-07,2.46384852522e-07
295.120241648,2.130183e-07,2.130183e-07,3.01253368894e-07
296.823988713,1.461409e-07,1.461409e-07,2.06674442797e-07
298.537571612,1.002598e-07,1.002598e-07,1.41788768921e-07
300.26104713,6.878305e-08,6.878305e-08,9.72739221714e-08
301.994472377,4.718851e-08,4.718851e-08,6.67346308302e-08
303.737904793,4.087683e-08,4.087683e-08,5.78085673728e-08
305.49140215,3.540936e-08,3.540936e-08,5.0076397147e-08
307.255022553,3.06732e-08,3.06732e-08,4.33784554414e-08
309.028824445,2.657051e-08,2.657051e-08,3.75763756012e-08
310.812866602,1.983609e-08,1.983609e-08,2.80524675025e-08
312.607208143,1.480854e-08,1.480854e-08,2.09424381069e-08
314.411908526,1.105525e-08,1.105525e-08,1.56344844854e-08
316.227027554,8.25324e-09,8.25324e-09,1.16718439415e-08
318.052625375,1.238986e-08,1.238986e-08,1.75219080479e-08
319.888762483,1.859981e-08,1.859981e-08,2.63041035596e-08
321.735499721,2.792227e-08,2.792227e-08,3.94880529262e-08
323.592898286,4.191725e-08,4.191725e-08,5.92799434474e-08
325.461019725,3.887263e-08,3.887263e-08,5.49742005511e-08
327.339925943,3.604915e-08,3.604915e-08,5.0981196842e-08
329.2296792,3.343076e-08,3.343076e-08,4.72782341924e-08
331.130342118,3.100254e-08,3.100254e-08,4.3844212536e-08
333.041977678,3.245008e-08,3.245008e-08,4.58913432361e-08
334.964649226,3.396521e-08,3.396521e-08,4.80340606309e-08
336.898420474,3.555107e-08,3.555107e-08,5.02768053509e-08
338.8433555,3.721099e-08,3.721099e-08,5.26242867273e-08
340.799518754,3.561916e-08,3.561916e-08,5.03730991523e-08
342.766975058,3.409542e-08,3.409542e-08,4.82182053788e-08
344.745789606,3.263687e-08,3.263687e-08,4.61555041874e-08
346.73602797,3.12407e-08,3.12407e-08,4.4181021638e-08
348.737756102,3.671634e-08,3.671634e-08,5.19247459887e-08
350.751040331,4.315172e-08,4.315172e-08,6.10257476637e-08
352.775947373,5.071503e-08,5.071503e-08,7.17218832422e-08
354.812544325,5.960402e-08,5.960402e-08,8.4292813456e-08
356.860898676,5.105385e-08,5.105385e-08,7.22010470814e-08
358.9210783,4.373019e-08,4.373019e-08,6.18438277832e-08
360.993151467,3.745711e-08,3.745711e-08,5.29723529693e-08
363.077186837,3.20839e-08,3.20839e-08,4.53734865138e-08
365.173253471,4.245463e-08,4.245463e-08,6.00399135315e-08
367.281420824,5.617756e-08,5.617756e-08,7.9447067253e-08
369.401758755,7.433627e-08,7.433627e-08,1.0512736121e-07
371.534337526,9.836461e-08,9.836461e-08,1.3910856552e-07
373.679227803,9.386144e-08,9.386144e-08,1.32740121432e-07
375.836500662,8.956444e-08,8.956444e-08,1.26663245754e-07
378.006227589,8.546415e-08,8.546415e-08,1.20864560027e-07
380.18848048,8.155156e-08,8.155156e-08,1.15331322185e-07
382.38333165,8.424399e-08,8.424399e-08,1.19138993206e-07
384.590853829,8.702531e-08,8.702531e-08,1.23072373672e-07
386.811120167,8.989845e-08,8.989845e-08,1.27135607226e-07
389.044204238,9.286648e-08,9.286648e-08,1.31333035506e-07
391.290180039,9.214e-08,9.214e-08,1.30305637637e-07
393.549121994,9.141918e-08,9.141918e-08,1.29286244217e-07
395.821104958,9.070401e-08,9.070401e-08,1.28274841104e-07
398.106204217,8.999444e-08,8.999444e-08,1.27271357586e-07
400.404495494,1.511974e-07,1.511974e-07,2.13825413676e-07
402.716054945,2.54023e-07,2.54023e-07,3.59242771755e-07
405.04095917,4.267777e-07,4.267777e-07,6.03554811458e-07
407.379285207,7.170189e-07,7.170189e-07,1.01401785286e-06
409.731110543,6.022018e-07,6.022018e-07,8.51641952845e-07
412.096513109,5.057705e-07,5.057705e-07,7.15267500548e-07
414.475571287,4.247808e-07,4.247808e-07,6.00730768396e-07
416.868363913,3.5676e-07,3.5676e-07,5.04534830512e-07
419.274970276,3.589817e-07,3.589817e-07,5.07676788784e-07
421.695470124,3.612171e-07,3.612171e-07,5.10838121781e-07
424.129943664,3.634665e-07,3.634665e-07,5.14019253768e-07
426.578471567,3.657299e-07,3.657299e-07,5.17220184745e-07
429.041134971,3.95542e-07,3.95542e-07,5.59380860888e-07
431.51801548,4.277841e-07,4.277841e-07,6.04978075988e-07
434.00919517,4.626545e-07,4.626545e-07,6.54292268593e-07
436.514756592,5.003675e-07,5.003675e-07,7.07626504671e-07
439.034782772,5.796895e-07,5.796895e-07,8.19804752865e-07
441.569357216,6.715863e-07,6.715863e-07,9.49766453764e-07
444.118563912,7.780513e-07,7.780513e-07,1.10033070068e-06
446.682487334,9.013943e-07,9.013943e-07,1.27476404411e-06
449.26121244,9.696607e-07,9.696607e-07,1.37130731284e-06
451.854824684,1.043097e-06,1.043097e-06,1.47516192427e-06
454.463410008,1.122096e-06,1.122096e-06,1.58688338148e-06
457.087054853,1.207077e-06,1.207077e-06,1.70706466423e-06
459.72584616,1.09377e-06,1.09377e-06,1.54682436812e-06
462.379871368,9.910993e-07,9.910993e-07,1.40162607172e-06
465.049218426,8.980662e-07,8.980662e-07,1.27005739995e-06
467.733975785,8.137658e-07,8.137658e-07,1.15083863096e-06
470.434232413,1.046372e-06,1.046372e-06,1.47979347369e-06
473.150077785,1.345466e-06,1.345466e-06,1.90277626491e-06
475.881601898,1.730052e-06,1.730052e-06,2.44666300201e-06
478.628895265,2.224569e-06,2.224569e-06,3.14601565023e-06
481.392048923,1.933812e-06,1.933812e-06,2.73482315748e-06
484.171154435,1.681058e-06,1.681058e-06,2.37737502274e-06
486.966303892,1.461339e-06,1.461339e-06,2.06664543302e-06
489.777589916,1.270338e-06,1.270338e-06,1.7965292284e-06
492.605105665,1.224629e-06,1.224629e-06,1.73188694068e-06
495.448944835,1.180564e-06,1.180564e-06,1.66956962005e-06
498.30920166,1.138085e-06,1.138085e-06,1.60949524213e-06
501.185970921,1.097133e-06,1.097133e-06,1.55158036833e-06
504.079347946,1.019093e-06,1.019093e-06,1.44121514192e-06
506.989428613,9.46603e-07,9.46603e-07,1.33869880078e-06
509.916309351,8.792696e-07,8.792696e-07,1.2434749933e-06
512.86008715,8.167259e-07,8.167259e-07,1.15502484452e-06
515.820859556,2.811698e-07,2.811698e-07,3.9763414449e-07
518.798724681,9.679682e-08,9.679682e-08,1.36891375639e-07
521.793781203,3.332372e-08,3.332372e-08,4.71268567727e-08
524.806128367,1.147217e-08,1.147217e-08,1.62240984038e-08
527.835865994,3.231616e-08,3.231616e-08,4.57019517558e-08
530.883094481,9.103198e-08,9.103198e-08,1.28738660726e-07
533.947914803,2.564296e-07,2.564296e-07,3.62646218114e-07
537.030428518,7.223415e-07,7.223415e-07,1.02154514596e-06
540.130737772,9.791456e-07,9.791456e-07,1.38472098706e-06
543.248945299,1.327248e-06,1.327248e-06,1.87701212223e-06
546.385154428,1.799106e-06,1.799106e-06,2.54432010535e-06
549.539469082,2.438717e-06,2.438717e-06,3.44886665619e-06
552.711993787,2.364543e-06,2.364543e-06,3.34396877941e-06
555.902833669,2.292626e-06,2.292626e-06,3.24226278265e-06
559.112094463,2.222895e-06,2.222895e-06,3.14364825673e-06
562.339882514,2.155286e-06,2.155286e-06,3.04803469199e-06
565.586304782,1.129684e-06,1.129684e-06,1.597614434e-06
568.851468843,5.921187e-07,5.921187e-07,8.37382296075e-07
572.135482894,3.103564e-07,3.103564e-07,4.38910230049e-07
575.438455757,1.62672e-07,1.62672e-07,2.30052948618e-07
578.760496883,1.831604e-07,1.831604e-07,2.5902792177e-07
582.101716354,2.062293e-07,2.062293e-07,2.91652273019e-07
585.462224888,2.322038e-07,2.322038e-07,3.28385763195e-07
588.842133841,2.614498e-07,2.614498e-07,3.6974585304e-07
592.241555215,1.701857e-07,1.701857e-07,2.40678925062e-07
595.660601653,1.107791e-07,1.107791e-07,1.56665305647e-07
599.099386455,7.210948e-08,7.210948e-08,1.01978204592e-07
602.55802357,4.693826e-08,4.693826e-08,6.63807238862e-08
606.036627607,3.157117e-08,3.157117e-08,4.4648376794e-08
609.535313836,2.12351e-08,2.12351e-08,3.00309664183e-08
613.054198193,1.428295e-08,1.428295e-08,2.01991416007e-08
616.593397283,9.606859e-09,9.606859e-09,1.35861502896e-08
620.153028384,1.256481e-08,1.256481e-08,1.77693247106e-08
623.733209451,1.643353e-08,1.643353e-08,2.32405210037e-08
627.334059121,2.149342e-08,2.149342e-08,3.03962860658e-08
630.955696715,2.811125e-08,2.811125e-08,3.97553110053e-08
634.598242242,2.148796e-08,2.148796e-08,3.03885644597e-08
638.261816405,1.642518e-08,1.642518e-08,2.32287123204e-08
641.946540605,1.255525e-08,1.255525e-08,1.7755804829e-08
645.652536941,9.597105e-09,9.597105e-09,1.35723560505e-08
649.379928219,8.416309e-09,8.416309e-09,1.19024583329e-08
653.128837952,7.380794e-09,7.380794e-09,1.04380189759e-08
656.89939037,6.472685e-09,6.472685e-09,9.15375891197e-09
660.691710415,5.676306e-09,5.676306e-09,8.02750892938e-09
664.505923754,5.723364e-09,5.723364e-09,8.0940589912e-09
668.342156778,5.770812e-09,5.770812e-09,8.16116059631e-09
672.200536608,5.818654e-09,5.818654e-09,8.22881940156e-09
676.081191098,5.866894e-09,5.866894e-09,8.29704106381e-09
679.984248843,6.605228e-09,6.605228e-09,9.34120302017e-09
683.909839177,7.436481e-09,7.436481e-09,1.05167722865e-08
687.858092182,8.372344e-09,8.372344e-09,1.18402824337e-08
691.829138692,9.42598e-09,9.42598e-09,1.33303487547e-08
695.823110294,9.898357e-09,9.898357e-09,1.39983907146e-08
699.840139336,1.039441e-08,1.039441e-08,1.46999155949e-08
703.880358931,1.091532e-08,1.091532e-08,1.54365935816e-08
707.943902959,1.146233e-08,1.146233e-08,1.62101825424e-08
712.030906073,1.184808e-08,1.184808e-08,1.67557154241e-08
716.141503704,1.224682e-08,1.224682e-08,1.73196189399e-08
720.275832064,1.265898e-08,1.265898e-08,1.79025012018e-08
724.434028153,1.3085e-08,1.3085e-08,1.85049844637e-08
728.616229761,1.405892e-08,1.405892e-08,1.98823153363e-08
732.822575472,1.510532e-08,1.510532e-08,2.1362148408e-08
737.053204672,1.62296e-08,1.62296e-08,2.29521204319e-08
741.308257551,1.743757e-08,1.743757e-08,2.46604479888e-08
745.587875109,1.44065e-08,1.44065e-08,2.03738676863e-08
749.892199159,1.19023e-08,1.19023e-08,1.68323940834e-08
754.221372332,9.833393e-09,9.833393e-09,1.39065177447e-08
758.575538085,8.124109e-09,8.124109e-09,1.148922513e-08
762.954840701,9.621095e-09,9.621095e-09,1.36062830339e-08
767.359425297,1.139392e-08,1.139392e-08,1.61134361926e-08
771.789437827,1.349342e-08,1.349342e-08,1.90825775668e-08
776.245025089,1.597978e-08,1.597978e-08,2.25988215997e-08
780.726334726,1.407448e-08,1.407448e-08,1.99043204993e-08
785.233515235,1.239635e-08,1.239635e-08,1.75310862939e-08
789.766715971,1.091831e-08,1.091831e-08,1.54408220802e-08
794.32608715,9.616498e-09,9.616498e-09,1.35997818941e-08
798.911779856,1.508224e-08,1.508224e-08,2.1329508359e-08
803.523946043,2.365456e-08,2.365456e-08,3.3452599564e-08
808.162738546,3.709914e-08,3.709914e-08,5.24661069404e-08
812.82831108,5.818525e-08,5.818525e-08,8.22863696801e-08
817.520818247,9.178679e-08,9.178679e-08,1.29806123265e-07
822.240415543,1.44793e-07,1.44793e-07,2.04768224337e-07
826.98725936,2.284098e-07,2.284098e-07,3.23020236939e-07
831.761506995,3.603148e-07,3.603148e-07,5.09562076884e-07
836.563316651,3.141943e-07,3.141943e-07,4.4433784028e-07
841.392847445,2.739771e-07,2.739771e-07,3.874621306e-07
846.250259414,2.389079e-07,2.389079e-07,3.37866792338e-07
851.135713517,2.083274e-07,2.083274e-07,2.94619434494e-07
856.049371643,1.956363e-07,1.956363e-07,2.76671508752e-07
860.991396616,1.837182e-07,1.837182e-07,2.59816770095e-07
865.961952199,1.725263e-07,1.725263e-07,2.43989033326e-07
870.9612031,1.620161e-07,1.620161e-07,2.29125365943e-07
875.989314981,1.27445e-07,1.27445e-07,1.80234447457e-07
881.046454456,1.002507e-07,1.002507e-07,1.41775899577e-07
886.132789105,7.885913e-08,7.885913e-08,1.11523651163e-07
891.248487472,6.20321e-08,6.20321e-08,8.77266371225e-08
896.393719077,6.911776e-08,6.911776e-08,9.77472735928e-08
901.568654415,7.701278e-08,7.701278e-08,1.08912517952e-07
906.77346497,8.580961e-08,8.580961e-08,1.21353114244e-07
912.008323211,9.561128e-08,9.561128e-08,1.35214768892e-07
917.273402607,5.107909e-08,5.107909e-08,7.22367418317e-08
922.568877626,2.728834e-08,2.728834e-08,3.85915405226e-08
927.894923743,1.457844e-08,1.457844e-08,2.06170275662e-08
933.251717448,7.788333e-09,7.788333e-09,1.10143661569e-08
938.639436248,6.218996e-09,6.218996e-09,8.79498848754e-09
944.058258676,4.965877e-09,4.965877e-09,7.02281060248e-09
949.508364294,3.965261e-09,3.965261e-09,5.60772588455e-09
954.989933703,3.166267e-09,3.166267e-09,4.47777773349e-09
960.503148545,2.326152e-09,2.326152e-09,3.28967570654e-09
966.04819151,1.708947e-09,1.708947e-09,2.41681602478e-09
971.625246345,1.255507e-09,1.255507e-09,1.77555502705e-09
977.234497856,9.223798e-10,9.223798e-10,1.30444202282e-09
982.876131917,1.121108e-09,1.121108e-09,1.58548613848e-09
988.550335473,1.362653e-09,1.362653e-09,1.92708235341e-09
994.257296551,1.65624e-09,1.65624e-09,2.34227707054e-09
999.997204261,2.013079e-09,2.013079e-09,2.84692362393e-09
