#I+1.668000E+03
+1.000000E+00
+8.010000E+02
+8.010000E+02
+1.000000E+01
+2.000000E+00
+3.000000E+00
+0.000000E+00
+1.000000E+00
+2.000000E+00
+5.000000E+00
+1.000000E+00
+2.497000E+03
-1.092400E+04
+2.025600E+04
-1.299100E+04
-1.119200E+04
+0.000000E+00
+0.000000E+00
+0.000000E+00
+0.000000E+00
+0.000000E+00
+0.000000E+00
+0.000000E+00
+0.000000E+00
+0.000000E+00
+0.000000E+00
+0.000000E+00
+0.000000E+00
+0.000000E+00
+0.000000E+00
+0.000000E+00
+0.000000E+00
+0.000000E+00
+0.000000E+00
+0.000000E+00
+1.000000E+00
+1.000000E+00
+1.000000E+00
+0.000000E+00
+0.000000E+00
+1.000000E+00
+0.000000E+00
+1.000000E+00
+2.000000E+00
+3.000000E+00
+4.500000E+01
+4.500000E+01
+0.000000E+00
+0.000000E+00
+2.000000E+00
+0.000000E+00
+0.000000E+00
+0.000000E+00
+0.000000E+00
+0.000000E+00
+2.499999E-03
+2.511881E+00
+0.000000E+00
+0.000000E+00
+0.000000E+00
+1.000000E+00
+1.000000E+00
+0.000000E+00
+0.000000E+00
+9.9999904632568339E+00
+9.9999904632568339E+00
+9.790803E-01
-1.924809E-02
+9.808563E-01
-2.300369E-02
+9.826213E-01
-2.677314E-02
+9.843751E-01
-3.055641E-02
+9.861182E-01
-3.435350E-02
+9.884380E-01
-3.444926E-02
+9.907635E-01
-3.454529E-02
+9.930943E-01
-3.464157E-02
+9.954301E-01
-3.473812E-02
+1.000598E+00
-3.681877E-02
+1.005789E+00
-3.892022E-02
+1.011004E+00
-4.104260E-02
+1.016243E+00
-4.318612E-02
+1.017673E+00
-4.628595E-02
+1.019096E+00
-4.939479E-02
+1.020512E+00
-5.251265E-02
+1.021921E+00
-5.563954E-02
+1.022853E+00
-5.540266E-02
+1.023786E+00
-5.516530E-02
+1.024719E+00
-5.492746E-02
+1.025654E+00
-5.468915E-02
+1.028404E+00
-5.766291E-02
+1.031155E+00
-6.065267E-02
+1.033905E+00
-6.365843E-02
+1.036654E+00
-6.668024E-02
+1.038225E+00
-6.992500E-02
+1.039789E+00
-7.318006E-02
+1.041346E+00
-7.644542E-02
+1.042896E+00
-7.972105E-02
+1.046947E+00
-8.312933E-02
+1.051004E+00
-8.656360E-02
+1.055068E+00
-9.002392E-02
+1.059138E+00
-9.351052E-02
+1.059154E+00
-9.721904E-02
+1.059157E+00
-1.009288E-01
+1.059147E+00
-1.046397E-01
+1.059124E+00
-1.083518E-01
+1.060895E+00
-1.144285E-01
+1.062637E+00
-1.205284E-01
+1.064348E+00
-1.266517E-01
+1.066029E+00
-1.327979E-01
+1.065636E+00
-1.433555E-01
+1.065140E+00
-1.539182E-01
+1.064539E+00
-1.644850E-01
+1.063834E+00
-1.750548E-01
+1.060251E+00
-1.825949E-01
+1.056618E+00
-1.900921E-01
+1.052938E+00
-1.975462E-01
+1.049210E+00
-2.049568E-01
+1.041888E+00
-2.088664E-01
+1.034591E+00
-2.127165E-01
+1.027320E+00
-2.165078E-01
+1.020074E+00
-2.202405E-01
+1.009594E+00
-2.217287E-01
+9.992095E-01
-2.231659E-01
+9.889187E-01
-2.245530E-01
+9.787210E-01
-2.258907E-01
+9.703897E-01
-2.243967E-01
+9.621290E-01
-2.229118E-01
+9.539386E-01
-2.214360E-01
+9.458188E-01
-2.199694E-01
+9.399971E-01
-2.123300E-01
+9.341715E-01
-2.047854E-01
+9.283429E-01
-1.973352E-01
+9.225114E-01
-1.899784E-01
+9.196416E-01
-1.825849E-01
+9.167329E-01
-1.752454E-01
+9.137855E-01
-1.679600E-01
+9.107998E-01
-1.607287E-01
+9.133216E-01
-1.527201E-01
+9.157742E-01
-1.446792E-01
+9.181572E-01
-1.366067E-01
+9.204713E-01
-1.285035E-01
+9.232830E-01
-1.244533E-01
+9.260822E-01
-1.203801E-01
+9.288689E-01
-1.162839E-01
+9.316429E-01
-1.121647E-01
+9.358324E-01
-1.083027E-01
+9.400206E-01
-1.044060E-01
+9.442075E-01
-1.004747E-01
+9.483918E-01
-9.650843E-02
+9.531547E-01
-9.575944E-02
+9.579400E-01
-9.500061E-02
+9.627477E-01
-9.423192E-02
+9.675785E-01
-9.345339E-02
+9.721204E-01
-9.220986E-02
+9.766806E-01
-9.095286E-02
+9.812592E-01
-8.968230E-02
+9.858554E-01
-8.839799E-02
+9.885388E-01
-8.837791E-02
+9.912292E-01
-8.835702E-02
+9.939269E-01
-8.833538E-02
+9.966324E-01
-8.831303E-02
+1.000336E+00
-8.797483E-02
+1.004053E+00
-8.763291E-02
+1.007784E+00
-8.728729E-02
+1.011528E+00
-8.693795E-02
+1.014942E+00
-8.661868E-02
+1.018367E+00
-8.629631E-02
+1.021803E+00
-8.597080E-02
+1.025252E+00
-8.564220E-02
+1.026689E+00
-8.602689E-02
+1.028129E+00
-8.641250E-02
+1.029570E+00
-8.679901E-02
+1.031015E+00
-8.718659E-02
+1.034737E+00
-8.383818E-02
+1.038459E+00
-8.046560E-02
+1.042180E+00
-7.706867E-02
+1.045903E+00
-7.364742E-02
+1.048807E+00
-7.453193E-02
+1.051719E+00
-7.542081E-02
+1.054639E+00
-7.631408E-02
+1.057567E+00
-7.721175E-02
+1.061277E+00
-7.386534E-02
+1.064987E+00
-7.049541E-02
+1.068698E+00
-6.710188E-02
+1.072409E+00
-6.368463E-02
+1.077977E+00
-6.070606E-02
+1.083564E+00
-5.769544E-02
+1.089169E+00
-5.465255E-02
+1.094793E+00
-5.157722E-02
+1.100324E+00
-5.063070E-02
+1.105883E+00
-4.967337E-02
+1.111468E+00
-4.870515E-02
+1.117081E+00
-4.772592E-02
+1.125047E+00
-4.522177E-02
+1.133064E+00
-4.267979E-02
+1.141131E+00
-4.009958E-02
+1.149247E+00
-3.748078E-02
+1.155418E+00
-3.732412E-02
+1.161621E+00
-3.716470E-02
+1.167857E+00
-3.700250E-02
+1.174128E+00
-3.683753E-02
+1.179833E+00
-3.904057E-02
+1.185561E+00
-4.126427E-02
+1.191314E+00
-4.350876E-02
+1.197091E+00
-4.577415E-02
+1.202090E+00
-4.547908E-02
+1.207110E+00
-4.518078E-02
+1.212150E+00
-4.487919E-02
+1.217211E+00
-4.457431E-02
+1.219641E+00
-4.727123E-02
+1.222070E+00
-4.997895E-02
+1.224499E+00
-5.269749E-02
+1.226927E+00
-5.542683E-02
+1.228965E+00
-5.418510E-02
+1.231006E+00
-5.293917E-02
+1.233050E+00
-5.168899E-02
+1.235095E+00
-5.043461E-02
+1.235486E+00
-5.159090E-02
+1.235876E+00
-5.274794E-02
+1.236264E+00
-5.390575E-02
+1.236654E+00
-5.506434E-02
+1.236726E+00
-5.001877E-02
+1.236778E+00
-4.497353E-02
+1.236809E+00
-3.992868E-02
+1.236820E+00
-3.488434E-02
+1.235007E+00
-2.951204E-02
+1.233175E+00
-2.415607E-02
+1.231321E+00
-1.881647E-02
+1.229448E+00
-1.349333E-02
+1.233167E+00
-7.697255E-03
+1.236870E+00
-1.866291E-03
+1.240556E+00
+3.999588E-03
+1.244226E+00
+9.900415E-03
+1.245447E+00
+2.858579E-02
+1.246389E+00
+4.731006E-02
+1.247051E+00
+6.606908E-02
+1.247434E+00
+8.485876E-02
+1.248836E+00
+9.486787E-02
+1.250161E+00
+1.049047E-01
+1.251408E+00
+1.149687E-01
+1.252578E+00
+1.250593E-01
+1.280398E+00
+1.499821E-01
+1.308448E+00
+1.759890E-01
+1.336714E+00
+2.031100E-01
+1.365183E+00
+2.313755E-01
+1.379086E+00
+2.392236E-01
+1.393110E+00
+2.472111E-01
+1.407255E+00
+2.553400E-01
+1.421521E+00
+2.636123E-01
+1.392987E+00
+2.207486E-01
+1.364065E+00
+1.796775E-01
+1.334812E+00
+1.403644E-01
+1.305279E+00
+1.027743E-01
+1.236727E+00
+1.405153E-01
+1.170358E+00
+1.741202E-01
+1.106199E+00
+2.038670E-01
+1.044267E+00
+2.300213E-01
+1.023949E+00
+2.430433E-01
+1.003748E+00
+2.555332E-01
+9.836687E-01
+2.675012E-01
+9.637183E-01
+2.789575E-01
+9.034859E-01
+2.492984E-01
+8.468748E-01
+2.222984E-01
+7.936777E-01
+1.977399E-01
+7.436980E-01
+1.754220E-01
+6.459404E-01
+1.773654E-01
+5.602368E-01
+1.759547E-01
+4.851997E-01
+1.719894E-01
+4.195887E-01
+1.661259E-01
+3.793266E-01
+1.575864E-01
+3.428151E-01
+1.492009E-01
+3.097145E-01
+1.410125E-01
+2.797149E-01
+1.330558E-01
+2.538564E-01
+1.098757E-01
+2.300433E-01
+9.000845E-02
+2.081607E-01
+7.303290E-02
+1.880928E-01
+5.857677E-02
+1.796080E-01
+3.435615E-02
+1.692493E-01
+1.290428E-02
+1.574518E-01
-5.797959E-03
+1.446148E-01
-2.181367E-02
+1.543762E-01
-4.808538E-02
+1.606382E-01
-7.843153E-02
+1.623932E-01
-1.126434E-01
+1.585747E-01
-1.503241E-01
+1.324909E-01
-1.865221E-01
+9.836920E-02
-2.184315E-01
+5.685759E-02
-2.443085E-01
+8.974882E-03
-2.624927E-01
+4.840069E-02
-2.128021E-01
+7.279809E-02
-1.660827E-01
+8.539654E-02
-1.241394E-01
+8.911385E-02
-8.794029E-02
+1.049021E-01
-9.373291E-02
+1.229429E-01
-9.935524E-02
+1.435022E-01
-1.046611E-01
+1.668703E-01
-1.094715E-01
+1.931585E-01
-1.094848E-01
+2.223441E-01
-1.076015E-01
+2.546090E-01
-1.034037E-01
+2.901254E-01
-9.641390E-02
+3.079192E-01
-9.868176E-02
+3.267631E-01
-1.008788E-01
+3.467167E-01
-1.029892E-01
+3.678426E-01
-1.049952E-01
+3.922132E-01
-1.146045E-01
+4.181805E-01
-1.250314E-01
+4.458482E-01
-1.363421E-01
+4.753267E-01
-1.486084E-01
+4.985641E-01
-1.521633E-01
+5.229109E-01
-1.557190E-01
+5.484193E-01
-1.592674E-01
+5.751432E-01
-1.628000E-01
+5.751508E-01
-1.836660E-01
+5.744578E-01
-2.047308E-01
+5.730506E-01
-2.259730E-01
+5.709168E-01
-2.473701E-01
+5.912717E-01
-2.425314E-01
+6.120771E-01
-2.371524E-01
+6.333345E-01
-2.312095E-01
+6.550444E-01
-2.246786E-01
+6.913868E-01
-2.328971E-01
+7.297212E-01
-2.413444E-01
+7.701550E-01
-2.500212E-01
+8.128029E-01
-2.589275E-01
+8.208245E-01
-2.753157E-01
+8.287118E-01
-2.920702E-01
+8.364569E-01
-3.091944E-01
+8.440524E-01
-3.266914E-01
+8.539082E-01
-3.258919E-01
+8.638571E-01
-3.250378E-01
+8.738996E-01
-3.241279E-01
+8.840369E-01
-3.231612E-01
+8.950730E-01
-3.329484E-01
+9.062141E-01
-3.429415E-01
+9.174603E-01
-3.531443E-01
+9.288112E-01
-3.635601E-01
+9.582900E-01
-3.801708E-01
+9.886800E-01
-3.974789E-01
+1.020009E+00
-4.155124E-01
+1.052305E+00
-4.342999E-01
+1.070282E+00
-4.607839E-01
+1.088271E+00
-4.881678E-01
+1.106258E+00
-5.164732E-01
+1.124227E+00
-5.457212E-01
+1.138837E+00
-6.131686E-01
+1.151015E+00
-6.835495E-01
+1.160549E+00
-7.568587E-01
+1.167224E+00
-8.330809E-01
+1.180042E+00
-9.016172E-01
+1.190999E+00
-9.729868E-01
+1.199935E+00
-1.047227E+00
+1.206680E+00
-1.124370E+00
+1.099872E+00
-1.250366E+00
+9.799586E-01
-1.366270E+00
+8.478867E-01
-1.470722E+00
+7.047461E-01
-1.562454E+00
+5.600415E-01
-1.560812E+00
+4.206120E-01
-1.548148E+00
+2.871136E-01
-1.525260E+00
+1.601177E-01
-1.492966E+00
+2.343534E-02
-1.292979E+00
-7.855906E-02
-1.110987E+00
-1.521691E-01
-9.470810E-01
-2.028094E-01
-8.008546E-01
-1.363324E-01
-5.423855E-01
-9.164043E-02
-3.673339E-01
-6.159591E-02
-2.487784E-01
-4.139929E-02
-1.684856E-01
+3.449812E-02
-2.009629E-01
+1.315178E-01
-2.003212E-01
+2.357456E-01
-1.540804E-01
+3.263314E-01
-5.532727E-02
+3.965036E-01
-4.734663E-02
+4.805884E-01
-3.357505E-02
+5.810944E-01
-1.200161E-02
+7.009269E-01
+1.994536E-02
+6.793252E-01
+4.288393E-01
+4.193321E-01
+8.193136E-01
-6.491290E-02
+1.052465E+00
-6.783835E-01
+9.996196E-01
-8.399899E-02
+9.981111E-01
+3.449394E-01
+7.554561E-01
+5.563081E-01
+4.057679E-01
+5.669430E-01
+6.715240E-02
+6.396028E-01
+7.110025E-02
+7.215365E-01
+7.496150E-02
+8.139237E-01
+7.864998E-02
+9.180924E-01
+8.205907E-02
+9.435039E-01
+4.467960E-02
+9.679204E-01
+5.319891E-03
+9.912327E-01
-3.602468E-02
+1.013330E+00
-7.935412E-02
+1.031656E+00
-8.412744E-02
+1.050302E+00
-8.904834E-02
+1.069275E+00
-9.412052E-02
+1.088578E+00
-9.934781E-02
+1.105062E+00
-1.079015E-01
+1.121752E+00
-1.166955E-01
+1.138646E+00
-1.257350E-01
+1.155748E+00
-1.350252E-01
+1.178417E+00
-1.493147E-01
+1.201415E+00
-1.641264E-01
+1.224744E+00
-1.794743E-01
+1.248404E+00
-1.953728E-01
+1.269674E+00
-2.149070E-01
+1.291101E+00
-2.350823E-01
+1.312680E+00
-2.559128E-01
+1.334405E+00
-2.774130E-01
+1.348133E+00
-3.333099E-01
+1.359981E+00
-3.907478E-01
+1.369857E+00
-4.496832E-01
+1.377667E+00
-5.100681E-01
+1.326269E+00
-5.990201E-01
+1.269345E+00
-6.833807E-01
+1.207277E+00
-7.628232E-01
+1.140465E+00
-8.370510E-01
+1.049435E+00
-7.638370E-01
+9.656475E-01
-6.969949E-01
+8.885282E-01
-6.359729E-01
+8.175479E-01
-5.802659E-01
+8.344387E-01
-5.283102E-01
+8.483528E-01
-4.763204E-01
+8.593365E-01
-4.244522E-01
+8.674432E-01
-3.728558E-01
+9.760762E-01
-3.822036E-01
+1.096956E+00
-3.886284E-01
+1.231321E+00
-3.913646E-01
+1.380513E+00
-3.895184E-01
+1.125609E+00
-1.571980E-01
+9.005092E-01
-2.261458E-03
+7.071339E-01
+9.513704E-02
+5.448545E-01
+1.507830E-01
+6.128553E-01
+8.281876E-02
+6.765035E-01
-9.055900E-04
+7.331024E-01
-1.010678E-01
+7.796303E-01
-2.180036E-01
+8.214985E-01
-1.918114E-01
+8.639065E-01
-1.626550E-01
+9.067424E-01
-1.303883E-01
+9.498845E-01
-9.486426E-02
+9.704553E-01
-8.612411E-02
+9.913498E-01
-7.697301E-02
+1.012571E+00
-6.739889E-02
+1.034120E+00
-5.738946E-02
+1.056675E+00
-6.009845E-02
+1.079719E+00
-6.289841E-02
+1.103265E+00
-6.579207E-02
+1.127322E+00
-6.878217E-02
+1.146854E+00
-6.471862E-02
+1.166701E+00
-6.049512E-02
+1.186866E+00
-5.610744E-02
+1.207354E+00
-5.155129E-02
+1.218059E+00
-5.122244E-02
+1.228858E+00
-5.088373E-02
+1.239753E+00
-5.053500E-02
+1.250743E+00
-5.017611E-02
+1.263021E+00
-5.849012E-02
+1.275370E+00
-6.696449E-02
+1.287790E+00
-7.560129E-02
+1.300283E+00
-8.440255E-02
+1.310006E+00
-8.330159E-02
+1.319800E+00
-8.217959E-02
+1.329665E+00
-8.103628E-02
+1.339601E+00
-7.987137E-02
+1.343495E+00
-7.642455E-02
+1.347391E+00
-7.295759E-02
+1.351288E+00
-6.947045E-02
+1.355186E+00
-6.596307E-02
+1.358707E+00
-6.662928E-02
+1.362238E+00
-6.729852E-02
+1.365777E+00
-6.797074E-02
+1.369326E+00
-6.864609E-02
+1.376629E+00
-6.425317E-02
+1.383953E+00
-5.981230E-02
+1.391300E+00
-5.532310E-02
+1.398670E+00
-5.078528E-02
+1.387238E+00
-4.873557E-02
+1.375897E+00
-4.671606E-02
+1.364647E+00
-4.472636E-02
+1.353487E+00
-4.276612E-02
+1.313250E+00
-1.567743E-02
+1.273717E+00
+9.822911E-03
+1.234897E+00
+3.379647E-02
+1.196797E+00
+5.630314E-02
+1.320537E+00
+1.351403E-01
+1.452626E+00
+2.298871E-01
+1.592983E+00
+3.427421E-01
+1.741385E+00
+4.761333E-01
+1.786722E+00
+4.492317E-01
+1.832414E+00
+4.208322E-01
+1.878437E+00
+3.908971E-01
+1.924766E+00
+3.593883E-01
+1.957537E+00
+3.164011E-01
+1.989655E+00
+2.720718E-01
+2.021080E+00
+2.264002E-01
+2.051770E+00
+1.793865E-01
+2.076467E+00
+1.915725E-01
+2.101413E+00
+2.040301E-01
+2.126610E+00
+2.167639E-01
+2.152060E+00
+2.297787E-01
+2.223696E+00
+1.457103E-01
+2.293851E+00
+5.620312E-02
+2.362256E+00
-3.883696E-02
+2.428625E+00
-1.394956E-01
+2.410349E+00
-1.604220E-01
+2.392014E+00
-1.810370E-01
+2.373621E+00
-2.013420E-01
+2.355174E+00
-2.213390E-01
+2.358620E+00
-2.251035E-01
+2.362068E+00
-2.288789E-01
+2.365515E+00
-2.326654E-01
+2.368963E+00
-2.364632E-01
+2.379180E+00
-2.267065E-01
+2.389394E+00
-2.168662E-01
+2.399602E+00
-2.069418E-01
+2.409807E+00
-1.969332E-01
+2.410463E+00
-1.836941E-01
+2.411046E+00
-1.704537E-01
+2.411559E+00
-1.572124E-01
+2.411995E+00
-1.439706E-01
+2.504119E+00
-9.143101E-02
+2.598370E+00
-3.475099E-02
+2.694726E+00
+2.627253E-02
+2.793161E+00
+9.184982E-02
+2.845540E+00
+1.624079E-02
+2.896763E+00
-6.216595E-02
+2.946732E+00
-1.433884E-01
+2.995347E+00
-2.274420E-01
+2.997486E+00
-2.293022E-01
+2.999626E+00
-2.311650E-01
+3.001767E+00
-2.330304E-01
+3.003909E+00
-2.348985E-01
+3.037405E+00
-2.375288E-01
+3.071274E+00
-2.401886E-01
+3.105521E+00
-2.428780E-01
+3.140151E+00
-2.455977E-01
+3.141552E+00
-2.371234E-01
+3.142930E+00
-2.286434E-01
+3.144285E+00
-2.201576E-01
+3.145615E+00
-2.116661E-01
+3.197528E+00
-1.992478E-01
+3.250218E+00
-1.863674E-01
+3.303694E+00
-1.730134E-01
+3.357967E+00
-1.591743E-01
+3.484118E+00
-7.137407E-02
+3.612396E+00
+2.312387E-02
+3.742691E+00
+1.246216E-01
+3.874876E+00
+2.334287E-01
+4.014483E+00
+1.108825E-01
+4.154712E+00
-2.053135E-02
+4.295281E+00
-1.611353E-01
+4.435899E+00
-3.112538E-01
+4.483415E+00
-3.941111E-01
+4.530019E+00
-4.788072E-01
+4.575669E+00
-5.653480E-01
+4.620322E+00
-6.537379E-01
+4.572120E+00
-5.220250E-01
+4.521110E+00
-3.934574E-01
+4.467416E+00
-2.680649E-01
+4.411159E+00
-1.458736E-01
+4.269549E+00
+1.439618E-01
+4.114070E+00
+4.147295E-01
+3.946432E+00
+6.661871E-01
+3.768297E+00
+8.982104E-01
+2.768991E+00
+1.178943E+00
+1.967070E+00
+1.263734E+00
+1.341852E+00
+1.224178E+00
+8.681701E-01
+1.112413E+00
+1.409506E+00
+1.104590E+00
+2.073853E+00
+9.293924E-01
+2.838517E+00
+5.104264E-01
+3.652182E+00
-2.394591E-01
+4.048709E+00
-3.303223E-01
+4.487143E+00
-4.381683E-01
+4.971780E+00
-5.656020E-01
+5.507344E+00
-7.155904E-01
+4.979323E+00
-1.662439E-01
+4.460660E+00
+2.789803E-01
+3.959291E+00
+6.320299E-01
+3.481276E+00
+9.042543E-01
+4.907935E+00
-1.108131E+00
+5.391200E+00
-4.524859E+00
+3.801066E+00
-9.082590E+00
-1.098469E+00
-1.372932E+01
+2.950999E+00
-1.769882E+01
+9.323461E+00
-2.143573E+01
+1.855831E+01
-2.414451E+01
+3.108577E+01
-2.464922E+01
+3.702062E+01
-5.232124E+01
+3.367129E+01
-9.792128E+01
+7.793866E+00
-1.671092E+02
-6.371468E+01
-2.626537E+02
-6.927489E+01
-1.131838E+02
-4.939828E+01
-4.248541E+01
-2.947719E+01
-1.242978E+01
-1.564668E+01
-1.377267E+00
-1.106957E+01
+5.351015E-01
-7.686889E+00
+1.433759E+00
-5.236218E+00
+1.738134E+00
-3.493952E+00
+1.716301E+00
-3.853491E+00
+1.857875E-01
-3.578076E+00
-1.347813E+00
-2.723921E+00
-2.634293E+00
-1.440643E+00
-3.468203E+00
-1.496488E+00
-3.413830E+00
-1.550857E+00
-3.358797E+00
-1.603748E+00
-3.303136E+00
-1.655160E+00
-3.246883E+00
-1.931199E+00
-4.442969E+00
-2.199878E+00
-6.052449E+00
-2.425069E+00
-8.209822E+00
-2.547872E+00
-1.109059E+01
-3.768979E+00
-8.380911E+00
-4.308183E+00
-6.042161E+00
-4.365918E+00
-4.104846E+00
-4.105746E+00
-2.561472E+00
-3.421614E+00
-2.263865E+00
-2.848551E+00
-1.996144E+00
-2.368943E+00
-1.756268E+00
-1.967906E+00
-1.542109E+00
-1.802260E+00
-1.897524E+00
-1.576434E+00
-2.240264E+00
-1.290227E+00
-2.560686E+00
-9.449038E-01
-2.848773E+00
-1.418181E+00
-2.788485E+00
-1.896525E+00
-2.652527E+00
-2.368288E+00
-2.437793E+00
-2.820979E+00
-2.142905E+00
-2.678159E+00
-1.932877E+00
-2.540253E+00
-1.740383E+00
-2.407326E+00
-1.564120E+00
-2.279411E+00
-1.402870E+00
-2.355825E+00
-1.140085E+00
-2.404259E+00
-8.769015E-01
-2.425434E+00
-6.160881E-01
-2.420323E+00
-3.602682E-01
-2.238160E+00
-3.390149E-01
-2.069692E+00
-3.189222E-01
-1.913892E+00
-2.999355E-01
-1.769809E+00
-2.820013E-01
-1.843244E+00
-8.956029E-02
-1.896762E+00
+1.156772E-01
-1.928453E+00
+3.317721E-01
-1.936583E+00
+5.565241E-01
-1.841560E+00
+4.449361E-01
-1.747812E+00
+3.439323E-01
-1.655686E+00
+2.528201E-01
-1.565482E+00
+1.709350E-01
-1.403342E+00
+2.486741E-01
-1.252244E+00
+3.091041E-01
-1.112161E+00
+3.545695E-01
-9.829256E-01
+3.871844E-01
-1.058542E+00
+3.324786E-01
-1.133687E+00
+2.695410E-01
-1.207728E+00
+1.980148E-01
-1.279972E+00
+1.175733E-01
-1.175071E+00
+3.242967E-01
-1.042502E+00
+4.996774E-01
-8.893591E-01
+6.411637E-01
-7.226924E-01
+7.475625E-01
-7.045540E-01
+7.198974E-01
-6.868180E-01
+6.932052E-01
-6.694774E-01
+6.674527E-01
-6.525253E-01
+6.426083E-01
-7.060079E-01
+6.442107E-01
-7.618453E-01
+6.437567E-01
-8.200566E-01
+6.410648E-01
-8.806542E-01
+6.359442E-01
-8.714598E-01
+7.290221E-01
-8.549403E-01
+8.254462E-01
-8.305293E-01
+9.248160E-01
-7.976662E-01
+1.026672E+00
-7.905897E-01
+1.045545E+00
-7.832066E-01
+1.064479E+00
-7.755138E-01
+1.083469E+00
-7.675074E-01
+1.102510E+00
-7.883688E-01
+1.198879E+00
-8.079218E-01
+1.302365E+00
-8.258771E-01
+1.413415E+00
-8.419117E-01
+1.532496E+00
-8.360723E-01
+1.544981E+00
-8.301264E-01
+1.557487E+00
-8.240730E-01
+1.570014E+00
-8.179118E-01
+1.582560E+00
-8.543836E-01
+1.476519E+00
-8.844427E-01
+1.373429E+00
-9.085025E-01
+1.273453E+00
-9.269651E-01
+1.176728E+00
-9.923448E-01
+1.052582E+00
-1.044611E+00
+9.275704E-01
-1.084189E+00
+8.028492E-01
-1.111588E+00
+6.794923E-01
-1.145926E+00
+5.811635E-01
-1.172002E+00
+4.818110E-01
-1.189873E+00
+3.820973E-01
-1.199652E+00
+2.826702E-01
-1.383003E+00
-1.317882E-01
-1.428964E+00
-6.405631E-01
-1.294151E+00
-1.200381E+00
-9.478801E-01
-1.749358E+00
+4.153277E-01
-1.435494E+00
+9.790183E-01
-5.488597E-01
+8.130587E-01
+2.226024E-01
+3.175363E-01
+5.477520E-01
+3.109650E-01
+6.376358E-01
+2.964140E-01
+7.375642E-01
+2.721393E-01
+8.480788E-01
+2.361489E-01
+9.696446E-01
+4.255518E-02
+9.600331E-01
-1.385510E-01
+9.149059E-01
-3.012471E-01
+8.385514E-01
-4.407350E-01
+7.361227E-01
+1.935069E-01
+9.274448E-01
+8.515089E-01
+6.078054E-01
+1.146191E+00
-1.443149E-01
+8.221727E-01
-9.753793E-01
+1.107439E+00
-2.140392E-01
+8.806208E-01
+4.681115E-01
+3.455917E-01
+8.112660E-01
-2.130665E-01
+7.500080E-01
-3.167372E-01
+7.177409E-01
-4.155558E-01
+6.711534E-01
-5.075454E-01
+6.109711E-01
-5.908367E-01
+5.381909E-01
-6.050204E-01
+4.676482E-01
-6.131009E-01
+3.992777E-01
-6.155290E-01
+3.334503E-01
-6.127628E-01
+2.704849E-01
-5.679354E-01
+1.958115E-01
-5.222727E-01
+1.324324E-01
-4.767107E-01
+7.921024E-02
-4.319997E-01
+3.505818E-02
-5.476359E-01
-7.147636E-02
-6.633240E-01
-2.350487E-01
-7.638723E-01
-4.697065E-01
-8.266064E-01
-7.889043E-01
-7.432939E-01
-1.059835E+00
-5.906273E-01
-1.342344E+00
-3.583420E-01
-1.622327E+00
-3.816430E-02
-1.881839E+00
-9.321822E-01
-1.255462E+00
-1.235674E+00
-4.008735E-01
-1.029517E+00
+3.237798E-01
-5.409540E-01
+7.150160E-01
-5.167076E-01
+5.579761E-01
-4.830343E-01
+4.274734E-01
-4.436377E-01
+3.201608E-01
-4.013603E-01
+2.329023E-01
-4.531959E-01
+3.610188E-01
-4.938113E-01
+5.287383E-01
-5.133313E-01
+7.433251E-01
-4.982316E-01
+1.011946E+00
-4.818088E-01
+1.191576E+00
-4.481631E-01
+1.394345E+00
-3.930141E-01
+1.621976E+00
-3.113533E-01
+1.876065E+00
-3.568612E-01
+1.785167E+00
-3.975446E-01
+1.696769E+00
-4.336906E-01
+1.610914E+00
-4.655754E-01
+1.527635E+00
-6.451038E-01
+1.794275E+00
-8.748823E-01
+2.101671E+00
-1.166982E+00
+2.454710E+00
-1.536083E+00
+2.858512E+00
-4.863850E-01
+3.403500E+00
+7.564848E-01
+3.563117E+00
+2.051085E+00
+3.268964E+00
+3.231775E+00
+2.504542E+00
+1.642077E+00
+3.471002E+00
-9.999992E-02
+3.604755E+00
-1.615785E+00
+2.976379E+00
-2.618145E+00
+1.805916E+00
-2.739076E+00
+7.164219E-01
-2.509541E+00
-2.319777E-01
-2.029568E+00
-9.559218E-01
-1.408165E+00
-1.416017E+00
-1.188606E-01
-2.613802E+00
+2.186738E+00
-2.640184E+00
+4.446504E+00
-6.351797E-01
+4.872725E+00
+3.299987E+00
+3.918230E+00
+3.625559E+00
+3.017784E+00
+3.786978E+00
+2.188252E+00
+3.808588E+00
+1.441431E+00
+3.714522E+00
+4.615073E-01
+3.680456E+00
-4.157127E-01
+3.428043E+00
-1.150798E+00
+3.001683E+00
-1.718179E+00
+2.450387E+00
-1.628093E+00
+2.696167E+00
-1.515860E+00
+2.947759E+00
-1.379957E+00
+3.203863E+00
-1.218879E+00
+3.463002E+00
-1.456166E+00
+2.995789E+00
-1.621834E+00
+2.550143E+00
-1.725170E+00
+2.131332E+00
-1.775088E+00
+1.743144E+00
-1.916531E+00
+1.800958E+00
-2.067359E+00
+1.858769E+00
-2.228106E+00
+1.916360E+00
-2.399330E+00
+1.973487E+00
-2.542080E+00
+2.189401E+00
-2.690914E+00
+2.426007E+00
-2.845805E+00
+2.685100E+00
-3.006689E+00
+2.968619E+00
-2.612663E+00
+2.711166E+00
-2.267358E+00
+2.473086E+00
-1.965026E+00
+2.253347E+00
-1.700568E+00
+2.050896E+00
-1.808128E+00
+1.777104E+00
-1.883482E+00
+1.507517E+00
-1.928756E+00
+1.245025E+00
-1.946239E+00
+9.921554E-01
-1.444509E+00
+2.157293E-03
-8.522674E-01
-4.312673E-01
-3.733236E-01
-5.094573E-01
-6.754588E-02
-4.121415E-01
-2.736920E-01
-3.944249E-01
-4.789137E-01
-2.742077E-01
-6.325449E-01
-4.805461E-02
-6.802994E-01
+2.625725E-01
-8.085529E-01
+3.209774E-01
-9.608838E-01
+3.921110E-01
-1.141793E+00
+4.787030E-01
-1.356617E+00
+5.840615E-01
-1.570538E+00
-2.584116E-01
-1.275042E+00
-1.147261E+00
-4.903081E-01
-1.782134E+00
+5.907892E-01
-1.902197E+00
+7.165490E-01
-1.240300E+00
+6.996044E-01
-7.560843E-01
+6.107970E-01
-4.191590E-01
+4.949854E-01
-1.969564E-01
+3.478345E-01
-2.803113E-01
+2.093069E-01
-3.106748E-01
+9.080373E-02
-3.007162E-01
-1.675986E-03
-2.634074E-01
-1.877755E-02
-3.126852E-01
-4.222592E-02
-3.701118E-01
-7.373036E-02
-4.368106E-01
-1.153921E-01
-5.140063E-01
-4.506477E-01
-4.672757E-01
-7.736954E-01
-2.033860E-01
-9.448268E-01
+2.813217E-01
-8.146070E-01
+9.012338E-01
-1.099980E+00
+6.550353E-01
-1.311037E+00
+3.185591E-01
-1.419245E+00
-8.579279E-02
-1.402815E+00
-5.266067E-01
-1.669716E+00
+7.134501E-01
-8.650807E-01
+2.023129E+00
+9.364258E-01
+2.496492E+00
+2.910773E+00
+1.402547E+00
+3.523171E+00
+1.884588E+00
+4.254666E+00
+2.512076E+00
+5.125726E+00
+3.325473E+00
+6.159532E+00
+4.375834E+00
+3.354866E+00
+5.166097E+00
+9.917599E-01
+4.922994E+00
-7.263950E-01
+4.029218E+00
-1.760335E+00
+2.835902E+00
-2.067544E+00
+2.616233E+00
-2.347685E+00
+2.363498E+00
-2.597226E+00
+2.080998E+00
-2.813030E+00
+1.772405E+00
-2.759773E+00
+1.775715E+00
-2.707177E+00
+1.778481E+00
-2.655241E+00
+1.780719E+00
-2.603961E+00
+1.782440E+00
