Hz,real,imaginary,V^2 (rms) 
9.99999046326,4.216894e-06,4.216894e-06,5.96358868589e-06
10.0577210151,4.198005e-06,4.198005e-06,5.93687560591e-06
10.1157848488,4.1792e-06,4.1792e-06,5.91028131987e-06
10.1741838887,4.160479e-06,4.160479e-06,5.88380582777e-06
10.2329200697,4.141842e-06,4.141842e-06,5.85744912961e-06
10.2919953382,4.09647e-06,4.09647e-06,5.79328343185e-06
10.3514116519,4.051595e-06,4.051595e-06,5.72982059824e-06
10.4111709795,4.007212e-06,4.007212e-06,5.6670535577e-06
10.4712753014,3.963315e-06,3.963315e-06,5.60497382496e-06
10.5317266092,3.933531e-06,3.933531e-06,5.56285288822e-06
10.592526906,3.903971e-06,3.903971e-06,5.52104873531e-06
10.6536782067,3.874632e-06,3.874632e-06,5.4795571236e-06
10.7151825375,3.845515e-06,3.845515e-06,5.43837946731e-06
10.7770419365,3.845761e-06,3.845761e-06,5.43872736385e-06
10.8392584537,3.846007e-06,3.846007e-06,5.43907526038e-06
10.9018341505,3.846252e-06,3.846252e-06,5.4394217427e-06
10.9647711006,3.846499e-06,3.846499e-06,5.43977105345e-06
11.0280713896,3.839747e-06,3.839747e-06,5.43022228348e-06
11.091737115,3.833008e-06,3.833008e-06,5.42069189828e-06
11.1557703865,3.826281e-06,3.826281e-06,5.41117848365e-06
11.2201733259,3.819564e-06,3.819564e-06,5.40167921115e-06
11.2849480674,3.820942e-06,3.820942e-06,5.40362799744e-06
11.3500967575,3.82232e-06,3.82232e-06,5.40557678373e-06
11.4156215548,3.823698e-06,3.823698e-06,5.40752557002e-06
11.4815246308,3.82508e-06,3.82508e-06,5.40948001316e-06
11.5478081693,3.833742e-06,3.833742e-06,5.42172993104e-06
11.6144743666,3.842423e-06,3.842423e-06,5.43400671897e-06
11.681525432,3.851124e-06,3.851124e-06,5.44631179118e-06
11.7489635872,3.859847e-06,3.859847e-06,5.45864797609e-06
11.816791067,3.875877e-06,3.875877e-06,5.48131781949e-06
11.8850101189,3.891973e-06,3.891973e-06,5.50408100099e-06
11.9536230036,3.908137e-06,3.908137e-06,5.52694034901e-06
12.0226319946,3.924367e-06,3.924367e-06,5.54989303513e-06
12.0920393787,3.918096e-06,3.918096e-06,5.54102450188e-06
12.1618474559,3.911835e-06,3.911835e-06,5.53217011077e-06
12.2320585393,3.905584e-06,3.905584e-06,5.52332986179e-06
12.3026749556,3.899345e-06,3.899345e-06,5.51450658337e-06
12.3736990447,3.933197e-06,3.933197e-06,5.56238054089e-06
12.4451331602,3.967343e-06,3.967343e-06,5.61067027719e-06
12.5169796691,4.001786e-06,4.001786e-06,5.65938003491e-06
12.5892409524,4.036527e-06,4.036527e-06,5.70851122829e-06
12.6619194044,4.054732e-06,4.054732e-06,5.73425698619e-06
12.7350174335,4.073019e-06,4.073019e-06,5.7601187096e-06
12.808537462,4.091389e-06,4.091389e-06,5.78609781274e-06
12.8824819261,4.109844e-06,4.109844e-06,5.81219712404e-06
12.956853276,4.146e-06,4.146e-06,5.8633294296e-06
13.0316539763,4.182474e-06,4.182474e-06,5.91491145507e-06
13.1068865055,4.219269e-06,4.219269e-06,5.9669474431e-06
13.1825533567,4.256387e-06,4.256387e-06,6.01944022211e-06
13.2586570372,4.295609e-06,4.295609e-06,6.07490850645e-06
13.3352000689,4.335193e-06,4.335193e-06,6.1308887361e-06
13.4121849882,4.375142e-06,4.375142e-06,6.18738515371e-06
13.489614346,4.415456e-06,4.415456e-06,6.24439775926e-06
13.5674907083,4.459007e-06,4.459007e-06,6.30598817412e-06
13.6458166555,4.502987e-06,4.502987e-06,6.36818528659e-06
13.7245947832,4.547402e-06,4.547402e-06,6.43099758196e-06
13.8038277017,4.592255e-06,4.592255e-06,6.49442930288e-06
13.8835180367,4.642146e-06,4.642146e-06,6.56498583172e-06
13.9636684289,4.692578e-06,4.692578e-06,6.63630745009e-06
14.0442815341,4.743558e-06,4.743558e-06,6.7084040575e-06
14.1253600237,4.795091e-06,4.795091e-06,6.78128272501e-06
14.2069065844,4.851609e-06,4.851609e-06,6.86121124713e-06
14.2889239182,4.908794e-06,4.908794e-06,6.9420830497e-06
14.3714147431,4.966652e-06,4.966652e-06,7.02390661799e-06
14.4543817926,5.025193e-06,5.025193e-06,7.10669609414e-06
14.5378278159,5.1037e-06,5.1037e-06,7.21772175828e-06
14.6217555781,5.183433e-06,5.183433e-06,7.33048124825e-06
14.7061678604,5.264412e-06,5.264412e-06,7.44500284832e-06
14.7910674599,5.346655e-06,5.346655e-06,7.56131201433e-06
14.8764571899,5.425642e-06,5.425642e-06,7.67301650098e-06
14.9623398801,5.505797e-06,5.505797e-06,7.78637278907e-06
15.0487183762,5.587136e-06,5.587136e-06,7.90140350602e-06
15.1355955406,5.669677e-06,5.669677e-06,8.01813410767e-06
15.2229742522,5.764954e-06,5.764954e-06,8.15287613326e-06
15.3108574064,5.861832e-06,5.861832e-06,8.28988231475e-06
15.3992479154,5.960339e-06,5.960339e-06,8.42919225014e-06
15.4881487081,6.0605e-06,6.0605e-06,8.57084129476e-06
15.5775627305,6.172349e-06,6.172349e-06,8.7290196675e-06
15.6674929455,6.286264e-06,6.286264e-06,8.89011980546e-06
15.757942333,6.40228e-06,6.40228e-06,9.05419120611e-06
15.8489138904,6.520438e-06,6.520438e-06,9.22129185221e-06
15.9404106321,6.631233e-06,6.631233e-06,9.37797964386e-06
16.03243559,6.743911e-06,6.743911e-06,9.53733039964e-06
16.1249918136,6.858505e-06,6.858505e-06,9.6993907886e-06
16.2180823699,6.975049e-06,6.975049e-06,9.86420889402e-06
16.3117103437,7.107735e-06,7.107735e-06,1.00518552348e-05
16.4058788374,7.242945e-06,7.242945e-06,1.02430710505e-05
16.5005909715,7.380727e-06,7.380727e-06,1.04379242236e-05
16.5958498845,7.521132e-06,7.521132e-06,1.06364868788e-05
16.6916587331,7.691778e-06,7.691778e-06,1.08778167664e-05
16.7880206919,7.866296e-06,7.866296e-06,1.11246224888e-05
16.8849389541,8.044773e-06,8.044773e-06,1.13770270828e-05
16.9824167314,8.227302e-06,8.227302e-06,1.16351620701e-05
17.0804572538,8.369561e-06,8.369561e-06,1.18363466773e-05
17.17906377,8.51428e-06,8.51428e-06,1.20410102498e-05
17.2782395477,8.661501e-06,8.661501e-06,1.22492121847e-05
17.3779878732,8.811266e-06,8.811266e-06,1.24610118789e-05
17.4783120518,8.99853e-06,8.99853e-06,1.27258431674e-05
17.5792154079,9.189773e-06,9.189773e-06,1.29963016117e-05
17.6807012853,9.385079e-06,9.385079e-06,1.32725060057e-05
17.7827730468,9.584533e-06,9.584533e-06,1.35545765576e-05
17.8854340747,9.75098e-06,9.75098e-06,1.37899681624e-05
17.988687771,9.920317e-06,9.920317e-06,1.40294468444e-05
18.0925375572,1.00926e-05,1.00926e-05,1.42730917996e-05
18.1969868745,1.026786e-05,1.026786e-05,1.45209468685e-05
18.302039184,1.043923e-05,1.043923e-05,1.47633006467e-05
18.4076979669,1.061345e-05,1.061345e-05,1.50096849336e-05
18.5139667243,1.079058e-05,1.079058e-05,1.52601845819e-05
18.6208489778,1.097067e-05,1.097067e-05,1.55148703023e-05
18.7283482689,1.104498e-05,1.104498e-05,1.56199605121e-05
18.83646816,1.111979e-05,1.111979e-05,1.57257578287e-05
18.9452122338,1.119511e-05,1.119511e-05,1.58322763943e-05
19.0545840938,1.127093e-05,1.127093e-05,1.59395020666e-05
19.1645873641,1.128135e-05,1.128135e-05,1.59542381719e-05
19.27522569,1.129179e-05,1.129179e-05,1.59690025615e-05
19.3865027376,1.130223e-05,1.130223e-05,1.59837669511e-05
19.4984221944,1.131269e-05,1.131269e-05,1.59985596249e-05
19.610987769,1.13106e-05,1.13106e-05,1.59956039186e-05
19.7242031915,1.130852e-05,1.130852e-05,1.59926623544e-05
19.8380722135,1.130643e-05,1.130643e-05,1.5989706648e-05
19.9525986083,1.130435e-05,1.130435e-05,1.59867650838e-05
20.0677861709,1.131472e-05,1.131472e-05,1.60014304785e-05
20.1836387183,1.132509e-05,1.132509e-05,1.60160958731e-05
20.3001600895,1.133548e-05,1.133548e-05,1.6030789552e-05
20.4173541456,1.134587e-05,1.134587e-05,1.60454832309e-05
20.5352247701,1.144265e-05,1.144265e-05,1.61823508195e-05
20.6537758689,1.154025e-05,1.154025e-05,1.63203780632e-05
20.7730113704,1.163868e-05,1.163868e-05,1.64595791041e-05
20.8929352257,1.173795e-05,1.173795e-05,1.65999680845e-05
21.0135514086,1.182599e-05,1.182599e-05,1.67244754465e-05
21.1348639161,1.191469e-05,1.191469e-05,1.68499161895e-05
21.2568767681,1.200405e-05,1.200405e-05,1.69762903134e-05
21.3795940077,1.209409e-05,1.209409e-05,1.71036261026e-05
21.5030197013,1.225269e-05,1.225269e-05,1.73279203736e-05
21.627157939,1.241337e-05,1.241337e-05,1.75551562088e-05
21.7520128342,1.257616e-05,1.257616e-05,1.77853760346e-05
21.8775885244,1.274108e-05,1.274108e-05,1.80186081353e-05
22.0038891706,1.265759e-05,1.265759e-05,1.7900535445e-05
22.1309189581,1.257464e-05,1.257464e-05,1.778322643e-05
22.2586820963,1.249223e-05,1.249223e-05,1.76666810903e-05
22.3871828188,1.241036e-05,1.241036e-05,1.75508994259e-05
22.5164253838,1.211746e-05,1.211746e-05,1.71366762735e-05
22.646414074,1.183147e-05,1.183147e-05,1.67322253368e-05
22.7771531967,1.155223e-05,1.155223e-05,1.63373203417e-05
22.9086470844,1.127957e-05,1.127957e-05,1.59517208717e-05
23.0409000942,1.091676e-05,1.091676e-05,1.54386300492e-05
23.1739166087,1.056562e-05,1.056562e-05,1.49420430989e-05
23.3077010356,1.022577e-05,1.022577e-05,1.44614226197e-05
23.4422578082,9.896859e-06,9.896859e-06,1.39962722227e-05
23.5775913851,9.305395e-06,9.305395e-06,1.31598158122e-05
23.713706251,8.749279e-06,8.749279e-06,1.23733490228e-05
23.8506069163,8.226398e-06,8.226398e-06,1.16338836211e-05
23.9882979174,7.734763e-06,7.734763e-06,1.09386067363e-05
24.126783817,7.296351e-06,7.296351e-06,1.031859854e-05
24.2660692042,6.882789e-06,6.882789e-06,9.73373355075e-06
24.4061586943,6.492668e-06,6.492668e-06,9.18201914159e-06
24.5470569295,6.124659e-06,6.124659e-06,8.66157582271e-06
24.6887685789,5.599411e-06,5.599411e-06,7.9187629775e-06
24.8312983381,5.119208e-06,5.119208e-06,7.23965338221e-06
24.9746509303,4.680187e-06,4.680187e-06,6.61878392984e-06
25.1188311058,4.278816e-06,4.278816e-06,6.0511596181e-06
25.2638436421,4.063846e-06,4.063846e-06,5.7471461286e-06
25.4096933446,3.859675e-06,3.859675e-06,5.45840473135e-06
25.5563850463,3.665763e-06,3.665763e-06,5.18417175105e-06
25.7039236081,3.481593e-06,3.481593e-06,4.92371603926e-06
25.8523139189,3.342655e-06,3.342655e-06,4.72722803533e-06
26.001560896,3.209262e-06,3.209262e-06,4.53858184561e-06
26.151669485,3.081191e-06,3.081191e-06,4.35746210046e-06
26.30264466,2.958231e-06,2.958231e-06,4.18357040083e-06
26.4544914238,2.860149e-06,2.860149e-06,4.04486150621e-06
26.6072148082,2.76532e-06,2.76532e-06,3.9107530483e-06
26.760819874,2.673634e-06,2.673634e-06,3.78108946362e-06
26.9153117111,2.584988e-06,2.584988e-06,3.65572508817e-06
27.070695439,2.747559e-06,2.747559e-06,3.88563520122e-06
27.2269762066,2.920354e-06,2.920354e-06,4.13000423373e-06
27.3841591925,3.104016e-06,3.104016e-06,4.38974152502e-06
27.5422496054,3.299229e-06,3.299229e-06,4.66581439717e-06
27.7012526838,4.100714e-06,4.100714e-06,5.79928535421e-06
27.8611736966,5.096905e-06,5.096905e-06,7.20811217713e-06
28.0220179431,6.3351e-06,6.3351e-06,8.95918433899e-06
28.1837907532,7.874092e-06,7.874092e-06,1.11356476978e-05
28.3464974876,7.031147e-06,7.031147e-06,9.94354344644e-06
28.5101435378,6.278441e-06,6.278441e-06,8.87905641276e-06
28.6747343267,5.606315e-06,5.606315e-06,7.92852670794e-06
28.8402753081,5.006141e-06,5.006141e-06,7.07975249735e-06
29.0067719676,4.113091e-06,4.113091e-06,5.81678907547e-06
29.1742298225,3.379352e-06,3.379352e-06,4.77912543043e-06
29.3426544217,2.776506e-06,2.776506e-06,3.92657244121e-06
29.5120513464,2.281202e-06,2.281202e-06,3.22610680691e-06
29.6824262098,2.407287e-06,2.407287e-06,3.40441792392e-06
29.8537846576,2.540341e-06,2.540341e-06,3.59258469525e-06
30.0261323681,2.680748e-06,2.680748e-06,3.7911501789e-06
30.1994750524,2.828915e-06,2.828915e-06,4.0006899598e-06
30.3738184546,2.752789e-06,2.752789e-06,3.89303153815e-06
30.5491683518,2.678711e-06,2.678711e-06,3.78826942588e-06
30.7255305546,2.606627e-06,2.606627e-06,3.68632725545e-06
30.9029109071,2.536482e-06,2.536482e-06,3.58712724512e-06
31.0813152871,2.019879e-06,2.019879e-06,2.85654027615e-06
31.2607496065,1.608492e-06,1.608492e-06,2.27475120137e-06
31.441219811,1.280891e-06,1.280891e-06,1.81145342412e-06
31.622731881,1.020014e-06,1.020014e-06,1.44251763261e-06
31.8052918312,8.970768e-07,8.970768e-07,1.26865817705e-06
31.9889057111,7.88957e-07,7.88957e-07,1.11575368953e-06
32.1735796051,6.938682e-07,6.938682e-07,9.81277818939e-07
32.3593196326,6.1024e-07,6.1024e-07,8.63009684303e-07
32.5461319486,5.674408e-07,5.674408e-07,8.02482475204e-07
32.7340227434,5.276432e-07,5.276432e-07,7.46200169534e-07
32.9229982432,4.906369e-07,4.906369e-07,6.93865358181e-07
33.11306471,4.562261e-07,4.562261e-07,6.45201138129e-07
33.3042284421,4.730414e-07,4.730414e-07,6.68981563444e-07
33.496495774,4.904764e-07,4.904764e-07,6.93638376904e-07
33.6898730769,5.085541e-07,5.085541e-07,7.1920410542e-07
33.8843667586,5.272981e-07,5.272981e-07,7.45712124434e-07
34.0799832642,5.895877e-07,5.895877e-07,8.33802921548e-07
34.2767290758,6.592355e-07,6.592355e-07,9.32299784898e-07
34.4746107129,7.371109e-07,7.371109e-07,1.04243223175e-06
34.6736347326,8.241855e-07,8.241855e-07,1.16557431201e-06
34.8738077301,8.071752e-07,8.071752e-07,1.14151811505e-06
35.0751363385,7.90516e-07,7.90516e-07,1.11795844847e-06
35.2776272292,7.742005e-07,7.742005e-07,1.0948848471e-06
35.481287112,7.582216e-07,7.582216e-07,1.07228727e-06
35.6861227357,7.046865e-07,7.046865e-07,9.96577205521e-07
35.8921408879,6.549312e-07,6.549312e-07,9.26212585461e-07
36.0993483954,6.08689e-07,6.08689e-07,8.60816239067e-07
36.3077521244,5.657116e-07,5.657116e-07,8.00037017112e-07
36.5173589808,6.704041e-07,6.704041e-07,9.48094570491e-07
36.7281759103,7.944714e-07,7.944714e-07,1.1235522288e-06
36.9402098987,9.414989e-07,9.414989e-07,1.33148051334e-06
37.1534679722,1.115736e-06,1.115736e-06,1.57788898323e-06
37.3679571975,1.353017e-06,1.353017e-06,1.91345499152e-06
37.5836846821,1.64076e-06,1.64076e-06,2.3203850446e-06
37.8006575745,1.989696e-06,1.989696e-06,2.8138550682e-06
38.0188830647,2.412841e-06,2.412841e-06,3.41227246605e-06
38.2383683838,2.726136e-06,2.726136e-06,3.85533850407e-06
38.459120805,3.080112e-06,3.080112e-06,4.35593616403e-06
38.6811476434,3.480049e-06,3.480049e-06,4.92153249352e-06
38.9044562561,3.931918e-06,3.931918e-06,5.56057176174e-06
39.129054043,4.667091e-06,4.667091e-06,6.60026338903e-06
39.3549484466,5.539723e-06,5.539723e-06,7.83435139839e-06
39.5821469523,6.575516e-06,6.575516e-06,9.2991839068e-06
39.8106570887,7.804978e-06,7.804978e-06,1.10379057416e-05
40.040486428,8.19966e-06,8.19966e-06,1.15960703788e-05
40.2716425861,8.614301e-06,8.614301e-06,1.21824613046e-05
40.5041332226,9.04991e-06,9.04991e-06,1.27985054603e-05
40.7379660418,9.50755e-06,9.50755e-06,1.34457061549e-05
40.9731487919,8.938243e-06,8.938243e-06,1.26405844744e-05
41.2096892664,8.403025e-06,8.403025e-06,1.188367192e-05
41.4475953034,7.899856e-06,7.899856e-06,1.1172083496e-05
41.6868747863,7.426815e-06,7.426815e-06,1.05031024982e-05
41.9275356443,8.68863e-06,8.68863e-06,1.22875783844e-05
42.169585852,1.016483e-05,1.016483e-05,1.43752404452e-05
42.4130334302,1.189183e-05,1.189183e-05,1.68175872674e-05
42.6578864461,1.391225e-05,1.391225e-05,1.96748926331e-05
42.9041530132,1.82802e-05,1.82802e-05,2.58521067629e-05
43.1518412923,2.401953e-05,2.401953e-05,3.39687450878e-05
43.4009594908,3.15608e-05,3.15608e-05,4.46337113993e-05
43.6515158637,4.146975e-05,4.146975e-05,5.86470828782e-05
43.9035187138,5.363193e-05,5.363193e-05,7.58470027822e-05
44.1569763917,6.936102e-05,6.936102e-05,9.8091295184e-05
44.4118972961,8.970311e-05,8.970311e-05,0.000126859354749
44.6682898744,0.0001160111,0.0001160111,0.000164064471006
44.9261626225,0.0001376828,0.0001376828,0.000194712883066
45.1855240857,0.000163403,0.000163403,0.000231086738732
45.4463828584,0.0001939278,0.0001939278,0.000274255324881
45.7087475846,0.0002301551,0.0002301551,0.000325488463869
45.9726269583,0.0002410926,0.0002410926,0.000340956424708
46.2380297236,0.0002525498,0.0002525498,0.000357159352335
46.5049646752,0.0002645514,0.0002645514,0.000374132177825
46.7734406585,0.0002771236,0.0002771236,0.000391911953574
47.0434665699,0.0002765387,0.0002765387,0.000391084780061
47.3150513572,0.000275955,0.000275955,0.000390259303605
47.5882040201,0.0002753725,0.0002753725,0.000389435524205
47.8629336098,0.0002747913,0.0002747913,0.000388613583282
48.1392492302,0.0002655064,0.0002655064,0.000375482751777
48.4171600373,0.0002565352,0.0002565352,0.000362795559066
48.6966752405,0.0002478671,0.0002478671,0.000350537014486
48.9778041018,0.0002394919,0.0002394919,0.000338692693059
49.2605559372,0.0002163525,0.0002163525,0.000305968639753
49.544940116,0.0001954487,0.0001954487,0.000276406202288
49.830966062,0.0001765646,0.0001765646,0.000249700051955
50.1186432531,0.0001595051,0.0001595051,0.000225574275688
50.4079812221,0.000144437,0.000144437,0.000204264764308
50.6989895567,0.0001307924,0.0001307924,0.000184968385935
50.9916779002,0.0001184368,0.0001184368,0.000167494928844
51.2860559511,0.0001072484,0.0001072484,0.000151672141823
51.5821334645,8.681297e-05,8.681297e-05,0.000122772079564
51.8799202513,7.02714e-05,7.02714e-05,9.93787669269e-05
52.1794261793,5.68817e-05,5.68817e-05,8.04428715908e-05
52.4806611732,4.604332e-05,4.604332e-05,6.51150876007e-05
52.783635215,3.747056e-05,3.747056e-05,5.29913741417e-05
53.0883583443,3.049396e-05,3.049396e-05,4.31249718025e-05
53.3948406587,2.481632e-05,2.481632e-05,3.50955763122e-05
53.7030923141,2.01958e-05,2.01958e-05,2.8561174263e-05
54.0131235251,1.439107e-05,1.439107e-05,2.03520463711e-05
54.324944565,1.025475e-05,1.025475e-05,1.45024065287e-05
54.6385657668,7.307308e-06,7.307308e-06,1.0334094078e-05
54.9539975227,5.207023e-06,5.207023e-06,7.36384254619e-06
55.2712502853,2.260914e-06,2.260914e-06,3.19741524216e-06
55.5903345674,9.816995e-07,9.816995e-07,1.38833274707e-06
55.9112609424,4.262585e-07,4.262585e-07,6.02820551777e-07
56.2340400449,1.850834e-07,1.850834e-07,2.6174745445e-07
56.5586825707,2.650418e-07,2.650418e-07,3.74825708156e-07
56.8851992775,3.795433e-07,3.795433e-07,5.36755282368e-07
57.213600985,5.43511e-07,5.43511e-07,7.68640627499e-07
57.5438985756,7.783149e-07,7.783149e-07,1.10070348738e-06
57.8761029941,1.206811e-06,1.206811e-06,1.70668848342e-06
58.210225249,1.871213e-06,1.871213e-06,2.64629480269e-06
58.5462764119,2.901396e-06,2.901396e-06,4.10319357302e-06
58.8842676185,4.498742e-06,4.498742e-06,6.36218195002e-06
59.2242100689,3.952794e-06,3.952794e-06,5.59009488407e-06
59.5661150277,3.4731e-06,3.4731e-06,4.91170512348e-06
59.9099938246,3.05162e-06,3.05162e-06,4.31564239121e-06
60.2558578547,2.681288e-06,2.681288e-06,3.79191385423e-06
60.6037185787,2.382616e-06,2.382616e-06,3.36952786113e-06
60.9535875239,2.117215e-06,2.117215e-06,2.99419416746e-06
61.3054762837,1.881376e-06,1.881376e-06,2.66066745512e-06
61.6593965186,1.671808e-06,1.671808e-06,2.36429354728e-06
62.0153599566,2.493647e-06,2.493647e-06,3.52654940717e-06
62.3733783931,3.719493e-06,3.719493e-06,5.26015744575e-06
62.7334636917,5.547949e-06,5.547949e-06,7.84598471915e-06
63.0956277846,8.275256e-06,8.275256e-06,1.17029792673e-05
63.4598826729,9.306423e-06,9.306423e-06,1.31612696238e-05
63.8262404266,1.046608e-05,1.046608e-05,1.48012722809e-05
64.194713186,1.177025e-05,1.177025e-05,1.66456471825e-05
64.5653131609,1.323692e-05,1.323692e-05,1.8719831788e-05
64.938052632,1.464386e-05,1.464386e-05,2.07095454175e-05
65.3129439507,1.620035e-05,1.620035e-05,2.29107546852e-05
65.6899995397,1.792227e-05,1.792227e-05,2.53459173025e-05
66.0692318935,1.982722e-05,1.982722e-05,2.80399234282e-05
66.4506535786,2.121266e-05,2.121266e-05,2.9999231466e-05
66.8342772344,2.269491e-05,2.269491e-05,3.20954495188e-05
67.2201155727,2.428073e-05,2.428073e-05,3.43381376703e-05
67.6081813792,2.597737e-05,2.597737e-05,3.67375489688e-05
67.9984875132,2.663134e-05,2.663134e-05,3.76624022122e-05
68.3910469082,2.730178e-05,2.730178e-05,3.86105475529e-05
68.7858725723,2.798909e-05,2.798909e-05,3.95825506765e-05
69.182977589,2.86937e-05,2.86937e-05,4.05790196947e-05
69.5823751171,2.557897e-05,2.557897e-05,3.61741262855e-05
69.9840783913,2.280235e-05,2.280235e-05,3.2247392624e-05
70.3881007229,2.032714e-05,2.032714e-05,2.87469170723e-05
70.7944554999,1.812061e-05,1.812061e-05,2.56264124205e-05
71.2031561878,1.406775e-05,1.406775e-05,1.98948028421e-05
71.6142163295,1.092136e-05,1.092136e-05,1.54451354316e-05
72.0276495463,8.478684e-06,8.478684e-06,1.19906699039e-05
72.4434695382,6.582341e-06,6.582341e-06,9.30883591436e-06
72.8616900841,5.116789e-06,5.116789e-06,7.2362323996e-06
73.2823250427,3.977541e-06,3.977541e-06,5.6250924271e-06
73.7053883523,3.091946e-06,3.091946e-06,4.37267196733e-06
74.1308940322,2.403527e-06,2.403527e-06,3.39910048093e-06
74.5588561821,2.170668e-06,2.170668e-06,3.06978812501e-06
74.9892889835,1.960369e-06,1.960369e-06,2.77238042706e-06
75.4222066996,1.770444e-06,1.770444e-06,2.50378591622e-06
75.8576236759,1.598919e-06,1.598919e-06,2.26121293494e-06
76.2955543409,1.701202e-06,1.701202e-06,2.40586294074e-06
76.7360132062,1.810027e-06,1.810027e-06,2.55976473166e-06
77.1790148672,1.925815e-06,1.925815e-06,2.72351369162e-06
77.6245740037,2.049008e-06,2.049008e-06,2.89773490301e-06
78.0727053801,2.918111e-06,2.918111e-06,4.12683215271e-06
78.5234238462,4.155851e-06,4.155851e-06,5.8772608474e-06
78.9767443373,5.918587e-06,5.918587e-06,8.37014600549e-06
79.4326818752,8.428998e-06,8.428998e-06,1.19204032888e-05
79.8912515681,3.157578e-06,3.157578e-06,4.46548963185e-06
80.3524686117,1.182857e-06,1.182857e-06,1.67281241175e-06
80.8163482892,4.431088e-07,4.431088e-07,6.26650474567e-07
81.2829059723,1.659925e-07,1.659925e-07,2.34748844752e-07
81.7521571212,3.351142e-07,3.351142e-07,4.73923046584e-07
82.2241172855,6.765459e-07,6.765459e-07,9.56780387348e-07
82.6988021044,1.365846e-06,1.365846e-06,1.93159793731e-06
83.1762273076,2.757441e-06,2.757441e-06,3.89961045964e-06
83.6564087154,2.974951e-06,2.974951e-06,4.2072160516e-06
84.1393622397,3.209617e-06,3.209617e-06,4.53908389142e-06
84.625103884,3.462794e-06,3.462794e-06,4.8971302385e-06
85.1136497443,3.735943e-06,3.735943e-06,5.28342125885e-06
85.6050160094,4.36074e-06,4.36074e-06,6.16701764998e-06
86.0992189619,5.090027e-06,5.090027e-06,7.19838521625e-06
86.5962749779,5.94128e-06,5.94128e-06,8.40223875386e-06
87.0962005286,6.934899e-06,6.934899e-06,9.80742821949e-06
87.5990121797,9.349174e-06,9.349174e-06,1.32217286678e-05
88.1047265931,1.260394e-05,1.260394e-05,1.78246628873e-05
88.6133605264,1.699181e-05,1.699181e-05,2.40300481513e-05
89.1249308343,2.290724e-05,2.290724e-05,3.23957294845e-05
89.6394544686,2.982462e-05,2.982462e-05,4.21783820966e-05
90.1569484791,3.883085e-05,3.883085e-05,5.49151147085e-05
90.6774300139,5.055674e-05,5.055674e-05,7.14980273774e-05
91.2009163202,6.582354e-05,6.582354e-05,9.30885429914e-05
91.7274247448,6.966467e-05,6.966467e-05,9.85207211322e-05
92.2569727344,7.372997e-05,7.372997e-05,0.000104269923527
92.7895778367,7.803249e-05,7.803249e-05,0.000110354605664
93.3252577005,8.258609e-05,8.258609e-05,0.000116794368541
93.8640300768,6.181683e-05,6.181683e-05,8.74221993689e-05
94.4059128186,4.627075e-05,4.627075e-05,6.54367221912e-05
94.9509238824,3.463429e-05,3.463429e-05,4.89802826412e-05
95.4990813282,2.592424e-05,2.592424e-05,3.66624118022e-05
96.0504033201,2.208643e-05,2.208643e-05,3.12349288504e-05
96.6049081274,1.881678e-05,1.881678e-05,2.66109454762e-05
97.1626141246,1.603116e-05,1.603116e-05,2.26714838926e-05
97.7235397923,1.365792e-05,1.365792e-05,1.93152156978e-05
98.287703718,1.260022e-05,1.260022e-05,1.78194020129e-05
98.8551245962,1.162443e-05,1.162443e-05,1.64394265609e-05
99.4258212296,1.07242e-05,1.07242e-05,1.51663090856e-05
99.9998125293,9.893692e-06,9.893692e-06,1.39917934083e-05
100.577117516,8.952769e-06,8.952769e-06,1.26611273406e-05
101.157755319,8.101331e-06,8.101331e-06,1.14570121735e-05
101.741745179,7.330867e-06,7.330867e-06,1.03674115354e-05
102.329106448,6.633677e-06,6.633677e-06,9.3814359818e-06
102.91985859,5.751705e-06,5.751705e-06,8.13413921777e-06
103.514021179,4.986995e-06,4.986995e-06,7.05267596449e-06
104.111613905,4.323956e-06,4.323956e-06,6.1149972183e-06
104.71265657,3.749071e-06,3.749071e-06,5.3019870545e-06
105.317169091,3.259997e-06,3.259997e-06,4.6103319707e-06
105.9251715,2.834724e-06,2.834724e-06,4.00890512638e-06
106.536683943,2.464929e-06,2.464929e-06,3.48593602209e-06
107.151726685,2.143374e-06,2.143374e-06,3.03118858004e-06
107.770320105,2.265828e-06,2.265828e-06,3.2043646876e-06
108.392484703,2.395278e-06,2.395278e-06,3.38743463325e-06
109.018241096,2.532123e-06,2.532123e-06,3.5809626882e-06
109.647610017,2.676787e-06,2.676787e-06,3.78554847898e-06
110.280612324,3.066531e-06,3.066531e-06,4.33672972964e-06
110.917268991,3.513022e-06,3.513022e-06,4.96816335732e-06
111.557601116,4.024522e-06,4.024522e-06,5.69153359447e-06
112.201629918,4.610496e-06,4.610496e-06,6.52022597247e-06
112.849376736,5.647305e-06,5.647305e-06,7.98649532186e-06
113.500863036,6.91727e-06,6.91727e-06,9.7824970486e-06
114.156110407,8.472825e-06,8.472825e-06,1.19823840266e-05
114.81514056,1.03782e-05,1.03782e-05,1.4676991193e-05
115.477975334,1.224824e-05,1.224824e-05,1.73216271232e-05
116.144636693,1.445524e-05,1.445524e-05,2.04427964554e-05
116.815146729,1.705992e-05,1.705992e-05,2.4126370237e-05
117.48952766,2.013392e-05,2.013392e-05,2.84736627277e-05
118.167801833,1.610405e-05,1.610405e-05,2.27745659191e-05
118.849991724,1.288076e-05,1.288076e-05,1.82161454857e-05
119.536119939,1.030263e-05,1.030263e-05,1.45701190741e-05
120.226209214,8.240524e-06,8.240524e-06,1.16538608019e-05
120.920282416,6.426368e-06,6.426368e-06,9.0882567824e-06
121.618362544,5.011599e-06,5.011599e-06,7.08747127498e-06
122.320472732,3.908292e-06,3.908292e-06,5.52715955211e-06
123.026636244,3.04788e-06,3.04788e-06,4.31035323249e-06
123.736876481,3.212545e-06,3.212545e-06,4.54322470873e-06
124.451216978,3.386106e-06,3.386106e-06,4.78867702883e-06
125.169681406,3.569044e-06,3.569044e-06,5.04739042951e-06
125.892293573,3.761867e-06,3.761867e-06,5.32008333124e-06
126.619077423,3.718139e-06,3.718139e-06,5.25824260059e-06
127.350057041,3.67492e-06,3.67492e-06,5.19712170464e-06
128.085256649,3.632203e-06,3.632203e-06,5.13671074389e-06
128.824700609,3.589982e-06,3.589982e-06,5.07700123308e-06
129.568413423,3.600344e-06,3.600344e-06,5.09165531401e-06
130.316419737,3.610735e-06,3.610735e-06,5.10635040714e-06
131.068744336,3.621157e-06,3.621157e-06,5.12108934088e-06
131.825412151,3.631608e-06,3.631608e-06,5.13586928682e-06
132.586448256,3.665831e-06,3.665831e-06,5.18426791757e-06
133.351877867,3.700377e-06,3.700377e-06,5.23312333929e-06
134.121726351,3.735248e-06,3.735248e-06,5.28243838043e-06
134.896019216,3.77045e-06,3.77045e-06,5.33222152625e-06
135.674782122,3.859214e-06,3.859214e-06,5.4577527789e-06
136.458040872,3.950068e-06,3.950068e-06,5.5862397379e-06
137.245821423,4.043061e-06,4.043061e-06,5.7177516997e-06
138.038149879,4.138243e-06,4.138243e-06,5.852359375e-06
138.835052496,4.010923e-06,4.010923e-06,5.67230170423e-06
139.636555679,3.887521e-06,3.887521e-06,5.49778492221e-06
140.442685989,3.767916e-06,3.767916e-06,5.32863790908e-06
141.253470138,3.65199e-06,3.65199e-06,5.16469378765e-06
142.068934993,3.534504e-06,3.534504e-06,4.99854349306e-06
142.889107576,3.420797e-06,3.420797e-06,4.83773751153e-06
143.714015066,3.310748e-06,3.310748e-06,4.6821047232e-06
144.543684796,3.20424e-06,3.20424e-06,4.5314796651e-06
145.37814426,3.401381e-06,3.401381e-06,4.810279141e-06
146.21742111,3.61065e-06,3.61065e-06,5.10623019898e-06
147.061543155,3.832794e-06,3.832794e-06,5.42038925658e-06
147.910538368,4.068608e-06,4.068608e-06,5.75388061358e-06
148.764434882,3.898676e-06,3.898676e-06,5.5135604745e-06
149.623260993,3.735842e-06,3.735842e-06,5.28327842328e-06
150.487045158,3.579808e-06,3.579808e-06,5.06261302429e-06
151.355816003,3.430291e-06,3.430291e-06,4.85116405509e-06
152.229602313,4.897744e-06,4.897744e-06,6.92645598983e-06
153.108433046,6.992964e-06,6.992964e-06,9.88954452999e-06
153.992337321,9.984504e-06,9.984504e-06,1.41202209704e-05
154.88134443,1.42558e-05,1.42558e-05,2.01607457025e-05
155.77548383,1.892958e-05,1.892958e-05,2.6770468766e-05
156.674785152,2.513567e-05,2.513567e-05,3.55472054133e-05
157.579278194,3.337643e-05,3.337643e-05,4.72013999696e-05
158.48899293,4.431893e-05,4.431893e-05,6.26764318759e-05
159.403959505,4.235956e-05,4.235956e-05,5.99054642482e-05
160.324208236,4.048681e-05,4.048681e-05,5.72569957992e-05
161.24976962,3.869686e-05,3.869686e-05,5.47256242333e-05
162.180674325,3.698603e-05,3.698603e-05,5.23061452443e-05
163.1169532,4.332529e-05,4.332529e-05,6.12712127117e-05
164.05863727,5.075108e-05,5.075108e-05,7.17728656411e-05
165.005757739,5.944963e-05,5.944963e-05,8.40744730241e-05
165.958345992,6.963909e-05,6.963909e-05,9.84845455493e-05
166.916433595,9.994951e-05,9.994951e-05,0.000141349952595
167.880052295,0.0001434525,0.0001434525,0.000202872471056
168.849234025,0.0002058903,0.0002058903,0.000291172854621
169.8240109,0.000295504,0.000295504,0.000417905764535
170.804415221,0.0004235625,0.0004235625,0.000599007832013
171.790479475,0.000607116,0.000607116,0.000858591681134
172.782236339,0.0008702136,0.0008702136,0.00123066787528
173.779718674,0.001247326,0.001247326,0.0017639853459
174.782959536,0.0006642148,0.0006642148,0.000939341578489
175.791992169,0.0003537016,0.0003537016,0.000500209599753
176.806850008,0.00018835,0.00018835,0.000266367124473
177.827566682,0.0001002984,0.0001002984,0.000141843357564
178.854176016,6.770897e-05,6.770897e-05,9.57549436683e-05
179.886712028,4.570867e-05,4.570867e-05,6.4641821032e-05
180.925208934,3.08568e-05,3.08568e-05,4.36381050514e-05
181.969701144,2.083066e-05,2.083066e-05,2.94590018852e-05
183.020223272,2.510636e-05,2.510636e-05,3.55057548138e-05
184.076810128,3.025969e-05,3.025969e-05,4.27936639912e-05
185.139496723,3.647079e-05,3.647079e-05,5.15774858485e-05
186.208318273,4.395676e-05,4.395676e-05,6.216424615e-05
187.283310195,2.119723e-05,2.119723e-05,2.99774101507e-05
188.36450811,1.022192e-05,1.022192e-05,1.44559778975e-05
189.451947847,4.929309e-06,4.929309e-06,6.97109564093e-06
190.545665439,2.377056e-06,2.377056e-06,3.36166483372e-06
191.645697129,6.321583e-06,6.321583e-06,8.94006841427e-06
192.752079368,1.681173e-05,1.681173e-05,2.3775376573e-05
193.86484882,4.470939e-05,4.470939e-05,6.32286257034e-05
194.984042357,0.000118901,0.000118901,0.00016815140678
196.109697066,0.0002699075,0.0002699075,0.000381706847086
197.241850248,0.000612695,0.000612695,0.000866481578598
198.38053942,0.001390829,0.001390829,0.00196692923474
199.525802313,0.003157207,0.003157207,0.00446496495862
200.677676878,0.003589458,0.003589458,0.00507626018517
201.836201285,0.004080888,0.004080888,0.00577124715613
203.001413923,0.004639599,0.004639599,0.00656138382977
204.173353405,0.005274802,0.005274802,0.00745969652723
205.352058565,0.002846903,0.002846903,0.00402612883336
206.537568461,0.001536523,0.001536523,0.0021729716655
207.729922378,0.0008292883,0.0008292883,0.00117279076098
208.929159826,0.0004475813,0.0004475813,0.000632975544725
210.135320544,0.0002612352,0.0002612352,0.000369442362809
211.348444502,0.0001524724,0.0001524724,0.000215628535968
212.568571898,8.8992e-05,8.8992e-05,0.000125853693343
213.795743164,5.194105e-05,5.194105e-05,7.34557373539e-05
215.029998963,7.153797e-05,7.153797e-05,0.000101169967399
216.271380197,9.852866e-05,9.852866e-05,0.000139340567254
217.519927999,0.0001357027,0.0001357027,0.000191912598791
218.775683744,0.0001869022,0.0001869022,0.000264319626077
220.038689043,0.0001934382,0.0001934382,0.000273562925921
221.308985748,0.0002002027,0.0002002027,0.000283129373564
222.586615953,0.0002072038,0.0002072038,0.000293030424135
223.871621995,0.0002144498,0.0002144498,0.000303277815608
225.164046454,0.0001312706,0.0001312706,0.000185644662861
226.463932159,8.035432e-05,8.035432e-05,0.000113638169139
227.771322182,4.918708e-05,4.918708e-05,6.95610356295e-05
229.086259848,3.010875e-05,3.010875e-05,4.25802025961e-05
230.408788728,3.089714e-05,3.089714e-05,4.36951544265e-05
231.738952648,3.170618e-05,3.170618e-05,4.4839309767e-05
233.076795685,3.25364e-05,3.25364e-05,4.60134181508e-05
234.422362171,3.338836e-05,3.338836e-05,4.72182715374e-05
235.775696694,2.855602e-05,2.855602e-05,4.03843107714e-05
237.136844099,2.442307e-05,2.442307e-05,3.45394368288e-05
238.505849491,2.088829e-05,2.088829e-05,2.95405030128e-05
239.882758234,1.78651e-05,1.78651e-05,2.52650667132e-05
241.267615955,1.47433e-05,1.47433e-05,2.08501748141e-05
242.660468543,1.216702e-05,1.216702e-05,1.72067646977e-05
244.061362154,1.004093e-05,1.004093e-05,1.42000193848e-05
245.470343209,8.286351e-06,8.286351e-06,1.17186699668e-05
246.887458397,9.934227e-06,9.934227e-06,1.40491185551e-05
248.312754677,1.190981e-05,1.190981e-05,1.68430148273e-05
249.746279278,1.427826e-05,1.427826e-05,2.01925089391e-05
251.188079705,1.711773e-05,1.711773e-05,2.4208125923e-05
252.638203732,1.68761e-05,1.68761e-05,2.38664095e-05
254.096699414,1.663788e-05,1.663788e-05,2.35295155451e-05
255.56361508,1.640302e-05,1.640302e-05,2.31973733479e-05
257.038999339,1.617147e-05,1.617147e-05,2.28699121975e-05
258.522901081,1.472027e-05,1.472027e-05,2.08176054758e-05
260.015369477,1.33993e-05,1.33993e-05,1.89494717863e-05
261.516453985,1.219687e-05,1.219687e-05,1.72489789725e-05
263.026204344,1.110234e-05,1.110234e-05,1.57010798021e-05
264.544670583,8.977899e-06,8.977899e-06,1.26966665274e-05
266.071903021,7.259971e-06,7.259971e-06,1.02671494506e-05
267.607952264,5.870771e-06,5.870771e-06,8.30252396979e-06
269.152869212,4.747396e-06,4.747396e-06,6.71383180916e-06
270.70670506,3.847877e-06,3.847877e-06,5.44171983974e-06
272.269511296,3.118795e-06,3.118795e-06,4.41064218726e-06
273.841339708,2.527857e-06,2.527857e-06,3.57492965314e-06
275.42224238,2.048888e-06,2.048888e-06,2.89756519738e-06
277.0122717,1.633849e-06,1.633849e-06,2.31061141467e-06
278.611480355,1.302884e-06,1.302884e-06,1.842556223e-06
280.219921339,1.038962e-06,1.038962e-06,1.46931415119e-06
281.83764795,8.285018e-07,8.285018e-07,1.17167848201e-06
283.464713795,7.330075e-07,7.330075e-07,1.03662914782e-06
285.10117279,6.4852e-07,6.4852e-07,9.1714577947e-07
286.747079163,5.737706e-07,5.737706e-07,8.11434164211e-07
288.402487452,5.07637e-07,5.07637e-07,7.17907130162e-07
290.067452514,4.750455e-07,4.750455e-07,6.71815788844e-07
291.74202952,4.445465e-07,4.445465e-07,6.28683689405e-07
293.426273962,4.160056e-07,4.160056e-07,5.88320761543e-07
295.120241648,3.892971e-07,3.892971e-07,5.50549238613e-07
296.823988713,3.662079e-07,3.662079e-07,5.17896178828e-07
298.537571612,3.444881e-07,3.444881e-07,4.87179743096e-07
300.26104713,3.240564e-07,3.240564e-07,4.58284955854e-07
301.994472377,3.048366e-07,3.048366e-07,4.31104054028e-07
303.737904793,3.021992e-07,3.021992e-07,4.27374207178e-07
305.49140215,2.995847e-07,2.995847e-07,4.23676745819e-07
307.255022553,2.969927e-07,2.969927e-07,4.20011104266e-07
309.028824445,2.944231e-07,2.944231e-07,4.16377141096e-07
310.812866602,2.922519e-07,2.922519e-07,4.13306600609e-07
312.607208143,2.900967e-07,2.900967e-07,4.1025868754e-07
314.411908526,2.879574e-07,2.879574e-07,4.07233260466e-07
316.227027554,2.858339e-07,2.858339e-07,4.04230177966e-07
318.052625375,2.623979e-07,2.623979e-07,3.71086668918e-07
319.888762483,2.408834e-07,2.408834e-07,3.40660571231e-07
321.735499721,2.211329e-07,2.211329e-07,3.12729146267e-07
323.592898286,2.030018e-07,2.030018e-07,2.87087898746e-07
325.461019725,2.051327e-07,2.051327e-07,2.90101446426e-07
327.339925943,2.072859e-07,2.072859e-07,2.93146531069e-07
329.2296792,2.094617e-07,2.094617e-07,2.96223576938e-07
331.130342118,2.116603e-07,2.116603e-07,2.99332866876e-07
333.041977678,2.294266e-07,2.294266e-07,3.24458209289e-07
334.964649226,2.486843e-07,2.486843e-07,3.51692709809e-07
336.898420474,2.695584e-07,2.695584e-07,3.81213145132e-07
338.8433555,2.921847e-07,2.921847e-07,4.13211565458e-07
340.799518754,3.224916e-07,3.224916e-07,4.56071994471e-07
342.766975058,3.559422e-07,3.559422e-07,5.03378286661e-07
344.745789606,3.928625e-07,3.928625e-07,5.55591475648e-07
346.73602797,4.336125e-07,4.336125e-07,6.13220678315e-07
348.737756102,4.554244e-07,4.554244e-07,6.44067363116e-07
350.751040331,4.783335e-07,4.783335e-07,6.76465723037e-07
352.775947373,5.02395e-07,5.02395e-07,7.10493822668e-07
354.812544325,5.276667e-07,5.276667e-07,7.46233403553e-07
356.860898676,5.256264e-07,5.256264e-07,7.43347983621e-07
358.9210783,5.235941e-07,5.235941e-07,7.40473877399e-07
360.993151467,5.215695e-07,5.215695e-07,7.3761066062e-07
363.077186837,5.195529e-07,5.195529e-07,7.3475875755e-07
365.173253471,4.913272e-07,4.913272e-07,6.94841589803e-07
367.281420824,4.646349e-07,4.646349e-07,6.57092977132e-07
369.401758755,4.393926e-07,4.393926e-07,6.21394974126e-07
371.534337526,4.155218e-07,4.155218e-07,5.87636565022e-07
373.679227803,4.550114e-07,4.550114e-07,6.43483292914e-07
375.836500662,4.98254e-07,4.98254e-07,7.04637564307e-07
378.006227589,5.456062e-07,5.456062e-07,7.71603687755e-07
380.18848048,5.974587e-07,5.974587e-07,8.44934196498e-07
382.38333165,5.718622e-07,5.718622e-07,8.08735279049e-07
384.590853829,5.473623e-07,5.473623e-07,7.74087188192e-07
386.811120167,5.23912e-07,5.23912e-07,7.4092345589e-07
389.044204238,5.014664e-07,5.014664e-07,7.09180583954e-07
391.290180039,5.390405e-07,5.390405e-07,7.62318385768e-07
393.549121994,5.794299e-07,5.794299e-07,8.19437623024e-07
395.821104958,6.228455e-07,6.228455e-07,8.80836553363e-07
398.106204217,6.695144e-07,6.695144e-07,9.46836344684e-07
400.404495494,6.500312e-07,6.500312e-07,9.19282939006e-07
402.716054945,6.311151e-07,6.311151e-07,8.92531533838e-07
405.04095917,6.127493e-07,6.127493e-07,8.66558370395e-07
407.379285207,5.949181e-07,5.949181e-07,8.41341245521e-07
409.731110543,6.23117e-07,6.23117e-07,8.81220512345e-07
412.096513109,6.526525e-07,6.526525e-07,9.22990017017e-07
414.475571287,6.835879e-07,6.835879e-07,9.66739279254e-07
416.868363913,7.159894e-07,7.159894e-07,1.01256192e-06
419.274970276,7.163352e-07,7.163352e-07,1.01305095505e-06
421.695470124,7.166813e-07,7.166813e-07,1.01354041436e-06
424.129943664,7.170274e-07,7.170274e-07,1.01402987367e-06
426.578471567,7.173741e-07,7.173741e-07,1.01452018152e-06
429.041134971,7.110094e-07,7.110094e-07,1.00551913645e-06
431.51801548,7.047013e-07,7.047013e-07,9.96598135882e-07
434.00919517,6.984491e-07,6.984491e-07,9.87756189847e-07
436.514756592,6.922523e-07,6.922523e-07,9.78992591244e-07
439.034782772,6.79109e-07,6.79109e-07,9.6040515813e-07
441.569357216,6.662152e-07,6.662152e-07,9.42170571299e-07
444.118563912,6.535662e-07,6.535662e-07,9.24282183949e-07
446.682487334,6.411575e-07,6.411575e-07,9.06733632117e-07
449.26121244,7.859174e-07,7.859174e-07,1.11145504599e-06
451.854824684,9.633611e-07,9.633611e-07,1.36239833308e-06
454.463410008,1.180868e-06,1.180868e-06,1.66999954097e-06
457.087054853,1.447483e-06,1.447483e-06,2.0470500899e-06
459.72584616,1.676821e-06,1.676821e-06,2.37138299987e-06
462.379871368,1.942496e-06,1.942496e-06,2.74710418806e-06
465.049218426,2.250265e-06,2.250265e-06,3.18235528193e-06
467.733975785,2.606797e-06,2.606797e-06,3.68656767175e-06
470.434232413,2.529182e-06,2.529182e-06,3.57680348611e-06
473.150077785,2.453879e-06,2.453879e-06,3.47030896222e-06
475.881601898,2.380817e-06,2.380817e-06,3.36698369093e-06
478.628895265,2.30993e-06,2.30993e-06,3.26673433413e-06
481.392048923,2.095775e-06,2.095775e-06,2.96387342868e-06
484.171154435,1.901474e-06,1.901474e-06,2.6890903193e-06
486.966303892,1.725187e-06,1.725187e-06,2.43978285303e-06
489.777589916,1.565243e-06,1.565243e-06,2.21358787901e-06
492.605105665,2.832594e-06,2.832594e-06,4.0058928515e-06
495.448944835,5.126097e-06,5.126097e-06,7.24939589944e-06
498.30920166,9.276609e-06,9.276609e-06,1.31191062606e-05
501.185970921,1.678773e-05,1.678773e-05,2.37414354475e-05
504.079347946,6.467122e-06,6.467122e-06,9.14589164192e-06
506.989428613,2.491324e-06,2.491324e-06,3.52326418907e-06
509.916309351,9.597304e-07,9.597304e-07,1.3572637479e-06
512.86008715,3.69716e-07,3.69716e-07,5.22857381426e-07
515.820859556,5.030387e-07,5.030387e-07,7.11404151939e-07
518.798724681,6.844386e-07,6.844386e-07,9.67942350732e-07
521.793781203,9.312529e-07,9.312529e-07,1.31699048118e-06
524.806128367,1.26707e-06,1.26707e-06,1.79190757848e-06
527.835865994,1.298056e-06,1.298056e-06,1.83572839992e-06
530.883094481,1.329799e-06,1.329799e-06,1.88061978103e-06
533.947914803,1.362318e-06,1.362318e-06,1.92660859186e-06
537.030428518,1.395633e-06,1.395633e-06,1.9737231167e-06
540.130737772,1.327312e-06,1.327312e-06,1.8771026319e-06
543.248945299,1.262336e-06,1.262336e-06,1.78521269147e-06
546.385154428,1.20054e-06,1.20054e-06,1.69781995017e-06
549.539469082,1.14177e-06,1.14177e-06,1.61470661911e-06
552.711993787,2.583794e-06,2.583794e-06,3.65403651718e-06
555.902833669,5.847054e-06,5.847054e-06,8.26898306673e-06
559.112094463,1.323172e-05,1.323172e-05,1.87124778775e-05
562.339882514,2.994303e-05,2.994303e-05,4.23458391245e-05
565.586304782,1.763669e-05,1.763669e-05,2.49420461934e-05
568.851468843,1.038816e-05,1.038816e-05,1.46910767601e-05
572.135482894,6.118712e-06,6.118712e-06,8.65316549466e-06
575.438455757,3.603974e-06,3.603974e-06,5.09678890924e-06
578.760496883,3.250833e-06,3.250833e-06,4.59737211761e-06
582.101716354,2.932296e-06,2.932296e-06,4.14689277209e-06
585.462224888,2.64497e-06,2.64497e-06,3.74055244607e-06
588.842133841,2.385799e-06,2.385799e-06,3.3740293029e-06
592.241555215,2.267834e-06,2.267834e-06,3.20720160001e-06
595.660601653,2.155702e-06,2.155702e-06,3.04862300483e-06
599.099386455,2.049114e-06,2.049114e-06,2.89788480965e-06
602.55802357,1.947796e-06,1.947796e-06,2.75459951994e-06
606.036627607,1.945688e-06,1.945688e-06,2.75161835775e-06
609.535313836,1.943583e-06,1.943583e-06,2.7486414382e-06
613.054198193,1.941481e-06,1.941481e-06,2.74566876129e-06
616.593397283,1.939381e-06,1.939381e-06,2.74269891281e-06
620.153028384,1.964243e-06,1.964243e-06,2.7778590904e-06
623.733209451,1.989424e-06,1.989424e-06,2.81347040211e-06
627.334059121,2.014927e-06,2.014927e-06,2.84953709059e-06
630.955696715,2.040757e-06,2.040757e-06,2.88606622691e-06
634.598242242,2.057487e-06,2.057487e-06,2.90972601981e-06
638.261816405,2.074353e-06,2.074353e-06,2.93357814575e-06
641.946540605,2.091358e-06,2.091358e-06,2.95762684738e-06
645.652536941,2.108502e-06,2.108502e-06,2.98187212469e-06
649.379928219,2.126112e-06,2.126112e-06,3.00677642552e-06
653.128837952,2.14387e-06,2.14387e-06,3.03189002996e-06
656.89939037,2.161775e-06,2.161775e-06,3.0572115238e-06
660.691710415,2.17983e-06,2.17983e-06,3.08274514967e-06
664.505923754,2.199791e-06,2.199791e-06,3.11097426659e-06
668.342156778,2.219936e-06,2.219936e-06,3.1394635988e-06
672.200536608,2.240265e-06,2.240265e-06,3.16821314631e-06
676.081191098,2.26078e-06,2.26078e-06,3.19722573754e-06
679.984248843,2.268962e-06,2.268962e-06,3.20879683291e-06
683.909839177,2.277175e-06,2.277175e-06,3.2204117689e-06
687.858092182,2.285417e-06,2.285417e-06,3.23206771708e-06
691.829138692,2.293689e-06,2.293689e-06,3.24376609167e-06
695.823110294,2.293529e-06,2.293529e-06,3.2435398175e-06
699.840139336,2.293369e-06,2.293369e-06,3.24331354333e-06
703.880358931,2.293209e-06,2.293209e-06,3.24308726916e-06
707.943902959,2.29305e-06,2.29305e-06,3.2428624092e-06
712.030906073,2.311027e-06,2.311027e-06,3.26828572641e-06
716.141503704,2.329145e-06,2.329145e-06,3.29390844773e-06
720.275832064,2.347406e-06,2.347406e-06,3.3197334016e-06
724.434028153,2.365809e-06,2.365809e-06,3.34575917378e-06
728.616229761,2.470681e-06,2.470681e-06,3.4940705785e-06
732.822575472,2.580201e-06,2.580201e-06,3.64895524785e-06
737.053204672,2.694576e-06,2.694576e-06,3.81070592405e-06
741.308257551,2.814022e-06,2.814022e-06,3.97962807722e-06
745.587875109,2.541055e-06,2.541055e-06,3.59359444374e-06
749.892199159,2.294566e-06,2.294566e-06,3.24500635696e-06
754.221372332,2.071988e-06,2.071988e-06,2.93023353067e-06
758.575538085,1.871e-06,1.871e-06,2.6459935752e-06
762.954840701,1.943509e-06,1.943509e-06,2.74853678639e-06
767.359425297,2.018829e-06,2.018829e-06,2.85505535191e-06
771.789437827,2.097068e-06,2.097068e-06,2.96570200682e-06
776.245025089,2.178339e-06,2.178339e-06,3.08063655725e-06
780.726334726,2.149542e-06,2.149542e-06,3.03991144929e-06
785.233515235,2.121127e-06,2.121127e-06,2.99972657092e-06
789.766715971,2.093087e-06,2.093087e-06,2.96007202263e-06
794.32608715,2.065418e-06,2.065418e-06,2.92094214757e-06
798.911779856,2.205522e-06,2.205522e-06,3.11907912451e-06
803.523946043,2.35513e-06,2.35513e-06,3.33065678715e-06
808.162738546,2.514886e-06,2.514886e-06,3.55658588902e-06
812.82831108,2.68548e-06,2.68548e-06,3.79784223748e-06
817.520818247,2.758684e-06,2.758684e-06,3.9013683271e-06
822.240415543,2.833884e-06,2.833884e-06,4.00771718699e-06
826.98725936,2.911133e-06,2.911133e-06,4.11696377047e-06
831.761506995,2.990489e-06,2.990489e-06,4.22919010193e-06
836.563316651,2.867224e-06,2.867224e-06,4.05486706716e-06
841.392847445,2.74904e-06,2.74904e-06,3.88772965151e-06
846.250259414,2.635727e-06,2.635727e-06,3.72748087011e-06
851.135713517,2.527085e-06,2.527085e-06,3.57383788027e-06
856.049371643,2.415514e-06,2.415514e-06,3.4160526589e-06
860.991396616,2.30887e-06,2.30887e-06,3.26523526776e-06
865.961952199,2.206933e-06,2.206933e-06,3.12107457985e-06
870.9612031,2.109497e-06,2.109497e-06,2.98327926719e-06
875.989314981,2.212126e-06,2.212126e-06,3.12841859088e-06
881.046454456,2.319749e-06,2.319749e-06,3.2806204971e-06
886.132789105,2.432606e-06,2.432606e-06,3.44022439711e-06
891.248487472,2.550954e-06,2.550954e-06,3.60759374379e-06
896.393719077,2.580948e-06,2.580948e-06,3.65001166538e-06
901.568654415,2.611294e-06,2.611294e-06,3.69292739014e-06
906.77346497,2.641998e-06,2.641998e-06,3.73634940336e-06
912.008323211,2.673061e-06,2.673061e-06,3.78027911925e-06
917.273402607,2.473876e-06,2.473876e-06,3.49858899083e-06
922.568877626,2.289532e-06,2.289532e-06,3.23788720589e-06
927.894923743,2.118926e-06,2.118926e-06,2.99661388686e-06
933.251717448,1.961032e-06,1.961032e-06,2.77331805065e-06
938.639436248,1.847287e-06,1.847287e-06,2.612458329e-06
944.058258676,1.740139e-06,1.740139e-06,2.46092817421e-06
949.508364294,1.639206e-06,1.639206e-06,2.31818735672e-06
954.989933703,1.544127e-06,1.544127e-06,2.18372534543e-06
960.503148545,1.693149e-06,1.693149e-06,2.39447427892e-06
966.04819151,1.856553e-06,1.856553e-06,2.62556243186e-06
971.625246345,2.035726e-06,2.035726e-06,2.87895131848e-06
977.234497856,2.232192e-06,2.232192e-06,3.15679620022e-06
982.876131917,2.142251e-06,2.142251e-06,3.02960041821e-06
988.550335473,2.055934e-06,2.055934e-06,2.90752974614e-06
994.257296551,1.973095e-06,1.973095e-06,2.79037770885e-06
999.997204261,1.893594e-06,1.893594e-06,2.67794631643e-06
