Hz,real,imaginary,V^2 (rms) 
9.99999046326,4.373704e-06,4.373704e-06,6.18535151461e-06
10.0577210151,4.3116e-06,4.3116e-06,6.09752319553e-06
10.1157848488,4.250378e-06,4.250378e-06,6.01094221281e-06
10.1741838887,4.190025e-06,4.190025e-06,5.92559018168e-06
10.2329200697,4.130528e-06,4.130528e-06,5.84144871736e-06
10.2919953382,4.113296e-06,4.113296e-06,5.81707898926e-06
10.3514116519,4.096136e-06,4.096136e-06,5.79281108452e-06
10.4111709795,4.079047e-06,4.079047e-06,5.76864358896e-06
10.4712753014,4.06203e-06,4.06203e-06,5.74457791677e-06
10.5317266092,3.966426e-06,3.966426e-06,5.60937344335e-06
10.592526906,3.873073e-06,3.873073e-06,5.47735236466e-06
10.6536782067,3.781917e-06,3.781917e-06,5.34843831317e-06
10.7151825375,3.692907e-06,3.692907e-06,5.22255916398e-06
10.7770419365,3.694021e-06,3.694021e-06,5.22413459789e-06
10.8392584537,3.695136e-06,3.695136e-06,5.22571144601e-06
10.9018341505,3.696252e-06,3.696252e-06,5.22728970835e-06
10.9647711006,3.697367e-06,3.697367e-06,5.22886655647e-06
11.0280713896,3.662028e-06,3.662028e-06,5.17888966339e-06
11.091737115,3.627027e-06,3.627027e-06,5.12939077449e-06
11.1557703865,3.59236e-06,3.59236e-06,5.08036423293e-06
11.2201733259,3.558026e-06,3.558026e-06,5.03180862448e-06
11.2849480674,3.552786e-06,3.552786e-06,5.02439814541e-06
11.3500967575,3.547555e-06,3.547555e-06,5.01700039426e-06
11.4156215548,3.542331e-06,3.542331e-06,5.00961254261e-06
11.4815246308,3.537116e-06,3.537116e-06,5.00223741889e-06
11.5478081693,3.501887e-06,3.501887e-06,4.9524160893e-06
11.6144743666,3.467009e-06,3.467009e-06,4.90309114867e-06
11.681525432,3.432479e-06,3.432479e-06,4.85425835436e-06
11.7489635872,3.398293e-06,3.398293e-06,4.80591204952e-06
11.816791067,3.401547e-06,3.401547e-06,4.81051390045e-06
11.8850101189,3.404805e-06,3.404805e-06,4.81512140824e-06
11.9536230036,3.408066e-06,3.408066e-06,4.81973315866e-06
12.0226319946,3.41133e-06,3.41133e-06,4.82434915173e-06
12.0920393787,3.402361e-06,3.402361e-06,4.81166507029e-06
12.1618474559,3.393417e-06,3.393417e-06,4.79901634419e-06
12.2320585393,3.384495e-06,3.384495e-06,4.78639873078e-06
12.3026749556,3.375597e-06,3.375597e-06,4.77381505851e-06
12.3736990447,3.39808e-06,3.39808e-06,4.80561082203e-06
12.4451331602,3.420713e-06,3.420713e-06,4.83761871759e-06
12.5169796691,3.443497e-06,3.443497e-06,4.86984015939e-06
12.5892409524,3.466434e-06,3.466434e-06,4.90227797587e-06
12.6619194044,3.469265e-06,3.469265e-06,4.90628161447e-06
12.7350174335,3.472099e-06,3.472099e-06,4.9102894957e-06
12.808537462,3.474935e-06,3.474935e-06,4.91430020536e-06
12.8824819261,3.477772e-06,3.477772e-06,4.91831232924e-06
12.956853276,3.523615e-06,3.523615e-06,4.98314412158e-06
13.0316539763,3.570063e-06,3.570063e-06,5.04883151313e-06
13.1068865055,3.617124e-06,3.617124e-06,5.11538581759e-06
13.1825533567,3.664806e-06,3.664806e-06,5.18281834867e-06
13.2586570372,3.732711e-06,3.732711e-06,5.27885052062e-06
13.3352000689,3.801874e-06,3.801874e-06,5.37666177323e-06
13.4121849882,3.872318e-06,3.872318e-06,5.47628463342e-06
13.489614346,3.944067e-06,3.944067e-06,5.57775304231e-06
13.5674907083,4.078812e-06,4.078812e-06,5.76831124877e-06
13.6458166555,4.218159e-06,4.218159e-06,5.96537766605e-06
13.7245947832,4.362267e-06,4.362267e-06,6.16917715409e-06
13.8038277017,4.511297e-06,4.511297e-06,6.37993740129e-06
13.8835180367,4.640544e-06,4.640544e-06,6.56272026159e-06
13.9636684289,4.773494e-06,4.773494e-06,6.75073995471e-06
14.0442815341,4.910253e-06,4.910253e-06,6.94414638728e-06
14.1253600237,5.050928e-06,5.050928e-06,7.14309088017e-06
14.2069065844,5.204759e-06,5.204759e-06,7.36064076668e-06
14.2889239182,5.363276e-06,5.363276e-06,7.58481765795e-06
14.3714147431,5.52662e-06,5.52662e-06,7.81582095808e-06
14.4543817926,5.694939e-06,5.694939e-06,8.05385997069e-06
14.5378278159,5.830382e-06,5.830382e-06,8.24540529822e-06
14.6217555781,5.969046e-06,5.969046e-06,8.44150580763e-06
14.7061678604,6.111007e-06,6.111007e-06,8.64226897916e-06
14.7910674599,6.256345e-06,6.256345e-06,8.84780794989e-06
14.8764571899,6.337048e-06,6.337048e-06,8.96193922701e-06
14.9623398801,6.418792e-06,6.418792e-06,9.07754270045e-06
15.0487183762,6.501591e-06,6.501591e-06,9.1946381692e-06
15.1355955406,6.585455e-06,6.585455e-06,9.3132397754e-06
15.2229742522,6.688549e-06,6.688549e-06,9.4590367084e-06
15.3108574064,6.793257e-06,6.793257e-06,9.60711618209e-06
15.3992479154,6.899604e-06,6.899604e-06,9.7575135518e-06
15.4881487081,7.007618e-06,7.007618e-06,9.91026841553e-06
15.5775627305,7.064486e-06,7.064486e-06,9.99069191239e-06
15.6674929455,7.121816e-06,7.121816e-06,1.00717687759e-05
15.757942333,7.179612e-06,7.179612e-06,1.0153504663e-05
15.8489138904,7.237879e-06,7.237879e-06,1.02359066446e-05
15.9404106321,7.310367e-06,7.310367e-06,1.03384201573e-05
16.03243559,7.38358e-06,7.38358e-06,1.04419589749e-05
16.1249918136,7.457526e-06,7.457526e-06,1.05465344109e-05
16.2180823699,7.532214e-06,7.532214e-06,1.06521591935e-05
16.3117103437,7.629348e-06,7.629348e-06,1.07895274137e-05
16.4058788374,7.727734e-06,7.727734e-06,1.09286662292e-05
16.5005909715,7.82739e-06,7.82739e-06,1.1069601096e-05
16.5958498845,7.928334e-06,7.928334e-06,1.12123574698e-05
16.6916587331,8.074145e-06,8.074145e-06,1.14185653636e-05
16.7880206919,8.222638e-06,8.222638e-06,1.16285661781e-05
16.8849389541,8.373861e-06,8.373861e-06,1.18424277956e-05
16.9824167314,8.527864e-06,8.527864e-06,1.20602209269e-05
17.0804572538,8.662064e-06,8.662064e-06,1.22500083869e-05
17.17906377,8.798375e-06,8.798375e-06,1.24427812518e-05
17.2782395477,8.936831e-06,8.936831e-06,1.26385876048e-05
17.3779878732,9.077464e-06,9.077464e-06,1.28374727008e-05
17.4783120518,9.222252e-06,9.222252e-06,1.3042233854e-05
17.5792154079,9.369349e-06,9.369349e-06,1.32502604264e-05
17.6807012853,9.518791e-06,9.518791e-06,1.34616033296e-05
17.7827730468,9.670615e-06,9.670615e-06,1.36763148895e-05
17.8854340747,9.808094e-06,9.808094e-06,1.38707395558e-05
17.988687771,9.947527e-06,9.947527e-06,1.40679275955e-05
18.0925375572,1.008894e-05,1.008894e-05,1.4267915778e-05
18.1969868745,1.023237e-05,1.023237e-05,1.44707564292e-05
18.302039184,1.029408e-05,1.029408e-05,1.45580275482e-05
18.4076979669,1.035618e-05,1.035618e-05,1.46458502104e-05
18.5139667243,1.041864e-05,1.041864e-05,1.47341819895e-05
18.6208489778,1.048148e-05,1.048148e-05,1.48230511697e-05
18.7283482689,1.049536e-05,1.049536e-05,1.4842680454e-05
18.83646816,1.050925e-05,1.050925e-05,1.48623238804e-05
18.9452122338,1.052315e-05,1.052315e-05,1.48819814489e-05
19.0545840938,1.053708e-05,1.053708e-05,1.49016814438e-05
19.1645873641,1.05037e-05,1.05037e-05,1.48544749951e-05
19.27522569,1.047043e-05,1.047043e-05,1.48074241099e-05
19.3865027376,1.043726e-05,1.043726e-05,1.4760514646e-05
19.4984221944,1.040419e-05,1.040419e-05,1.47137466035e-05
19.610987769,1.025916e-05,1.025916e-05,1.45086432106e-05
19.7242031915,1.011616e-05,1.011616e-05,1.43064106711e-05
19.8380722135,9.975143e-06,9.975143e-06,1.41069825172e-05
19.9525986083,9.836094e-06,9.836094e-06,1.39103375356e-05
20.0677861709,9.716354e-06,9.716354e-06,1.37409996036e-05
20.1836387183,9.598072e-06,9.598072e-06,1.3573723595e-05
20.3001600895,9.481229e-06,9.481229e-06,1.34084826398e-05
20.4173541456,9.365809e-06,9.365809e-06,1.32452541104e-05
20.5352247701,9.326792e-06,9.326792e-06,1.31900757398e-05
20.6537758689,9.287936e-06,9.287936e-06,1.31351250577e-05
20.7730113704,9.249243e-06,9.249243e-06,1.30804048923e-05
20.8929352257,9.210709e-06,9.210709e-06,1.30259095869e-05
21.0135514086,9.139525e-06,9.139525e-06,1.29252402086e-05
21.1348639161,9.068892e-06,9.068892e-06,1.28253500621e-05
21.2568767681,8.998804e-06,8.998804e-06,1.27262306619e-05
21.3795940077,8.929257e-06,8.929257e-06,1.26278763513e-05
21.5030197013,8.927685e-06,8.927685e-06,1.26256532076e-05
21.627157939,8.926114e-06,8.926114e-06,1.26234314781e-05
21.7520128342,8.924544e-06,8.924544e-06,1.26212111628e-05
21.8775885244,8.922974e-06,8.922974e-06,1.26189908475e-05
22.0038891706,8.753477e-06,8.753477e-06,1.23792858913e-05
22.1309189581,8.587199e-06,8.587199e-06,1.21441332886e-05
22.2586820963,8.424082e-06,8.424082e-06,1.19134510149e-05
22.3871828188,8.264063e-06,8.264063e-06,1.16871499749e-05
22.5164253838,8.021283e-06,8.021283e-06,1.13438072062e-05
22.646414074,7.785635e-06,7.785635e-06,1.10105506087e-05
22.7771531967,7.55691e-06,7.55691e-06,1.06870846116e-05
22.9086470844,7.334905e-06,7.334905e-06,1.03731221297e-05
23.0409000942,7.022509e-06,7.022509e-06,9.93132746969e-06
23.1739166087,6.723418e-06,6.723418e-06,9.5083489211e-06
23.3077010356,6.437065e-06,6.437065e-06,9.10338462488e-06
23.4422578082,6.162907e-06,6.162907e-06,8.71566666304e-06
23.5775913851,5.744429e-06,5.744429e-06,8.12384939989e-06
23.713706251,5.354368e-06,5.354368e-06,7.57221984354e-06
23.8506069163,4.990793e-06,4.990793e-06,7.0580471476e-06
23.9882979174,4.651904e-06,4.651904e-06,6.57878572766e-06
24.126783817,4.344969e-06,4.344969e-06,6.14471408789e-06
24.2660692042,4.058285e-06,4.058285e-06,5.73928168698e-06
24.4061586943,3.790517e-06,3.790517e-06,5.36060054981e-06
24.5470569295,3.540415e-06,3.540415e-06,5.00690290943e-06
24.6887685789,3.305026e-06,3.305026e-06,4.6740125932e-06
24.8312983381,3.085288e-06,3.085288e-06,4.36325613343e-06
24.9746509303,2.880159e-06,2.880159e-06,4.07315991959e-06
25.1188311058,2.688669e-06,2.688669e-06,3.80235216453e-06
25.2638436421,2.563695e-06,2.563695e-06,3.62561223879e-06
25.4096933446,2.444529e-06,2.444529e-06,3.45708606541e-06
25.5563850463,2.330903e-06,2.330903e-06,3.29639463518e-06
25.7039236081,2.222558e-06,2.222558e-06,3.14317166676e-06
25.8523139189,2.117883e-06,2.117883e-06,2.99513886212e-06
26.001560896,2.018138e-06,2.018138e-06,2.85407813034e-06
26.151669485,1.923091e-06,1.923091e-06,2.71966137388e-06
26.30264466,1.83252e-06,1.83252e-06,2.59157463732e-06
26.4544914238,1.779362e-06,1.779362e-06,2.51639787277e-06
26.6072148082,1.727746e-06,1.727746e-06,2.44340182554e-06
26.760819874,1.677628e-06,1.677628e-06,2.37252427022e-06
26.9153117111,1.628963e-06,1.628963e-06,2.3037015672e-06
27.070695439,1.661758e-06,1.661758e-06,2.35008070098e-06
27.2269762066,1.695213e-06,1.695213e-06,2.39739321571e-06
27.3841591925,1.729341e-06,1.729341e-06,2.44565749617e-06
27.5422496054,1.764157e-06,1.764157e-06,2.49489475556e-06
27.7012526838,2.073873e-06,2.073873e-06,2.93289932324e-06
27.8611736966,2.437965e-06,2.437965e-06,3.44780316759e-06
28.0220179431,2.865976e-06,2.865976e-06,4.05310212864e-06
28.1837907532,3.369131e-06,3.369131e-06,4.76467075361e-06
28.3464974876,3.465412e-06,3.465412e-06,4.90083264961e-06
28.5101435378,3.564444e-06,3.564444e-06,5.04088504712e-06
28.6747343267,3.666306e-06,3.666306e-06,5.18493966901e-06
28.8402753081,3.771078e-06,3.771078e-06,5.33310965237e-06
29.0067719676,3.262787e-06,3.262787e-06,4.61427762653e-06
29.1742298225,2.823006e-06,2.823006e-06,3.99233337186e-06
29.3426544217,2.442502e-06,2.442502e-06,3.45421945452e-06
29.5120513464,2.113284e-06,2.113284e-06,2.98863489395e-06
29.6824262098,2.430691e-06,2.430691e-06,3.43751617814e-06
29.8537846576,2.795771e-06,2.795771e-06,3.95381726549e-06
30.0261323681,3.215685e-06,3.215685e-06,4.54766533932e-06
30.1994750524,3.698667e-06,3.698667e-06,5.2307050341e-06
30.3738184546,4.301613e-06,4.301613e-06,6.08339944468e-06
30.5491683518,5.002848e-06,5.002848e-06,7.07509549209e-06
30.7255305546,5.818398e-06,5.818398e-06,8.22845736288e-06
30.9029109071,6.766895e-06,6.766895e-06,9.56983468415e-06
31.0813152871,6.327783e-06,6.327783e-06,8.94883653835e-06
31.2607496065,5.917165e-06,5.917165e-06,8.3681349938e-06
31.441219811,5.533193e-06,5.533193e-06,7.82511658383e-06
31.622731881,5.174139e-06,5.174139e-06,7.3173375474e-06
31.8052918312,5.632573e-06,5.632573e-06,7.96566112766e-06
31.9889057111,6.131623e-06,6.131623e-06,8.67142440596e-06
32.1735796051,6.674891e-06,6.674891e-06,9.43972137956e-06
32.3593196326,7.266294e-06,7.266294e-06,1.0276091523e-05
32.5461319486,8.57861e-06,8.57861e-06,1.21319866083e-05
32.7340227434,1.012793e-05,1.012793e-05,1.43230559648e-05
32.9229982432,1.195707e-05,1.195707e-05,1.69098505602e-05
33.11306471,1.411656e-05,1.411656e-05,1.99638306061e-05
33.3042284421,1.550999e-05,1.550999e-05,2.19344382103e-05
33.496495774,1.704097e-05,1.704097e-05,2.409957089e-05
33.6898730769,1.872306e-05,1.872306e-05,2.64784053811e-05
33.8843667586,2.05712e-05,2.05712e-05,2.90920700343e-05
34.0799832642,1.947406e-05,1.947406e-05,2.75404797665e-05
34.2767290758,1.843543e-05,1.843543e-05,2.60716351342e-05
34.4746107129,1.745219e-05,1.745219e-05,2.46811237911e-05
34.6736347326,1.65214e-05,1.65214e-05,2.33647879494e-05
34.8738077301,1.574189e-05,1.574189e-05,2.22623943354e-05
35.0751363385,1.499916e-05,1.499916e-05,2.12120154962e-05
35.2776272292,1.429147e-05,1.429147e-05,2.02111907002e-05
35.481287112,1.361717e-05,1.361717e-05,1.92575864951e-05
35.6861227357,1.641811e-05,1.641811e-05,2.32187138305e-05
35.8921408879,1.979519e-05,1.979519e-05,2.79946261678e-05
36.0993483954,2.386691e-05,2.386691e-05,3.37529078139e-05
36.3077521244,2.877614e-05,2.877614e-05,4.06956074607e-05
36.5173589808,2.817225e-05,2.817225e-05,3.98415780326e-05
36.7281759103,2.758104e-05,2.758104e-05,3.90054808324e-05
36.9402098987,2.700223e-05,2.700223e-05,3.81869198803e-05
37.1534679722,2.643557e-05,2.643557e-05,3.73855416231e-05
37.3679571975,2.582579e-05,2.582579e-05,3.6523182477e-05
37.5836846821,2.523007e-05,2.523007e-05,3.56807071736e-05
37.8006575745,2.46481e-05,2.46481e-05,3.48576773067e-05
38.0188830647,2.407955e-05,2.407955e-05,3.40536261858e-05
38.2383683838,2.448372e-05,2.448372e-05,3.46252088813e-05
38.459120805,2.489468e-05,2.489468e-05,3.52063940869e-05
38.6811476434,2.531253e-05,2.531253e-05,3.5797323224e-05
38.9044562561,2.573741e-05,2.573741e-05,3.63981942824e-05
39.129054043,2.749948e-05,2.749948e-05,3.88901375742e-05
39.3549484466,2.938218e-05,2.938218e-05,4.15526774481e-05
39.5821469523,3.139379e-05,3.139379e-05,4.43975235923e-05
39.8106570887,3.35431e-05,3.35431e-05,4.7437106944e-05
40.040486428,3.506162e-05,3.506162e-05,4.95846185228e-05
40.2716425861,3.664887e-05,3.664887e-05,5.18293289996e-05
40.5041332226,3.830798e-05,3.830798e-05,5.41756648631e-05
40.7379660418,4.004221e-05,4.004221e-05,5.66282364494e-05
40.9731487919,3.393528e-05,3.393528e-05,4.79917332189e-05
41.2096892664,2.875974e-05,2.875974e-05,4.06724143583e-05
41.4475953034,2.437353e-05,2.437353e-05,3.44693766889e-05
41.6868747863,2.065626e-05,2.065626e-05,2.92123630399e-05
41.9275356443,2.192388e-05,2.192388e-05,3.10050484358e-05
42.169585852,2.326928e-05,2.326928e-05,3.29077313627e-05
42.4130334302,2.469725e-05,2.469725e-05,3.49271859033e-05
42.6578864461,2.621283e-05,2.621283e-05,3.70705396942e-05
42.9041530132,3.132669e-05,3.132669e-05,4.43026298623e-05
43.1518412923,3.74382e-05,3.74382e-05,5.29456101908e-05
43.4009594908,4.4742e-05,4.4742e-05,6.32747432077e-05
43.6515158637,5.347068e-05,5.347068e-05,7.56189608453e-05
43.9035187138,6.220399e-05,6.220399e-05,8.79697262917e-05
44.1569763917,7.23637e-05,7.23637e-05,0.000102337725963
44.4118972961,8.418278e-05,8.418278e-05,0.000119052429194
44.6682898744,9.793225e-05,9.793225e-05,0.000138497116144
44.9261626225,0.0001240926,0.0001240926,0.00017549343791
45.1855240857,0.0001572411,0.0001572411,0.000222372496182
45.4463828584,0.0001992444,0.0001992444,0.000281774132707
45.7087475846,0.0002524681,0.0002524681,0.000357043811087
45.9726269583,0.0002573358,0.0002573358,0.000363927778444
46.2380297236,0.0002622973,0.0002622973,0.000370944399034
46.5049646752,0.0002673545,0.0002673545,0.000378096359861
46.7734406585,0.0002725093,0.0002725093,0.000385386347933
47.0434665699,0.0002553677,0.0002553677,0.000361144464732
47.3150513572,0.0002393044,0.0002393044,0.000338427528016
47.5882040201,0.0002242515,0.0002242515,0.000317139512683
47.8629336098,0.0002101455,0.0002101455,0.000297190616172
48.1392492302,0.0001938365,0.0001938365,0.000274126207183
48.4171600373,0.0001787932,0.0001787932,0.0002528517683
48.6966752405,0.0001649173,0.0001649173,0.00023322828233
48.9778041018,0.0001521184,0.0001521184,0.000215127904366
49.2605559372,0.0001296149,0.0001296149,0.000183303149466
49.544940116,0.0001104405,0.0001104405,0.000156186452935
49.830966062,9.410255e-05,9.410255e-05,0.000133081102464
50.1186432531,8.018155e-05,8.018155e-05,0.000113393835462
50.4079812221,6.779464e-05,6.779464e-05,9.58760993442e-05
50.6989895567,5.732133e-05,5.732133e-05,8.10646022993e-05
50.9916779002,4.846599e-05,4.846599e-05,6.85412603718e-05
51.2860559511,4.097867e-05,4.097867e-05,5.7952590882e-05
51.5821334645,3.262493e-05,3.262493e-05,4.61386184775e-05
51.8799202513,2.597414e-05,2.597414e-05,3.6732981059e-05
52.1794261793,2.067916e-05,2.067916e-05,2.92447485305e-05
52.4806611732,1.646358e-05,1.646358e-05,2.32830181212e-05
52.783635215,1.427921e-05,1.427921e-05,2.0193852442e-05
53.0883583443,1.238466e-05,1.238466e-05,1.75145541374e-05
53.3948406587,1.074148e-05,1.074148e-05,1.5190746696e-05
53.7030923141,9.316313e-06,9.316313e-06,1.31752561959e-05
54.0131235251,8.768513e-06,8.768513e-06,1.24005500064e-05
54.324944565,8.252924e-06,8.252924e-06,1.167139705e-05
54.6385657668,7.76765e-06,7.76765e-06,1.09851159778e-05
54.9539975227,7.310912e-06,7.310912e-06,1.03391909037e-05
55.2712502853,7.201908e-06,7.201908e-06,1.01850359686e-05
55.5903345674,7.09453e-06,7.09453e-06,1.00331805447e-05
55.9112609424,6.988752e-06,6.988752e-06,9.88358786246e-06
56.2340400449,6.88455e-06,6.88455e-06,9.73622398084e-06
56.5586825707,6.841798e-06,6.841798e-06,9.67576352262e-06
56.8851992775,6.799312e-06,6.799312e-06,9.61567924521e-06
57.213600985,6.75709e-06,6.75709e-06,9.55596832018e-06
57.5438985756,6.715129e-06,6.715129e-06,9.49662650488e-06
57.8761029941,7.369837e-06,7.369837e-06,1.04225234379e-05
58.210225249,8.088376e-06,8.088376e-06,1.14386910368e-05
58.5462764119,8.876972e-06,8.876972e-06,1.25539341952e-05
58.8842676185,9.742454e-06,9.742454e-06,1.37779105776e-05
59.2242100689,6.670018e-06,6.670018e-06,9.43282991687e-06
59.5661150277,4.566522e-06,4.566522e-06,6.45803734528e-06
59.9099938246,3.126397e-06,3.126397e-06,4.42139303876e-06
60.2558578547,2.140438e-06,2.140438e-06,3.02703644902e-06
60.6037185787,2.773226e-06,2.773226e-06,3.92193382073e-06
60.9535875239,3.593087e-06,3.593087e-06,5.08139236619e-06
61.3054762837,4.655328e-06,4.655328e-06,6.5836279949e-06
61.6593965186,6.031606e-06,6.031606e-06,8.52997900809e-06
62.0153599566,6.771893e-06,6.771893e-06,9.57690292354e-06
62.3733783931,7.603038e-06,7.603038e-06,1.07523194548e-05
62.7334636917,8.536193e-06,8.536193e-06,1.20719999116e-05
63.0956277846,9.583882e-06,9.583882e-06,1.35536559046e-05
63.4598826729,1.029539e-05,1.029539e-05,1.45598801679e-05
63.8262404266,1.105971e-05,1.105971e-05,1.56407918779e-05
64.194713186,1.188078e-05,1.188078e-05,1.68019602076e-05
64.5653131609,1.276281e-05,1.276281e-05,1.8049338996e-05
64.938052632,1.357526e-05,1.357526e-05,1.91983168047e-05
65.3129439507,1.443943e-05,1.443943e-05,2.04204377389e-05
65.6899995397,1.535861e-05,1.535861e-05,2.17203545612e-05
66.0692318935,1.633631e-05,1.633631e-05,2.31030311611e-05
66.4506535786,1.684291e-05,1.684291e-05,2.38194717518e-05
66.8342772344,1.736522e-05,1.736522e-05,2.45581296376e-05
67.2201155727,1.790373e-05,1.790373e-05,2.53196977831e-05
67.6081813792,1.845895e-05,1.845895e-05,2.61048974372e-05
67.9984875132,1.815881e-05,1.815881e-05,2.56804353786e-05
68.3910469082,1.786354e-05,1.786354e-05,2.526286054e-05
68.7858725723,1.757308e-05,1.757308e-05,2.48520880687e-05
69.182977589,1.728734e-05,1.728734e-05,2.44479906854e-05
69.5823751171,1.487938e-05,1.487938e-05,2.10426209957e-05
69.9840783913,1.280683e-05,1.280683e-05,1.8111592677e-05
70.3881007229,1.102297e-05,1.102297e-05,1.55888336716e-05
70.7944554999,9.487581e-06,9.487581e-06,1.34174657243e-05
71.2031561878,7.04537e-06,7.04537e-06,9.96365780594e-06
71.6142163295,5.231812e-06,5.231812e-06,7.39889948619e-06
72.0276495463,3.885084e-06,3.885084e-06,5.49433848376e-06
72.4434695382,2.885018e-06,2.885018e-06,4.08003158329e-06
72.8616900841,2.241386e-06,2.241386e-06,3.16979847971e-06
73.2823250427,1.741346e-06,1.741346e-06,2.46263512998e-06
73.7053883523,1.352862e-06,1.352862e-06,1.91323578842e-06
74.1308940322,1.051045e-06,1.051045e-06,1.48640209366e-06
74.5588561821,1.104765e-06,1.104765e-06,1.56237364624e-06
74.9892889835,1.16123e-06,1.16123e-06,1.64222721503e-06
75.4222066996,1.220581e-06,1.220581e-06,1.72616220417e-06
75.8576236759,1.282966e-06,1.282966e-06,1.81438791726e-06
76.2955543409,1.43066e-06,1.43066e-06,2.02325877514e-06
76.7360132062,1.595356e-06,1.595356e-06,2.25617409201e-06
77.1790148672,1.779012e-06,1.779012e-06,2.51590289802e-06
77.6245740037,1.983811e-06,1.983811e-06,2.80553242138e-06
78.0727053801,2.334384e-06,2.334384e-06,3.30131751259e-06
78.5234238462,2.746909e-06,2.746909e-06,3.8847159624e-06
78.9767443373,3.232334e-06,3.232334e-06,4.57121058092e-06
79.4326818752,3.80354e-06,3.80354e-06,5.37901785303e-06
79.8912515681,2.533018e-06,2.533018e-06,3.58222840934e-06
80.3524686117,1.686897e-06,1.686897e-06,2.38563261573e-06
80.8163482892,1.123411e-06,1.123411e-06,1.58874307232e-06
81.2829059723,7.481507e-07,7.481507e-07,1.05804486664e-06
81.7521571212,9.288973e-07,9.288973e-07,1.31365915971e-06
82.2241172855,1.153311e-06,1.153311e-06,1.63102805783e-06
82.6988021044,1.43194e-06,1.43194e-06,2.0250689685e-06
83.1762273076,1.777885e-06,1.777885e-06,2.51430907934e-06
83.6564087154,2.209184e-06,2.209184e-06,3.12425797458e-06
84.1393622397,2.745114e-06,2.745114e-06,3.88217744906e-06
84.625103884,3.411055e-06,3.411055e-06,4.823960243e-06
85.1136497443,4.238547e-06,4.238547e-06,5.99421065216e-06
85.6050160094,4.85785e-06,4.85785e-06,6.87003735397e-06
86.0992189619,5.567642e-06,5.567642e-06,7.87383482684e-06
86.5962749779,6.381142e-06,6.381142e-06,9.02429755983e-06
87.0962005286,7.313505e-06,7.313505e-06,1.03428579595e-05
87.5990121797,9.294112e-06,9.294112e-06,1.31438592406e-05
88.1047265931,1.18111e-05,1.18111e-05,1.67034178065e-05
88.6133605264,1.500972e-05,1.500972e-05,2.12269495914e-05
89.1249308343,1.907457e-05,1.907457e-05,2.69755155904e-05
89.6394544686,2.543143e-05,2.543143e-05,3.59654732165e-05
90.1569484791,3.390679e-05,3.390679e-05,4.79514422745e-05
90.6774300139,4.52067e-05,4.52067e-05,6.39319282501e-05
91.2009163202,6.027247e-05,6.027247e-05,8.52381445117e-05
91.7274247448,5.845578e-05,5.845578e-05,8.26689568751e-05
92.2569727344,5.669385e-05,5.669385e-05,8.01772115731e-05
92.7895778367,5.498502e-05,5.498502e-05,7.77605610114e-05
93.3252577005,5.332771e-05,5.332771e-05,7.54167707323e-05
93.8640300768,3.883981e-05,3.883981e-05,5.4927786062e-05
94.4059128186,2.828794e-05,2.828794e-05,4.00051883996e-05
94.9509238824,2.060276e-05,2.060276e-05,2.91367026143e-05
95.4990813282,1.500547e-05,1.500547e-05,2.12209391838e-05
96.0504033201,1.20952e-05,1.20952e-05,1.71051958796e-05
96.6049081274,9.749361e-06,9.749361e-06,1.37876785507e-05
97.1626141246,7.858496e-06,7.858496e-06,1.11135916231e-05
97.7235397923,6.33436e-06,6.33436e-06,8.95813782095e-06
98.287703718,5.978537e-06,5.978537e-06,8.45492810855e-06
98.8551245962,5.642702e-06,5.642702e-06,7.97998569683e-06
99.4258212296,5.325732e-06,5.325732e-06,7.53172242396e-06
99.9998125293,5.026568e-06,5.026568e-06,7.10864063779e-06
100.577117516,4.484825e-06,4.484825e-06,6.34250033987e-06
101.157755319,4.001468e-06,4.001468e-06,5.658930315e-06
101.741745179,3.570206e-06,3.570206e-06,5.04903374567e-06
102.329106448,3.185424e-06,3.185424e-06,4.50486982271e-06
102.91985859,2.805565e-06,2.805565e-06,3.96766807312e-06
103.514021179,2.471003e-06,2.471003e-06,3.49452595526e-06
104.111613905,2.176339e-06,2.176339e-06,3.07780813012e-06
104.71265657,1.916812e-06,1.916812e-06,2.71078152692e-06
105.317169091,1.691463e-06,1.691463e-06,2.39208991485e-06
105.9251715,1.492606e-06,1.492606e-06,2.11086364848e-06
106.536683943,1.317128e-06,1.317128e-06,1.86270028098e-06
107.151726685,1.16228e-06,1.16228e-06,1.64371213928e-06
107.770320105,9.698597e-07,9.698597e-07,1.37158874134e-06
108.392484703,8.092954e-07,8.092954e-07,1.14451653065e-06
109.018241096,6.753133e-07,6.753133e-07,9.55037227711e-07
109.647610017,5.635126e-07,5.635126e-07,7.96927161488e-07
110.280612324,6.390358e-07,6.390358e-07,9.03733095202e-07
110.917268991,7.246807e-07,7.246807e-07,1.02485327433e-06
111.557601116,8.218041e-07,8.218041e-07,1.16220650383e-06
112.201629918,9.319441e-07,9.319441e-07,1.31796798559e-06
112.849376736,1.301141e-06,1.301141e-06,1.84009124876e-06
113.500863036,1.816597e-06,1.816597e-06,2.56905611477e-06
114.156110407,2.536255e-06,2.536255e-06,3.58680621864e-06
114.81514056,3.541011e-06,3.541011e-06,5.00774578071e-06
115.477975334,3.873672e-06,3.873672e-06,5.47819947858e-06
116.144636693,4.237585e-06,4.237585e-06,5.99285017871e-06
116.815146729,4.635686e-06,4.635686e-06,6.5558500121e-06
117.48952766,5.071186e-06,5.071186e-06,7.17174001852e-06
118.167801833,3.897312e-06,3.897312e-06,5.5116314872e-06
118.849991724,2.995166e-06,2.995166e-06,4.23580437876e-06
119.536119939,2.301847e-06,2.301847e-06,3.25530324591e-06
120.226209214,1.769017e-06,1.769017e-06,2.50176783347e-06
120.920282416,1.350397e-06,1.350397e-06,1.90974975199e-06
121.618362544,1.030839e-06,1.030839e-06,1.45782649442e-06
122.320472732,7.869014e-07,7.869014e-07,1.11284663213e-06
123.026636244,6.006893e-07,6.006893e-07,8.49502954832e-07
123.736876481,6.002753e-07,6.002753e-07,8.48917470418e-07
124.451216978,5.998615e-07,5.998615e-07,8.48332268845e-07
125.169681406,5.994481e-07,5.994481e-07,8.47747632959e-07
125.892293573,5.990349e-07,5.990349e-07,8.47163279915e-07
126.619077423,5.951719e-07,5.951719e-07,8.41700172923e-07
127.350057041,5.913337e-07,5.913337e-07,8.36272138428e-07
128.085256649,5.875203e-07,5.875203e-07,8.3087917643e-07
128.824700609,5.837314e-07,5.837314e-07,8.25520862663e-07
129.568413423,5.915906e-07,5.915906e-07,8.36635449892e-07
130.316419737,5.995556e-07,5.995556e-07,8.47899660917e-07
131.068744336,6.076278e-07,6.076278e-07,8.59315475635e-07
131.825412151,6.158087e-07,6.158087e-07,8.70885015367e-07
132.586448256,6.200777e-07,6.200777e-07,8.76922293065e-07
133.351877867,6.243762e-07,6.243762e-07,8.83001290063e-07
134.121726351,6.287045e-07,6.287045e-07,8.89122430625e-07
134.896019216,6.330628e-07,6.330628e-07,8.95285997594e-07
135.674782122,6.088519e-07,6.088519e-07,8.61046614457e-07
136.458040872,5.85567e-07,5.85567e-07,8.28116793078e-07
137.245821423,5.631726e-07,5.631726e-07,7.96446328877e-07
138.038149879,5.416344e-07,5.416344e-07,7.65986714328e-07
138.835052496,5.070464e-07,5.070464e-07,7.17071895632e-07
139.636555679,4.74667e-07,4.74667e-07,6.71280509011e-07
140.442685989,4.443554e-07,4.443554e-07,6.28413433194e-07
141.253470138,4.159794e-07,4.159794e-07,5.88283709148e-07
142.068934993,4.173227e-07,4.173227e-07,5.90183422226e-07
142.889107576,4.186703e-07,4.186703e-07,5.92089216423e-07
143.714015066,4.200222e-07,4.200222e-07,5.94001091738e-07
144.543684796,4.213784e-07,4.213784e-07,5.95919048171e-07
145.37814426,4.15155e-07,4.15155e-07,5.87117831487e-07
146.21742111,4.090235e-07,4.090235e-07,5.78446581029e-07
147.061543155,4.029825e-07,4.029825e-07,5.69903316899e-07
147.910538368,3.970308e-07,3.970308e-07,5.6148634204e-07
148.764434882,4.170164e-07,4.170164e-07,5.89750248612e-07
149.623260993,4.380081e-07,4.380081e-07,6.19436995449e-07
150.487045158,4.600565e-07,4.600565e-07,6.50618141758e-07
151.355816003,4.832149e-07,4.832149e-07,6.83369065121e-07
152.229602313,6.134333e-07,6.134333e-07,8.67525692471e-07
153.108433046,7.787432e-07,7.787432e-07,1.10130919505e-06
153.992337321,9.886016e-07,9.886016e-07,1.3980937905e-06
154.88134443,1.255014e-06,1.255014e-06,1.77485781977e-06
155.77548383,1.610564e-06,1.610564e-06,2.27768145187e-06
156.674785152,2.066843e-06,2.066843e-06,2.9229574019e-06
157.579278194,2.652387e-06,2.652387e-06,3.75104166806e-06
158.48899293,3.403819e-06,3.403819e-06,4.81372699366e-06
159.403959505,3.176598e-06,3.176598e-06,4.49238797381e-06
160.324208236,2.964546e-06,2.964546e-06,4.19250115948e-06
161.24976962,2.766648e-06,2.766648e-06,3.91263112391e-06
162.180674325,2.581961e-06,2.581961e-06,3.65144426372e-06
163.1169532,2.985161e-06,2.985161e-06,4.22165517207e-06
164.05863727,3.451326e-06,3.451326e-06,4.88091203737e-06
165.005757739,3.990287e-06,3.990287e-06,5.64311799316e-06
165.958345992,4.613414e-06,4.613414e-06,6.52435264764e-06
166.916433595,6.682076e-06,6.682076e-06,9.44988250401e-06
167.880052295,9.67833e-06,9.67833e-06,1.36872255471e-05
168.849234025,1.401811e-05,1.401811e-05,1.98246012808e-05
169.8240109,2.030387e-05,2.030387e-05,2.87140083227e-05
170.804415221,2.895207e-05,2.895207e-05,4.09444100528e-05
171.790479475,4.128388e-05,4.128388e-05,5.83842230034e-05
172.782236339,5.886829e-05,5.886829e-05,8.32523341117e-05
173.779718674,8.39426e-05,8.39426e-05,0.000118712763381
174.782959536,6.322369e-05,6.322369e-05,8.94117998613e-05
175.791992169,4.761867e-05,4.761867e-05,6.73429689362e-05
176.806850008,3.586532e-05,3.586532e-05,5.07212219629e-05
177.827566682,2.701296e-05,2.701296e-05,3.82020943918e-05
178.854176016,1.585773e-05,1.585773e-05,2.24262168345e-05
179.886712028,9.309144e-06,9.309144e-06,1.31651176989e-05
180.925208934,5.464853e-06,5.464853e-06,7.72846922898e-06
181.969701144,3.208096e-06,3.208096e-06,4.53693287259e-06
183.020223272,2.718304e-06,2.718304e-06,3.84426238345e-06
184.076810128,2.303291e-06,2.303291e-06,3.25734537029e-06
185.139496723,1.951639e-06,1.951639e-06,2.76003434266e-06
186.208318273,1.653675e-06,1.653675e-06,2.33864961276e-06
187.283310195,1.357216e-06,1.357216e-06,1.91939327427e-06
188.36450811,1.113904e-06,1.113904e-06,1.57529814398e-06
189.451947847,9.142108e-07,9.142108e-07,1.29288931223e-06
190.545665439,7.503174e-07,7.503174e-07,1.06110904316e-06
191.645697129,8.439198e-07,8.439198e-07,1.19348282672e-06
192.752079368,9.491991e-07,9.491991e-07,1.34237024061e-06
193.86484882,1.067612e-06,1.067612e-06,1.50983136975e-06
194.984042357,1.200797e-06,1.200797e-06,1.69818340306e-06
196.109697066,1.911394e-06,1.911394e-06,2.70311931784e-06
197.241850248,3.042504e-06,3.042504e-06,4.30275042037e-06
198.38053942,4.842971e-06,4.842971e-06,6.84899527038e-06
199.525802313,7.708906e-06,7.708906e-06,1.09020394163e-05
200.677676878,2.890468e-06,2.890468e-06,4.08773904721e-06
201.836201285,1.083786e-06,1.083786e-06,1.53270485991e-06
203.001413923,4.063674e-07,4.063674e-07,5.74690288386e-07
204.173353405,1.523681e-07,1.523681e-07,2.15481033493e-07
205.352058565,2.600589e-07,2.600589e-07,3.67778823396e-07
206.537568461,4.438634e-07,4.438634e-07,6.27717640121e-07
207.729922378,7.575775e-07,7.575775e-07,1.07137637505e-06
208.929159826,1.293019e-06,1.293019e-06,1.82860500621e-06
210.135320544,1.467229e-06,1.467229e-06,2.07497515091e-06
211.348444502,1.66491e-06,1.66491e-06,2.35453830213e-06
212.568571898,1.889225e-06,1.889225e-06,2.67176761737e-06
213.795743164,2.143763e-06,2.143763e-06,3.03173870911e-06
215.029998963,3.173048e-06,3.173048e-06,4.48736751566e-06
216.271380197,4.696525e-06,4.696525e-06,6.64188935102e-06
217.519927999,6.95147e-06,6.95147e-06,9.83086315243e-06
218.775683744,1.028909e-05,1.028909e-05,1.45509706225e-05
220.038689043,1.034529e-05,1.034529e-05,1.46304494247e-05
221.308985748,1.040179e-05,1.040179e-05,1.4710352491e-05
222.586615953,1.04586e-05,1.04586e-05,1.47906939634e-05
223.871621995,1.051573e-05,1.051573e-05,1.48714879843e-05
225.164046454,3.85078e-06,3.85078e-06,5.44582530172e-06
226.463932159,1.410126e-06,1.410126e-06,1.99421931385e-06
227.771322182,5.16377e-07,5.16377e-07,7.30267356698e-07
229.086259848,1.890931e-07,1.890931e-07,2.67418026571e-07
230.408788728,3.019653e-07,3.019653e-07,4.27043422626e-07
231.738952648,4.822126e-07,4.822126e-07,6.81951598867e-07
233.076795685,7.70052e-07,7.70052e-07,1.08901798213e-06
234.422362171,1.229707e-06,1.229707e-06,1.73906831715e-06
235.775696694,1.544067e-06,1.544067e-06,2.18364049261e-06
237.136844099,1.938789e-06,1.938789e-06,2.74186169838e-06
238.505849491,2.434417e-06,2.434417e-06,3.44278553787e-06
239.882758234,3.056745e-06,3.056745e-06,4.32289023572e-06
241.267615955,2.392982e-06,2.392982e-06,3.38418759891e-06
242.660468543,1.873353e-06,1.873353e-06,2.64932121971e-06
244.061362154,1.46656e-06,1.46656e-06,2.07402904203e-06
245.470343209,1.1481e-06,1.1481e-06,1.62365859096e-06
246.887458397,1.231501e-06,1.231501e-06,1.74160541628e-06
248.312754677,1.32096e-06,1.32096e-06,1.86811954735e-06
249.746279278,1.416917e-06,1.416917e-06,2.00382323816e-06
251.188079705,1.519845e-06,1.519845e-06,2.1493854117e-06
252.638203732,1.641033e-06,1.641033e-06,2.3207711249e-06
254.096699414,1.771883e-06,1.771883e-06,2.50582096954e-06
255.56361508,1.913167e-06,1.913167e-06,2.70562671848e-06
257.038999339,2.065715e-06,2.065715e-06,2.921362169e-06
258.522901081,2.022279e-06,2.022279e-06,2.8599343887e-06
260.015369477,1.979757e-06,1.979757e-06,2.7997991996e-06
261.516453985,1.938128e-06,1.938128e-06,2.74092690322e-06
263.026204344,1.897375e-06,1.897375e-06,2.68329345791e-06
264.544670583,1.561318e-06,1.561318e-06,2.20803709078e-06
266.071903021,1.284783e-06,1.284783e-06,1.81695754331e-06
267.607952264,1.057227e-06,1.057227e-06,1.49514476191e-06
269.152869212,8.699743e-07,8.699743e-07,1.23032945398e-06
270.70670506,6.051406e-07,6.051406e-07,8.55798043663e-07
272.269511296,4.209264e-07,4.209264e-07,5.95279823641e-07
273.841339708,2.927898e-07,2.927898e-07,4.14067306085e-07
275.42224238,2.0366e-07,2.0366e-07,2.88018734113e-07
277.0122717,1.701437e-07,1.701437e-07,2.40619528092e-07
278.611480355,1.421432e-07,1.421432e-07,2.01020841239e-07
280.219921339,1.187508e-07,1.187508e-07,1.67938991903e-07
281.83764795,9.920802e-08,9.920802e-08,1.4030132738e-07
283.464713795,1.020941e-07,1.020941e-07,1.44382860858e-07
285.10117279,1.050642e-07,1.050642e-07,1.4858321656e-07
286.747079163,1.081206e-07,1.081206e-07,1.52905618892e-07
288.402487452,1.11266e-07,1.11266e-07,1.57353886231e-07
290.067452514,8.552204e-08,8.552204e-08,1.2094642885e-07
291.74202952,6.573452e-08,6.573452e-08,9.29626497001e-08
293.426273962,5.052531e-08,5.052531e-08,7.14535786451e-08
295.120241648,3.88351e-08,3.88351e-08,5.49211251161e-08
296.823988713,4.738089e-08,4.738089e-08,6.70066972353e-08
298.537571612,5.78072e-08,5.78072e-08,8.17517262428e-08
300.26104713,7.052786e-08,7.052786e-08,9.97414561372e-08
301.994472377,8.604776e-08,8.604776e-08,1.21689909204e-07
303.737904793,7.850849e-08,7.850849e-08,1.11027771319e-07
305.49140215,7.162978e-08,7.162978e-08,1.01299806346e-07
307.255022553,6.535377e-08,6.535377e-08,9.24241878862e-08
309.028824445,5.962765e-08,5.962765e-08,8.43262313224e-08
310.812866602,5.501735e-08,5.501735e-08,7.78062825358e-08
312.607208143,5.07635e-08,5.07635e-08,7.17904301735e-08
314.411908526,4.683855e-08,4.683855e-08,6.62397126519e-08
316.227027554,4.321707e-08,4.321707e-08,6.111816652e-08
318.052625375,4.62809e-08,4.62809e-08,6.54510764588e-08
319.888762483,4.956194e-08,4.956194e-08,7.00911677255e-08
321.735499721,5.307558e-08,5.307558e-08,7.50602050668e-08
323.592898286,5.683832e-08,5.683832e-08,8.03815230065e-08
325.461019725,5.601291e-08,5.601291e-08,7.921421699e-08
327.339925943,5.519949e-08,5.519949e-08,7.80638673941e-08
329.2296792,5.439787e-08,5.439787e-08,7.69302055182e-08
331.130342118,5.360791e-08,5.360791e-08,7.58130333725e-08
333.041977678,5.474357e-08,5.474357e-08,7.74190991467e-08
334.964649226,5.590328e-08,5.590328e-08,7.90591767571e-08
336.898420474,5.708756e-08,5.708756e-08,8.07340015948e-08
338.8433555,5.829695e-08,5.829695e-08,8.2444337335e-08
340.799518754,5.485759e-08,5.485759e-08,7.75803477771e-08
342.766975058,5.162115e-08,5.162115e-08,7.30033304353e-08
344.745789606,4.857565e-08,4.857565e-08,6.86963430311e-08
346.73602797,4.570983e-08,4.570983e-08,6.46434615198e-08
348.737756102,4.586781e-08,4.586781e-08,6.48668789784e-08
350.751040331,4.602633e-08,4.602633e-08,6.50910601123e-08
352.775947373,4.61854e-08,4.61854e-08,6.53160190636e-08
354.812544325,4.634503e-08,4.634503e-08,6.55417699746e-08
356.860898676,4.583627e-08,4.583627e-08,6.48222746826e-08
358.9210783,4.53331e-08,4.53331e-08,6.41106848444e-08
360.993151467,4.483545e-08,4.483545e-08,6.34069014651e-08
363.077186837,4.434326e-08,4.434326e-08,6.27108396918e-08
365.173253471,5.372276e-08,5.372276e-08,7.59754558001e-08
367.281420824,6.508622e-08,6.508622e-08,9.20458150476e-08
369.401758755,7.885329e-08,7.885329e-08,1.11515392156e-07
371.534337526,9.553241e-08,9.553241e-08,1.35103229868e-07
373.679227803,8.051937e-08,8.051937e-08,1.13871585088e-07
375.836500662,6.786564e-08,6.786564e-08,9.59765085071e-08
378.006227589,5.720047e-08,5.720047e-08,8.08936804481e-08
380.18848048,4.821133e-08,4.821133e-08,6.8181116746e-08
382.38333165,7.160105e-08,7.160105e-08,1.0125917599e-07
384.590853829,1.063383e-07,1.063383e-07,1.5038506606e-07
386.811120167,1.579283e-07,1.579283e-07,2.23344343743e-07
389.044204238,2.345473e-07,2.345473e-07,3.31699972678e-07
391.290180039,2.11319e-07,2.11319e-07,2.98850195787e-07
393.549121994,1.903911e-07,1.903911e-07,2.69253675775e-07
395.821104958,1.715358e-07,1.715358e-07,2.42588254793e-07
398.106204217,1.545478e-07,1.545478e-07,2.18563594795e-07
400.404495494,1.872906e-07,1.872906e-07,2.64868906625e-07
402.716054945,2.269705e-07,2.269705e-07,3.20984759359e-07
405.04095917,2.750571e-07,2.750571e-07,3.88989481247e-07
407.379285207,3.333315e-07,3.333315e-07,4.71401928066e-07
409.731110543,2.352085e-07,2.352085e-07,3.32635050685e-07
412.096513109,1.659701e-07,1.659701e-07,2.34717166368e-07
414.475571287,1.171134e-07,1.171134e-07,1.65623358616e-07
416.868363913,8.263869e-08,8.263869e-08,1.16868756175e-07
419.274970276,1.10915e-07,1.10915e-07,1.56857497271e-07
421.695470124,1.488667e-07,1.488667e-07,2.10529306126e-07
424.129943664,1.998041e-07,1.998041e-07,2.82565668038e-07
426.578471567,2.681708e-07,2.681708e-07,3.79250782392e-07
429.041134971,2.790042e-07,2.790042e-07,3.94571523599e-07
431.51801548,2.902754e-07,2.902754e-07,4.10511407503e-07
434.00919517,3.020018e-07,3.020018e-07,4.27095041421e-07
436.514756592,3.14202e-07,3.14202e-07,4.44348729725e-07
439.034782772,3.685448e-07,3.685448e-07,5.21201054502e-07
441.569357216,4.322865e-07,4.322865e-07,6.11345431131e-07
444.118563912,5.070526e-07,5.070526e-07,7.17080663757e-07
446.682487334,5.947498e-07,5.947498e-07,8.41103233379e-07
449.26121244,7.965765e-07,7.965765e-07,1.12652928977e-06
451.854824684,1.066893e-06,1.066893e-06,1.5088145502e-06
454.463410008,1.428939e-06,1.428939e-06,2.0208249136e-06
457.087054853,1.913847e-06,1.913847e-06,2.70658838371e-06
459.72584616,1.507143e-06,1.507143e-06,2.13142207104e-06
462.379871368,1.186866e-06,1.186866e-06,1.67848199392e-06
465.049218426,9.3465e-07,9.3465e-07,1.32179470607e-06
467.733975785,7.36031e-07,7.36031e-07,1.04090502253e-06
470.434232413,7.807661e-07,7.807661e-07,1.10417000766e-06
473.150077785,8.282201e-07,8.282201e-07,1.17128009805e-06
475.881601898,8.785584e-07,8.785584e-07,1.24246920462e-06
478.628895265,9.319565e-07,9.319565e-07,1.31798552184e-06
481.392048923,6.858968e-07,6.858968e-07,9.70004556948e-07
484.171154435,5.04803e-07,5.04803e-07,7.13899248927e-07
486.966303892,3.715224e-07,3.715224e-07,5.25412016805e-07
489.777589916,2.734313e-07,2.734313e-07,3.86690252837e-07
492.605105665,2.305521e-07,2.305521e-07,3.26049906654e-07
495.448944835,1.943971e-07,1.943971e-07,2.74919015306e-07
498.30920166,1.639119e-07,1.639119e-07,2.31806432014e-07
501.185970921,1.382074e-07,1.382074e-07,1.954547795e-07
504.079347946,1.937669e-07,1.937669e-07,2.74027777919e-07
506.989428613,2.716612e-07,2.716612e-07,3.84186953411e-07
509.916309351,3.80869e-07,3.80869e-07,5.38630105287e-07
512.86008715,5.339785e-07,5.339785e-07,7.55159636716e-07
515.820859556,2.872591e-07,2.872591e-07,4.06245715135e-07
518.798724681,1.545339e-07,1.545339e-07,2.18543937226e-07
521.793781203,8.313303e-08,8.313303e-08,1.17567858507e-07
524.806128367,4.472223e-08,4.472223e-08,6.32467842056e-08
527.835865994,5.033905e-08,5.033905e-08,7.1190167227e-08
530.883094481,5.666132e-08,5.666132e-08,8.0131207206e-08
533.947914803,6.377762e-08,6.377762e-08,9.01951751799e-08
537.030428518,7.178772e-08,7.178772e-08,1.01523167236e-07
540.130737772,9.170975e-08,9.170975e-08,1.29697172252e-07
543.248945299,1.171604e-07,1.171604e-07,1.65689826653e-07
546.385154428,1.496739e-07,1.496739e-07,2.11670859313e-07
549.539469082,1.912104e-07,1.912104e-07,2.70412340947e-07
552.711993787,1.50584e-07,1.50584e-07,2.12957935076e-07
555.902833669,1.185895e-07,1.185895e-07,1.67710879255e-07
559.112094463,9.339278e-08,9.339278e-08,1.32077336104e-07
562.339882514,7.354963e-08,7.354963e-08,1.04014884254e-07
565.586304782,3.713099e-08,3.713099e-08,5.25111496423e-08
568.851468843,1.874531e-08,1.874531e-08,2.65098716329e-08
572.135482894,9.463431e-09,9.463431e-09,1.33833124668e-08
575.438455757,4.777544e-09,4.777544e-09,6.75646751963e-09
578.760496883,7.521418e-09,7.521418e-09,1.06368913439e-08
582.101716354,1.184117e-08,1.184117e-08,1.67459432084e-08
585.462224888,1.864189e-08,1.864189e-08,2.63636136663e-08
588.842133841,2.934845e-08,2.934845e-08,4.15049760246e-08
592.241555215,1.593285e-08,1.593285e-08,2.25324525573e-08
595.660601653,8.649712e-09,8.649712e-09,1.2232540021e-08
599.099386455,4.695804e-09,4.695804e-09,6.64086970305e-09
602.55802357,2.549282e-09,2.549282e-09,3.60522917871e-09
606.036627607,2.807391e-09,2.807391e-09,3.97025042708e-09
609.535313836,3.091633e-09,3.091633e-09,4.37222931848e-09
613.054198193,3.404654e-09,3.404654e-09,4.81490786199e-09
616.593397283,3.749368e-09,3.749368e-09,5.30240707593e-09
620.153028384,4.334188e-09,4.334188e-09,6.12946745147e-09
623.733209451,5.010228e-09,5.010228e-09,7.08553238818e-09
627.334059121,5.791716e-09,5.791716e-09,8.19072331661e-09
630.955696715,6.695097e-09,6.695097e-09,9.4682969788e-09
634.598242242,6.265251e-09,6.265251e-09,8.86040293587e-09
638.261816405,5.863002e-09,5.863002e-09,8.29153694462e-09
641.946540605,5.486578e-09,5.486578e-09,7.75919301862e-09
645.652536941,5.134324e-09,5.134324e-09,7.26103063442e-09
649.379928219,6.331617e-09,6.331617e-09,8.95425863315e-09
653.128837952,7.808111e-09,7.808111e-09,1.10423364727e-08
656.89939037,9.628914e-09,9.628914e-09,1.36173407697e-08
660.691710415,1.187432e-08,1.187432e-08,1.6792824388e-08
664.505923754,9.731653e-09,9.731653e-09,1.37626356569e-08
668.342156778,7.975622e-09,7.975622e-09,1.12792328008e-08
672.200536608,6.536458e-09,6.536458e-09,9.24394755348e-09
676.081191098,5.356986e-09,5.356986e-09,7.57592225464e-09
679.984248843,4.637387e-09,4.637387e-09,6.55825558937e-09
683.909839177,4.014451e-09,4.014451e-09,5.67729104968e-09
687.858092182,3.475193e-09,3.475193e-09,4.91466507246e-09
691.829138692,3.008373e-09,3.008373e-09,4.25448189728e-09
695.823110294,3.384722e-09,3.384722e-09,4.78671975726e-09
699.840139336,3.808152e-09,3.808152e-09,5.38554020598e-09
703.880358931,4.284553e-09,4.284553e-09,6.05927296131e-09
707.943902959,4.820551e-09,4.820551e-09,6.81728860231e-09
712.030906073,4.805225e-09,4.805225e-09,6.79561436525e-09
716.141503704,4.789947e-09,4.789947e-09,6.77400801045e-09
720.275832064,4.774718e-09,4.774718e-09,6.75247095211e-09
724.434028153,4.759536e-09,4.759536e-09,6.7310003618e-09
728.616229761,8.919281e-09,8.919281e-09,1.26137681568e-08
732.822575472,1.671457e-08,1.671457e-08,2.36379715832e-08
737.053204672,3.132279e-08,3.132279e-08,4.42971144294e-08
741.308257551,5.869834e-08,5.869834e-08,8.30119885168e-08
745.587875109,7.87706e-08,7.87706e-08,1.11398450836e-07
749.892199159,1.057067e-07,1.057067e-07,1.49491848774e-07
754.221372332,1.418537e-07,1.418537e-07,2.00611426413e-07
758.575538085,1.903616e-07,1.903616e-07,2.69211956475e-07
762.954840701,1.297492e-07,1.297492e-07,1.83493078347e-07
767.359425297,8.843625e-08,8.843625e-08,1.25067744155e-07
771.789437827,6.027758e-08,6.027758e-08,8.5245371143e-08
776.245025089,4.10848e-08,4.10848e-08,5.81026813674e-08
780.726334726,3.559494e-08,3.559494e-08,5.03388468999e-08
785.233515235,3.083864e-08,3.083864e-08,4.36124229331e-08
789.766715971,2.67179e-08,2.67179e-08,3.77848165381e-08
794.32608715,2.314778e-08,2.314778e-08,3.27359044148e-08
798.911779856,3.674361e-08,3.674361e-08,5.19633115925e-08
803.523946043,5.832491e-08,5.832491e-08,8.24838787462e-08
808.162738546,9.258197e-08,9.258197e-08,1.30930677605e-07
812.82831108,1.469599e-07,1.469599e-07,2.07832683705e-07
817.520818247,2.882051e-07,2.882051e-07,4.07583561165e-07
822.240415543,5.652029e-07,5.652029e-07,7.99317606673e-07
826.98725936,1.108427e-06,1.108427e-06,1.5675524963e-06
831.761506995,2.173754e-06,2.173754e-06,3.07415238806e-06
836.563316651,1.345994e-06,1.345994e-06,1.90352296967e-06
841.392847445,8.334433e-07,8.334433e-07,1.17866681833e-06
846.250259414,5.160704e-07,5.160704e-07,7.29833758819e-07
851.135713517,3.195521e-07,3.195521e-07,4.51914913705e-07
856.049371643,1.974977e-07,1.974977e-07,2.79303925877e-07
860.991396616,1.220625e-07,1.220625e-07,1.72622442957e-07
865.961952199,7.544017e-08,7.544017e-08,1.06688511562e-07
870.9612031,4.662542e-08,4.662542e-08,6.59383013153e-08
875.989314981,3.709334e-08,3.709334e-08,5.24579045017e-08
881.046454456,2.950999e-08,2.950999e-08,4.17334280835e-08
886.132789105,2.347698e-08,2.347698e-08,3.32014635196e-08
891.248487472,1.867735e-08,1.867735e-08,2.64137616792e-08
896.393719077,1.201807e-08,1.201807e-08,1.69961175875e-08
901.568654415,7.733105e-09,7.733105e-09,1.09362619703e-08
906.77346497,4.975917e-09,4.975917e-09,7.03700930664e-09
912.008323211,3.201786e-09,3.201786e-09,4.52800918502e-09
917.273402607,1.671601e-09,1.671601e-09,2.36400080508e-09
922.568877626,8.72716e-10,8.72716e-10,1.2342068033e-09
927.894923743,4.55631e-10,4.55631e-10,6.44359539638e-10
933.251717448,2.378775e-10,2.378775e-10,3.36409586683e-10
938.639436248,2.889e-10,2.889e-10,4.0856629817e-10
944.058258676,3.508664e-10,3.508664e-10,4.96200021461e-10
949.508364294,4.26124e-10,4.26124e-10,6.02630340053e-10
954.989933703,5.175235e-10,5.175235e-10,7.31888752547e-10
960.503148545,6.471859e-10,6.471859e-10,9.15259077157e-10
966.04819151,8.093345e-10,8.093345e-10,1.1445718264e-09
971.625246345,1.012108e-09,1.012108e-09,1.43133686019e-09
977.234497856,1.265686e-09,1.265686e-09,1.78995030691e-09
982.876131917,1.028526e-09,1.028526e-09,1.45455541845e-09
988.550335473,8.358042e-10,8.358042e-10,1.18200563513e-09
994.257296551,6.79194e-10,6.79194e-10,9.60525366282e-10
999.997204261,5.519289e-10,5.519289e-10,7.80545335846e-10
