Hz,real,imaginary,V^2 (rms) 
9.99999046326,4.218511e-06,4.218511e-06,5.96587546922e-06
10.0577210151,4.181956e-06,4.181956e-06,5.91417889245e-06
10.1157848488,4.145717e-06,4.145717e-06,5.86292920716e-06
10.1741838887,4.109793e-06,4.109793e-06,5.81212499915e-06
10.2329200697,4.07418e-06,4.07418e-06,5.76176061155e-06
10.2919953382,4.017302e-06,4.017302e-06,5.68132297255e-06
10.3514116519,3.961218e-06,3.961218e-06,5.60200821912e-06
10.4111709795,3.905917e-06,3.905917e-06,5.5238007949e-06
10.4712753014,3.851388e-06,3.851388e-06,5.44668514356e-06
10.5317266092,3.814608e-06,3.814608e-06,5.39467036874e-06
10.592526906,3.778179e-06,3.778179e-06,5.34315198287e-06
10.6536782067,3.742098e-06,3.742098e-06,5.29212574333e-06
10.7151825375,3.706362e-06,3.706362e-06,5.24158740746e-06
10.7770419365,3.686042e-06,3.686042e-06,5.21285058788e-06
10.8392584537,3.665833e-06,3.665833e-06,5.18427074599e-06
10.9018341505,3.645736e-06,3.645736e-06,5.15584929603e-06
10.9647711006,3.625747e-06,3.625747e-06,5.12758058113e-06
11.0280713896,3.606225e-06,3.606225e-06,5.09997230397e-06
11.091737115,3.586808e-06,3.586808e-06,5.07251251923e-06
11.1557703865,3.567495e-06,3.567495e-06,5.0451998127e-06
11.2201733259,3.548287e-06,3.548287e-06,5.01803559859e-06
11.2849480674,3.524632e-06,3.524632e-06,4.98458237677e-06
11.3500967575,3.501134e-06,3.501134e-06,4.95135118649e-06
11.4156215548,3.477793e-06,3.477793e-06,4.91834202773e-06
11.4815246308,3.454608e-06,3.454608e-06,4.88555348628e-06
11.5478081693,3.447582e-06,3.447582e-06,4.87561722179e-06
11.6144743666,3.44057e-06,3.44057e-06,4.86570075629e-06
11.681525432,3.433573e-06,3.433573e-06,4.855805504e-06
11.7489635872,3.426589e-06,3.426589e-06,4.84592863648e-06
11.816791067,3.437259e-06,3.437259e-06,4.86101829519e-06
11.8850101189,3.447962e-06,3.447962e-06,4.87615462295e-06
11.9536230036,3.458698e-06,3.458698e-06,4.89133761975e-06
12.0226319946,3.469467e-06,3.469467e-06,4.90656728561e-06
12.0920393787,3.449079e-06,3.449079e-06,4.8777342995e-06
12.1618474559,3.428812e-06,3.428812e-06,4.84907243323e-06
12.2320585393,3.408663e-06,3.408663e-06,4.82057744416e-06
12.3026749556,3.388634e-06,3.388634e-06,4.79225216072e-06
12.3736990447,3.422235e-06,3.422235e-06,4.83977115063e-06
12.4451331602,3.456169e-06,3.456169e-06,4.88776107365e-06
12.5169796691,3.490438e-06,3.490438e-06,4.93622475822e-06
12.5892409524,3.525048e-06,3.525048e-06,4.98517068962e-06
12.6619194044,3.550379e-06,3.550379e-06,5.02099413336e-06
12.7350174335,3.575893e-06,3.575893e-06,5.0570763782e-06
12.808537462,3.60159e-06,3.60159e-06,5.09341742411e-06
12.8824819261,3.62747e-06,3.62747e-06,5.1300172711e-06
12.956853276,3.666541e-06,3.666541e-06,5.1852720092e-06
13.0316539763,3.706031e-06,3.706031e-06,5.24111930278e-06
13.1068865055,3.745947e-06,3.745947e-06,5.29756905133e-06
13.1825533567,3.786294e-06,3.786294e-06,5.35462832593e-06
13.2586570372,3.835409e-06,3.835409e-06,5.42408742505e-06
13.3352000689,3.885161e-06,3.885161e-06,5.4944473782e-06
13.4121849882,3.935559e-06,3.935559e-06,5.56572091332e-06
13.489614346,3.986613e-06,3.986613e-06,5.63792217253e-06
13.5674907083,4.076252e-06,4.076252e-06,5.76469086205e-06
13.6458166555,4.167908e-06,4.167908e-06,5.89431202032e-06
13.7245947832,4.261624e-06,4.261624e-06,6.02684645853e-06
13.8038277017,4.357447e-06,4.357447e-06,6.16236064472e-06
13.8835180367,4.452081e-06,4.452081e-06,6.29619333098e-06
13.9636684289,4.54877e-06,4.54877e-06,6.43293222612e-06
14.0442815341,4.64756e-06,4.64756e-06,6.57264238394e-06
14.1253600237,4.748495e-06,4.748495e-06,6.71538602986e-06
14.2069065844,4.871932e-06,4.871932e-06,6.88995230936e-06
14.2889239182,4.998578e-06,4.998578e-06,7.06905680018e-06
14.3714147431,5.128516e-06,5.128516e-06,7.25281688205e-06
14.4543817926,5.261833e-06,5.261833e-06,7.44135559154e-06
14.5378278159,5.372995e-06,5.372995e-06,7.59856239956e-06
14.6217555781,5.486506e-06,5.486506e-06,7.75909119524e-06
14.7061678604,5.602414e-06,5.602414e-06,7.92300986083e-06
14.7910674599,5.720773e-06,5.720773e-06,8.09039476386e-06
14.8764571899,5.80655e-06,5.80655e-06,8.2117017606e-06
14.9623398801,5.893613e-06,5.893613e-06,8.33482743598e-06
15.0487183762,5.981981e-06,5.981981e-06,8.45979866006e-06
15.1355955406,6.071676e-06,6.071676e-06,8.58664654554e-06
15.2229742522,6.178354e-06,6.178354e-06,8.73751201994e-06
15.3108574064,6.286907e-06,6.286907e-06,8.89102914478e-06
15.3992479154,6.397367e-06,6.397367e-06,9.04724317488e-06
15.4881487081,6.509766e-06,6.509766e-06,9.20619936508e-06
15.5775627305,6.5717e-06,6.5717e-06,9.29378726785e-06
15.6674929455,6.634225e-06,6.634225e-06,9.38221097083e-06
15.757942333,6.697343e-06,6.697343e-06,9.47147330246e-06
15.8489138904,6.761061e-06,6.761061e-06,9.56158416223e-06
15.9404106321,6.855382e-06,6.855382e-06,9.69497419965e-06
16.03243559,6.951019e-06,6.951019e-06,9.83022534211e-06
16.1249918136,7.04799e-06,7.04799e-06,9.96736304547e-06
16.2180823699,7.146315e-06,7.146315e-06,1.0106415594e-05
16.3117103437,7.234998e-06,7.234998e-06,1.02318322953e-05
16.4058788374,7.32478e-06,7.32478e-06,1.03588032174e-05
16.5005909715,7.415677e-06,7.415677e-06,1.04873509876e-05
16.5958498845,7.507702e-06,7.507702e-06,1.06174939907e-05
16.6916587331,7.625293e-06,7.625293e-06,1.07837927777e-05
16.7880206919,7.744725e-06,7.744725e-06,1.09526951318e-05
16.8849389541,7.866028e-06,7.866028e-06,1.11242434796e-05
16.9824167314,7.989232e-06,7.989232e-06,1.12984802473e-05
17.0804572538,8.100975e-06,8.100975e-06,1.14565087134e-05
17.17906377,8.21428e-06,8.21428e-06,1.16167461811e-05
17.2782395477,8.329169e-06,8.329169e-06,1.17792237631e-05
17.3779878732,8.445662e-06,8.445662e-06,1.19439697436e-05
17.4783120518,8.566441e-06,8.566441e-06,1.21147770435e-05
17.5792154079,8.688948e-06,8.688948e-06,1.22880281044e-05
17.6807012853,8.813207e-06,8.813207e-06,1.24637568674e-05
17.7827730468,8.939243e-06,8.939243e-06,1.26419986879e-05
17.8854340747,9.069945e-06,9.069945e-06,1.2826839229e-05
17.988687771,9.202556e-06,9.202556e-06,1.30143795037e-05
18.0925375572,9.337107e-06,9.337107e-06,1.32046633527e-05
18.1969868745,9.473626e-06,9.473626e-06,1.33977303741e-05
18.302039184,9.57146e-06,9.57146e-06,1.35360885437e-05
18.4076979669,9.670306e-06,9.670306e-06,1.36758778975e-05
18.5139667243,9.770172e-06,9.770172e-06,1.38171097491e-05
18.6208489778,9.871068e-06,9.871068e-06,1.39597982407e-05
18.7283482689,9.866302e-06,9.866302e-06,1.39530580989e-05
18.83646816,9.861538e-06,9.861538e-06,1.39463207855e-05
18.9452122338,9.856778e-06,9.856778e-06,1.39395891289e-05
19.0545840938,9.852019e-06,9.852019e-06,1.39328588866e-05
19.1645873641,9.784509e-06,9.784509e-06,1.3837385329e-05
19.27522569,9.717461e-06,9.717461e-06,1.3742565138e-05
19.3865027376,9.650874e-06,9.650874e-06,1.36483968996e-05
19.4984221944,9.584742e-06,9.584742e-06,1.35548721282e-05
19.610987769,9.482199e-06,9.482199e-06,1.34098544269e-05
19.7242031915,9.380752e-06,9.380752e-06,1.32663867037e-05
19.8380722135,9.280391e-06,9.280391e-06,1.31244548163e-05
19.9525986083,9.181103e-06,9.181103e-06,1.29840403801e-05
20.0677861709,9.08305e-06,9.08305e-06,1.28453724977e-05
20.1836387183,8.986046e-06,8.986046e-06,1.27081881253e-05
20.3001600895,8.890076e-06,8.890076e-06,1.25724660497e-05
20.4173541456,8.795132e-06,8.795132e-06,1.24381949573e-05
20.5352247701,8.742698e-06,8.742698e-06,1.23640420833e-05
20.6537758689,8.690576e-06,8.690576e-06,1.2290330444e-05
20.7730113704,8.638764e-06,8.638764e-06,1.22170572109e-05
20.8929352257,8.587261e-06,8.587261e-06,1.21442209698e-05
21.0135514086,8.585192e-06,8.585192e-06,1.2141294962e-05
21.1348639161,8.583121e-06,8.583121e-06,1.21383661257e-05
21.2568767681,8.581051e-06,8.581051e-06,1.21354387036e-05
21.3795940077,8.578981e-06,8.578981e-06,1.21325112815e-05
21.5030197013,8.606965e-06,8.606965e-06,1.21720866339e-05
21.627157939,8.635039e-06,8.635039e-06,1.22117892654e-05
21.7520128342,8.663204e-06,8.663204e-06,1.22516205904e-05
21.8775885244,8.691462e-06,8.691462e-06,1.22915834373e-05
22.0038891706,8.545223e-06,8.545223e-06,1.20847702601e-05
22.1309189581,8.401445e-06,8.401445e-06,1.18814374625e-05
22.2586820963,8.260085e-06,8.260085e-06,1.16815242334e-05
22.3871828188,8.121102e-06,8.121102e-06,1.14849725898e-05
22.5164253838,7.891933e-06,7.891933e-06,1.11608786819e-05
22.646414074,7.669232e-06,7.669232e-06,1.08459319074e-05
22.7771531967,7.452815e-06,7.452815e-06,1.05398720509e-05
22.9086470844,7.242504e-06,7.242504e-06,1.02424473823e-05
23.0409000942,6.972172e-06,6.972172e-06,9.8601402016e-06
23.1739166087,6.71193e-06,6.71193e-06,9.4921024357e-06
23.3077010356,6.461402e-06,6.461402e-06,9.13780234034e-06
23.4422578082,6.220225e-06,6.220225e-06,8.79672655601e-06
23.5775913851,5.819234e-06,5.819234e-06,8.22963964542e-06
23.713706251,5.444092e-06,5.444092e-06,7.69910874121e-06
23.8506069163,5.093135e-06,5.093135e-06,7.202780592e-06
23.9882979174,4.764802e-06,4.764802e-06,6.73844761042e-06
24.126783817,4.485706e-06,4.485706e-06,6.34374626202e-06
24.2660692042,4.222958e-06,4.222958e-06,5.97216447693e-06
24.4061586943,3.9756e-06,3.9756e-06,5.62234743857e-06
24.5470569295,3.74273e-06,3.74273e-06,5.2930195263e-06
24.6887685789,3.438321e-06,3.438321e-06,4.86252018999e-06
24.8312983381,3.158671e-06,3.158671e-06,4.46703536727e-06
24.9746509303,2.901765e-06,2.901765e-06,4.10371541782e-06
25.1188311058,2.665754e-06,2.665754e-06,3.76994546075e-06
25.2638436421,2.527596e-06,2.527596e-06,3.5745605434e-06
25.4096933446,2.396598e-06,2.396598e-06,3.38930139516e-06
25.5563850463,2.272389e-06,2.272389e-06,3.21364334279e-06
25.7039236081,2.154618e-06,2.154618e-06,3.04708999733e-06
25.8523139189,2.060876e-06,2.060876e-06,2.91451878957e-06
26.001560896,1.971212e-06,1.971212e-06,2.78771474471e-06
26.151669485,1.88545e-06,1.88545e-06,2.66642896118e-06
26.30264466,1.803419e-06,1.803419e-06,2.55041960844e-06
26.4544914238,1.749342e-06,1.749342e-06,2.47394318163e-06
26.6072148082,1.696887e-06,1.696887e-06,2.39976060921e-06
26.760819874,1.646006e-06,1.646006e-06,2.32780400895e-06
26.9153117111,1.59665e-06,1.59665e-06,2.25800408436e-06
27.070695439,1.629661e-06,1.629661e-06,2.30468868827e-06
27.2269762066,1.663356e-06,1.663356e-06,2.35234061425e-06
27.3841591925,1.697746e-06,1.697746e-06,2.40097541866e-06
27.5422496054,1.732849e-06,1.732849e-06,2.45061855734e-06
27.7012526838,2.117422e-06,2.117422e-06,2.99448690967e-06
27.8611736966,2.587343e-06,2.587343e-06,3.65905556111e-06
28.0220179431,3.161555e-06,3.161555e-06,4.47111395919e-06
28.1837907532,3.863202e-06,3.863202e-06,5.46339266259e-06
28.3464974876,3.663682e-06,3.663682e-06,5.18122877262e-06
28.5101435378,3.474466e-06,3.474466e-06,4.9136369392e-06
28.6747343267,3.295023e-06,3.295023e-06,4.65986621493e-06
28.8402753081,3.124846e-06,3.124846e-06,4.41919959353e-06
29.0067719676,2.812647e-06,2.812647e-06,3.97768353357e-06
29.1742298225,2.53164e-06,2.53164e-06,3.58027962305e-06
29.3426544217,2.278707e-06,2.278707e-06,3.22257834407e-06
29.5120513464,2.051045e-06,2.051045e-06,2.90061565604e-06
29.6824262098,2.315299e-06,2.315299e-06,3.27432724675e-06
29.8537846576,2.6136e-06,2.6136e-06,3.69618856662e-06
30.0261323681,2.950334e-06,2.950334e-06,4.17240235633e-06
30.1994750524,3.330451e-06,3.330451e-06,4.70996897302e-06
30.3738184546,3.761264e-06,3.761264e-06,5.31923056047e-06
30.5491683518,4.247806e-06,4.247806e-06,6.00730485553e-06
30.7255305546,4.797284e-06,4.797284e-06,6.78438409536e-06
30.9029109071,5.417842e-06,5.417842e-06,7.66198563519e-06
31.0813152871,5.314147e-06,5.314147e-06,7.51533875984e-06
31.2607496065,5.212436e-06,5.212436e-06,7.3714976842e-06
31.441219811,5.112672e-06,5.112672e-06,7.23041008237e-06
31.622731881,5.014817e-06,5.014817e-06,7.09202221422e-06
31.8052918312,5.436522e-06,5.436522e-06,7.68840314454e-06
31.9889057111,5.893688e-06,5.893688e-06,8.334933502e-06
32.1735796051,6.389298e-06,6.389298e-06,9.03583188564e-06
32.3593196326,6.926582e-06,6.926582e-06,9.79566620529e-06
32.5461319486,8.243183e-06,8.243183e-06,1.16576211957e-05
32.7340227434,9.810042e-06,9.810042e-06,1.38734944438e-05
32.9229982432,1.167473e-05,1.167473e-05,1.6510561503e-05
33.11306471,1.389386e-05,1.389386e-05,1.96488852457e-05
33.3042284421,1.567106e-05,1.567106e-05,2.21622255888e-05
33.496495774,1.767557e-05,1.767557e-05,2.49970308167e-05
33.6898730769,1.99365e-05,1.99365e-05,2.81944686863e-05
33.8843667586,2.248662e-05,2.248662e-05,3.18008829759e-05
34.0799832642,2.044206e-05,2.044206e-05,2.89094384948e-05
34.2767290758,1.858341e-05,1.858341e-05,2.62809104571e-05
34.4746107129,1.689375e-05,1.689375e-05,2.38913703693e-05
34.6736347326,1.535771e-05,1.535771e-05,2.1719081769e-05
34.8738077301,1.538197e-05,1.538197e-05,2.175339059e-05
35.0751363385,1.540627e-05,1.540627e-05,2.17877559796e-05
35.2776272292,1.543061e-05,1.543061e-05,2.18221779377e-05
35.481287112,1.545499e-05,1.545499e-05,2.18566564643e-05
35.6861227357,1.816379e-05,1.816379e-05,2.56874781621e-05
35.8921408879,2.134735e-05,2.134735e-05,3.01897118907e-05
36.0993483954,2.50889e-05,2.50889e-05,3.5481062645e-05
36.3077521244,2.948622e-05,2.948622e-05,4.16998122271e-05
36.5173589808,2.87334e-05,2.87334e-05,4.06351639731e-05
36.7281759103,2.799979e-05,2.799979e-05,3.95976827616e-05
36.9402098987,2.728492e-05,2.728492e-05,3.85867039123e-05
37.1534679722,2.658831e-05,2.658831e-05,3.76015486026e-05
37.3679571975,2.597562e-05,2.597562e-05,3.6735074095e-05
37.5836846821,2.537705e-05,2.537705e-05,3.5888568283e-05
37.8006575745,2.479227e-05,2.479227e-05,3.5061564476e-05
38.0188830647,2.422098e-05,2.422098e-05,3.425363841e-05
38.2383683838,2.464221e-05,2.464221e-05,3.48493475888e-05
38.459120805,2.507078e-05,2.507078e-05,3.54554370953e-05
38.6811476434,2.550679e-05,2.550679e-05,3.60720483506e-05
38.9044562561,2.59504e-05,2.59504e-05,3.6699407629e-05
39.129054043,2.73863e-05,2.73863e-05,3.87300768832e-05
39.3549484466,2.890164e-05,2.890164e-05,4.08730912628e-05
39.5821469523,3.050083e-05,3.050083e-05,4.31346874496e-05
39.8106570887,3.218851e-05,3.218851e-05,4.55214273946e-05
40.040486428,3.085985e-05,3.085985e-05,4.36424184028e-05
40.2716425861,2.958603e-05,2.958603e-05,4.18409648828e-05
40.5041332226,2.836479e-05,2.836479e-05,4.01138707119e-05
40.7379660418,2.719395e-05,2.719395e-05,3.84580529045e-05
40.9731487919,2.522114e-05,2.522114e-05,3.56680782465e-05
41.2096892664,2.339144e-05,2.339144e-05,3.30804916914e-05
41.4475953034,2.169449e-05,2.169449e-05,3.06806419868e-05
41.6868747863,2.012064e-05,2.012064e-05,2.84548819716e-05
41.9275356443,2.197561e-05,2.197561e-05,3.10782057034e-05
42.169585852,2.400159e-05,2.400159e-05,3.39433740965e-05
42.4130334302,2.621436e-05,2.621436e-05,3.70727034409e-05
42.6578864461,2.863113e-05,2.863113e-05,4.04905323521e-05
42.9041530132,3.427752e-05,3.427752e-05,4.84757336685e-05
43.1518412923,4.103746e-05,4.103746e-05,5.80357324973e-05
43.4009594908,4.913054e-05,4.913054e-05,6.94810759947e-05
43.6515158637,5.881969e-05,5.881969e-05,8.31836033326e-05
43.9035187138,7.383494e-05,7.383494e-05,0.000104418373525
44.1569763917,9.268326e-05,9.268326e-05,0.000131073923297
44.4118972961,0.0001163431,0.0001163431,0.000164533989909
44.6682898744,0.0001460427,0.0001460427,0.000206535567026
44.9261626225,0.0001685179,0.0001685179,0.000238320299683
45.1855240857,0.0001944519,0.0001944519,0.000274996514209
45.4463828584,0.0002243771,0.0002243771,0.000317317137906
45.7087475846,0.0002589074,0.0002589074,0.000366150356479
45.9726269583,0.000263385,0.000263385,0.000372482639126
46.2380297236,0.00026794,0.00026794,0.000378924381902
46.5049646752,0.0002725738,0.0002725738,0.000385477564708
46.7734406585,0.0002772879,0.0002772879,0.000392144308862
47.0434665699,0.0002595605,0.0002595605,0.000367073979356
47.3150513572,0.0002429664,0.0002429664,0.000343606378081
47.5882040201,0.0002274331,0.0002274331,0.000321638974553
47.8629336098,0.0002128929,0.0002128929,0.000301076026513
48.1392492302,0.0001967605,0.0001967605,0.000278261367639
48.4171600373,0.0001818506,0.0001818506,0.000257175584846
48.6966752405,0.0001680705,0.0001680705,0.000237687580535
48.9778041018,0.0001553345,0.0001553345,0.000219676156604
49.2605559372,0.0001318295,0.0001318295,0.000186435066821
49.544940116,0.0001118812,0.0001118812,0.000158223910415
49.830966062,9.495142e-05,9.495142e-05,0.000134281585931
50.1186432531,8.058347e-05,8.058347e-05,0.000113962236177
50.4079812221,6.810389e-05,6.810389e-05,9.63134448884e-05
50.6989895567,5.755696e-05,5.755696e-05,8.1397833441e-05
50.9916779002,4.864339e-05,4.864339e-05,6.87921418578e-05
51.2860559511,4.111021e-05,4.111021e-05,5.8138616534e-05
51.5821334645,3.333679e-05,3.333679e-05,4.7145340544e-05
51.8799202513,2.703322e-05,2.703322e-05,3.82307463586e-05
52.1794261793,2.192158e-05,2.192158e-05,3.10017957446e-05
52.4806611732,1.777648e-05,1.777648e-05,2.51397391073e-05
52.783635215,1.543455e-05,1.543455e-05,2.18277499391e-05
53.0883583443,1.340116e-05,1.340116e-05,1.89521022235e-05
53.3948406587,1.163565e-05,1.163565e-05,1.6455294037e-05
53.7030923141,1.010273e-05,1.010273e-05,1.4287417783e-05
54.0131235251,9.47489e-06,9.47489e-06,1.339951794e-05
54.324944565,8.886067e-06,8.886067e-06,1.25667964676e-05
54.6385657668,8.333836e-06,8.333836e-06,1.17858238978e-05
54.9539975227,7.815921e-06,7.815921e-06,1.10533814806e-05
55.2712502853,7.537034e-06,7.537034e-06,1.06589757029e-05
55.5903345674,7.268098e-06,7.268098e-06,1.02786427643e-05
55.9112609424,7.008758e-06,7.008758e-06,9.91188061899e-06
56.2340400449,6.758672e-06,6.758672e-06,9.55820560603e-06
56.5586825707,6.716012e-06,6.716012e-06,9.49787525546e-06
56.8851992775,6.673621e-06,6.673621e-06,9.43792532834e-06
57.213600985,6.631498e-06,6.631498e-06,9.37835441045e-06
57.5438985756,6.589641e-06,6.589641e-06,9.31915967337e-06
57.8761029941,7.191805e-06,7.191805e-06,1.01707481689e-05
58.210225249,7.848994e-06,7.848994e-06,1.11001537658e-05
58.5462764119,8.566238e-06,8.566238e-06,1.21144899581e-05
58.8842676185,9.349021e-06,9.349021e-06,1.32215122931e-05
59.2242100689,6.332345e-06,6.332345e-06,8.95528818063e-06
59.5661150277,4.289069e-06,4.289069e-06,6.06565954975e-06
59.9099938246,2.905102e-06,2.905102e-06,4.10843464848e-06
60.2558578547,1.967704e-06,1.967704e-06,2.78275368354e-06
60.6037185787,2.568573e-06,2.568573e-06,3.63251077255e-06
60.9535875239,3.352927e-06,3.352927e-06,4.74175483705e-06
61.3054762837,4.376795e-06,4.376795e-06,6.18972284873e-06
61.6593965186,5.713319e-06,5.713319e-06,8.07985321596e-06
62.0153599566,6.465988e-06,6.465988e-06,9.14428792374e-06
62.3733783931,7.317813e-06,7.317813e-06,1.03489503915e-05
62.7334636917,8.281857e-06,8.281857e-06,1.1712314491e-05
63.0956277846,9.372908e-06,9.372908e-06,1.32552936125e-05
63.4598826729,1.009558e-05,1.009558e-05,1.4277306156e-05
63.8262404266,1.087398e-05,1.087398e-05,1.5378129993e-05
64.194713186,1.171239e-05,1.171239e-05,1.65638207858e-05
64.5653131609,1.261544e-05,1.261544e-05,1.78409263433e-05
64.938052632,1.343334e-05,1.343334e-05,1.8997611616e-05
65.3129439507,1.430427e-05,1.430427e-05,2.02292926338e-05
65.6899995397,1.523166e-05,1.523166e-05,2.15408201495e-05
66.0692318935,1.621917e-05,1.621917e-05,2.29373701844e-05
66.4506535786,1.674758e-05,1.674758e-05,2.36846547729e-05
66.8342772344,1.72932e-05,1.72932e-05,2.44562779768e-05
67.2201155727,1.78566e-05,1.78566e-05,2.52530458979e-05
67.6081813792,1.843836e-05,1.843836e-05,2.60757787799e-05
67.9984875132,1.804812e-05,1.804812e-05,2.55238960793e-05
68.3910469082,1.766614e-05,1.766614e-05,2.49836947828e-05
68.7858725723,1.729225e-05,1.729225e-05,2.44549344739e-05
69.182977589,1.692627e-05,1.692627e-05,2.39373605944e-05
69.5823751171,1.449173e-05,1.449173e-05,2.04944011082e-05
69.9840783913,1.240736e-05,1.240736e-05,1.75466567852e-05
70.3881007229,1.062279e-05,1.062279e-05,1.50228936882e-05
70.7944554999,9.094889e-06,9.094889e-06,1.28621153721e-05
71.2031561878,6.723475e-06,6.723475e-06,9.50842953128e-06
71.6142163295,4.970387e-06,4.970387e-06,7.02918870564e-06
72.0276495463,3.674401e-06,3.674401e-06,5.1963877278e-06
72.4434695382,2.716334e-06,2.716334e-06,3.84147638274e-06
72.8616900841,2.108939e-06,2.108939e-06,2.98249013602e-06
73.2823250427,1.637364e-06,1.637364e-06,2.31558237534e-06
73.7053883523,1.271236e-06,1.271236e-06,1.79779919218e-06
74.1308940322,9.86977e-07,9.86977e-07,1.39579625915e-06
74.5588561821,1.036511e-06,1.036511e-06,1.46584791375e-06
74.9892889835,1.08853e-06,1.08853e-06,1.53941388905e-06
75.4222066996,1.14316e-06,1.14316e-06,1.61667237596e-06
75.8576236759,1.200532e-06,1.200532e-06,1.69780863646e-06
76.2955543409,1.342053e-06,1.342053e-06,1.89794955402e-06
76.7360132062,1.500258e-06,1.500258e-06,2.12168521066e-06
77.1790148672,1.677112e-06,1.677112e-06,2.37179453602e-06
77.6245740037,1.874815e-06,1.874815e-06,2.65138879994e-06
78.0727053801,2.218164e-06,2.218164e-06,3.13695761237e-06
78.5234238462,2.624394e-06,2.624394e-06,3.71145358781e-06
78.9767443373,3.10502e-06,3.10502e-06,4.39116139544e-06
79.4326818752,3.673667e-06,3.673667e-06,5.19534969504e-06
79.8912515681,2.429189e-06,2.429189e-06,3.43539202937e-06
80.3524686117,1.606286e-06,1.606286e-06,2.27163144625e-06
80.8163482892,1.062146e-06,1.062146e-06,1.50210127842e-06
81.2829059723,7.023372e-07,7.023372e-07,9.93254793599e-07
81.7521571212,9.829418e-07,9.829418e-07,1.39008962458e-06
82.2241172855,1.375656e-06,1.375656e-06,1.94547137236e-06
82.6988021044,1.925272e-06,1.925272e-06,2.72274577366e-06
83.1762273076,2.694476e-06,2.694476e-06,3.81056450269e-06
83.6564087154,2.97833e-06,2.97833e-06,4.21199467922e-06
84.1393622397,3.292086e-06,3.292086e-06,4.6557126697e-06
84.625103884,3.638896e-06,3.638896e-06,5.14617607527e-06
85.1136497443,4.02224e-06,4.02224e-06,5.68830635912e-06
85.6050160094,4.503669e-06,4.503669e-06,6.36914978024e-06
86.0992189619,5.04272e-06,5.04272e-06,7.13148301525e-06
86.5962749779,5.646291e-06,5.646291e-06,7.98506130931e-06
87.0962005286,6.322106e-06,6.322106e-06,8.94080804796e-06
87.5990121797,8.144285e-06,8.144285e-06,1.15177583028e-05
88.1047265931,1.049166e-05,1.049166e-05,1.48374478638e-05
88.6133605264,1.35156e-05,1.35156e-05,1.91139448236e-05
89.1249308343,1.741113e-05,1.741113e-05,2.46230561822e-05
89.6394544686,2.201749e-05,2.201749e-05,3.11374329674e-05
90.1569484791,2.784255e-05,2.784255e-05,3.93753118211e-05
90.6774300139,3.52087e-05,3.52087e-05,4.97926210535e-05
91.2009163202,4.452372e-05,4.452372e-05,6.29660486713e-05
91.7274247448,4.613253e-05,4.613253e-05,6.52412495926e-05
92.2569727344,4.779947e-05,4.779947e-05,6.75986587482e-05
92.7895778367,4.952664e-05,4.952664e-05,7.00412459868e-05
93.3252577005,5.131624e-05,5.131624e-05,7.2572122578e-05
93.8640300768,3.762415e-05,3.762415e-05,5.32085832028e-05
94.4059128186,2.758535e-05,2.758535e-05,3.90115760928e-05
94.9509238824,2.022508e-05,2.022508e-05,2.86025824361e-05
95.4990813282,1.482867e-05,1.482867e-05,2.0970906226e-05
96.0504033201,1.246309e-05,1.246309e-05,1.76254709071e-05
96.6049081274,1.047488e-05,1.047488e-05,1.48137173602e-05
97.1626141246,8.803841e-06,8.803841e-06,1.24505113432e-05
97.7235397923,7.39938e-06,7.39938e-06,1.04643035492e-05
98.287703718,6.749172e-06,6.749172e-06,9.54477057719e-06
98.8551245962,6.1561e-06,6.1561e-06,8.70604011133e-06
99.4258212296,5.615144e-06,5.615144e-06,7.94101279948e-06
99.9998125293,5.121724e-06,5.121724e-06,7.24321154353e-06
100.577117516,4.587989e-06,4.587989e-06,6.48839626782e-06
101.157755319,4.109875e-06,4.109875e-06,5.81224096466e-06
101.741745179,3.681585e-06,3.681585e-06,5.20654743803e-06
102.329106448,3.297927e-06,3.297927e-06,4.66397309112e-06
102.91985859,2.821274e-06,2.821274e-06,3.98988395397e-06
103.514021179,2.413513e-06,2.413513e-06,3.41322281756e-06
104.111613905,2.064685e-06,2.064685e-06,2.91990552903e-06
104.71265657,1.766274e-06,1.766274e-06,2.49788864567e-06
105.317169091,1.515908e-06,1.515908e-06,2.14381765291e-06
105.9251715,1.301032e-06,1.301032e-06,1.83993709948e-06
106.536683943,1.116613e-06,1.116613e-06,1.57912924852e-06
107.151726685,9.583357e-07,9.583357e-07,1.35529134425e-06
107.770320105,9.797673e-07,9.797673e-07,1.38560020363e-06
108.392484703,1.001678e-06,1.001678e-06,1.41658661273e-06
109.018241096,1.024079e-06,1.024079e-06,1.44826641074e-06
109.647610017,1.046982e-06,1.046982e-06,1.48065614396e-06
110.280612324,1.148683e-06,1.148683e-06,1.62448307747e-06
110.917268991,1.260264e-06,1.260264e-06,1.78228244097e-06
111.557601116,1.382683e-06,1.382683e-06,1.95540905106e-06
112.201629918,1.516995e-06,1.516995e-06,2.14535490305e-06
112.849376736,1.756487e-06,1.756487e-06,2.48404773753e-06
113.500863036,2.033788e-06,2.033788e-06,2.87621057259e-06
114.156110407,2.354867e-06,2.354867e-06,3.33028484898e-06
114.81514056,2.726636e-06,2.726636e-06,3.85604561085e-06
115.477975334,3.066778e-06,3.066778e-06,4.33707904039e-06
116.144636693,3.449352e-06,3.449352e-06,4.8781203798e-06
116.815146729,3.879652e-06,3.879652e-06,5.48665647569e-06
117.48952766,4.363629e-06,4.363629e-06,6.17110331296e-06
118.167801833,3.406034e-06,3.406034e-06,4.8168594767e-06
118.849991724,2.658583e-06,2.658583e-06,3.75980413529e-06
119.536119939,2.075159e-06,2.075159e-06,2.93471800188e-06
120.226209214,1.619767e-06,1.619767e-06,2.29069645928e-06
120.920282416,1.206905e-06,1.206905e-06,1.7068214195e-06
121.618362544,8.992779e-07,8.992779e-07,1.27177100252e-06
122.320472732,6.700615e-07,6.700615e-07,9.47610060924e-07
123.026636244,4.992696e-07,4.992696e-07,7.06073839601e-07
123.736876481,5.320786e-07,5.320786e-07,7.52472772368e-07
124.451216978,5.670436e-07,5.670436e-07,8.01920749577e-07
125.169681406,6.043063e-07,6.043063e-07,8.54618165288e-07
125.892293573,6.440174e-07,6.440174e-07,9.10778141484e-07
126.619077423,6.372372e-07,6.372372e-07,9.01189490689e-07
127.350057041,6.305285e-07,6.305285e-07,8.91701956163e-07
128.085256649,6.238903e-07,6.238903e-07,8.82314123693e-07
128.824700609,6.173218e-07,6.173218e-07,8.73024861909e-07
129.568413423,6.214601e-07,6.214601e-07,8.78877301894e-07
130.316419737,6.256262e-07,6.256262e-07,8.84769057016e-07
131.068744336,6.298201e-07,6.298201e-07,8.90700127275e-07
131.825412151,6.34042e-07,6.34042e-07,8.96670795514e-07
132.586448256,6.367268e-07,6.367268e-07,9.00467676086e-07
133.351877867,6.39423e-07,6.39423e-07,9.04280678693e-07
134.121726351,6.421307e-07,6.421307e-07,9.08109944756e-07
134.896019216,6.448499e-07,6.448499e-07,9.11955474275e-07
135.674782122,6.308219e-07,6.308219e-07,8.92116886422e-07
136.458040872,6.170991e-07,6.170991e-07,8.72709916548e-07
137.245821423,6.036747e-07,6.036747e-07,8.53724948002e-07
138.038149879,5.905424e-07,5.905424e-07,8.35153071236e-07
138.835052496,5.437213e-07,5.437213e-07,7.68938036611e-07
139.636555679,5.006124e-07,5.006124e-07,7.07972845572e-07
140.442685989,4.609213e-07,4.609213e-07,6.51841153647e-07
141.253470138,4.243772e-07,4.243772e-07,6.00159991802e-07
142.068934993,4.108449e-07,4.108449e-07,5.81022429612e-07
142.889107576,3.977441e-07,3.977441e-07,5.62495100574e-07
143.714015066,3.850611e-07,3.850611e-07,5.44558629962e-07
144.543684796,3.727825e-07,3.727825e-07,5.27194067315e-07
145.37814426,3.815852e-07,3.815852e-07,5.39642965041e-07
146.21742111,3.905957e-07,3.905957e-07,5.52385736345e-07
147.061543155,3.99819e-07,3.99819e-07,5.65429452294e-07
147.910538368,4.092603e-07,4.092603e-07,5.78781466801e-07
148.764434882,3.85678e-07,3.85678e-07,5.45431058309e-07
149.623260993,3.634547e-07,3.634547e-07,5.14002566048e-07
150.487045158,3.425118e-07,3.425118e-07,4.84384832833e-07
151.355816003,3.227757e-07,3.227757e-07,4.56473772544e-07
152.229602313,4.42906e-07,4.42906e-07,6.26363672056e-07
153.108433046,6.077461e-07,6.077461e-07,8.59482777099e-07
153.992337321,8.339362e-07,8.339362e-07,1.17936388419e-06
154.88134443,1.14431e-06,1.14431e-06,1.61829872156e-06
155.77548383,1.481226e-06,1.481226e-06,2.09476989814e-06
156.674785152,1.917341e-06,1.917341e-06,2.71152964589e-06
157.579278194,2.481859e-06,2.481859e-06,3.5098786577e-06
158.48899293,3.212588e-06,3.212588e-06,4.54328551992e-06
159.403959505,2.873068e-06,2.873068e-06,4.06313173122e-06
160.324208236,2.56943e-06,2.56943e-06,3.63372275357e-06
161.24976962,2.297882e-06,2.297882e-06,3.24969588913e-06
162.180674325,2.055033e-06,2.055033e-06,2.90625553972e-06
163.1169532,2.409284e-06,2.409284e-06,3.40724210841e-06
164.05863727,2.824602e-06,2.824602e-06,3.99459045671e-06
165.005757739,3.311514e-06,3.311514e-06,4.68318801079e-06
165.958345992,3.882359e-06,3.882359e-06,5.4904847518e-06
166.916433595,5.766149e-06,5.766149e-06,8.15456611846e-06
167.880052295,8.563988e-06,8.563988e-06,1.21113079776e-05
168.849234025,1.271939e-05,1.271939e-05,1.79879338431e-05
169.8240109,1.889106e-05,1.889106e-05,2.67159932596e-05
170.804415221,2.997922e-05,2.997922e-05,4.23970195134e-05
171.790479475,4.757562e-05,4.757562e-05,6.72820870423e-05
172.782236339,7.550028e-05,7.550028e-05,0.000106773519939
173.779718674,0.0001198155,0.0001198155,0.000169444705083
174.782959536,9.666222e-05,9.666222e-05,0.000136701022493
175.791992169,7.79831e-05,7.79831e-05,0.000110284757656
176.806850008,6.291356e-05,6.291356e-05,8.89732098092e-05
177.827566682,5.075608e-05,5.075608e-05,7.17799367089e-05
178.854176016,2.324443e-05,2.324443e-05,3.28725881556e-05
179.886712028,1.06451e-05,1.06451e-05,1.50544447928e-05
180.925208934,4.875066e-06,4.875066e-06,6.89438445466e-06
181.969701144,2.232601e-06,2.232601e-06,3.15737461357e-06
183.020223272,1.626711e-06,1.626711e-06,2.30051675826e-06
184.076810128,1.185248e-06,1.185248e-06,1.67619379638e-06
185.139496723,8.635918e-07,8.635918e-07,1.22130323591e-06
186.208318273,6.292275e-07,6.292275e-07,8.89862064318e-07
187.283310195,4.340273e-07,4.340273e-07,6.138072941e-07
188.36450811,2.993825e-07,2.993825e-07,4.23390791837e-07
189.451947847,2.065074e-07,2.065074e-07,2.9204556581e-07
190.545665439,1.424443e-07,1.424443e-07,2.01446660943e-07
191.645697129,1.493673e-07,1.493673e-07,2.11237261435e-07
192.752079368,1.566268e-07,1.566268e-07,2.21503744791e-07
193.86484882,1.642391e-07,1.642391e-07,2.32269162692e-07
194.984042357,1.722213e-07,1.722213e-07,2.4355769819e-07
196.109697066,4.462064e-07,4.462064e-07,6.31031142498e-07
197.241850248,1.156071e-06,1.156071e-06,1.63493128727e-06
198.38053942,2.995253e-06,2.995253e-06,4.23592741534e-06
199.525802313,7.760371e-06,7.760371e-06,1.09748219172e-05
200.677676878,4.213392e-06,4.213392e-06,5.95863610999e-06
201.836201285,2.287607e-06,2.287607e-06,3.23516484478e-06
203.001413923,1.242027e-06,1.242027e-06,1.75649142823e-06
204.173353405,6.743421e-07,6.743421e-07,9.53663743499e-07
205.352058565,7.245121e-07,7.245121e-07,1.02461483792e-06
206.537568461,7.784148e-07,7.784148e-07,1.10084476731e-06
207.729922378,8.363277e-07,8.363277e-07,1.18274597593e-06
208.929159826,8.985495e-07,8.985495e-07,1.27074088936e-06
210.135320544,1.054806e-06,1.054806e-06,1.49172095087e-06
211.348444502,1.238234e-06,1.238234e-06,1.75112731619e-06
212.568571898,1.453561e-06,1.453561e-06,2.05564567994e-06
213.795743164,1.706333e-06,1.706333e-06,2.41311927052e-06
215.029998963,2.676616e-06,2.676616e-06,3.78530664846e-06
216.271380197,4.198638e-06,4.198638e-06,5.9377708031e-06
217.519927999,6.586136e-06,6.586136e-06,9.31420285483e-06
218.775683744,1.033126e-05,1.033126e-05,1.46106080084e-05
220.038689043,9.882742e-06,9.882742e-06,1.39763077698e-05
221.308985748,9.4537e-06,9.4537e-06,1.33695507546e-05
222.586615953,9.043284e-06,9.043284e-06,1.27891348812e-05
223.871621995,8.650684e-06,8.650684e-06,1.22339146366e-05
225.164046454,4.09757e-06,4.09757e-06,5.79483906677e-06
226.463932159,1.940896e-06,1.940896e-06,2.74484144636e-06
227.771322182,9.193443e-07,9.193443e-07,1.30014917755e-06
229.086259848,4.354655e-07,4.354655e-07,6.15841216046e-07
230.408788728,5.622702e-07,5.622702e-07,7.95170142558e-07
231.738952648,7.259995e-07,7.259995e-07,1.02671833918e-06
233.076795685,9.374056e-07,9.374056e-07,1.32569171296e-06
234.422362171,1.210372e-06,1.210372e-06,1.71172449792e-06
235.775696694,1.483384e-06,1.483384e-06,2.09782177101e-06
237.136844099,1.817977e-06,1.817977e-06,2.57100772948e-06
238.505849491,2.22804e-06,2.22804e-06,3.15092438551e-06
239.882758234,2.730597e-06,2.730597e-06,3.86164731078e-06
241.267615955,2.127168e-06,2.127168e-06,3.00826983505e-06
242.660468543,1.65709e-06,1.65709e-06,2.34347915207e-06
244.061362154,1.290893e-06,1.290893e-06,1.82559838817e-06
245.470343209,1.005621e-06,1.005621e-06,1.42216285681e-06
246.887458397,1.058178e-06,1.058178e-06,1.496489679e-06
248.312754677,1.113481e-06,1.113481e-06,1.57469993164e-06
249.746279278,1.171675e-06,1.171675e-06,1.65699867569e-06
251.188079705,1.23291e-06,1.23291e-06,1.74359804319e-06
252.638203732,1.331071e-06,1.331071e-06,1.88241866068e-06
254.096699414,1.437047e-06,1.437047e-06,2.03229135717e-06
255.56361508,1.551462e-06,1.551462e-06,2.19409860191e-06
257.038999339,1.674985e-06,1.674985e-06,2.36878650377e-06
258.522901081,1.414244e-06,1.414244e-06,2.0000430453e-06
260.015369477,1.194093e-06,1.194093e-06,1.68870251533e-06
261.516453985,1.008211e-06,1.008211e-06,1.42582566993e-06
263.026204344,8.512658e-07,8.512658e-07,1.20387163954e-06
264.544670583,8.012099e-07,8.012099e-07,1.13308190689e-06
266.071903021,7.540974e-07,7.540974e-07,1.06645477043e-06
267.607952264,7.097552e-07,7.097552e-07,1.0037454298e-06
269.152869212,6.680204e-07,6.680204e-07,9.44723509622e-07
270.70670506,5.344108e-07,5.344108e-07,7.55771001239e-07
272.269511296,4.275242e-07,4.275242e-07,6.04610521883e-07
273.841339708,3.420158e-07,3.420158e-07,4.83683382906e-07
275.42224238,2.736098e-07,2.736098e-07,3.86942689958e-07
277.0122717,2.214829e-07,2.214829e-07,3.13224121014e-07
278.611480355,1.79287e-07,1.79287e-07,2.53550106957e-07
280.219921339,1.451301e-07,1.451301e-07,2.05244955729e-07
281.83764795,1.174806e-07,1.174806e-07,1.66142657836e-07
283.464713795,1.243282e-07,1.243282e-07,1.75826626625e-07
285.10117279,1.31575e-07,1.31575e-07,1.86075149469e-07
286.747079163,1.392442e-07,1.392442e-07,1.96921036122e-07
288.402487452,1.473604e-07,1.473604e-07,2.08399076237e-07
290.067452514,1.049321e-07,1.049321e-07,1.48396398948e-07
291.74202952,7.471978e-08,7.471978e-08,1.05669726254e-07
293.426273962,5.320629e-08,5.320629e-08,7.52450569216e-08
295.120241648,3.7887e-08,3.7887e-08,5.35803092376e-08
296.823988713,4.50787e-08,4.50787e-08,6.37509089141e-08
298.537571612,5.363553e-08,5.363553e-08,7.58520939511e-08
300.26104713,6.381661e-08,6.381661e-08,9.02503153667e-08
301.994472377,7.59303e-08,7.59303e-08,1.07381660055e-07
303.737904793,7.439003e-08,7.439003e-08,1.05203389331e-07
305.49140215,7.288101e-08,7.288101e-08,1.03069312781e-07
307.255022553,7.140259e-08,7.140259e-08,1.00978511167e-07
309.028824445,6.995417e-08,6.995417e-08,9.89301359586e-08
310.812866602,6.540078e-08,6.540078e-08,9.24906700658e-08
312.607208143,6.114379e-08,6.114379e-08,8.64703770729e-08
314.411908526,5.716389e-08,5.716389e-08,8.0841948516e-08
316.227027554,5.344305e-08,5.344305e-08,7.55798861246e-08
318.052625375,5.620017e-08,5.620017e-08,7.94790426217e-08
319.888762483,5.909953e-08,5.909953e-08,8.35793568559e-08
321.735499721,6.214847e-08,6.214847e-08,8.78912091547e-08
323.592898286,6.535471e-08,6.535471e-08,9.2425517247e-08
325.461019725,6.40086e-08,6.40086e-08,9.05218302285e-08
327.339925943,6.269022e-08,6.269022e-08,8.86573593522e-08
329.2296792,6.139899e-08,6.139899e-08,8.6831284374e-08
331.130342118,6.013437e-08,6.013437e-08,8.50428416188e-08
333.041977678,6.142892e-08,6.142892e-08,8.68736117859e-08
334.964649226,6.275135e-08,6.275135e-08,8.87438102272e-08
336.898420474,6.410225e-08,6.410225e-08,9.06542713286e-08
338.8433555,6.548225e-08,6.548225e-08,9.26058860447e-08
340.799518754,6.151592e-08,6.151592e-08,8.69966483659e-08
342.766975058,5.778983e-08,5.778983e-08,8.17271613532e-08
344.745789606,5.428944e-08,5.428944e-08,7.67768623416e-08
346.73602797,5.100109e-08,5.100109e-08,7.21264331738e-08
348.737756102,4.702886e-08,4.702886e-08,6.65088516349e-08
350.751040331,4.3366e-08,4.3366e-08,6.13287853459e-08
352.775947373,3.998843e-08,3.998843e-08,5.6552180044e-08
354.812544325,3.687392e-08,3.687392e-08,5.21475977619e-08
356.860898676,3.56313e-08,3.56313e-08,5.0390267705e-08
358.9210783,3.443056e-08,3.443056e-08,4.86921649121e-08
360.993151467,3.327028e-08,3.327028e-08,4.70512812e-08
363.077186837,3.214909e-08,3.214909e-08,4.5465679096e-08
365.173253471,3.914219e-08,3.914219e-08,5.5355415959e-08
367.281420824,4.765645e-08,4.765645e-08,6.73963979246e-08
369.401758755,5.802273e-08,5.802273e-08,8.20565316919e-08
371.534337526,7.064391e-08,7.064391e-08,9.99055756211e-08
373.679227803,6.515637e-08,6.515637e-08,9.2145022129e-08
375.836500662,6.00951e-08,6.00951e-08,8.49873054522e-08
378.006227589,5.542699e-08,5.542699e-08,7.83856009795e-08
380.18848048,5.112148e-08,5.112148e-08,7.22966903446e-08
382.38333165,7.805187e-08,7.805187e-08,1.10382013123e-07
384.590853829,1.19169e-07,1.19169e-07,1.68530416014e-07
386.811120167,1.819462e-07,1.819462e-07,2.57310783662e-07
389.044204238,2.777942e-07,2.777942e-07,3.92860325189e-07
391.290180039,2.503652e-07,2.503652e-07,3.54069861386e-07
393.549121994,2.256444e-07,2.256444e-07,3.19109370754e-07
395.821104958,2.033646e-07,2.033646e-07,2.87600975427e-07
398.106204217,1.832846e-07,1.832846e-07,2.59203567094e-07
400.404495494,2.333542e-07,2.333542e-07,3.30012674477e-07
402.716054945,2.971018e-07,2.971018e-07,4.20165394965e-07
405.04095917,3.78264e-07,3.78264e-07,5.34946078957e-07
407.379285207,4.815979e-07,4.815979e-07,6.8108228179e-07
409.731110543,3.31586e-07,3.31586e-07,4.68933418293e-07
412.096513109,2.28301e-07,2.28301e-07,3.22866370503e-07
414.475571287,1.57188e-07,1.57188e-07,2.22297401442e-07
416.868363913,1.082258e-07,1.082258e-07,1.53054394159e-07
419.274970276,1.112927e-07,1.112927e-07,1.57391645733e-07
421.695470124,1.144464e-07,1.144464e-07,1.61851651045e-07
424.129943664,1.176896e-07,1.176896e-07,1.6643822847e-07
426.578471567,1.210246e-07,1.210246e-07,1.71154630701e-07
429.041134971,1.385785e-07,1.385785e-07,1.95979594153e-07
431.51801548,1.586786e-07,1.586786e-07,2.24405428178e-07
434.00919517,1.81694e-07,1.81694e-07,2.56954119002e-07
436.514756592,2.080477e-07,2.080477e-07,2.94223878961e-07
439.034782772,2.438748e-07,2.438748e-07,3.44891049681e-07
441.569357216,2.858715e-07,2.858715e-07,4.04283352396e-07
444.118563912,3.351003e-07,3.351003e-07,4.73903389015e-07
446.682487334,3.928064e-07,3.928064e-07,5.55512138267e-07
449.26121244,5.229756e-07,5.229756e-07,7.3959918631e-07
451.854824684,6.962806e-07,6.962806e-07,9.84689467737e-07
454.463410008,9.270158e-07,9.270158e-07,1.31099831689e-06
457.087054853,1.234213e-06,1.234213e-06,1.74544076346e-06
459.72584616,1.184672e-06,1.184672e-06,1.67537920936e-06
462.379871368,1.13712e-06,1.13712e-06,1.60813052605e-06
465.049218426,1.091476e-06,1.091476e-06,1.5435801622e-06
467.733975785,1.047665e-06,1.047665e-06,1.48162205182e-06
470.434232413,1.199188e-06,1.199188e-06,1.69590793344e-06
473.150077785,1.372626e-06,1.372626e-06,1.94118630527e-06
475.881601898,1.571148e-06,1.571148e-06,2.2219388101e-06
478.628895265,1.798383e-06,1.798383e-06,2.54329762894e-06
481.392048923,1.223278e-06,1.223278e-06,1.72997633815e-06
484.171154435,8.320866e-07,8.320866e-07,1.17674815479e-06
486.966303892,5.659939e-07,5.659939e-07,8.004362496e-07
489.777589916,3.849949e-07,3.849949e-07,5.44465009024e-07
492.605105665,2.85029e-07,2.85029e-07,4.0309187747e-07
495.448944835,2.110197e-07,2.110197e-07,2.98426921668e-07
498.30920166,1.562273e-07,1.562273e-07,2.20938766473e-07
501.185970921,1.156621e-07,1.156621e-07,1.63570910473e-07
504.079347946,1.589253e-07,1.589253e-07,2.24754314664e-07
506.989428613,2.183711e-07,2.183711e-07,3.0882337125e-07
509.916309351,3.000525e-07,3.000525e-07,4.24338314924e-07
512.86008715,4.122867e-07,4.122867e-07,5.83061442726e-07
515.820859556,2.303348e-07,2.303348e-07,3.25742598046e-07
518.798724681,1.286826e-07,1.286826e-07,1.81984678161e-07
521.793781203,7.189189e-08,7.189189e-08,1.01670485863e-07
524.806128367,4.016427e-08,4.016427e-08,5.68008553568e-08
527.835865994,4.552344e-08,4.552344e-08,6.43798662539e-08
530.883094481,5.159769e-08,5.159769e-08,7.29701529851e-08
533.947914803,5.848243e-08,5.848243e-08,8.27066456665e-08
537.030428518,6.628583e-08,6.628583e-08,9.37423197792e-08
540.130737772,1.00982e-07,1.00982e-07,1.42810113956e-07
543.248945299,1.538392e-07,1.538392e-07,2.17561483065e-07
546.385154428,2.343636e-07,2.343636e-07,3.31440181647e-07
549.539469082,3.570371e-07,3.570371e-07,5.0492670909e-07
552.711993787,1.995371e-07,1.995371e-07,2.82188073017e-07
555.902833669,1.115151e-07,1.115151e-07,1.57706166829e-07
559.112094463,6.232237e-08,6.232237e-08,8.81371408932e-08
562.339882514,3.483005e-08,3.483005e-08,4.92571290881e-08
565.586304782,1.996816e-08,1.996816e-08,2.82392426876e-08
568.851468843,1.144779e-08,1.144779e-08,1.61896198772e-08
572.135482894,6.563049e-09,6.563049e-09,9.28155290632e-09
575.438455757,3.762612e-09,3.762612e-09,5.32113692035e-09
578.760496883,6.220556e-09,6.220556e-09,8.7971946607e-09
582.101716354,1.028416e-08,1.028416e-08,1.45439985496e-08
585.462224888,1.700234e-08,1.700234e-08,2.40449398201e-08
588.842133841,2.810923e-08,2.810923e-08,3.97524542939e-08
592.241555215,2.086216e-08,2.086216e-08,2.95035496124e-08
595.660601653,1.548352e-08,1.548352e-08,2.18970039773e-08
599.099386455,1.149159e-08,1.149159e-08,1.62515624312e-08
602.55802357,8.528849e-09,8.528849e-09,1.20616139272e-08
606.036627607,8.316078e-09,8.316078e-09,1.17607102934e-08
609.535313836,8.108616e-09,8.108616e-09,1.14673147193e-08
613.054198193,7.90633e-09,7.90633e-09,1.11812391146e-08
616.593397283,7.709087e-09,7.709087e-09,1.09022953889e-08
620.153028384,6.740936e-09,6.740936e-09,9.53312311429e-09
623.733209451,5.894371e-09,5.894371e-09,8.33589940986e-09
627.334059121,5.154122e-09,5.154122e-09,7.28902923453e-09
630.955696715,4.506838e-09,4.506838e-09,6.37363142302e-09
634.598242242,4.430035e-09,4.430035e-09,6.26501557879e-09
638.261816405,4.354541e-09,4.354541e-09,6.15825094011e-09
641.946540605,4.280333e-09,4.280333e-09,6.05330498007e-09
645.652536941,4.20739e-09,4.20739e-09,5.95014800019e-09
649.379928219,4.977447e-09,4.977447e-09,7.03917305339e-09
653.128837952,5.888443e-09,5.888443e-09,8.32751595186e-09
656.89939037,6.966175e-09,6.966175e-09,9.85165916286e-09
660.691710415,8.241161e-09,8.241161e-09,1.16547616559e-08
664.505923754,7.334814e-09,7.334814e-09,1.03729934363e-08
668.342156778,6.528145e-09,6.528145e-09,9.23219119614e-09
672.200536608,5.810192e-09,5.810192e-09,8.21685232639e-09
676.081191098,5.171197e-09,5.171197e-09,7.3131769311e-09
679.984248843,4.473862e-09,4.473862e-09,6.32699631659e-09
683.909839177,3.870563e-09,3.870563e-09,5.47380268862e-09
687.858092182,3.348618e-09,3.348618e-09,4.73566099081e-09
691.829138692,2.897058e-09,2.897058e-09,4.09705871458e-09
695.823110294,3.639217e-09,3.639217e-09,5.14663003782e-09
699.840139336,4.5715e-09,4.5715e-09,6.46507730039e-09
703.880358931,5.742612e-09,5.742612e-09,8.12127977385e-09
707.943902959,7.213734e-09,7.213734e-09,1.02017604582e-08
712.030906073,6.88236e-09,6.88236e-09,9.73312685313e-09
716.141503704,6.566208e-09,6.566208e-09,9.28602040696e-09
720.275832064,6.264579e-09,6.264579e-09,8.85945258436e-09
724.434028153,5.976807e-09,5.976807e-09,8.45248151909e-09
728.616229761,4.931698e-09,4.931698e-09,6.97447419713e-09
732.822575472,4.069338e-09,4.069338e-09,5.75491298948e-09
737.053204672,3.35777e-09,3.35777e-09,4.74860387333e-09
741.308257551,2.770628e-09,2.770628e-09,3.91825969389e-09
745.587875109,3.876118e-09,3.876118e-09,5.48165864496e-09
749.892199159,5.422702e-09,5.422702e-09,7.66885871311e-09
754.221372332,7.586377e-09,7.586377e-09,1.07287572427e-08
758.575538085,1.061337e-08,1.061337e-08,1.50095717965e-08
762.954840701,1.045872e-08,1.045872e-08,1.47908636691e-08
767.359425297,1.030632e-08,1.030632e-08,1.45753375222e-08
771.789437827,1.015613e-08,1.015613e-08,1.43629367872e-08
776.245025089,1.000814e-08,1.000814e-08,1.41536473221e-08
780.726334726,1.432555e-08,1.432555e-08,2.02593870985e-08
785.233515235,2.050544e-08,2.050544e-08,2.89990713504e-08
789.766715971,2.935126e-08,2.935126e-08,4.15089499647e-08
794.32608715,4.201311e-08,4.201311e-08,5.94155099595e-08
798.911779856,5.669742e-08,5.669742e-08,8.01822603156e-08
803.523946043,7.651414e-08,7.651414e-08,1.08207334501e-07
808.162738546,1.032572e-07,1.032572e-07,1.46027732653e-07
812.82831108,1.393473e-07,1.393473e-07,1.9706684154e-07
817.520818247,2.147966e-07,2.147966e-07,3.03768264872e-07
822.240415543,3.310977e-07,3.310977e-07,4.68242857811e-07
826.98725936,5.103697e-07,5.103697e-07,7.21771751564e-07
831.761506995,7.86708e-07,7.86708e-07,1.11257312323e-06
836.563316651,5.521788e-07,5.521788e-07,7.80898747815e-07
841.392847445,3.875662e-07,3.875662e-07,5.48101376357e-07
846.250259414,2.72027e-07,2.72027e-07,3.84704272732e-07
851.135713517,1.909316e-07,1.909316e-07,2.70018058206e-07
856.049371643,1.33855e-07,1.33855e-07,1.89299556391e-07
860.991396616,9.384065e-08,9.384065e-08,1.32710719932e-07
865.961952199,6.578813e-08,6.578813e-08,9.30384656892e-08
870.9612031,4.612156e-08,4.612156e-08,6.52257356698e-08
875.989314981,3.475296e-08,3.475296e-08,4.91481073646e-08
881.046454456,2.618662e-08,2.618662e-08,3.70334731567e-08
886.132789105,1.973182e-08,1.973182e-08,2.79050074543e-08
891.248487472,1.486807e-08,1.486807e-08,2.10266262403e-08
896.393719077,1.281433e-08,1.281433e-08,1.81221992787e-08
901.568654415,1.104428e-08,1.104428e-08,1.56189705626e-08
906.77346497,9.518727e-09,9.518727e-09,1.34615128199e-08
912.008323211,8.203898e-09,8.203898e-09,1.16020638159e-08
917.273402607,3.792688e-09,3.792688e-09,5.36367080745e-09
922.568877626,1.753372e-09,1.753372e-09,2.47964246229e-09
927.894923743,8.105893e-10,8.105893e-10,1.14634638157e-09
933.251717448,3.747377e-10,3.747377e-10,5.29959137673e-10
938.639436248,6.797791e-10,6.797791e-10,9.61352822638e-10
944.058258676,1.233128e-09,1.233128e-09,1.74390634174e-09
949.508364294,2.236911e-09,2.236911e-09,3.16346987402e-09
954.989933703,4.057788e-09,4.057788e-09,5.73857882283e-09
960.503148545,4.011826e-09,4.011826e-09,5.67357873908e-09
966.04819151,3.966385e-09,3.966385e-09,5.60931546059e-09
971.625246345,3.921459e-09,3.921459e-09,5.54578050209e-09
977.234497856,3.877042e-09,3.877042e-09,5.48296537829e-09
982.876131917,3.41781e-09,3.41781e-09,4.83351325561e-09
988.550335473,3.012974e-09,3.012974e-09,4.26098869388e-09
994.257296551,2.65609e-09,2.65609e-09,3.75627850088e-09
999.997204261,2.341479e-09,2.341479e-09,3.31135135781e-09
