#I+1.668000E+03
+1.000000E+00
+8.010000E+02
+8.010000E+02
+1.000000E+01
+2.000000E+00
+3.000000E+00
+0.000000E+00
+1.000000E+00
+2.000000E+00
+5.000000E+00
+1.000000E+00
+2.497000E+03
-1.092400E+04
+2.025600E+04
-1.299100E+04
-1.119200E+04
+0.000000E+00
+0.000000E+00
+0.000000E+00
+0.000000E+00
+0.000000E+00
+0.000000E+00
+0.000000E+00
+0.000000E+00
+0.000000E+00
+0.000000E+00
+0.000000E+00
+0.000000E+00
+0.000000E+00
+0.000000E+00
+0.000000E+00
+0.000000E+00
+0.000000E+00
+0.000000E+00
+0.000000E+00
+1.000000E+00
+1.000000E+00
+1.000000E+00
+0.000000E+00
+0.000000E+00
+1.000000E+00
+0.000000E+00
+1.000000E+00
+2.000000E+00
+3.000000E+00
+4.500000E+01
+4.500000E+01
+0.000000E+00
+0.000000E+00
+2.000000E+00
+0.000000E+00
+0.000000E+00
+0.000000E+00
+0.000000E+00
+0.000000E+00
+2.499999E-03
+7.943258E+01
+0.000000E+00
+0.000000E+00
+0.000000E+00
+1.000000E+00
+1.000000E+00
+0.000000E+00
+0.000000E+00
+9.9999904632568339E+00
+9.9999904632568339E+00
-2.678972E+01
+4.468080E-01
-2.704812E+01
+1.454020E-01
-2.730552E+01
-1.618017E-01
-2.756186E+01
-4.748468E-01
-2.781704E+01
-7.937700E-01
-2.741378E+01
+2.726102E-01
-2.697640E+01
+1.307098E+00
-2.650663E+01
+2.308898E+00
-2.600624E+01
+3.277286E+00
-2.621461E+01
+2.379804E+00
-2.639235E+01
+1.471800E+00
-2.653899E+01
+5.543071E-01
-2.665407E+01
-3.716202E-01
-2.955108E+01
-3.419568E-01
-3.276279E+01
-3.014577E-01
-3.632334E+01
-2.481185E-01
-4.027061E+01
-1.796179E-01
-3.774680E+01
-1.249162E+00
-3.535217E+01
-2.184070E+00
-3.308224E+01
-2.996233E+00
-3.093249E+01
-3.696671E+00
-3.053774E+01
-3.253129E+00
-3.014302E+01
-2.820902E+00
-2.974847E+01
-2.399832E+00
-2.935425E+01
-1.989754E+00
-2.990155E+01
-2.174885E+00
-3.045830E+01
-2.366277E+00
-3.102467E+01
-2.564097E+00
-3.160080E+01
-2.768525E+00
-3.071322E+01
-1.259403E+00
-2.978622E+01
+1.614910E-01
-2.882504E+01
+1.495212E+00
-2.783470E+01
+2.743021E+00
-3.074254E+01
+2.864702E+00
-3.395321E+01
+2.981965E+00
-3.749812E+01
+3.092575E+00
-4.141192E+01
+3.193866E+00
-3.573963E+01
+1.401289E+00
-3.080021E+01
+4.325689E-02
-2.650558E+01
-9.646803E-01
-2.277718E+01
-1.692327E+00
-2.500649E+01
-2.392882E+00
-2.744149E+01
-3.215287E+00
-3.009983E+01
-4.176482E+00
-3.300054E+01
-5.295518E+00
-3.180399E+01
-3.789196E+00
-3.059979E+01
-2.393338E+00
-2.939256E+01
-1.103542E+00
-2.818654E+01
+8.458115E-02
-2.787180E+01
+1.352523E+00
-2.750346E+01
+2.592308E+00
-2.708336E+01
+3.801837E+00
-2.661343E+01
+4.979104E+00
-2.565734E+01
+5.074820E+00
-2.473288E+01
+5.157746E+00
-2.383906E+01
+5.228633E+00
-2.297499E+01
+5.288196E+00
-2.372030E+01
+4.352479E+00
-2.443911E+01
+3.362154E+00
-2.512834E+01
+2.317236E+00
-2.578484E+01
+1.217880E+00
-2.478756E+01
+7.118641E-01
-2.382072E+01
+2.435536E-01
-2.288375E+01
-1.890822E-01
-2.197615E+01
-5.879878E-01
-2.412842E+01
+5.775205E-01
-2.642347E+01
+1.975142E+00
-2.886214E+01
+3.635204E+00
-3.144370E+01
+5.591014E+00
-2.823491E+01
+3.722463E+00
-2.530165E+01
+2.186289E+00
-2.262712E+01
+9.351839E-01
-2.019448E+01
-7.232313E-02
-2.164974E+01
-1.129578E-01
-2.320980E+01
-1.590735E-01
-2.488223E+01
-2.112492E-01
-2.667508E+01
-2.701262E-01
-1.462163E+01
-8.973428E-01
-7.993627E+00
-9.027878E-01
-4.358529E+00
-7.196192E-01
-2.370103E+00
-5.170690E-01
-1.728064E+00
-1.507215E+00
-7.454757E-01
-2.035212E+00
+3.088601E-01
-2.025342E+00
+1.177796E+00
-1.537236E+00
+1.089632E+00
-1.059497E+00
+9.667614E-01
-6.985801E-01
+8.302456E-01
-4.323271E-01
+6.939166E-01
-2.411337E-01
+7.131117E-01
-2.327245E-01
+7.325455E-01
-2.237671E-01
+7.522121E-01
-2.142456E-01
+7.721058E-01
-2.041433E-01
+7.996026E-01
-2.156350E-01
+8.280572E-01
-2.276919E-01
+8.575021E-01
-2.403399E-01
+8.879701E-01
-2.536058E-01
+1.259853E+00
-1.101933E+00
+1.214036E+00
-2.780118E+00
-1.578415E-01
-5.496079E+00
-4.505683E+00
-8.888808E+00
-9.165911E+00
-9.618502E+00
-1.539601E+01
-8.760599E+00
-2.302080E+01
-5.272897E+00
-3.141642E+01
+2.107900E+00
-3.062220E+01
-1.964157E+00
-2.933630E+01
-5.797339E+00
-2.760574E+01
-9.337111E+00
-2.548294E+01
-1.253679E+01
-2.855689E+01
-4.641240E+00
-2.920527E+01
+3.965847E+00
-2.727867E+01
+1.254527E+01
-2.285122E+01
+2.033238E+01
-2.600474E+01
+1.432554E+01
-2.769653E+01
+7.961389E+00
-2.792791E+01
+1.573688E+00
-2.677196E+01
-4.521947E+00
-2.594709E+01
+1.622134E+01
-9.730448E+00
+3.308662E+01
+1.655662E+01
+3.516642E+01
+4.026760E+01
+1.724968E+01
+1.628326E+01
+3.710519E+01
-1.246421E+01
+3.534829E+01
-3.076390E+01
+1.598720E+01
-3.087944E+01
-8.654948E+00
-2.947740E+01
-1.079262E+01
-2.794674E+01
-1.277223E+01
-2.630255E+01
-1.458782E+01
-2.456005E+01
-1.623471E+01
-1.654934E+01
-8.033266E+00
-1.091215E+01
-3.612973E+00
-7.056478E+00
-1.339269E+00
-4.481051E+00
-2.484534E-01
-5.481132E+00
-4.667027E+00
-2.469132E+00
-1.128033E+01
+7.796727E+00
-1.680178E+01
+2.626590E+01
-1.388767E+01
+5.264070E+00
-1.703141E+01
-4.985353E+00
-9.462614E+00
-6.128196E+00
-1.904014E+00
-3.409014E+00
+1.789602E+00
-6.140542E+00
+2.306756E+00
-1.086746E+01
+2.605161E+00
-1.892165E+01
+2.113062E+00
-3.243418E+01
-4.169421E-01
-2.983657E+01
+3.628879E+00
-2.695071E+01
+7.022948E+00
-2.388075E+01
+9.782843E+00
-2.072019E+01
+1.193760E+01
-1.840835E+01
+3.913325E+00
-1.473160E+01
-1.533971E+00
-1.065781E+01
-4.720853E+00
-6.834891E+00
-6.119042E+00
-1.034344E+01
-6.004371E+00
-1.479216E+01
-4.930265E+00
-2.018743E+01
-2.382743E+00
-2.640151E+01
+2.296030E+00
-2.524837E+01
+3.743935E-01
-2.402090E+01
-1.372916E+00
-2.273472E+01
-2.949462E+00
-2.140441E+01
-4.359689E+00
-2.264536E+01
-3.628009E+00
-2.391479E+01
-2.805692E+00
-2.521009E+01
-1.887037E+00
-2.652826E+01
-8.661841E-01
-2.669274E+01
-1.001793E+00
-2.685759E+01
-1.139071E+00
-2.702282E+01
-1.278030E+00
-2.718841E+01
-1.418689E+00
-1.912848E+01
+6.273023E+00
-1.151861E+01
+9.427847E+00
-5.429154E+00
+9.573900E+00
-1.190696E+00
+8.050504E+00
-4.268779E+00
+4.548818E+00
-4.676358E+00
+9.983712E-01
-3.381044E+00
-1.415456E+00
-1.510278E+00
-2.369204E+00
+3.368995E-01
-2.578270E+00
+1.771454E+00
-1.628640E+00
+2.224609E+00
-1.023519E-01
+1.638858E+00
+1.249661E+00
+3.561938E+00
-1.183381E-01
+4.641875E+00
-4.053920E+00
+1.784445E+00
-1.050676E+01
-9.100081E+00
-1.602555E+01
-5.606591E+00
-5.520175E+00
-2.946477E+00
-1.613152E+00
-1.398264E+00
-3.188341E-01
-6.114494E-01
+3.215074E-02
-6.405117E-01
-4.583221E-01
-2.761596E-01
-9.747332E-01
+5.045205E-01
-1.201535E+00
+1.471358E+00
-8.031076E-01
+3.564217E+00
+8.252195E-01
+4.614200E+00
+6.516580E+00
-1.930978E+00
+1.731968E+01
-2.827626E+01
+2.543826E+01
-2.302263E+01
+1.746838E+01
-1.853946E+01
+1.176692E+01
-1.478350E+01
+7.734170E+00
-1.168393E+01
+4.918822E+00
-1.632661E+01
+3.057292E+00
-2.175537E+01
-6.145538E-01
-2.768853E+01
-6.822703E+00
-3.356387E+01
-1.641867E+01
-2.961586E+01
-1.402045E+01
-2.612702E+01
-1.196181E+01
-2.304460E+01
-1.019579E+01
-2.032186E+01
-8.681799E+00
-2.323278E+01
-9.864783E+00
-2.656053E+01
-1.120860E+01
-3.036476E+01
-1.273506E+01
-3.471363E+01
-1.446893E+01
-2.697468E+01
+3.119684E+00
-1.589789E+01
+1.147475E+01
-5.972768E+00
+1.283483E+01
+7.608109E-01
+1.019313E+01
-4.918015E+00
+9.537413E+00
-9.638552E+00
+5.831597E+00
-1.182643E+01
-7.670490E-02
-1.053867E+01
-6.564418E+00
-1.489133E+01
-3.787036E+00
-1.898225E+01
+1.121534E+00
-2.196486E+01
+8.445200E+00
-2.273422E+01
+1.820109E+01
-2.544546E+01
+9.432539E+00
-2.527237E+01
+8.817555E-01
-2.261193E+01
-6.630649E+00
-1.805594E+01
-1.249524E+01
-1.567271E+01
-8.720145E+00
-1.343481E+01
-5.841041E+00
-1.138639E+01
-3.678728E+00
-9.549040E+00
-2.084029E+00
-8.464319E+00
-3.576014E+00
-7.204087E+00
-4.767343E+00
-5.833613E+00
-5.650496E+00
-4.414523E+00
-6.229812E+00
-4.323587E-01
-4.957068E+00
+1.388489E+00
-2.930440E+00
+1.745546E+00
-1.191202E+00
+1.373885E+00
-9.543245E-02
+1.399609E+00
+4.820608E-02
+1.410496E+00
+1.961929E-01
+1.405918E+00
+3.470146E-01
+1.385400E+00
+4.990744E-01
+1.601553E+00
+6.904231E-01
+1.843201E+00
+9.322961E-01
+2.111327E+00
+1.235744E+00
+2.406287E+00
+1.613902E+00
+1.682622E+00
+8.571101E-01
+1.155473E+00
+4.237078E-01
+7.806478E-01
+1.842751E-01
+5.194777E-01
+5.850527E-02
+5.777479E-01
+4.907293E-02
+6.420680E-01
+3.684316E-02
+7.130111E-01
+2.132780E-02
+7.911974E-01
+1.968172E-03
+8.288830E-01
-4.054707E-02
+8.660689E-01
-8.711116E-02
+9.025138E-01
-1.378895E-01
+9.379550E-01
-1.930424E-01
+9.740778E-01
+2.974181E-01
+7.580341E-01
+7.737573E-01
+3.137344E-01
+1.108493E+00
-2.715753E-01
+1.194773E+00
+1.315577E+00
+2.603556E+00
+6.365071E+00
+2.778073E+00
+1.589114E+01
-4.566989E+00
+2.221286E+01
-3.249894E+01
+1.168331E+01
-1.291206E+01
+5.894441E+00
-4.958749E+00
+2.880612E+00
-1.819989E+00
+1.371588E+00
-6.249954E-01
+1.289157E+00
-6.587497E-01
+1.208608E+00
-6.875886E-01
+1.130079E+00
-7.117917E-01
+1.053687E+00
-7.316341E-01
+1.206384E+00
-1.005660E+00
+1.363137E+00
-1.356291E+00
+1.516597E+00
-1.800787E+00
+1.655941E+00
-2.359409E+00
+2.311725E+00
-1.895832E+00
+2.837737E+00
-1.249987E+00
+3.183316E+00
-4.582012E-01
+3.307976E+00
+4.291179E-01
+2.653372E+00
+2.026128E-01
+2.122345E+00
+4.972164E-02
+1.692866E+00
-4.972669E-02
+1.346534E+00
-1.108741E-01
+1.345611E+00
-7.888855E-02
+1.343937E+00
-4.700870E-02
+1.341517E+00
-1.525189E-02
+1.338357E+00
+1.636462E-02
+1.364782E+00
-1.019136E-02
+1.391190E+00
-3.779579E-02
+1.417558E+00
-6.646879E-02
+1.443866E+00
-9.623037E-02
+1.437421E+00
-5.832947E-02
+1.430037E+00
-2.082950E-02
+1.421729E+00
+1.624775E-02
+1.412515E+00
+5.288094E-02
+1.508036E+00
+4.368467E-02
+1.609901E+00
+3.300709E-02
+1.718524E+00
+2.069126E-02
+1.834344E+00
+6.565935E-03
+1.764090E+00
-7.400547E-02
+1.693010E+00
-1.484023E-01
+1.621405E+00
-2.168257E-01
+1.549556E+00
-2.794824E-01
+1.494340E+00
-1.910627E-01
+1.437243E+00
-1.092836E-01
+1.378676E+00
-3.394183E-02
+1.319019E+00
+3.517669E-02
+1.520985E+00
-1.271528E+00
+4.496067E-01
-2.944437E+00
-2.420357E+00
-3.764157E+00
-6.468518E+00
-1.834802E+00
-2.857140E+00
-3.792530E+00
+1.042499E-02
-3.353273E+00
+1.436663E+00
-1.882537E+00
+1.611706E+00
-4.463568E-01
+1.276540E+00
-6.542613E-01
+9.589575E-01
-7.708248E-01
+6.719771E-01
-8.137063E-01
+4.234725E-01
-7.999951E-01
+8.804444E-01
-4.799626E-01
+1.106819E+00
+9.513901E-02
+9.641882E-01
+7.648157E-01
+4.228628E-01
+1.296165E+00
+6.961542E-01
+1.072531E+00
+8.898257E-01
+8.038841E-01
+1.000476E+00
+5.136682E-01
+1.030680E+00
+2.239510E-01
+2.066798E+00
-4.271225E-01
+3.433198E+00
-2.458978E+00
+4.282733E+00
-7.284247E+00
+1.919306E+00
-1.679877E+01
-5.456318E-01
-1.411328E+01
-2.240249E+00
-1.158342E+01
-3.318589E+00
-9.279745E+00
-3.916782E+00
-7.240977E+00
-7.083259E+00
-3.453676E+00
-7.437665E+00
+1.258529E+00
-5.087922E+00
+5.123780E+00
-1.105308E+00
+6.823075E+00
-4.178195E+00
+7.896115E+00
-8.384703E+00
+7.937621E+00
-1.355207E+01
+6.246840E+00
-1.917865E+01
+2.037351E+00
-2.152911E+01
+2.908836E+00
-2.414769E+01
+3.965450E+00
-2.706224E+01
+5.239106E+00
-3.030307E+01
+6.766627E+00
-2.168152E+01
-1.842925E-01
-1.471896E+01
-3.550439E+00
-9.451170E+00
-4.740249E+00
-5.679990E+00
-4.717404E+00
-7.330075E+00
-4.899842E+00
-9.312479E+00
-4.912282E+00
-1.166853E+01
-4.681678E+00
-1.443828E+01
-4.116162E+00
-1.270088E+01
-4.412299E+00
-1.113243E+01
-4.589002E+00
-9.721079E+00
-4.667480E+00
-8.455187E+00
-4.666101E+00
-1.120679E+01
-8.868933E+00
-1.420059E+01
-1.567359E+01
-1.691476E+01
-2.633516E+01
-1.828212E+01
-4.255875E+01
-2.196883E+01
-2.400287E+01
-2.012330E+01
-1.084160E+01
-1.585556E+01
-2.538076E+00
-1.110445E+01
+1.983003E+00
-1.447232E+01
+3.699063E+00
-1.875322E+01
+6.293008E+00
-2.415451E+01
+1.013515E+01
-3.091404E+01
+1.573474E+01
-2.508472E+01
-1.272897E+00
-1.528974E+01
-9.847975E+00
-6.046884E+00
-1.169831E+01
+4.235132E-01
-9.525839E+00
+3.905926E+00
-9.030329E+00
+7.082107E+00
-7.273894E+00
+9.500024E+00
-4.413981E+00
+1.078159E+01
-7.683882E-01
+7.585183E+00
+3.711544E+00
+3.667899E+00
+5.483781E+00
+3.260980E-01
+5.143920E+00
-1.798150E+00
+3.603014E+00
-3.305117E+00
+2.597564E+00
-4.278461E+00
+9.760870E-01
-4.473260E+00
-9.885525E-01
-3.780184E+00
-2.929527E+00
-5.870166E+00
-2.769620E+00
-8.592242E+00
-1.943043E+00
-1.195572E+01
-4.725263E-02
-1.585455E+01
+3.453835E+00
-1.178279E+01
+1.018081E+01
-5.265855E+00
+1.398522E+01
+1.972552E+00
+1.420465E+01
+8.175539E+00
+1.107098E+01
+1.096641E+01
+9.949842E+00
+1.367346E+01
+8.176790E+00
+1.615416E+01
+5.733735E+00
+1.825439E+01
+2.631751E+00
+1.006241E+01
+4.403066E+00
+5.078956E+00
+4.121987E+00
+2.262610E+00
+3.171045E+00
+7.964858E-01
+2.178907E+00
+9.792574E-01
+1.547040E+00
+1.014377E+00
+1.029104E+00
+9.547056E-01
+6.237706E-01
+8.407889E-01
+3.211576E-01
+6.733595E-01
+1.474227E+00
-9.980444E-01
+2.742543E+00
-4.745172E+00
+2.258973E+00
-8.943266E+00
-3.094891E+00
-9.401713E+00
+1.364287E-01
-8.736105E+00
+3.310048E+00
-7.040042E+00
+6.049260E+00
-4.528462E+00
+8.033861E+00
+7.530075E-01
+6.665750E+00
+3.283857E+00
+3.609024E+00
+3.473630E+00
+7.286511E-01
+2.358340E+00
-1.050343E+00
+2.385704E+00
-9.093195E-01
+2.405080E+00
-7.685815E-01
+2.416583E+00
-6.285581E-01
+2.420351E+00
-4.896669E-01
+2.471024E+00
-4.595670E-01
+2.522111E+00
-4.281229E-01
+2.573600E+00
-3.953040E-01
+2.625474E+00
-3.610798E-01
+2.736253E+00
-2.763060E-01
+2.847969E+00
-1.842496E-01
+2.960382E+00
-8.460586E-02
+3.073234E+00
+2.293254E-02
+3.252754E+00
+2.594529E-02
+3.442757E+00
+2.923178E-02
+3.643859E+00
+3.281369E-02
+3.856707E+00
+3.671432E-02
+4.208623E+00
-1.758299E-01
+4.580567E+00
-4.273531E-01
+4.972173E+00
-7.225126E-01
+5.382785E+00
-1.066367E+00
+5.560187E+00
-6.437600E+00
+6.534055E-01
-1.317009E+01
-1.176438E+01
-1.671620E+01
-3.032061E+01
-9.204169E+00
-3.280550E+01
+3.764938E-01
-3.226853E+01
+1.061018E+01
-2.854451E+01
+2.054541E+01
-2.176738E+01
+2.919135E+01
+1.107899E+00
+2.041744E+01
+7.819377E+00
+8.407865E+00
+6.395802E+00
+8.147682E-01
+3.051539E+00
-1.948333E+00
+4.086532E+00
-1.905461E+00
+5.357285E+00
-1.682980E+00
+6.889684E+00
-1.200136E+00
+8.702440E+00
-3.529931E-01
+9.051794E+00
-1.017433E+00
+9.366663E+00
-1.736618E+00
+9.641474E+00
-2.510340E+00
+9.870432E+00
-3.337965E+00
+1.016268E+01
-3.804664E-01
+9.614320E+00
+2.467892E+00
+8.309793E+00
+4.980559E+00
+6.391038E+00
+6.969020E+00
+8.482283E+00
+3.507081E+00
+8.900880E+00
-3.965502E-01
+7.666869E+00
-4.002181E+00
+5.101449E+00
-6.667361E+00
+7.669885E+00
-5.389171E+00
+9.976423E+00
-3.166206E+00
+1.168707E+01
-2.492995E-02
+1.245501E+01
+3.894422E+00
+1.597544E+01
-7.438596E+00
+9.183821E+00
-2.195386E+01
-1.079629E+01
-3.026831E+01
-3.830361E+01
-2.039907E+01
-3.560401E+01
-1.398390E+01
-3.259078E+01
-8.640036E+00
-2.941138E+01
-4.265952E+00
-2.618466E+01
-7.578525E-01
-2.730946E+01
-1.160698E+00
-2.847734E+01
-1.596906E+00
-2.968970E+01
-2.068532E+00
-3.094798E+01
-2.577743E+00
-3.875451E+01
-8.850172E+00
-4.751588E+01
-1.820746E+01
-5.693072E+01
-3.164637E+01
-6.643736E+01
-5.037576E+01
-7.743688E+01
+6.994185E+00
-4.899158E+01
+5.345190E+01
-2.064283E-01
+6.761558E+01
+4.232012E+01
+4.674294E+01
+3.371265E+01
+3.427827E+01
+2.676274E+01
+2.505316E+01
+2.117762E+01
+1.824392E+01
+1.670827E+01
+1.323221E+01
+5.637959E+00
+2.155841E+01
-8.844519E+00
+2.155359E+01
-2.093948E+01
+1.244414E+01
-2.531576E+01
-2.769798E+00
-3.093116E+01
+1.777041E+01
-2.032386E+01
+4.564793E+01
+1.469768E+01
+6.843156E+01
+7.313691E+01
+6.529176E+01
+5.603420E+01
+3.386874E+01
+4.094511E+01
+1.534433E+01
+2.876330E+01
+5.039313E+00
+1.950023E+01
-2.277026E-01
+1.639791E+01
-6.175400E-01
+1.377984E+01
-8.776833E-01
+1.157192E+01
-1.039312E+00
+9.711183E+00
-1.127033E+00
+9.472982E+00
-5.519797E-01
+9.210172E+00
-7.991826E-03
+8.925253E+00
+5.045239E-01
+8.620653E+00
+9.853126E-01
+9.678712E+00
+4.006044E-02
+1.073647E+01
-1.137189E+00
+1.176557E+01
-2.571634E+00
+1.273149E+01
-4.287761E+00
+9.631059E+00
-8.994570E+00
+4.952495E+00
-1.194042E+01
-4.210883E-01
-1.267329E+01
-5.517610E+00
-1.114779E+01
-6.207112E+00
-7.442491E+00
-6.055787E+00
-4.509944E+00
-5.407945E+00
-2.315722E+00
-4.518172E+00
-7.711493E-01
-4.327548E+00
-1.409409E-01
-4.068143E+00
+4.243504E-01
-3.752712E+00
+9.200471E-01
-3.393795E+00
+1.343411E+00
-3.564917E+00
+2.989458E+00
-3.110096E+00
+5.049275E+00
-1.731791E+00
+7.357913E+00
+8.635705E-01
+9.596220E+00
+1.195571E+00
+7.419526E+00
+1.335118E+00
+5.707763E+00
+1.350291E+00
+4.368255E+00
+1.289001E+00
+3.325179E+00
+7.542055E-01
+2.563558E+00
+4.025884E-01
+1.961380E+00
+1.777597E-01
+1.489728E+00
+3.942574E-02
+1.123474E+00
-2.956130E-01
+9.745432E-01
-5.391234E-01
+7.486523E-01
-6.816157E-01
+4.836326E-01
-7.260481E-01
+2.146931E-01
-5.940811E-01
+2.685230E-01
-4.751804E-01
+2.989209E-01
-3.701816E-01
+3.108675E-01
-2.792109E-01
+3.087096E-01
-3.488213E-01
+3.955299E-01
-4.356299E-01
+5.066257E-01
-5.438410E-01
+6.487490E-01
-6.786732E-01
+8.305195E-01
-8.473660E-01
+8.011616E-01
-1.025188E+00
+7.460373E-01
-1.209270E+00
+6.618584E-01
-1.396061E+00
+5.454787E-01
-1.287428E+00
+8.150085E-01
-1.126765E+00
+1.062922E+00
-9.183706E-01
+1.279175E+00
-6.684834E-01
+1.454580E+00
-1.063696E+00
+1.467686E+00
-1.505488E+00
+1.394937E+00
-1.980040E+00
+1.216552E+00
-2.467640E+00
+9.136203E-01
-2.515583E+00
+1.026084E+00
-2.561260E+00
+1.143756E+00
-2.604422E+00
+1.266727E+00
-2.644813E+00
+1.395080E+00
-2.858013E+00
+1.766112E+00
-3.068622E+00
+2.198327E+00
-3.271648E+00
+2.698930E+00
-3.460940E+00
+3.275613E+00
-3.396041E+00
+2.707482E+00
-3.293226E+00
+2.196543E+00
-3.160395E+00
+1.740471E+00
-3.004541E+00
+1.336545E+00
-2.884918E+00
+7.341581E-01
-2.686261E+00
+2.148961E-01
-2.429764E+00
-2.181336E-01
-2.134816E+00
-5.653912E-01
-2.242797E+00
-7.959906E-01
-2.338379E+00
-1.053202E+00
-2.418292E+00
-1.337898E+00
-2.478944E+00
-1.650726E+00
-2.235727E+00
-1.895748E+00
-1.970082E+00
-2.107625E+00
-1.686282E+00
-2.284547E+00
-1.388709E+00
-2.425233E+00
-1.364662E+00
-2.826633E+00
-1.306076E+00
-3.274453E+00
-1.205134E+00
-3.771555E+00
-1.052850E+00
-4.320539E+00
-7.973129E-01
-3.740123E+00
-5.921248E-01
-3.234836E+00
-4.283440E-01
-2.795383E+00
-2.985148E-01
-2.413553E+00
+6.781834E-03
-2.524618E+00
+3.356712E-01
-2.599258E+00
+6.841167E-01
-2.633313E+00
+1.047419E+00
-2.623021E+00
+1.516648E+00
-2.414685E+00
+1.944799E+00
-2.122555E+00
+2.316936E+00
-1.754669E+00
+2.619684E+00
-1.321725E+00
+2.886360E+00
-1.314449E+00
+3.174061E+00
-1.295083E+00
+3.483952E+00
-1.261752E+00
+3.817202E+00
-1.212383E+00
+5.919192E+00
+1.472121E+00
+6.504708E+00
+6.631492E+00
+3.148712E+00
+1.379184E+01
-6.916802E+00
+2.040396E+01
-8.441206E+00
+1.018101E+01
-7.072797E+00
+3.985512E+00
-4.929269E+00
+7.336024E-01
-2.987015E+00
-6.606320E-01
-2.034523E+00
-1.572158E+00
-9.838277E-01
-1.924073E+00
-5.889947E-02
-1.815321E+00
+6.054066E-01
-1.401354E+00
+9.224990E-01
-1.335294E+00
+1.239386E+00
-1.200508E+00
+1.541774E+00
-9.941091E-01
+1.814161E+00
-7.160567E-01
+1.665745E+00
-2.406181E-01
+1.446595E+00
+1.291107E-01
+1.189067E+00
+3.960109E-01
+9.197534E-01
+5.689336E-01
+8.865513E-01
+7.853471E-01
+8.103968E-01
+1.012705E+00
+6.858500E-01
+1.243870E+00
+5.083717E-01
+1.470126E+00
+5.673460E-01
+1.371801E+00
+6.179739E-01
+1.274799E+00
+6.607250E-01
+1.179531E+00
+6.960693E-01
+1.086358E+00
+5.801319E-01
+9.439181E-01
+4.828852E-01
+8.197575E-01
+4.013913E-01
+7.115918E-01
+3.331649E-01
+6.174117E-01
-8.815311E-02
+6.962563E-01
-4.768631E-01
+5.152601E-01
-6.878458E-01
+1.418018E-01
-6.422209E-01
-2.848509E-01
-7.986861E-01
-2.061308E-01
-9.647256E-01
-8.480687E-02
-1.133643E+00
+8.770396E-02
-1.296028E+00
+3.200516E-01
-1.297656E+00
+1.965460E-01
-1.288121E+00
+7.548697E-02
-1.267878E+00
-4.217117E-02
-1.237458E+00
-1.555350E-01
-1.200475E+00
+2.427492E-01
-1.041330E+00
+6.018728E-01
-7.807435E-01
+8.862918E-01
-4.491355E-01
+1.069412E+00
-7.106058E-01
+3.920597E-01
-5.601713E-01
-9.318851E-02
-2.670209E-01
-2.942435E-01
-1.886855E-02
-2.773793E-01
+1.200308E-01
-3.696819E-01
+3.483167E-01
-4.170646E-01
+6.691640E-01
-3.596027E-01
+1.055472E+00
-1.179009E-01
+7.549299E-01
-2.714927E-01
+5.071865E-01
-3.317173E-01
+3.145923E-01
-3.325813E-01
+1.729191E-01
-2.994847E-01
+3.833907E-01
-4.696100E-01
+7.954005E-01
-7.048277E-01
+1.574438E+00
-9.960288E-01
+3.004302E+00
-1.280939E+00
+2.555103E+00
+1.025691E+00
+9.130388E-01
+2.133955E+00
-7.266463E-01
+1.816788E+00
-1.515743E+00
+6.507986E-01
-1.507995E+00
+9.821256E-01
-1.437900E+00
+1.336834E+00
-1.296429E+00
+1.705053E+00
-1.075715E+00
+2.074488E+00
-6.689376E-01
+1.874604E+00
-3.486629E-01
+1.659073E+00
-1.031930E-01
+1.440296E+00
+7.877268E-02
+1.227395E+00
+3.777855E-01
+1.434606E+00
+7.797640E-01
+1.610563E+00
+1.296378E+00
+1.725655E+00
+1.934575E+00
+1.742126E+00
+2.641317E+00
+2.439868E-01
+2.305679E+00
-1.410071E+00
+1.023783E+00
-2.556350E+00
-7.214850E-01
-2.711411E+00
+6.860982E-01
-2.524224E+00
+1.733811E+00
-1.714995E+00
+2.200382E+00
-5.723681E-01
+2.042332E+00
+5.673803E-01
+1.996517E+00
+9.779325E-01
+1.870289E+00
+1.392404E+00
+1.660399E+00
+1.795446E+00
+1.366455E+00
+2.170607E+00
+1.609993E+00
+3.081476E+00
+1.839902E+00
+4.338675E+00
+2.013702E+00
+6.062324E+00
+2.060925E+00
+8.410093E+00
+2.647315E+00
+1.056315E+01
+3.398968E+00
+1.326702E+01
+4.362090E+00
+1.666253E+01
+5.595719E+00
+2.092643E+01
+7.492831E+00
+1.715146E+01
+8.624147E+00
+1.368071E+01
+9.140703E+00
+1.056912E+01
+9.178632E+00
+7.844014E+00
+6.886914E+00
+9.706594E+00
+4.248080E+00
+1.093572E+01
+1.429831E+00
+1.147579E+01
-1.394135E+00
+1.131402E+01
-5.894169E-01
+9.222089E+00
-3.782680E-02
+7.490907E+00
+3.261014E-01
+6.063706E+00
+5.526417E-01
+4.891435E+00
-1.723177E+00
+6.103219E+00
-5.027753E+00
+6.440116E+00
-9.133234E+00
+5.232478E+00
-1.344173E+01
+1.792600E+00
-1.336423E+01
+5.638040E+00
-1.220048E+01
+9.584001E+00
-9.887564E+00
+1.332754E+01
-6.445987E+00
+1.653833E+01
-1.021316E+01
+9.299616E+00
-1.033581E+01
+2.950651E+00
-8.225573E+00
-1.517647E+00
-5.209201E+00
-3.902699E+00
-5.203998E+00
-6.456481E+00
-4.394465E+00
-9.607764E+00
-2.403998E+00
-1.324378E+01
+1.196896E+00
-1.710687E+01
+7.096644E+00
-7.912332E+00
+6.482924E+00
-1.169239E+00
+3.616180E+00
+1.895578E+00
+1.047380E+00
+2.303608E+00
+2.222313E+00
+3.721274E+00
+4.492713E+00
+5.910199E+00
+8.774919E+00
+9.202924E+00
+1.669213E+01
+1.399067E+01
+8.661646E+00
+1.015132E+01
+4.200385E+00
+7.014565E+00
+1.824109E+00
+4.665471E+00
+6.274074E-01
+3.004403E+00
-2.005185E-01
+2.763312E+00
-8.593394E-01
+2.348731E+00
-1.328357E+00
+1.825501E+00
-1.605689E+00
+1.255042E+00
-1.556423E+00
+2.325288E+00
-1.033411E+00
+3.700151E+00
+2.381082E-01
+5.269275E+00
+2.569209E+00
+6.770944E+00
+3.834829E+00
+4.460010E+00
+4.162120E+00
+2.345187E+00
+3.827096E+00
+6.396664E-01
+3.099505E+00
-5.700897E-01
+3.092712E+00
-1.328388E+00
+2.905894E+00
-2.116476E+00
+2.524535E+00
-2.892911E+00
+1.943343E+00
-3.611099E+00
+9.304219E-01
-3.910076E+00
-1.043224E-01
-3.937935E+00
-1.091399E+00
-3.703506E+00
-1.967215E+00
-3.232667E+00
-9.390782E-01
-3.733562E+00
+2.108217E-01
-3.910976E+00
+1.381718E+00
-3.737381E+00
+2.467396E+00
-3.216347E+00
+3.666521E+00
-2.156423E+00
+4.415334E+00
-6.532770E-01
+4.551614E+00
+1.103590E+00
+3.992226E+00
+2.865977E+00
+4.578975E+00
+3.871365E+00
+5.195550E+00
+5.150870E+00
+5.821938E+00
+6.766660E+00
+6.427789E+00
+8.792433E+00
+1.042490E+01
+8.084200E+00
+1.484091E+01
+5.922135E+00
+1.925805E+01
+1.927494E+00
+2.306324E+01
-4.200822E+00
+1.232732E+01
+2.559299E+00
+5.620177E+00
+3.759575E+00
+2.039518E+00
+3.004646E+00
+4.093787E-01
+1.906874E+00
-5.908541E-01
+1.831339E+00
-1.408275E+00
+1.273380E+00
-1.831506E+00
+3.933806E-01
-1.759047E+00
-5.673450E-01
