Hz,real,imaginary,V^2 (rms) 
9.99999046326,3.650922e-08,3.650922e-08,5.16318340757e-08
10.0577210151,3.688506e-08,3.688506e-08,5.21633521009e-08
10.1157848488,3.726478e-08,3.726478e-08,5.27003572748e-08
10.1741838887,3.76484e-08,3.76484e-08,5.32428778816e-08
10.2329200697,3.803597e-08,3.803597e-08,5.3790984632e-08
10.2919953382,3.663857e-08,3.663857e-08,5.18147626e-08
10.3514116519,3.529252e-08,3.529252e-08,4.99111604343e-08
10.4111709795,3.399592e-08,3.399592e-08,4.80774911294e-08
10.4712753014,3.274695e-08,3.274695e-08,4.63111808164e-08
10.5317266092,3.29113e-08,3.29113e-08,4.65436068153e-08
10.592526906,3.307647e-08,3.307647e-08,4.67771924694e-08
10.6536782067,3.324248e-08,3.324248e-08,4.70119660629e-08
10.7151825375,3.340931e-08,3.340931e-08,4.72478993115e-08
10.7770419365,3.414591e-08,3.414591e-08,4.82896090216e-08
10.8392584537,3.489875e-08,3.489875e-08,4.93542855599e-08
10.9018341505,3.566819e-08,3.566819e-08,5.04424380433e-08
10.9647711006,3.64546e-08,3.64546e-08,5.15545897309e-08
11.0280713896,3.682376e-08,3.682376e-08,5.20766608096e-08
11.091737115,3.719666e-08,3.719666e-08,5.2604021047e-08
11.1557703865,3.757334e-08,3.757334e-08,5.31367270117e-08
11.2201733259,3.795384e-08,3.795384e-08,5.36748352721e-08
11.2849480674,3.716055e-08,3.716055e-08,5.25529537952e-08
11.3500967575,3.638385e-08,3.638385e-08,5.14545341213e-08
11.4156215548,3.562338e-08,3.562338e-08,5.03790671336e-08
11.4815246308,3.48788e-08,3.48788e-08,4.93260719993e-08
11.5478081693,3.529966e-08,3.529966e-08,4.99212579192e-08
11.6144743666,3.572561e-08,3.572561e-08,5.05236421861e-08
11.681525432,3.615668e-08,3.615668e-08,5.11332672264e-08
11.7489635872,3.659297e-08,3.659297e-08,5.17502744615e-08
11.816791067,3.622255e-08,3.622255e-08,5.12264214737e-08
11.8850101189,3.585588e-08,3.585588e-08,5.07078717868e-08
11.9536230036,3.549292e-08,3.549292e-08,5.01945688322e-08
12.0226319946,3.513363e-08,3.513363e-08,4.96864560414e-08
12.0920393787,3.462154e-08,3.462154e-08,4.89622514182e-08
12.1618474559,3.411691e-08,3.411691e-08,4.82485968283e-08
12.2320585393,3.361963e-08,3.361963e-08,4.7545336708e-08
12.3026749556,3.31296e-08,3.31296e-08,4.6852329636e-08
12.3736990447,3.255046e-08,3.255046e-08,4.60333019935e-08
12.4451331602,3.198144e-08,3.198144e-08,4.52285861922e-08
12.5169796691,3.142237e-08,3.142237e-08,4.44379418159e-08
12.5892409524,3.087308e-08,3.087308e-08,4.36611284482e-08
12.6619194044,3.197491e-08,3.197491e-08,4.52193513777e-08
12.7350174335,3.311607e-08,3.311607e-08,4.68331953265e-08
12.808537462,3.429795e-08,3.429795e-08,4.85046260516e-08
12.8824819261,3.552203e-08,3.552203e-08,5.0235736589e-08
12.956853276,3.443255e-08,3.443255e-08,4.86949791971e-08
13.0316539763,3.337647e-08,3.337647e-08,4.72014565381e-08
13.1068865055,3.235278e-08,3.235278e-08,4.57537402565e-08
13.1825533567,3.136049e-08,3.136049e-08,4.43504302807e-08
13.2586570372,3.253457e-08,3.253457e-08,4.601083014e-08
13.3352000689,3.375261e-08,3.375261e-08,4.77333988275e-08
13.4121849882,3.501624e-08,3.501624e-08,4.95204415113e-08
13.489614346,3.63272e-08,3.63272e-08,5.1374418923e-08
13.5674907083,3.547429e-08,3.547429e-08,5.01682220336e-08
13.6458166555,3.464142e-08,3.464142e-08,4.89903659839e-08
13.7245947832,3.382809e-08,3.382809e-08,4.78401436672e-08
13.8038277017,3.303386e-08,3.303386e-08,4.67169328295e-08
13.8835180367,3.474331e-08,3.474331e-08,4.91344602037e-08
13.9636684289,3.654122e-08,3.654122e-08,5.16770889097e-08
14.0442815341,3.843216e-08,3.843216e-08,5.43512819033e-08
14.1253600237,4.042095e-08,4.042095e-08,5.7163855694e-08
14.2069065844,4.102762e-08,4.102762e-08,5.80218166359e-08
14.2889239182,4.164339e-08,4.164339e-08,5.88926469212e-08
14.3714147431,4.22684e-08,4.22684e-08,5.97765445398e-08
14.4543817926,4.290278e-08,4.290278e-08,6.06736933395e-08
14.5378278159,4.43186e-08,4.43186e-08,6.26759651854e-08
14.6217555781,4.578114e-08,4.578114e-08,6.47443090889e-08
14.7061678604,4.729195e-08,4.729195e-08,6.68809170811e-08
14.7910674599,4.885263e-08,4.885263e-08,6.90880519036e-08
14.8764571899,5.001171e-08,5.001171e-08,7.07272385595e-08
14.9623398801,5.119831e-08,5.119831e-08,7.24053443726e-08
15.0487183762,5.241305e-08,5.241305e-08,7.41232461553e-08
15.1355955406,5.36566e-08,5.36566e-08,7.58818914308e-08
15.2229742522,5.67433e-08,5.67433e-08,8.02471444338e-08
15.3108574064,6.000758e-08,6.000758e-08,8.48635334812e-08
15.3992479154,6.345963e-08,6.345963e-08,8.97454694092e-08
15.4881487081,6.711029e-08,6.711029e-08,9.49082822928e-08
15.5775627305,6.938164e-08,6.938164e-08,9.81204562677e-08
15.6674929455,7.172986e-08,7.172986e-08,1.01441340839e-07
15.757942333,7.415755e-08,7.415755e-08,1.04874612962e-07
15.8489138904,7.666742e-08,7.666742e-08,1.08424105156e-07
15.9404106321,7.861371e-08,7.861371e-08,1.1117657487e-07
16.03243559,8.060941e-08,8.060941e-08,1.13998920877e-07
16.1249918136,8.265577e-08,8.265577e-08,1.16892910942e-07
16.2180823699,8.475408e-08,8.475408e-08,1.19860369402e-07
16.3117103437,9.005022e-08,9.005022e-08,1.27350242419e-07
16.4058788374,9.567731e-08,9.567731e-08,1.35308149413e-07
16.5005909715,1.01656e-07,1.01656e-07,1.43763293897e-07
16.5958498845,1.080083e-07,1.080083e-07,1.52746802709e-07
16.6916587331,1.104512e-07,1.104512e-07,1.5620158502e-07
16.7880206919,1.129494e-07,1.129494e-07,1.59734573342e-07
16.8849389541,1.15504e-07,1.15504e-07,1.63347323308e-07
16.9824167314,1.181165e-07,1.181165e-07,1.6704195624e-07
17.0804572538,1.298069e-07,1.298069e-07,1.8357467847e-07
17.17906377,1.426543e-07,1.426543e-07,2.01743645791e-07
17.2782395477,1.567732e-07,1.567732e-07,2.21710785657e-07
17.3779878732,1.722895e-07,1.722895e-07,2.43654147554e-07
17.4783120518,1.778267e-07,1.778267e-07,2.51484930892e-07
17.5792154079,1.835418e-07,1.835418e-07,2.59567302822e-07
17.6807012853,1.894406e-07,1.894406e-07,2.67909465784e-07
17.7827730468,1.955291e-07,1.955291e-07,2.76519905059e-07
17.8854340747,2.109857e-07,2.109857e-07,2.98378838407e-07
17.988687771,2.276641e-07,2.276641e-07,3.21965657885e-07
18.0925375572,2.45661e-07,2.45661e-07,3.47417117946e-07
18.1969868745,2.650806e-07,2.650806e-07,3.74880579642e-07
18.302039184,2.776273e-07,2.776273e-07,3.92624292945e-07
18.4076979669,2.907678e-07,2.907678e-07,4.11207766261e-07
18.5139667243,3.045303e-07,3.045303e-07,4.30670880414e-07
18.6208489778,3.189443e-07,3.189443e-07,4.51055354702e-07
18.7283482689,3.344028e-07,3.344028e-07,4.72916975056e-07
18.83646816,3.506107e-07,3.506107e-07,4.95838407053e-07
18.9452122338,3.67604e-07,3.67604e-07,5.19870562383e-07
19.0545840938,3.854211e-07,3.854211e-07,5.45067746845e-07
19.1645873641,3.954709e-07,3.954709e-07,5.59280310304e-07
19.27522569,4.057828e-07,4.057828e-07,5.73863539138e-07
19.3865027376,4.163635e-07,4.163635e-07,5.88826908577e-07
19.4984221944,4.272203e-07,4.272203e-07,6.04180742381e-07
19.610987769,4.371292e-07,4.371292e-07,6.18194043149e-07
19.7242031915,4.472679e-07,4.472679e-07,6.32532330194e-07
19.8380722135,4.576418e-07,4.576418e-07,6.47203240269e-07
19.9525986083,4.682564e-07,4.682564e-07,6.62214551548e-07
20.0677861709,4.659848e-07,4.659848e-07,6.5900202402e-07
20.1836387183,4.637243e-07,4.637243e-07,6.55805194262e-07
20.3001600895,4.614747e-07,4.614747e-07,6.52623779432e-07
20.4173541456,4.592362e-07,4.592362e-07,6.49458062373e-07
20.5352247701,4.508144e-07,4.508144e-07,6.37547838593e-07
20.6537758689,4.42547e-07,4.42547e-07,6.25855969388e-07
20.7730113704,4.344313e-07,4.344313e-07,6.14378636379e-07
20.8929352257,4.264644e-07,4.264644e-07,6.03111738349e-07
21.0135514086,4.21014e-07,4.21014e-07,5.95403708749e-07
21.1348639161,4.156333e-07,4.156333e-07,5.87794249834e-07
21.2568767681,4.103213e-07,4.103213e-07,5.80281947391e-07
21.3795940077,4.050771e-07,4.050771e-07,5.72865528627e-07
21.5030197013,3.929904e-07,3.929904e-07,5.55772353562e-07
21.627157939,3.812643e-07,3.812643e-07,5.39189143909e-07
21.7520128342,3.698881e-07,3.698881e-07,5.2310076758e-07
21.8775885244,3.588513e-07,3.588513e-07,5.07492375335e-07
22.0038891706,3.4043e-07,3.4043e-07,4.81440723039e-07
22.1309189581,3.229543e-07,3.229543e-07,4.56726351087e-07
22.2586820963,3.063758e-07,3.063758e-07,4.33280811543e-07
22.3871828188,2.906483e-07,2.906483e-07,4.11038767741e-07
22.5164253838,2.713133e-07,2.713133e-07,3.83694948512e-07
22.646414074,2.532645e-07,2.532645e-07,3.58170090768e-07
22.7771531967,2.364165e-07,2.364165e-07,3.34343420669e-07
22.9086470844,2.206891e-07,2.206891e-07,3.12101518288e-07
23.0409000942,2.064487e-07,2.064487e-07,2.91962551474e-07
23.1739166087,1.931271e-07,1.931271e-07,2.73122964082e-07
23.3077010356,1.806652e-07,1.806652e-07,2.55499176089e-07
23.4422578082,1.690073e-07,1.690073e-07,2.390124158e-07
23.5775913851,1.38842e-07,1.38842e-07,1.96352239427e-07
23.713706251,1.140607e-07,1.140607e-07,1.61306188874e-07
23.8506069163,9.370255e-08,9.370255e-08,1.32515417039e-07
23.9882979174,7.697804e-08,7.697804e-08,1.08863388173e-07
24.126783817,5.993916e-08,5.993916e-08,8.47667729893e-08
24.2660692042,4.66718e-08,4.66718e-08,6.60038925404e-08
24.4061586943,3.634113e-08,3.634113e-08,5.1394118918e-08
24.5470569295,2.829712e-08,2.829712e-08,4.00181708801e-08
24.6887685789,2.720967e-08,2.720967e-08,3.84802843417e-08
24.8312983381,2.6164e-08,2.6164e-08,3.70014836459e-08
24.9746509303,2.515852e-08,2.515852e-08,3.55795201932e-08
25.1188311058,2.419167e-08,2.419167e-08,3.42121878105e-08
25.2638436421,2.348273e-08,2.348273e-08,3.32095952475e-08
25.4096933446,2.279457e-08,2.279457e-08,3.22363900425e-08
25.5563850463,2.212657e-08,2.212657e-08,3.12916953828e-08
25.7039236081,2.147815e-08,2.147815e-08,3.03746910247e-08
25.8523139189,2.693617e-08,2.693617e-08,3.80934969324e-08
26.001560896,3.378117e-08,3.378117e-08,4.77737887668e-08
26.151669485,4.236562e-08,4.236562e-08,5.99140343823e-08
26.30264466,5.313153e-08,5.313153e-08,7.51393303156e-08
26.4544914238,5.98654e-08,5.98654e-08,8.46624605969e-08
26.6072148082,6.745273e-08,6.745273e-08,9.53925655851e-08
26.760819874,7.600167e-08,7.600167e-08,1.07482592477e-07
26.9153117111,8.563408e-08,8.563408e-08,1.21104877337e-07
27.070695439,1.164828e-07,1.164828e-07,1.64731555543e-07
27.2269762066,1.584444e-07,1.584444e-07,2.24074219362e-07
27.3841591925,2.155222e-07,2.155222e-07,3.04794418232e-07
27.5422496054,2.931616e-07,2.931616e-07,4.14593110687e-07
27.7012526838,4.228941e-07,4.228941e-07,5.98062571668e-07
27.8611736966,6.100371e-07,6.100371e-07,8.62722740371e-07
28.0220179431,8.799963e-07,8.799963e-07,1.2445027023e-06
28.1837907532,1.26942e-06,1.26942e-06,1.79523098035e-06
28.3464974876,1.181142e-06,1.181142e-06,1.67038703549e-06
28.5101435378,1.099003e-06,1.099003e-06,1.55422494769e-06
28.6747343267,1.022576e-06,1.022576e-06,1.44614084776e-06
28.8402753081,9.514647e-07,9.514647e-07,1.34557428286e-06
29.0067719676,7.74296e-07,7.74296e-07,1.09501990449e-06
29.1742298225,6.301173e-07,6.301173e-07,8.91120431546e-07
29.3426544217,5.127855e-07,5.127855e-07,7.25188208688e-07
29.5120513464,4.173016e-07,4.173016e-07,5.9015358232e-07
29.6824262098,3.316586e-07,3.316586e-07,4.69036090198e-07
29.8537846576,2.635921e-07,2.635921e-07,3.72775522754e-07
30.0261323681,2.09495e-07,2.09495e-07,2.96270670249e-07
30.1994750524,1.665003e-07,1.665003e-07,2.35466982399e-07
30.3738184546,1.034821e-07,1.034821e-07,1.46345789283e-07
30.5491683518,6.431546e-08,6.431546e-08,9.09557958023e-08
30.7255305546,3.99729e-08,3.99729e-08,5.65302173074e-08
30.9029109071,2.484366e-08,2.484366e-08,3.5134240911e-08
31.0813152871,3.541195e-08,3.541195e-08,5.00800599601e-08
31.2607496065,5.04759e-08,5.04759e-08,7.1383702353e-08
31.441219811,7.194792e-08,7.194792e-08,1.01749724249e-07
31.622731881,1.02554e-07,1.02554e-07,1.45033257676e-07
31.8052918312,1.011717e-07,1.011717e-07,1.43078390268e-07
31.9889057111,9.980804e-08,9.980804e-08,1.41149883802e-07
32.1735796051,9.846276e-08,9.846276e-08,1.39247370581e-07
32.3593196326,9.713561e-08,9.713561e-08,1.37370497051e-07
32.5461319486,1.005251e-07,1.005251e-07,1.42163959779e-07
32.7340227434,1.040328e-07,1.040328e-07,1.47124596692e-07
32.9229982432,1.076629e-07,1.076629e-07,1.52258333344e-07
33.11306471,1.114197e-07,1.114197e-07,1.57571250856e-07
33.3042284421,1.137826e-07,1.137826e-07,1.60912896082e-07
33.496495774,1.161956e-07,1.161956e-07,1.64325393408e-07
33.6898730769,1.186599e-07,1.186599e-07,1.6781043989e-07
33.8843667586,1.211764e-07,1.211764e-07,1.7136930832e-07
34.0799832642,1.128104e-07,1.128104e-07,1.59537997657e-07
34.2767290758,1.05022e-07,1.05022e-07,1.48523536748e-07
34.4746107129,9.777133e-08,9.777133e-08,1.38269540897e-07
34.6736347326,9.102123e-08,9.102123e-08,1.2872345793e-07
34.8738077301,1.231949e-07,1.231949e-07,1.74223898395e-07
35.0751363385,1.667413e-07,1.667413e-07,2.35807807868e-07
35.2776272292,2.256801e-07,2.256801e-07,3.19159858178e-07
35.481287112,3.054524e-07,3.054524e-07,4.31974926739e-07
35.6861227357,3.350342e-07,3.350342e-07,4.73809909499e-07
35.8921408879,3.674809e-07,3.674809e-07,5.19696472693e-07
36.0993483954,4.030699e-07,4.030699e-07,5.70026919164e-07
36.3077521244,4.421054e-07,4.421054e-07,6.25231452678e-07
36.5173589808,3.921962e-07,3.921962e-07,5.54649185151e-07
36.7281759103,3.479212e-07,3.479212e-07,4.92034879677e-07
36.9402098987,3.086444e-07,3.086444e-07,4.36489096431e-07
37.1534679722,2.738015e-07,2.738015e-07,3.87213794698e-07
37.3679571975,2.467814e-07,2.467814e-07,3.49001602821e-07
37.5836846821,2.224278e-07,2.224278e-07,3.14560411409e-07
37.8006575745,2.004776e-07,2.004776e-07,2.83518140872e-07
38.0188830647,1.806935e-07,1.806935e-07,2.55539198333e-07
38.2383683838,1.698839e-07,1.698839e-07,2.40252115409e-07
38.459120805,1.597211e-07,1.597211e-07,2.25879745817e-07
38.6811476434,1.501662e-07,1.501662e-07,2.1236707665e-07
38.9044562561,1.411829e-07,1.411829e-07,1.99662771955e-07
39.129054043,1.519925e-07,1.519925e-07,2.14949854879e-07
39.3549484466,1.636297e-07,1.636297e-07,2.31407340947e-07
39.5821469523,1.761579e-07,1.761579e-07,2.49124891299e-07
39.8106570887,1.896453e-07,1.896453e-07,2.681989553e-07
40.040486428,1.905591e-07,1.905591e-07,2.69491263654e-07
40.2716425861,1.914773e-07,1.914773e-07,2.70789794547e-07
40.5041332226,1.923999e-07,1.923999e-07,2.72094547979e-07
40.7379660418,1.933271e-07,1.933271e-07,2.73405806794e-07
40.9731487919,3.039904e-07,3.039904e-07,4.29907346511e-07
41.2096892664,4.779989e-07,4.779989e-07,6.75992527179e-07
41.4475953034,7.516127e-07,7.516127e-07,1.06294087399e-06
41.6868747863,1.181847e-06,1.181847e-06,1.67138405605e-06
41.9275356443,1.356949e-06,1.356949e-06,1.91901567925e-06
42.169585852,1.557993e-06,1.557993e-06,2.20333483068e-06
42.4130334302,1.788824e-06,1.788824e-06,2.5297791615e-06
42.6578864461,2.053855e-06,2.053855e-06,2.90458959615e-06
42.9041530132,2.759357e-06,2.759357e-06,3.90232009283e-06
43.1518412923,3.7072e-06,3.7072e-06,5.24277251843e-06
43.4009594908,4.980628e-06,4.980628e-06,7.04367166674e-06
43.6515158637,6.691481e-06,6.691481e-06,9.46318318256e-06
43.9035187138,8.539489e-06,8.539489e-06,1.20766611595e-05
44.1569763917,1.089787e-05,1.089787e-05,1.5411915555e-05
44.4118972961,1.390757e-05,1.390757e-05,1.96682741137e-05
44.6682898744,1.774847e-05,1.774847e-05,2.51001269854e-05
44.9261626225,1.902728e-05,1.902728e-05,2.69086374311e-05
45.1855240857,2.039823e-05,2.039823e-05,2.88474535144e-05
45.4463828584,2.186796e-05,2.186796e-05,3.09259656134e-05
45.7087475846,2.344359e-05,2.344359e-05,3.31542429287e-05
45.9726269583,2.396745e-05,2.396745e-05,3.38950928455e-05
46.2380297236,2.450302e-05,2.450302e-05,3.46525032031e-05
46.5049646752,2.505056e-05,2.505056e-05,3.5426841697e-05
46.7734406585,2.561034e-05,2.561034e-05,3.6218490165e-05
47.0434665699,2.308594e-05,2.308594e-05,3.26484494481e-05
47.3150513572,2.081037e-05,2.081037e-05,2.9430307492e-05
47.5882040201,1.87591e-05,1.87591e-05,2.65293736379e-05
47.8629336098,1.691002e-05,1.691002e-05,2.3914379624e-05
48.1392492302,1.836247e-05,1.836247e-05,2.59684541127e-05
48.4171600373,1.993967e-05,1.993967e-05,2.81989517432e-05
48.6966752405,2.165234e-05,2.165234e-05,3.06210328851e-05
48.9778041018,2.351213e-05,2.351213e-05,3.32511731263e-05
49.2605559372,2.654259e-05,2.654259e-05,3.75368907585e-05
49.544940116,2.996364e-05,2.996364e-05,4.23749860661e-05
49.830966062,3.382564e-05,3.382564e-05,4.78366788439e-05
50.1186432531,3.81854e-05,3.81854e-05,5.40023105646e-05
50.4079812221,3.899022e-05,3.899022e-05,5.51404979239e-05
50.6989895567,3.9812e-05,3.9812e-05,5.63026703452e-05
50.9916779002,4.065109e-05,4.065109e-05,5.74893228032e-05
51.2860559511,4.150788e-05,4.150788e-05,5.87010068414e-05
51.5821334645,4.237076e-05,4.237076e-05,5.99213034401e-05
51.8799202513,4.325158e-05,4.325158e-05,6.11669710301e-05
52.1794261793,4.415071e-05,4.415071e-05,6.24385328704e-05
52.4806611732,4.506854e-05,4.506854e-05,6.37365405044e-05
52.783635215,4.348498e-05,4.348498e-05,6.14970484755e-05
53.0883583443,4.195706e-05,4.195706e-05,5.93362432893e-05
53.3948406587,4.048282e-05,4.048282e-05,5.72513530871e-05
53.7030923141,3.90604e-05,3.90604e-05,5.52397474317e-05
54.0131235251,3.617057e-05,3.617057e-05,5.11529106528e-05
54.324944565,3.349454e-05,3.349454e-05,4.73684327334e-05
54.6385657668,3.101649e-05,3.101649e-05,4.38639408152e-05
54.9539975227,2.872177e-05,2.872177e-05,4.06187166694e-05
55.2712502853,2.60471e-05,2.60471e-05,3.68361620805e-05
55.5903345674,2.362151e-05,2.362151e-05,3.34058598057e-05
55.9112609424,2.14218e-05,2.14218e-05,3.02950000904e-05
56.2340400449,1.942694e-05,1.942694e-05,2.74738420234e-05
56.5586825707,1.647538e-05,1.647538e-05,2.32997058413e-05
56.8851992775,1.397226e-05,1.397226e-05,1.9759759589e-05
57.213600985,1.184944e-05,1.184944e-05,1.67576387545e-05
57.5438985756,1.004914e-05,1.004914e-05,1.42116300782e-05
57.8761029941,8.298924e-06,8.298924e-06,1.17364508739e-05
58.210225249,6.853538e-06,6.853538e-06,9.69236638984e-06
58.5462764119,5.659888e-06,5.659888e-06,8.00429037111e-06
58.8842676185,4.674131e-06,4.674131e-06,6.61021945251e-06
59.2242100689,4.870681e-06,4.870681e-06,6.88818312819e-06
59.5661150277,5.075496e-06,5.075496e-06,7.17783527897e-06
59.9099938246,5.288924e-06,5.288924e-06,7.47966805116e-06
60.2558578547,5.511328e-06,5.511328e-06,7.79419480429e-06
60.6037185787,4.685558e-06,4.685558e-06,6.62637967089e-06
60.9535875239,3.983513e-06,3.983513e-06,5.63353811049e-06
61.3054762837,3.386657e-06,3.386657e-06,4.78945626051e-06
61.6593965186,2.87923e-06,2.87923e-06,4.07184611519e-06
62.0153599566,3.055534e-06,3.055534e-06,4.32117762309e-06
62.3733783931,3.242635e-06,3.242635e-06,4.58577839483e-06
62.7334636917,3.441192e-06,3.441192e-06,4.86658039713e-06
63.0956277846,3.651909e-06,3.651909e-06,5.16457923635e-06
63.4598826729,2.979011e-06,2.979011e-06,4.21295775866e-06
63.8262404266,2.4301e-06,2.4301e-06,3.43668037792e-06
64.194713186,1.982332e-06,1.982332e-06,2.80344079953e-06
64.5653131609,1.617068e-06,1.617068e-06,2.28687949688e-06
64.938052632,1.421809e-06,1.421809e-06,2.0107415709e-06
65.3129439507,1.250128e-06,1.250128e-06,1.7679479723e-06
65.6899995397,1.099176e-06,1.099176e-06,1.55446960664e-06
66.0692318935,9.664522e-07,9.664522e-07,1.36676980863e-06
66.4506535786,8.797139e-07,8.797139e-07,1.24410332839e-06
66.8342772344,8.007602e-07,8.007602e-07,1.13244593505e-06
67.2201155727,7.288925e-07,7.288925e-07,1.03080965901e-06
67.6081813792,6.634748e-07,6.634748e-07,9.38295060453e-07
67.9984875132,5.917836e-07,5.917836e-07,8.3690839311e-07
68.3910469082,5.27839e-07,5.27839e-07,7.46477072549e-07
68.7858725723,4.708039e-07,4.708039e-07,6.65817260598e-07
69.182977589,4.199316e-07,4.199316e-07,5.93872963989e-07
69.5823751171,3.86709e-07,3.86709e-07,5.46889112492e-07
69.9840783913,3.561148e-07,3.561148e-07,5.03622379922e-07
70.3881007229,3.27941e-07,3.27941e-07,4.63778609858e-07
70.7944554999,3.019962e-07,3.019962e-07,4.27087121825e-07
71.2031561878,2.854026e-07,2.854026e-07,4.03620227657e-07
71.6142163295,2.697208e-07,2.697208e-07,3.81442813414e-07
72.0276495463,2.549006e-07,2.549006e-07,3.60483885577e-07
72.4434695382,2.408947e-07,2.408947e-07,3.40676551844e-07
72.8616900841,2.202991e-07,2.202991e-07,3.11549974999e-07
73.2823250427,2.014643e-07,2.014643e-07,2.84913545394e-07
73.7053883523,1.842398e-07,1.842398e-07,2.60554423889e-07
74.1308940322,1.68488e-07,1.68488e-07,2.38278014697e-07
74.5588561821,1.61751e-07,1.61751e-07,2.28750457927e-07
74.9892889835,1.552833e-07,1.552833e-07,2.1960374887e-07
75.4222066996,1.490742e-07,1.490742e-07,2.1082275544e-07
75.8576236759,1.431134e-07,1.431134e-07,2.02392911237e-07
76.2955543409,1.47786e-07,1.47786e-07,2.09000965529e-07
76.7360132062,1.52611e-07,1.52611e-07,2.15824545967e-07
77.1790148672,1.575936e-07,1.575936e-07,2.22871006463e-07
77.6245740037,1.627389e-07,1.627389e-07,2.30147559506e-07
78.0727053801,1.788764e-07,1.788764e-07,2.52969430868e-07
78.5234238462,1.966142e-07,1.966142e-07,2.78054468195e-07
78.9767443373,2.161108e-07,2.161108e-07,3.05626824335e-07
79.4326818752,2.375409e-07,2.375409e-07,3.35933562398e-07
79.8912515681,2.347223e-07,2.347223e-07,3.31947460051e-07
80.3524686117,2.319371e-07,2.319371e-07,3.28008592437e-07
80.8163482892,2.291851e-07,2.291851e-07,3.24116676714e-07
81.2829059723,2.264656e-07,2.264656e-07,3.20270722931e-07
81.7521571212,2.43418e-07,2.43418e-07,3.44245036926e-07
82.2241172855,2.616394e-07,2.616394e-07,3.70013987931e-07
82.6988021044,2.812247e-07,2.812247e-07,3.97711784814e-07
83.1762273076,3.022762e-07,3.022762e-07,4.27483101623e-07
83.6564087154,2.892742e-07,2.892742e-07,4.09095496885e-07
84.1393622397,2.768314e-07,2.768314e-07,3.91498720371e-07
84.625103884,2.649238e-07,2.649238e-07,3.74658830955e-07
85.1136497443,2.535284e-07,2.535284e-07,3.58543301727e-07
85.6050160094,2.776817e-07,2.776817e-07,3.92701226163e-07
86.0992189619,3.041361e-07,3.041361e-07,4.30113397427e-07
86.5962749779,3.331108e-07,3.331108e-07,4.71089811133e-07
87.0962005286,3.648458e-07,3.648458e-07,5.15969878535e-07
87.5990121797,4.914968e-07,4.914968e-07,6.95081440423e-07
88.1047265931,6.621131e-07,6.621131e-07,9.36369325845e-07
88.6133605264,8.919563e-07,8.919563e-07,1.2614166965e-06
89.1249308343,1.201587e-06,1.201587e-06,1.69930063177e-06
89.6394544686,1.615735e-06,1.615735e-06,2.2849943502e-06
90.1569484791,2.172627e-06,2.172627e-06,3.07255856938e-06
90.6774300139,2.921461e-06,2.921461e-06,4.13156976814e-06
91.2009163202,3.928395e-06,3.928395e-06,5.55558948736e-06
91.7274247448,4.829233e-06,4.829233e-06,6.82956680446e-06
92.2569727344,5.936647e-06,5.936647e-06,8.39568670242e-06
92.7895778367,7.298006e-06,7.298006e-06,1.03209390635e-05
93.3252577005,8.971543e-06,8.971543e-06,1.2687677786e-05
93.8640300768,7.096115e-06,7.096115e-06,1.00354220732e-05
94.4059128186,5.61273e-06,5.61273e-06,7.93759888794e-06
94.9509238824,4.439435e-06,4.439435e-06,6.27830918627e-06
95.4990813282,3.511408e-06,3.511408e-06,4.96588081663e-06
96.0504033201,2.689908e-06,2.689908e-06,3.80410437514e-06
96.6049081274,2.0606e-06,2.0606e-06,2.91412846663e-06
97.1626141246,1.578519e-06,1.578519e-06,2.23236297826e-06
97.7235397923,1.209222e-06,1.209222e-06,1.71009815232e-06
98.287703718,1.106325e-06,1.106325e-06,1.56457981939e-06
98.8551245962,1.012185e-06,1.012185e-06,1.43144575463e-06
99.4258212296,9.260547e-07,9.260547e-07,1.30963911624e-06
99.9998125293,8.472534e-07,8.472534e-07,1.19819724905e-06
100.577117516,7.572087e-07,7.572087e-07,1.07085481309e-06
101.157755319,6.767337e-07,6.767337e-07,9.57045976655e-07
101.741745179,6.048116e-07,6.048116e-07,8.55332767401e-07
102.329106448,5.405331e-07,5.405331e-07,7.64429240932e-07
102.91985859,5.082381e-07,5.082381e-07,7.18757213935e-07
103.514021179,4.778727e-07,4.778727e-07,6.75814053428e-07
104.111613905,4.493216e-07,4.493216e-07,6.35436700587e-07
104.71265657,4.224763e-07,4.224763e-07,5.97471713241e-07
105.317169091,4.346742e-07,4.346742e-07,6.14722148854e-07
105.9251715,4.472243e-07,4.472243e-07,6.32470670483e-07
106.536683943,4.601368e-07,4.601368e-07,6.50731703107e-07
107.151726685,4.73422e-07,4.73422e-07,6.69519813126e-07
107.770320105,5.223872e-07,5.223872e-07,7.3876706305e-07
108.392484703,5.764167e-07,5.764167e-07,8.15176314718e-07
109.018241096,6.360344e-07,6.360344e-07,8.99488474616e-07
109.647610017,7.018184e-07,7.018184e-07,9.92521099603e-07
110.280612324,8.266438e-07,8.266438e-07,1.16905087321e-06
110.917268991,9.736707e-07,9.736707e-07,1.37697830923e-06
111.557601116,1.146848e-06,1.146848e-06,1.62188799558e-06
112.201629918,1.350827e-06,1.350827e-06,1.91035786382e-06
112.849376736,1.603696e-06,1.603696e-06,2.26796863312e-06
113.500863036,1.903902e-06,1.903902e-06,2.69252402983e-06
114.156110407,2.260306e-06,2.260306e-06,3.19655540031e-06
114.81514056,2.683427e-06,2.683427e-06,3.79493885704e-06
115.477975334,2.958791e-06,2.958791e-06,4.18436236043e-06
116.144636693,3.262412e-06,3.262412e-06,4.61374729645e-06
116.815146729,3.597189e-06,3.597189e-06,5.08719347022e-06
117.48952766,3.966319e-06,3.966319e-06,5.6092221225e-06
118.167801833,3.84841e-06,3.84841e-06,5.44247361557e-06
118.849991724,3.734006e-06,3.734006e-06,5.28068192718e-06
119.536119939,3.623004e-06,3.623004e-06,5.12370139333e-06
120.226209214,3.5153e-06,3.5153e-06,4.97138493581e-06
120.920282416,2.73968e-06,2.73968e-06,3.87449261256e-06
121.618362544,2.135193e-06,2.135193e-06,3.01961889888e-06
122.320472732,1.664082e-06,1.664082e-06,2.3533673333e-06
123.026636244,1.296916e-06,1.296916e-06,1.83411619646e-06
123.736876481,8.633685e-07,8.633685e-07,1.22098744203e-06
124.451216978,5.747519e-07,5.747519e-07,8.1282193198e-07
125.169681406,3.826173e-07,3.826173e-07,5.41102574859e-07
125.892293573,2.547117e-07,2.547117e-07,3.60216740635e-07
126.619077423,2.141782e-07,2.141782e-07,3.02893715205e-07
127.350057041,1.80095e-07,1.80095e-07,2.54692791516e-07
128.085256649,1.514356e-07,1.514356e-07,2.14162279346e-07
128.824700609,1.273368e-07,1.273368e-07,1.80081429549e-07
129.568413423,9.725126e-08,9.725126e-08,1.3753405085e-07
130.316419737,7.427393e-08,7.427393e-08,1.05039199137e-07
131.068744336,5.67254e-08,5.67254e-08,8.0221830011e-08
131.825412151,4.332301e-08,4.332301e-08,6.12679883048e-08
132.586448256,3.726114e-08,3.726114e-08,5.26952095375e-08
133.351877867,3.204746e-08,3.204746e-08,4.53219525716e-08
134.121726351,2.756329e-08,2.756329e-08,3.89803785416e-08
134.896019216,2.370656e-08,2.370656e-08,3.35261386692e-08
135.674782122,2.624463e-08,2.624463e-08,3.71155116855e-08
136.458040872,2.905444e-08,2.905444e-08,4.10891830952e-08
137.245821423,3.216507e-08,3.216507e-08,4.54882782287e-08
138.038149879,3.560871e-08,3.560871e-08,5.03583206206e-08
138.835052496,3.518781e-08,3.518781e-08,4.97630781322e-08
139.636555679,3.477188e-08,3.477188e-08,4.91748642852e-08
140.442685989,3.436087e-08,3.436087e-08,4.85936083689e-08
141.253470138,3.395473e-08,3.395473e-08,4.80192396727e-08
142.068934993,2.736883e-08,2.736883e-08,3.87053705723e-08
142.889107576,2.206034e-08,2.206034e-08,3.11980320186e-08
143.714015066,1.778149e-08,1.778149e-08,2.51468243172e-08
144.543684796,1.433257e-08,1.433257e-08,2.02693148777e-08
145.37814426,1.197625e-08,1.197625e-08,1.69369751764e-08
146.21742111,1.000731e-08,1.000731e-08,1.41524735249e-08
147.061543155,8.362075e-09,8.362075e-09,1.18257598746e-08
147.910538368,6.987321e-09,6.987321e-09,9.88156412285e-09
148.764434882,6.35484e-09,6.35484e-09,8.98710091471e-09
149.623260993,5.779611e-09,5.779611e-09,8.17360426144e-09
150.487045158,5.256449e-09,5.256449e-09,7.43374146572e-09
151.355816003,4.780645e-09,4.780645e-09,6.76085299589e-09
152.229602313,6.616187e-09,6.616187e-09,9.3567013866e-09
153.108433046,9.156489e-09,9.156489e-09,1.29492309275e-08
153.992337321,1.267215e-08,1.267215e-08,1.79211263944e-08
154.88134443,1.753765e-08,1.753765e-08,2.48019824822e-08
155.77548383,2.141373e-08,2.141373e-08,3.0283587387e-08
156.674785152,2.614647e-08,2.614647e-08,3.69766924822e-08
157.579278194,3.192522e-08,3.192522e-08,4.51490791057e-08
158.48899293,3.898116e-08,3.898116e-08,5.5127685149e-08
159.403959505,2.325272e-08,2.325272e-08,3.28843119861e-08
160.324208236,1.387052e-08,1.387052e-08,1.96158775012e-08
161.24976962,8.273931e-09,8.273931e-09,1.17011054343e-08
162.180674325,4.935497e-09,4.935497e-09,6.97984679445e-09
163.1169532,6.663628e-09,6.663628e-09,9.42379309221e-09
164.05863727,8.996851e-09,8.996851e-09,1.27234687028e-08
165.005757739,1.214704e-08,1.214704e-08,1.71785087107e-08
165.958345992,1.640025e-08,1.640025e-08,2.31934559763e-08
166.916433595,1.604157e-08,1.604157e-08,2.26862058558e-08
167.880052295,1.569073e-08,1.569073e-08,2.21900431695e-08
168.849234025,1.534757e-08,1.534757e-08,2.17047416435e-08
169.8240109,1.501191e-08,1.501191e-08,2.12300467191e-08
170.804415221,3.219372e-08,3.219372e-08,4.55287954472e-08
171.790479475,6.904089e-08,6.904089e-08,9.76385629963e-08
172.782236339,1.480613e-07,1.480613e-07,2.09390298523e-07
173.779718674,3.175243e-07,3.175243e-07,4.49047171443e-07
174.782959536,3.305992e-07,3.305992e-07,4.6753787235e-07
175.791992169,3.442124e-07,3.442124e-07,4.86789844417e-07
176.806850008,3.583862e-07,3.583862e-07,5.06834624607e-07
177.827566682,3.731437e-07,3.731437e-07,5.27704881254e-07
178.854176016,2.066021e-07,2.066021e-07,2.92179491835e-07
179.886712028,1.143914e-07,1.143914e-07,1.61773869299e-07
180.925208934,6.333619e-08,6.333619e-08,8.9570898887e-08
181.969701144,3.506796e-08,3.506796e-08,4.95935846368e-08
183.020223272,3.027263e-08,3.027263e-08,4.28119639147e-08
184.076810128,2.613304e-08,2.613304e-08,3.6957699594e-08
185.139496723,2.255951e-08,2.255951e-08,3.19039650025e-08
186.208318273,1.947463e-08,1.947463e-08,2.75412858682e-08
187.283310195,4.237516e-08,4.237516e-08,5.99275259797e-08
188.36450811,9.220478e-08,9.220478e-08,1.30397250392e-07
189.451947847,2.006298e-07,2.006298e-07,2.83733384176e-07
190.545665439,4.365539e-07,4.365539e-07,6.17380446087e-07
191.645697129,6.902582e-07,6.902582e-07,9.76172507979e-07
192.752079368,1.091403e-06,1.091403e-06,1.54347692461e-06
193.86484882,1.725674e-06,1.725674e-06,2.44047157503e-06
194.984042357,2.728553e-06,2.728553e-06,3.85875665825e-06
196.109697066,3.113445e-06,3.113445e-06,4.4030761447e-06
197.241850248,3.55263e-06,3.55263e-06,5.02417752809e-06
198.38053942,4.053767e-06,4.053767e-06,5.7328922701e-06
199.525802313,4.625597e-06,4.625597e-06,6.54158201147e-06
200.677676878,3.983932e-06,3.983932e-06,5.63413066597e-06
201.836201285,3.43128e-06,3.43128e-06,4.8525627123e-06
203.001413923,2.955291e-06,2.955291e-06,4.17941261296e-06
204.173353405,2.545333e-06,2.545333e-06,3.59964444936e-06
205.352058565,1.433632e-06,1.433632e-06,2.02746181785e-06
206.537568461,8.07478e-07,8.07478e-07,1.14194633892e-06
207.729922378,4.548035e-07,4.548035e-07,6.43189277915e-07
208.929159826,2.561632e-07,2.561632e-07,3.62269471621e-07
210.135320544,3.374067e-07,3.374067e-07,4.77165131176e-07
211.348444502,4.444171e-07,4.444171e-07,6.28500690171e-07
212.568571898,5.853664e-07,5.853664e-07,8.27833101838e-07
213.795743164,7.710188e-07,7.710188e-07,1.0903852438e-06
215.029998963,5.499223e-07,5.499223e-07,7.77707574911e-07
216.271380197,3.922273e-07,3.922273e-07,5.54693167193e-07
217.519927999,2.797527e-07,2.797527e-07,3.9563006245e-07
218.775683744,1.995311e-07,1.995311e-07,2.82179587735e-07
220.038689043,1.566366e-07,1.566366e-07,2.21517604084e-07
221.308985748,1.229635e-07,1.229635e-07,1.73896649377e-07
222.586615953,9.65292e-08,9.65292e-08,1.36512903805e-07
223.871621995,7.577773e-08,7.577773e-08,1.07165893492e-07
225.164046454,1.035384e-07,1.035384e-07,1.46425409506e-07
226.463932159,1.41469e-07,1.41469e-07,2.00067378455e-07
227.771322182,1.932952e-07,1.932952e-07,2.73360693382e-07
229.086259848,2.641077e-07,2.641077e-07,3.73504691267e-07
230.408788728,3.688482e-07,3.688482e-07,5.21630126897e-07
231.738952648,5.15127e-07,5.15127e-07,7.28499589745e-07
233.076795685,7.194175e-07,7.194175e-07,1.01740998551e-06
234.422362171,1.004726e-06,1.004726e-06,1.42089713567e-06
235.775696694,9.242156e-07,9.242156e-07,1.30703823608e-06
237.136844099,8.501565e-07,8.501565e-07,1.20230285244e-06
238.505849491,7.82032e-07,7.82032e-07,1.10596026061e-06
239.882758234,7.193664e-07,7.193664e-07,1.0173377192e-06
241.267615955,5.561269e-07,5.561269e-07,7.86482204381e-07
242.660468543,4.299299e-07,4.299299e-07,6.0801269545e-07
244.061362154,3.323697e-07,3.323697e-07,4.70041737462e-07
245.470343209,2.569479e-07,2.569479e-07,3.63379205003e-07
246.887458397,3.110858e-07,3.110858e-07,4.39941757422e-07
248.312754677,3.766302e-07,3.766302e-07,5.32635536839e-07
249.746279278,4.559846e-07,4.559846e-07,6.44859605553e-07
251.188079705,5.520588e-07,5.520588e-07,7.80729042187e-07
252.638203732,5.639428e-07,5.639428e-07,7.97535556163e-07
254.096699414,5.760825e-07,5.760825e-07,8.14703684546e-07
255.56361508,5.884835e-07,5.884835e-07,8.32241346933e-07
257.038999339,6.011514e-07,6.011514e-07,8.5015646292e-07
258.522901081,4.929822e-07,4.929822e-07,6.97182113249e-07
260.015369477,4.042765e-07,4.042765e-07,5.71733309249e-07
261.516453985,3.315323e-07,3.315323e-07,4.68857475025e-07
263.026204344,2.718774e-07,2.718774e-07,3.84492706383e-07
264.544670583,3.058952e-07,3.058952e-07,4.32601140505e-07
266.071903021,3.441693e-07,3.441693e-07,4.86728891812e-07
267.607952264,3.872324e-07,3.872324e-07,5.4762931187e-07
269.152869212,4.356835e-07,4.356835e-07,6.16149514602e-07
270.70670506,3.396884e-07,3.396884e-07,4.80391942261e-07
272.269511296,2.648441e-07,2.648441e-07,3.74546118134e-07
273.841339708,2.064904e-07,2.064904e-07,2.9202152418e-07
275.42224238,1.609938e-07,1.609938e-07,2.27679615418e-07
277.0122717,1.098936e-07,1.098936e-07,1.55413019538e-07
278.611480355,7.501283e-08,7.501283e-08,1.06084161538e-07
280.219921339,5.120339e-08,5.120339e-08,7.24125285775e-08
281.83764795,3.495118e-08,3.495118e-08,4.94284327769e-08
283.464713795,4.584213e-08,4.584213e-08,6.48305619741e-08
285.10117279,6.012674e-08,6.012674e-08,8.50320511693e-08
286.747079163,7.88625e-08,7.88625e-08,1.11528417063e-07
288.402487452,1.034365e-07,1.034365e-07,1.46281301144e-07
290.067452514,1.283826e-07,1.283826e-07,1.81560414093e-07
291.74202952,1.593451e-07,1.593451e-07,2.25348001518e-07
293.426273962,1.977749e-07,1.977749e-07,2.79695945877e-07
295.120241648,2.45473e-07,2.45473e-07,3.47151245796e-07
296.823988713,1.725805e-07,1.725805e-07,2.44065683701e-07
298.537571612,1.213332e-07,1.213332e-07,1.71591057006e-07
300.26104713,8.530362e-08,8.530362e-08,1.20637536324e-07
301.994472377,5.997296e-08,5.997296e-08,8.48145734077e-08
303.737904793,5.093555e-08,5.093555e-08,7.20337456169e-08
305.49140215,4.326e-08,4.326e-08,6.11788787083e-08
307.255022553,3.674109e-08,3.674109e-08,5.19597477744e-08
309.028824445,3.120453e-08,3.120453e-08,4.41298695335e-08
310.812866602,2.442088e-08,2.442088e-08,3.45363397011e-08
312.607208143,1.911195e-08,1.911195e-08,2.70283788934e-08
314.411908526,1.495714e-08,1.495714e-08,2.11525902423e-08
316.227027554,1.170556e-08,1.170556e-08,1.65541617072e-08
318.052625375,1.660652e-08,1.660652e-08,2.34851658078e-08
319.888762483,2.355945e-08,2.355945e-08,3.33180937121e-08
321.735499721,3.342348e-08,3.342348e-08,4.72679387177e-08
323.592898286,4.741746e-08,4.741746e-08,6.70584150253e-08
325.461019725,4.410965e-08,4.410965e-08,6.23804652615e-08
327.339925943,4.10326e-08,4.10326e-08,5.80288594194e-08
329.2296792,3.81702e-08,3.81702e-08,5.39808145185e-08
331.130342118,3.550748e-08,3.550748e-08,5.02151597817e-08
333.041977678,3.494081e-08,3.494081e-08,4.94137673823e-08
334.964649226,3.438319e-08,3.438319e-08,4.86251736157e-08
336.898420474,3.383447e-08,3.383447e-08,4.78491663497e-08
338.8433555,3.32945e-08,3.32945e-08,4.70855334524e-08
340.799518754,2.954806e-08,2.954806e-08,4.17872671938e-08
342.766975058,2.62232e-08,2.62232e-08,3.70852050888e-08
344.745789606,2.327246e-08,2.327246e-08,3.29122285618e-08
346.73602797,2.065375e-08,2.065375e-08,2.92088133639e-08
348.737756102,2.468891e-08,2.468891e-08,3.49153913622e-08
350.751040331,2.951242e-08,2.951242e-08,4.17368646225e-08
352.775947373,3.527831e-08,3.527831e-08,4.98910644596e-08
354.812544325,4.21707e-08,4.21707e-08,5.96383758748e-08
356.860898676,3.675898e-08,3.675898e-08,5.1985048055e-08
358.9210783,3.204173e-08,3.204173e-08,4.53138491279e-08
360.993151467,2.792984e-08,2.792984e-08,3.94987585229e-08
363.077186837,2.434562e-08,2.434562e-08,3.44299059884e-08
365.173253471,3.684202e-08,3.684202e-08,5.21024843492e-08
367.281420824,5.57527e-08,5.57527e-08,7.88462244789e-08
369.401758755,8.437007e-08,8.437007e-08,1.19317297252e-07
371.534337526,1.276765e-07,1.276765e-07,1.80561837896e-07
373.679227803,1.288536e-07,1.288536e-07,1.82226508681e-07
375.836500662,1.300415e-07,1.300415e-07,1.83906452971e-07
378.006227589,1.312404e-07,1.312404e-07,1.85601953611e-07
380.18848048,1.324503e-07,1.324503e-07,1.873130106e-07
382.38333165,1.650091e-07,1.650091e-07,2.33358107135e-07
384.590853829,2.055714e-07,2.055714e-07,2.90721861916e-07
386.811120167,2.561048e-07,2.561048e-07,3.62186881549e-07
389.044204238,3.190603e-07,3.190603e-07,4.51219403475e-07
391.290180039,2.37795e-07,2.37795e-07,3.36292914065e-07
393.549121994,1.772281e-07,1.772281e-07,2.50638382654e-07
395.821104958,1.320878e-07,1.320878e-07,1.86800358184e-07
398.106204217,9.844477e-08,9.844477e-08,1.39221928879e-07
400.404495494,9.068587e-08,9.068587e-08,1.2824918727e-07
402.716054945,8.353849e-08,8.353849e-08,1.18141265538e-07
405.04095917,7.695444e-08,7.695444e-08,1.08830012733e-07
407.379285207,7.088927e-08,7.088927e-08,1.00252567061e-07
409.731110543,1.071643e-07,1.071643e-07,1.51553206462e-07
412.096513109,1.620017e-07,1.620017e-07,2.29105001267e-07
414.475571287,2.449003e-07,2.449003e-07,3.46341325689e-07
416.868363913,3.702193e-07,3.702193e-07,5.23569155112e-07
419.274970276,3.263543e-07,3.263543e-07,4.61534677199e-07
421.695470124,2.876866e-07,2.876866e-07,4.06850291433e-07
424.129943664,2.536004e-07,2.536004e-07,3.58645125103e-07
426.578471567,2.235529e-07,2.235529e-07,3.16151543088e-07
429.041134971,1.831513e-07,1.831513e-07,2.59015052426e-07
431.51801548,1.500513e-07,1.500513e-07,2.12204583512e-07
434.00919517,1.229333e-07,1.229333e-07,1.73853940127e-07
436.514756592,1.007161e-07,1.007161e-07,1.42434074569e-07
439.034782772,1.20337e-07,1.20337e-07,1.70182217455e-07
441.569357216,1.437802e-07,1.437802e-07,2.03335908841e-07
444.118563912,1.717904e-07,1.717904e-07,2.42948313565e-07
446.682487334,2.052574e-07,2.052574e-07,2.90277798857e-07
449.26121244,2.042099e-07,2.042099e-07,2.88796410151e-07
451.854824684,2.031677e-07,2.031677e-07,2.87322516776e-07
454.463410008,2.021309e-07,2.021309e-07,2.85856260155e-07
457.087054853,2.010993e-07,2.010993e-07,2.84397357444e-07
459.72584616,1.984165e-07,1.984165e-07,2.80603305299e-07
462.379871368,1.957694e-07,1.957694e-07,2.76859740578e-07
465.049218426,1.931576e-07,1.931576e-07,2.73166097595e-07
467.733975785,1.905807e-07,1.905807e-07,2.69521810667e-07
470.434232413,4.704065e-07,4.704065e-07,6.65255252128e-07
473.150077785,1.161095e-06,1.161095e-06,1.6420362962e-06
475.881601898,2.865908e-06,2.865908e-06,4.05300596211e-06
478.628895265,7.073867e-06,7.073867e-06,1.00039586498e-05
481.392048923,5.175456e-06,5.175456e-06,7.31920006667e-06
484.171154435,3.786521e-06,3.786521e-06,5.35494935241e-06
486.966303892,2.770333e-06,2.770333e-06,3.91784250089e-06
489.777589916,2.026859e-06,2.026859e-06,2.86641148682e-06
492.605105665,2.752932e-06,2.752932e-06,3.89323377069e-06
495.448944835,3.739102e-06,3.739102e-06,5.2878887595e-06
498.30920166,5.078543e-06,5.078543e-06,7.18214438769e-06
501.185970921,6.897807e-06,6.897807e-06,9.75497221003e-06
504.079347946,4.891165e-06,4.891165e-06,6.9171518788e-06
506.989428613,3.468276e-06,3.468276e-06,4.90488295725e-06
509.916309351,2.459319e-06,2.459319e-06,3.478002284e-06
512.86008715,1.743879e-06,1.743879e-06,2.46621733294e-06
515.820859556,6.073145e-07,6.073145e-07,8.58872402526e-07
518.798724681,2.115003e-07,2.115003e-07,2.99106592706e-07
521.793781203,7.365607e-08,7.365607e-08,1.04165413145e-07
524.806128367,2.565109e-08,2.565109e-08,3.62761193677e-08
527.835865994,3.51937e-08,3.51937e-08,4.97714078501e-08
530.883094481,4.82863e-08,4.82863e-08,6.82871403368e-08
533.947914803,6.624955e-08,6.624955e-08,9.36910121111e-08
537.030428518,9.089543e-08,9.089543e-08,1.28545549864e-07
540.130737772,1.365664e-07,1.365664e-07,1.93134055044e-07
543.248945299,2.05185e-07,2.05185e-07,2.90175409796e-07
546.385154428,3.082815e-07,3.082815e-07,4.35975878329e-07
549.539469082,4.631796e-07,4.631796e-07,6.55034872135e-07
552.711993787,6.989894e-07,6.989894e-07,9.88520289435e-07
555.902833669,1.054853e-06,1.054853e-06,1.49178741891e-06
559.112094463,1.59189e-06,1.59189e-06,2.25127242781e-06
562.339882514,2.402338e-06,2.402338e-06,3.397418981e-06
565.586304782,1.272881e-06,1.272881e-06,1.80012557349e-06
568.851468843,6.744376e-07,6.744376e-07,9.53798800894e-07
572.135482894,3.573515e-07,3.573515e-07,5.05371337834e-07
575.438455757,1.89343e-07,1.89343e-07,2.6777143854e-07
578.760496883,2.095115e-07,2.095115e-07,2.96294004773e-07
582.101716354,2.318283e-07,2.318283e-07,3.27854726002e-07
585.462224888,2.565222e-07,2.565222e-07,3.6277717429e-07
588.842133841,2.838465e-07,2.838465e-07,4.01419569932e-07
592.241555215,1.691943e-07,1.691943e-07,2.39276873736e-07
595.660601653,1.008529e-07,1.008529e-07,1.42627538985e-07
599.099386455,6.011606e-08,6.011606e-08,8.50169473684e-08
602.55802357,3.583378e-08,3.583378e-08,5.06766176671e-08
606.036627607,2.380621e-08,2.380621e-08,3.36670650507e-08
609.535313836,1.581568e-08,1.581568e-08,2.23667491542e-08
613.054198193,1.050717e-08,1.050717e-08,1.48593823162e-08
616.593397283,6.980445e-09,6.980445e-09,9.8718399904e-09
620.153028384,8.280725e-09,8.280725e-09,1.17107136013e-08
623.733209451,9.823216e-09,9.823216e-09,1.38921252933e-08
627.334059121,1.165303e-08,1.165303e-08,1.64798730687e-08
630.955696715,1.38237e-08,1.38237e-08,1.95496640222e-08
634.598242242,1.277181e-08,1.277181e-08,1.80620669181e-08
638.261816405,1.179997e-08,1.179997e-08,1.66876776096e-08
641.946540605,1.090207e-08,1.090207e-08,1.54178552519e-08
645.652536941,1.00725e-08,1.00725e-08,1.4244666107e-08
649.379928219,5.740551e-09,5.740551e-09,8.11836507969e-09
653.128837952,3.271674e-09,3.271674e-09,4.62684574246e-09
656.89939037,1.864604e-09,1.864604e-09,2.63694826526e-09
660.691710415,1.062681e-09,1.062681e-09,1.50285788268e-09
664.505923754,1.464277e-09,1.464277e-09,2.07080039247e-09
668.342156778,2.01764e-09,2.01764e-09,2.85337385199e-09
672.200536608,2.780124e-09,2.780124e-09,3.93168906588e-09
676.081191098,3.830757e-09,3.830757e-09,5.41750850356e-09
679.984248843,3.315833e-09,3.315833e-09,4.68929599916e-09
683.909839177,2.870124e-09,2.870124e-09,4.05896828649e-09
687.858092182,2.484327e-09,2.484327e-09,3.51336893677e-09
691.829138692,2.150387e-09,2.150387e-09,3.04110645975e-09
695.823110294,2.543612e-09,2.543612e-09,3.59721058781e-09
699.840139336,3.008743e-09,3.008743e-09,4.2550051563e-09
703.880358931,3.558928e-09,3.558928e-09,5.03308424511e-09
707.943902959,4.209722e-09,4.209722e-09,5.95344594622e-09
712.030906073,3.954035e-09,3.954035e-09,5.5918499231e-09
716.141503704,3.713878e-09,3.713878e-09,5.2522166366e-09
720.275832064,3.488307e-09,3.488307e-09,4.93321106912e-09
724.434028153,3.276436e-09,3.276436e-09,4.63358022745e-09
728.616229761,4.638101e-09,4.638101e-09,6.55926533786e-09
732.822575472,6.565667e-09,6.565667e-09,9.28525531743e-09
737.053204672,9.294316e-09,9.294316e-09,1.31441477402e-08
741.308257551,1.315697e-08,1.315697e-08,1.86067654137e-08
745.587875109,9.778583e-09,9.778583e-09,1.38290046994e-08
749.892199159,7.267682e-09,7.267682e-09,1.02780544514e-08
754.221372332,5.401518e-09,5.401518e-09,7.638900013e-09
758.575538085,4.014541e-09,4.014541e-09,5.6774183289e-09
762.954840701,5.165513e-09,5.165513e-09,7.30513854121e-09
767.359425297,6.646471e-09,6.646471e-09,9.39952943012e-09
771.789437827,8.552021e-09,8.552021e-09,1.20943840839e-08
776.245025089,1.100389e-08,1.100389e-08,1.55618504769e-08
780.726334726,1.381682e-08,1.381682e-08,1.95399342329e-08
785.233515235,1.734881e-08,1.734881e-08,2.4534922393e-08
789.766715971,2.178368e-08,2.178368e-08,3.08067756944e-08
794.32608715,2.735224e-08,2.735224e-08,3.86819087693e-08
798.911779856,2.116366e-08,2.116366e-08,2.99299350015e-08
803.523946043,1.637528e-08,1.637528e-08,2.31581430637e-08
808.162738546,1.267029e-08,1.267029e-08,1.79184959572e-08
812.82831108,9.803575e-09,9.803575e-09,1.38643487247e-08
817.520818247,2.368422e-08,2.368422e-08,3.34945451382e-08
822.240415543,5.721814e-08,5.721814e-08,8.09186696018e-08
826.98725936,1.382319e-07,1.382319e-07,1.95489427733e-07
831.761506995,3.339512e-07,3.339512e-07,4.72278316211e-07
836.563316651,3.141138e-07,3.141138e-07,4.44223996089e-07
841.392847445,2.954549e-07,2.954549e-07,4.1783632665e-07
846.250259414,2.779043e-07,2.779043e-07,3.93016030102e-07
851.135713517,2.613962e-07,2.613962e-07,3.69670051193e-07
856.049371643,2.513872e-07,2.513872e-07,3.55515187647e-07
860.991396616,2.417614e-07,2.417614e-07,3.41902250738e-07
865.961952199,2.325042e-07,2.325042e-07,3.28810592949e-07
870.9612031,2.236015e-07,2.236015e-07,3.16220273867e-07
875.989314981,1.965973e-07,1.965973e-07,2.78030567986e-07
881.046454456,1.728543e-07,1.728543e-07,2.44452895375e-07
886.132789105,1.519787e-07,1.519787e-07,2.14930338732e-07
891.248487472,1.336244e-07,1.336244e-07,1.88973438744e-07
896.393719077,1.250324e-07,1.250324e-07,1.76822515816e-07
901.568654415,1.169928e-07,1.169928e-07,1.6545280446e-07
906.77346497,1.094702e-07,1.094702e-07,1.54814241516e-07
912.008323211,1.024313e-07,1.024313e-07,1.44859733672e-07
917.273402607,7.094762e-08,7.094762e-08,1.00335086422e-07
922.568877626,4.914088e-08,4.914088e-08,6.94956989629e-08
927.894923743,3.403674e-08,3.403674e-08,4.8135219327e-08
933.251717448,2.357508e-08,2.357508e-08,3.334019787e-08
938.639436248,1.291106e-08,1.291106e-08,1.82589961566e-08
944.058258676,7.070835e-09,7.070835e-09,9.9996707543e-09
949.508364294,3.872393e-09,3.872393e-09,5.47639069944e-09
954.989933703,2.120743e-09,2.120743e-09,2.99918351291e-09
960.503148545,2.242968e-09,2.242968e-09,3.17203576557e-09
966.04819151,2.372238e-09,2.372238e-09,3.35485115278e-09
971.625246345,2.508958e-09,2.508958e-09,3.54820243102e-09
977.234497856,2.653557e-09,2.653557e-09,3.75269629793e-09
982.876131917,2.662231e-09,2.662231e-09,3.76496318637e-09
988.550335473,2.670933e-09,2.670933e-09,3.77726967279e-09
994.257296551,2.679664e-09,2.679664e-09,3.7896171714e-09
999.997204261,2.688423e-09,2.688423e-09,3.802004268e-09
