#I+1.668000E+03
+1.000000E+00
+8.010000E+02
+8.010000E+02
+1.000000E+01
+2.000000E+00
+3.000000E+00
+0.000000E+00
+1.000000E+00
+2.000000E+00
+5.000000E+00
+1.000000E+00
+2.497000E+03
-1.092400E+04
+2.025600E+04
-1.299100E+04
-1.119200E+04
+0.000000E+00
+0.000000E+00
+0.000000E+00
+0.000000E+00
+0.000000E+00
+0.000000E+00
+0.000000E+00
+0.000000E+00
+0.000000E+00
+0.000000E+00
+0.000000E+00
+0.000000E+00
+0.000000E+00
+0.000000E+00
+0.000000E+00
+0.000000E+00
+0.000000E+00
+0.000000E+00
+0.000000E+00
+1.000000E+00
+1.000000E+00
+1.000000E+00
+0.000000E+00
+0.000000E+00
+1.000000E+00
+0.000000E+00
+1.000000E+00
+2.000000E+00
+3.000000E+00
+4.500000E+01
+4.500000E+01
+0.000000E+00
+0.000000E+00
+2.000000E+00
+0.000000E+00
+0.000000E+00
+0.000000E+00
+0.000000E+00
+0.000000E+00
+2.499999E-03
+2.511881E+00
+0.000000E+00
+0.000000E+00
+0.000000E+00
+1.000000E+00
+1.000000E+00
+0.000000E+00
+0.000000E+00
+9.9999904632568339E+00
+9.9999904632568339E+00
+8.303245E-01
-4.025372E-02
+8.334325E-01
-3.739118E-02
+8.365415E-01
-3.450716E-02
+8.396507E-01
-3.160160E-02
+8.427611E-01
-2.867442E-02
+8.456458E-01
-2.661869E-02
+8.485349E-01
-2.454874E-02
+8.514284E-01
-2.246451E-02
+8.543270E-01
-2.036594E-02
+8.551494E-01
-2.106330E-02
+8.559714E-01
-2.176198E-02
+8.567942E-01
-2.246200E-02
+8.576175E-01
-2.316337E-02
+8.604249E-01
-2.165918E-02
+8.632382E-01
-2.014497E-02
+8.660580E-01
-1.862068E-02
+8.688832E-01
-1.708629E-02
+8.703765E-01
-1.773943E-02
+8.718716E-01
-1.839476E-02
+8.733688E-01
-1.905230E-02
+8.748676E-01
-1.971204E-02
+8.774560E-01
-1.944451E-02
+8.800522E-01
-1.917522E-02
+8.826559E-01
-1.890418E-02
+8.852678E-01
-1.863137E-02
+8.875516E-01
-1.777313E-02
+8.898405E-01
-1.691037E-02
+8.921345E-01
-1.604306E-02
+8.944326E-01
-1.517117E-02
+8.953270E-01
-1.525655E-02
+8.962224E-01
-1.534209E-02
+8.971189E-01
-1.542778E-02
+8.980177E-01
-1.551366E-02
+8.991970E-01
-1.574171E-02
+9.003776E-01
-1.597034E-02
+9.015599E-01
-1.619953E-02
+9.027439E-01
-1.642932E-02
+9.044956E-01
-1.545847E-02
+9.062498E-01
-1.448381E-02
+9.080063E-01
-1.350534E-02
+9.097649E-01
-1.252303E-02
+9.106625E-01
-1.282656E-02
+9.115611E-01
-1.313069E-02
+9.124604E-01
-1.343540E-02
+9.133612E-01
-1.374071E-02
+9.154440E-01
-1.341892E-02
+9.175316E-01
-1.309559E-02
+9.196235E-01
-1.277071E-02
+9.217208E-01
-1.244430E-02
+9.223574E-01
-1.160376E-02
+9.229935E-01
-1.076206E-02
+9.236291E-01
-9.919213E-03
+9.242648E-01
-9.075208E-03
+9.245799E-01
-9.337446E-03
+9.248949E-01
-9.599866E-03
+9.252101E-01
-9.862466E-03
+9.255258E-01
-1.012525E-02
+9.279462E-01
-9.307148E-03
+9.303723E-01
-8.484712E-03
+9.328040E-01
-7.657916E-03
+9.352411E-01
-6.826746E-03
+9.358145E-01
-6.607355E-03
+9.363881E-01
-6.387691E-03
+9.369620E-01
-6.167755E-03
+9.375363E-01
-5.947550E-03
+9.387485E-01
-4.837911E-03
+9.399608E-01
-3.725399E-03
+9.411732E-01
-2.610014E-03
+9.423858E-01
-1.491749E-03
+9.465035E-01
+1.749709E-03
+9.506281E-01
+5.019504E-03
+9.547595E-01
+8.317785E-03
+9.588972E-01
+1.164469E-02
+9.668752E-01
+1.669939E-02
+9.748937E-01
+2.183770E-02
+9.829532E-01
+2.706054E-02
+9.910525E-01
+3.236880E-02
+9.932996E-01
+2.132993E-02
+9.954272E-01
+1.024489E-02
+9.974347E-01
-8.850571E-04
+9.993218E-01
-1.205866E-02
+1.012196E+00
-1.385151E-02
+1.025233E+00
-1.568857E-02
+1.038436E+00
-1.757071E-02
+1.051806E+00
-1.949876E-02
+1.048631E+00
-2.304636E-02
+1.045455E+00
-2.657259E-02
+1.042275E+00
-3.007752E-02
+1.039093E+00
-3.356119E-02
+1.041298E+00
-4.112764E-02
+1.043453E+00
-4.872779E-02
+1.045559E+00
-5.636135E-02
+1.047615E+00
-6.402810E-02
+1.051243E+00
-6.283624E-02
+1.054881E+00
-6.163546E-02
+1.058529E+00
-6.042575E-02
+1.062188E+00
-5.920707E-02
+1.065730E+00
-6.264244E-02
+1.069275E+00
-6.610061E-02
+1.072820E+00
-6.958164E-02
+1.076368E+00
-7.308565E-02
+1.080441E+00
-7.307114E-02
+1.084529E+00
-7.305549E-02
+1.088631E+00
-7.303868E-02
+1.092751E+00
-7.302071E-02
+1.095838E+00
-7.363553E-02
+1.098933E+00
-7.425331E-02
+1.102038E+00
-7.487394E-02
+1.105151E+00
-7.549761E-02
+1.106316E+00
-7.714869E-02
+1.107479E+00
-7.880332E-02
+1.108641E+00
-8.046149E-02
+1.109802E+00
-8.212318E-02
+1.113477E+00
-8.304991E-02
+1.117164E+00
-8.398189E-02
+1.120862E+00
-8.491917E-02
+1.124572E+00
-8.586179E-02
+1.126809E+00
-8.792035E-02
+1.129047E+00
-8.998702E-02
+1.131286E+00
-9.206177E-02
+1.133528E+00
-9.414472E-02
+1.135261E+00
-9.410669E-02
+1.136997E+00
-9.406836E-02
+1.138736E+00
-9.402968E-02
+1.140478E+00
-9.399076E-02
+1.145360E+00
-9.696107E-02
+1.150258E+00
-9.995557E-02
+1.155170E+00
-1.029744E-01
+1.160098E+00
-1.060178E-01
+1.161498E+00
-1.081242E-01
+1.162895E+00
-1.102360E-01
+1.164292E+00
-1.123530E-01
+1.165685E+00
-1.144752E-01
+1.166779E+00
-1.193260E-01
+1.167854E+00
-1.241876E-01
+1.168911E+00
-1.290601E-01
+1.169950E+00
-1.339433E-01
+1.170852E+00
-1.324921E-01
+1.171754E+00
-1.310386E-01
+1.172654E+00
-1.295832E-01
+1.173553E+00
-1.281256E-01
+1.173454E+00
-1.293385E-01
+1.173352E+00
-1.305514E-01
+1.173249E+00
-1.317642E-01
+1.173145E+00
-1.329769E-01
+1.176104E+00
-1.306683E-01
+1.179064E+00
-1.283478E-01
+1.182026E+00
-1.260155E-01
+1.184990E+00
-1.236714E-01
+1.190878E+00
-1.198356E-01
+1.196779E+00
-1.159604E-01
+1.202692E+00
-1.120455E-01
+1.208617E+00
-1.080905E-01
+1.215910E+00
-1.083442E-01
+1.223246E+00
-1.085969E-01
+1.230627E+00
-1.088489E-01
+1.238052E+00
-1.090999E-01
+1.246082E+00
-1.078276E-01
+1.254161E+00
-1.065346E-01
+1.262289E+00
-1.052205E-01
+1.270467E+00
-1.038852E-01
+1.280637E+00
-1.049088E-01
+1.290889E+00
-1.059422E-01
+1.301223E+00
-1.069853E-01
+1.311641E+00
-1.080385E-01
+1.327667E+00
-1.068243E-01
+1.343884E+00
-1.055647E-01
+1.360294E+00
-1.042587E-01
+1.376899E+00
-1.029055E-01
+1.400234E+00
-1.010122E-01
+1.423956E+00
-9.902592E-02
+1.448070E+00
-9.694402E-02
+1.472584E+00
-9.476401E-02
+1.585952E+00
-2.449841E-02
+1.703981E+00
+5.688599E-02
+1.826428E+00
+1.504520E-01
+1.952979E+00
+2.573282E-01
+1.472736E+00
-3.958392E-01
+9.354530E-01
-7.202595E-01
+4.549895E-01
-7.926983E-01
+8.996250E-02
-7.018441E-01
+2.978368E-01
-7.482661E-01
+5.401426E-01
-7.406031E-01
+8.050977E-01
-6.635698E-01
+1.075386E+00
-5.036503E-01
+1.083990E+00
-4.823214E-01
+1.092172E+00
-4.608487E-01
+1.099931E+00
-4.392406E-01
+1.107263E+00
-4.175048E-01
+1.123427E+00
-3.987464E-01
+1.139338E+00
-3.795355E-01
+1.154987E+00
-3.598740E-01
+1.170359E+00
-3.397630E-01
+1.175195E+00
-3.308846E-01
+1.179969E+00
-3.219514E-01
+1.184677E+00
-3.129635E-01
+1.189322E+00
-3.039216E-01
+1.212495E+00
-2.877430E-01
+1.235735E+00
-2.709172E-01
+1.259030E+00
-2.534329E-01
+1.282370E+00
-2.352795E-01
+1.285783E+00
-2.336181E-01
+1.289201E+00
-2.319469E-01
+1.292625E+00
-2.302659E-01
+1.296053E+00
-2.285749E-01
+1.343992E+00
-2.952973E-01
+1.391164E+00
-3.670910E-01
+1.437312E+00
-4.441491E-01
+1.482164E+00
-5.266622E-01
+1.420209E+00
-5.965556E-01
+1.355784E+00
-6.614837E-01
+1.289216E+00
-7.214209E-01
+1.220828E+00
-7.763602E-01
+1.166661E+00
-6.457998E-01
+1.109508E+00
-5.287234E-01
+1.050367E+00
-4.242191E-01
+9.900979E-01
-3.313923E-01
+1.012220E+00
-3.036010E-01
+1.033711E+00
-2.747789E-01
+1.054530E+00
-2.449342E-01
+1.074638E+00
-2.140763E-01
+1.100255E+00
-2.015597E-01
+1.126204E+00
-1.883801E-01
+1.152483E+00
-1.745186E-01
+1.179087E+00
-1.599558E-01
+1.192523E+00
-1.546340E-01
+1.206069E+00
-1.491759E-01
+1.219727E+00
-1.435795E-01
+1.233496E+00
-1.378424E-01
+1.246866E+00
-1.335278E-01
+1.260354E+00
-1.291065E-01
+1.273962E+00
-1.245768E-01
+1.287688E+00
-1.199371E-01
+1.294440E+00
-1.154975E-01
+1.301209E+00
-1.110098E-01
+1.307993E+00
-1.064738E-01
+1.314791E+00
-1.018891E-01
+1.320366E+00
-9.408613E-02
+1.325913E+00
-8.621909E-02
+1.331432E+00
-7.828791E-02
+1.336921E+00
-7.029258E-02
+1.341659E+00
-7.061718E-02
+1.346413E+00
-7.094322E-02
+1.351184E+00
-7.127072E-02
+1.355973E+00
-7.159965E-02
+1.358196E+00
-6.865351E-02
+1.360416E+00
-6.569789E-02
+1.362633E+00
-6.273274E-02
+1.364846E+00
-5.975812E-02
+1.368461E+00
-5.734248E-02
+1.372081E+00
-5.491384E-02
+1.375705E+00
-5.247214E-02
+1.379334E+00
-5.001739E-02
+1.379330E+00
-4.979456E-02
+1.379326E+00
-4.957175E-02
+1.379322E+00
-4.934893E-02
+1.379318E+00
-4.912613E-02
+1.381476E+00
-4.983933E-02
+1.383637E+00
-5.055466E-02
+1.385801E+00
-5.127213E-02
+1.387967E+00
-5.199169E-02
+1.385382E+00
-5.065373E-02
+1.382800E+00
-4.932062E-02
+1.380223E+00
-4.799231E-02
+1.377649E+00
-4.666886E-02
+1.360143E+00
-5.088855E-02
+1.342843E+00
-5.499401E-02
+1.325747E+00
-5.898743E-02
+1.308851E+00
-6.287090E-02
+1.290416E+00
-6.946634E-02
+1.272198E+00
-7.586555E-02
+1.254196E+00
-8.207254E-02
+1.236405E+00
-8.809106E-02
+1.226411E+00
-1.176539E-01
+1.215759E+00
-1.467856E-01
+1.204465E+00
-1.754729E-01
+1.192544E+00
-2.037029E-01
+1.219483E+00
-2.093814E-01
+1.247029E+00
-2.152126E-01
+1.275196E+00
-2.212007E-01
+1.303999E+00
-2.273497E-01
+1.352531E+00
-2.231844E-01
+1.402751E+00
-2.184149E-01
+1.454713E+00
-2.130036E-01
+1.508473E+00
-2.069116E-01
+1.527420E+00
-1.874983E-01
+1.546290E+00
-1.676079E-01
+1.565075E+00
-1.472366E-01
+1.583766E+00
-1.263802E-01
+1.583716E+00
-9.951021E-02
+1.583214E+00
-7.267801E-02
+1.582259E+00
-4.589123E-02
+1.580855E+00
-1.915733E-02
+1.560424E+00
-4.944810E-03
+1.540134E+00
+8.902052E-03
+1.519985E+00
+2.238926E-02
+1.499980E+00
+3.552275E-02
+1.532321E+00
+3.577287E-02
+1.565359E+00
+3.601726E-02
+1.599110E+00
+3.625558E-02
+1.633588E+00
+3.648742E-02
+1.601351E+00
+4.252499E-02
+1.569722E+00
+4.831069E-02
+1.538690E+00
+5.385197E-02
+1.508246E+00
+5.915613E-02
+1.483183E+00
+5.818100E-02
+1.458537E+00
+5.722194E-02
+1.434300E+00
+5.627870E-02
+1.410466E+00
+5.535100E-02
+1.399573E+00
+4.920695E-02
+1.388742E+00
+4.315541E-02
+1.377971E+00
+3.719541E-02
+1.367262E+00
+3.132597E-02
+1.364887E+00
+2.974952E-02
+1.362514E+00
+2.817848E-02
+1.360144E+00
+2.661285E-02
+1.357776E+00
+2.505262E-02
+1.350550E+00
+2.407254E-02
+1.343363E+00
+2.310219E-02
+1.336214E+00
+2.214150E-02
+1.329102E+00
+2.119038E-02
+1.327867E+00
+2.085571E-02
+1.326633E+00
+2.052167E-02
+1.325401E+00
+2.018822E-02
+1.324169E+00
+1.985538E-02
+1.342934E+00
+1.171478E-02
+1.361911E+00
+3.340280E-03
+1.381102E+00
-5.272762E-03
+1.400508E+00
-1.412906E-02
+1.416333E+00
-1.990943E-02
+1.432316E+00
-2.581886E-02
+1.448456E+00
-3.185944E-02
+1.464754E+00
-3.803328E-02
+1.491561E+00
-4.582984E-02
+1.518825E+00
-5.389995E-02
+1.546552E+00
-6.225082E-02
+1.574750E+00
-7.088996E-02
+1.617240E+00
-7.733379E-02
+1.660864E+00
-8.407436E-02
+1.705651E+00
-9.112291E-02
+1.751632E+00
-9.849124E-02
+1.795146E+00
-8.350675E-02
+1.839567E+00
-6.772675E-02
+1.884911E+00
-5.112291E-02
+1.931190E+00
-3.366605E-02
+2.032547E+00
-5.691127E-02
+2.138984E+00
-8.250792E-02
+2.250744E+00
-1.106364E-01
+2.368078E+00
-1.414891E-01
+2.591452E+00
-3.856637E-02
+2.830208E+00
+8.469222E-02
+3.084758E+00
+2.308981E-01
+3.355423E+00
+4.029213E-01
+2.042183E+00
-9.987978E-01
+7.882510E-01
-1.310434E+00
-3.378504E-02
-1.028138E+00
-3.948436E-01
-5.682775E-01
-8.397926E-02
-8.469578E-01
+4.168651E-01
-9.602505E-01
+1.022802E+00
-7.821056E-01
+1.567160E+00
-2.279212E-01
+1.729600E+00
-2.405410E-01
+1.908801E+00
-2.533392E-01
+2.106485E+00
-2.662188E-01
+2.324550E+00
-2.790613E-01
+2.506411E+00
-2.093054E-01
+2.698942E+00
-1.273539E-01
+2.902454E+00
-3.189517E-02
+3.117233E+00
+7.849108E-02
+3.365888E+00
+5.602077E-02
+3.634114E+00
+2.947286E-02
+3.923430E+00
-1.657234E-03
+4.235467E+00
-3.792820E-02
+4.457995E+00
-1.179735E-01
+4.690778E+00
-2.063379E-01
+4.934197E+00
-3.036490E-01
+5.188659E+00
-4.105745E-01
+5.393205E+00
-6.120294E-01
+5.599242E+00
-8.292500E-01
+5.806272E+00
-1.062955E+00
+6.013749E+00
-1.313875E+00
+6.277806E+00
-1.556375E+00
+6.548037E+00
-1.818822E+00
+6.824166E+00
-2.102400E+00
+7.105874E+00
-2.408347E+00
+7.110732E+00
-2.679278E+00
+7.106439E+00
-2.953681E+00
+7.092765E+00
-3.231286E+00
+7.069484E+00
-3.511818E+00
+6.929858E+00
-3.391320E+00
+6.792695E+00
-3.274357E+00
+6.657956E+00
-3.160838E+00
+6.525609E+00
-3.050667E+00
+6.661643E+00
-2.830720E+00
+6.790404E+00
-2.605005E+00
+6.911654E+00
-2.373755E+00
+7.025165E+00
-2.137213E+00
+7.338521E+00
-2.011140E+00
+7.659467E+00
-1.871510E+00
+7.987885E+00
-1.717619E+00
+8.323625E+00
-1.548741E+00
+8.426447E+00
-1.604445E+00
+8.530382E+00
-1.661319E+00
+8.635439E+00
-1.719382E+00
+8.741628E+00
-1.778652E+00
+8.892717E+00
-1.578766E+00
+9.040579E+00
-1.372628E+00
+9.185011E+00
-1.160244E+00
+9.325823E+00
-9.416260E-01
+9.507894E+00
-8.160373E-01
+9.691324E+00
-6.854078E-01
+9.876051E+00
-5.496265E-01
+1.006203E+01
-4.085808E-01
+1.029439E+01
-3.655801E-01
+1.053184E+01
-3.203866E-01
+1.077448E+01
-2.729235E-01
+1.102244E+01
-2.231123E-01
+1.137699E+01
-3.712842E-01
+1.174115E+01
-5.287942E-01
+1.211510E+01
-6.960675E-01
+1.249903E+01
-8.735460E-01
+1.445126E+01
-3.564338E-01
+1.667443E+01
+3.411495E-01
+1.920044E+01
+1.260833E+00
+2.206396E+01
+2.452258E+00
+1.234850E+01
-6.822122E+00
+3.904730E+00
-8.070238E+00
-9.345805E-01
-5.620116E+00
-2.546791E+00
-2.573374E+00
-1.176776E+00
-3.704568E+00
+6.856621E-01
-4.116303E+00
+2.667183E+00
-3.599646E+00
+4.308801E+00
-2.137357E+00
+4.543572E+00
-3.105650E+00
+4.655984E+00
-4.240157E+00
+4.603368E+00
-5.543601E+00
+4.336947E+00
-7.012298E+00
+2.906275E+00
-8.597071E+00
+9.782139E-01
-9.940489E+00
-1.423126E+00
-1.090143E+01
-4.236798E+00
-1.133460E+01
-5.993283E+00
-1.100896E+01
-7.747415E+00
-1.041960E+01
-9.460795E+00
-9.560110E+00
-1.109310E+01
-8.429491E+00
-1.280413E+01
-9.400976E+00
-1.477291E+01
-1.047630E+01
-1.703745E+01
-1.166516E+01
-1.964129E+01
-1.297789E+01
-3.045706E+01
-1.510446E+01
-4.633561E+01
-1.622788E+01
-6.929127E+01
-1.501295E+01
-1.019732E+02
-9.187865E+00
-6.290607E+01
+4.031441E+01
-1.823838E+01
+5.138229E+01
+1.246699E+01
+3.778425E+01
+2.408896E+01
+1.620949E+01
+2.058580E+01
+1.253386E+01
+1.754242E+01
+9.617899E+00
+1.490893E+01
+7.314563E+00
+1.263840E+01
+5.503787E+00
+1.108720E+01
+4.455567E+00
+9.717150E+00
+3.585770E+00
+8.508486E+00
+2.866081E+00
+7.443368E+00
+2.272452E+00
+5.780389E+00
+1.325484E+00
+4.465234E+00
+6.954635E-01
+3.431574E+00
+2.875791E-01
+2.623869E+00
+3.334474E-02
+1.766736E+00
+1.716985E+00
+9.542383E-02
+2.310991E+00
-1.427195E+00
+1.636645E+00
-2.029486E+00
+1.938836E-01
-2.466282E+00
+3.465890E-01
-2.991076E+00
+5.566200E-01
-3.620153E+00
+8.413797E-01
-4.372453E+00
+1.222991E+00
-5.636306E+00
+1.859278E+00
-7.248509E+00
+2.765965E+00
-9.299387E+00
+4.046643E+00
-1.190066E+01
+5.842004E+00
-1.681658E+01
+1.592618E+01
-1.977877E+01
+3.530056E+01
-1.465656E+01
+6.915678E+01
+1.147285E+01
+1.229706E+02
+3.917059E+01
+5.812632E+01
+3.532391E+01
+1.829380E+01
+2.257086E+01
-4.989412E-01
+1.110607E+01
-6.389297E+00
+8.776769E+00
-9.984305E+00
+5.288384E+00
-1.273815E+01
+9.422182E-01
-1.427872E+01
-3.841515E+00
-1.434107E+01
-1.208889E+01
-1.481722E+01
-2.202874E+01
-1.101958E+01
-3.169896E+01
-1.307324E+00
-3.792786E+01
+1.521042E+01
-2.158916E+01
+2.419809E+01
-6.803863E+00
+2.481930E+01
+3.924283E+00
+2.004220E+01
+9.863344E+00
+1.286020E+01
+8.544733E+00
+9.571981E+00
+7.309972E+00
+7.053630E+00
+6.186761E+00
+5.138144E+00
+5.187140E+00
+3.692053E+00
+3.907082E+00
+3.130119E+00
+2.927310E+00
+2.631793E+00
+2.180428E+00
+2.196819E+00
+1.613540E+00
+1.821982E+00
-8.360265E-02
+2.058914E+00
-1.258788E+00
+1.208043E+00
-1.477190E+00
-8.164471E-04
-9.014314E-01
-8.670064E-01
-1.556891E+00
-9.531917E-01
-2.518266E+00
-8.704792E-01
-3.862750E+00
-4.510626E-01
-5.647750E+00
+5.684708E-01
-4.783656E+00
+2.297233E+00
-3.473865E+00
+3.541863E+00
-1.926379E+00
+4.219068E+00
-3.505458E-01
+4.321835E+00
-1.376985E+00
+3.755187E+00
-2.149682E+00
+2.998472E+00
-2.649976E+00
+2.135360E+00
-2.881909E+00
+1.244829E+00
-3.384111E+00
+1.368472E+00
-3.971282E+00
+1.498505E+00
-4.657401E+00
+1.633648E+00
-5.458684E+00
+1.772032E+00
-5.922818E+00
+2.223498E+00
-6.411418E+00
+2.743795E+00
-6.923533E+00
+3.341107E+00
-7.457702E+00
+4.024402E+00
-7.440719E+00
+3.106031E+00
-7.337926E+00
+2.238147E+00
-7.158662E+00
+1.426166E+00
-6.912271E+00
+6.743322E-01
-5.998549E+00
+3.246639E-01
-5.195888E+00
+5.660542E-02
-4.492242E+00
-1.450748E-01
-3.876642E+00
-2.930894E-01
-3.385693E+00
-2.687054E-01
-2.956879E+00
-2.458000E-01
-2.582341E+00
-2.243892E-01
-2.255211E+00
-2.044615E-01
-2.030459E+00
-1.680007E-01
-1.827991E+00
-1.367869E-01
-1.645610E+00
-1.101361E-01
-1.481334E+00
-8.744852E-02
-1.248478E+00
-3.841387E-02
-1.051389E+00
-2.683671E-03
-8.847078E-01
+2.270116E-02
-7.438592E-01
+4.010328E-02
-3.924227E-01
-2.887930E-01
-7.824780E-02
-3.089239E-01
+8.882169E-02
-1.885628E-01
+1.232103E-01
-5.834991E-02
+2.501490E-01
-7.325524E-03
+4.259807E-01
+1.719904E-01
+5.894941E-01
+6.030308E-01
+5.468296E-01
+1.448228E+00
-3.450779E-01
+1.434141E+00
-1.040320E+00
+9.451574E-01
-1.326148E+00
+1.873466E-01
-1.145336E+00
-5.629269E-01
-1.245659E+00
-2.456938E-01
-1.260289E+00
+8.499624E-02
-1.189108E+00
+4.065288E-01
-1.037831E+00
+6.971432E-01
-7.035336E-01
+5.098847E-01
-4.759937E-01
+3.715504E-01
-3.213876E-01
+2.698386E-01
-2.165287E-01
+1.953686E-01
-2.633718E-01
+2.499873E-01
-3.199599E-01
+3.194448E-01
-3.882117E-01
+4.076791E-01
-4.703906E-01
+5.196517E-01
-5.558356E-01
+4.650210E-01
-6.355385E-01
+3.968862E-01
-7.074346E-01
+3.157426E-01
-7.694804E-01
+2.223916E-01
-8.414506E-01
+2.143998E-01
-9.191579E-01
+2.032549E-01
-1.002973E+00
+1.884953E-01
-1.093281E+00
+1.696079E-01
-1.058145E+00
+1.507550E-01
-1.023979E+00
+1.329635E-01
-9.907614E-01
+1.161859E-01
-9.584710E-01
+1.003762E-01
-9.635638E-01
+1.115610E-01
-9.685665E-01
+1.228741E-01
-9.734770E-01
+1.343152E-01
-9.782936E-01
+1.458844E-01
-1.004251E+00
+1.504305E-01
-1.030897E+00
+1.551153E-01
-1.058249E+00
+1.599428E-01
-1.086327E+00
+1.649175E-01
-1.078089E+00
+2.609054E-01
-1.061405E+00
+3.567198E-01
-1.036244E+00
+4.516205E-01
-1.002635E+00
+5.448600E-01
-1.177238E+00
-2.818303E-01
-7.282990E-01
-1.057596E+00
+1.761843E-01
-1.350745E+00
+1.097410E+00
-9.400813E-01
+2.908770E-01
-8.863565E-01
-1.362796E-01
-5.866131E-01
-2.716611E-01
-2.781306E-01
-2.430771E-01
-6.253429E-02
-2.959383E-01
-1.841673E-02
-3.474416E-01
+4.453965E-02
-3.931738E-01
+1.290499E-01
-4.274104E-01
+2.372813E-01
-5.535869E-01
+2.120526E-01
-7.007767E-01
+1.602622E-01
-8.686701E-01
+7.300098E-02
-1.055376E+00
-6.037485E-02
-1.082338E+00
+6.025099E-02
-1.095893E+00
+1.862732E-01
-1.095165E+00
+3.162472E-01
-1.079425E+00
+4.485995E-01
-1.038500E+00
+4.291921E-01
-9.991223E-01
+4.106132E-01
-9.612333E-01
+3.928280E-01
-9.247765E-01
+3.758029E-01
-7.897314E-01
+1.787010E-01
-6.556343E-01
+3.877958E-02
-5.298432E-01
-5.550379E-02
-4.167237E-01
-1.143581E-01
-4.218698E-01
-3.400912E-01
-3.147849E-01
-6.021980E-01
-6.045679E-02
-8.499421E-01
+3.559698E-01
-1.007464E+00
+9.145707E-01
-8.344702E-01
+1.390584E+00
-3.522775E-01
+1.613145E+00
+4.006016E-01
+1.428776E+00
+1.291385E+00
+1.205219E+00
+1.006088E+00
+1.013972E+00
+7.808655E-01
+8.509706E-01
+6.035431E-01
+7.125109E-01
+4.643310E-01
+6.880182E-01
+3.803050E-01
+6.598037E-01
+3.044812E-01
+6.287077E-01
+2.364690E-01
+5.954791E-01
+1.758518E-01
+5.595108E-01
-4.719458E-02
+4.560154E-01
-2.233544E-01
+3.109992E-01
-3.378462E-01
+1.512274E-01
-3.867468E-01
+8.989055E-02
-5.195834E-01
-2.016849E-02
-6.692664E-01
-1.951242E-01
-8.275298E-01
-4.530002E-01
-9.799806E-01
-8.025011E-01
-1.032249E+00
-1.229133E+00
-9.983138E-01
-1.723181E+00
-8.415781E-01
-2.263176E+00
-5.215260E-01
-2.279001E+00
-6.110829E-01
-2.291839E+00
-7.025801E-01
-2.301576E+00
-7.959398E-01
-2.308095E+00
-8.910779E-01
-2.093940E+00
-2.728459E+00
-5.095822E-01
-4.753869E+00
+2.836948E+00
-6.010425E+00
+7.718039E+00
-5.078809E+00
+5.744056E+00
-2.648269E+00
+4.159171E+00
-1.204966E+00
+2.938677E+00
-3.901269E-01
+2.029140E+00
+3.657696E-02
+2.218834E+00
+1.564568E-01
+2.419580E+00
+2.985514E-01
+2.631147E+00
+4.655945E-01
+2.853128E+00
+6.605650E-01
+2.759834E+00
+2.089147E-01
+2.608066E+00
-1.996607E-01
+2.407837E+00
-5.596315E-01
+2.169290E+00
-8.672635E-01
+2.226351E+00
+5.234667E-01
+1.490761E+00
+1.670466E+00
+2.566361E-01
+2.176740E+00
-1.017188E+00
+1.889263E+00
-2.020933E-01
+1.671184E+00
+3.308381E-01
+1.278535E+00
+6.076916E-01
+8.391584E-01
+6.841208E-01
+4.389650E-01
+4.168240E-01
+5.519255E-01
+1.701734E-01
+5.633677E-01
-3.009362E-02
+4.998509E-01
-1.712540E-01
+3.901576E-01
-5.930730E-01
+3.776754E-01
-1.159955E+00
-2.678437E-02
-1.565784E+00
-1.101880E+00
-1.134978E+00
-2.948576E+00
-5.812212E-01
-1.486311E+00
-2.975792E-01
-7.491921E-01
-1.523258E-01
-3.776264E-01
-7.795723E-02
-1.903345E-01
+3.039036E-02
-2.206284E-01
+1.483314E-01
-1.901380E-01
+2.422343E-01
-9.750246E-02
+2.798585E-01
+4.028035E-02
+2.527136E-01
+8.081131E-02
+2.212886E-01
+1.140957E-01
+1.870302E-01
+1.400083E-01
+1.512965E-01
+1.586582E-01
+6.720282E-02
+1.800039E-01
-7.915171E-03
+1.682084E-01
-6.437428E-02
+1.328042E-01
-9.765886E-02
+8.481105E-02
-1.235249E-01
+3.622609E-02
-1.267763E-01
-1.845587E-02
-1.070396E-01
-6.927474E-02
-6.810789E-02
-1.070647E-01
-1.311889E-02
-2.185204E-01
+1.631306E-01
-3.406219E-01
+5.312143E-01
-3.772767E-01
+1.117155E+00
-1.244536E-01
+1.247885E+00
+3.959431E-01
+1.140883E+00
+1.011650E+00
+7.357742E-01
+1.616353E+00
+1.858918E-02
+2.068345E+00
+4.818105E-01
+1.499867E+00
+6.899510E-01
+9.815994E-01
+7.239677E-01
+5.575963E-01
+6.527053E-01
+2.415646E-01
+4.301316E-01
+7.211140E-01
-1.420320E-01
+1.002991E+00
-8.928663E-01
+8.344992E-01
-1.470494E+00
+1.077161E-01
-1.235910E+00
-9.489879E-01
-3.078131E-01
-1.617744E+00
+8.946567E-01
-1.492783E+00
+1.755498E+00
-5.486816E-01
+1.692980E+00
+9.774242E-02
+1.428751E+00
+6.350797E-01
+1.025993E+00
+1.012687E+00
+5.556883E-01
+1.207427E+00
-3.255059E-01
+1.206463E+00
-9.612979E-01
+6.753346E-01
-1.100737E+00
-9.094410E-02
-7.401761E-01
-7.282616E-01
-2.907435E-01
-5.589026E-01
-6.310298E-02
-3.769903E-01
+3.419349E-02
-2.293747E-01
+6.269391E-02
-1.259646E-01
+1.539658E-03
-1.741470E-01
-9.261887E-02
-1.946433E-01
-2.085110E-01
-1.664498E-01
-3.222165E-01
-7.229631E-02
-2.801054E-01
-8.992644E-02
-2.413314E-01
-1.021996E-01
-2.059467E-01
-1.099868E-01
-1.739282E-01
-1.140649E-01
-1.794751E-01
-1.574172E-02
-1.434031E-01
+6.155854E-02
-8.419101E-02
+1.057566E-01
-2.089118E-02
+1.152102E-01
+2.010244E-02
+1.975653E-01
+1.256112E-01
+3.125052E-01
+3.515685E-01
+4.502243E-01
+7.845145E-01
+5.684570E-01
+8.199798E-01
+4.910142E-01
+8.481568E-01
+4.118508E-01
+8.690229E-01
+3.316244E-01
+8.826135E-01
+2.509843E-01
+1.196100E+00
-2.533769E-01
+1.251692E+00
-1.042680E+00
+8.261415E-01
-2.007276E+00
-2.753765E-01
-2.879077E+00
+2.932532E-01
-1.587025E+00
+4.004510E-01
-8.066389E-01
+3.384321E-01
-3.714821E-01
+2.384973E-01
-1.474877E-01
+2.575071E-01
+1.171844E-02
+1.893831E-01
+1.424202E-01
+6.990106E-02
+2.063043E-01
-5.391709E-02
+1.928401E-01
-2.535339E-01
+1.632119E-01
-4.486629E-01
-6.975062E-02
-4.354188E-01
-5.271665E-01
+3.687578E-02
-1.028943E+00
-2.261221E-01
-7.453293E-01
-3.447149E-01
-4.778430E-01
-3.639333E-01
-2.573345E-01
-3.235713E-01
-9.482925E-02
-3.585934E-01
+1.209605E-01
-2.519718E-01
+3.419511E-01
-1.173634E-02
+4.765968E-01
+2.958304E-01
+4.458702E-01
+3.644160E-02
+3.266087E-01
-7.177635E-02
+1.886460E-01
-9.216459E-02
+8.290301E-02
-7.361867E-02
+1.941567E-02
-6.744634E-02
+5.765926E-02
-4.160168E-02
+9.467830E-02
+4.273037E-03
+1.204504E-01
+6.547822E-02
+1.242738E-01
+8.565600E-02
+1.121998E-01
+1.036322E-01
+9.686278E-02
+1.188815E-01
+7.866032E-02
+1.309497E-01
+5.807429E-02
