Hz,real,imaginary,unitless (peak only)
9.999990,3.992870E-2,1.661122E-2,4.324620E-2
10.028814,4.061637E-2,1.598685E-2,4.364939E-2
10.057721,4.129816E-2,1.534340E-2,4.405630E-2
10.086711,4.197370E-2,1.468083E-2,4.446705E-2
10.115785,4.264251E-2,1.399906E-2,4.488159E-2
10.144942,4.303888E-2,1.231875E-2,4.476714E-2
10.174184,4.336955E-2,1.062878E-2,4.465298E-2
10.203510,4.363438E-2,8.931687E-3,4.453913E-2
10.232920,4.383329E-2,7.230020E-3,4.442556E-2
10.262415,4.409754E-2,5.186577E-3,4.440150E-2
10.291995,4.426663E-2,3.134192E-3,4.437745E-2
10.321661,4.434032E-2,1.077288E-3,4.435340E-2
10.351412,4.431856E-2,-9.797046E-4,4.432939E-2
10.381248,4.390328E-2,-2.830547E-3,4.399443E-2
10.411171,4.341388E-2,-4.648344E-3,4.366202E-2
10.441180,4.285235E-2,-6.430260E-3,4.333211E-2
10.471275,4.222079E-2,-8.173579E-3,4.300468E-2
10.501458,4.136605E-2,-9.397706E-3,4.242012E-2
10.531727,4.048451E-2,-1.057745E-2,4.184349E-2
10.562083,3.957798E-2,-1.171259E-2,4.127470E-2
10.592527,3.864821E-2,-1.280295E-2,4.071363E-2
10.623059,3.791531E-2,-1.439859E-2,4.055725E-2
10.653678,3.711752E-2,-1.595521E-2,4.040147E-2
10.684386,3.625680E-2,-1.747022E-2,4.024629E-2
10.715183,3.533525E-2,-1.894112E-2,4.009172E-2
10.746068,3.378863E-2,-2.027714E-2,3.940601E-2
10.777042,3.220665E-2,-2.151516E-2,3.873203E-2
10.808106,3.059462E-2,-2.265528E-2,3.806957E-2
10.839259,2.895777E-2,-2.369786E-2,3.741846E-2
10.870502,2.785822E-2,-2.416306E-2,3.687728E-2
10.901835,2.676188E-2,-2.459029E-2,3.634392E-2
10.933258,2.566979E-2,-2.498022E-2,3.581828E-2
10.964772,2.458291E-2,-2.533352E-2,3.530024E-2
10.996376,2.334668E-2,-2.564000E-2,3.467675E-2
11.028072,2.212334E-2,-2.590236E-2,3.406427E-2
11.059859,2.091403E-2,-2.612181E-2,3.346260E-2
11.091738,1.971983E-2,-2.629958E-2,3.287156E-2
11.123708,1.826979E-2,-2.689110E-2,3.251025E-2
11.155771,1.680997E-2,-2.740864E-2,3.215289E-2
11.187926,1.534393E-2,-2.785266E-2,3.179948E-2
11.220174,1.387513E-2,-2.822372E-2,3.144992E-2
11.252515,1.303435E-2,-2.810382E-2,3.097933E-2
11.284949,1.220903E-2,-2.796699E-2,3.051578E-2
11.317476,1.139933E-2,-2.781383E-2,3.005917E-2
11.350097,1.060534E-2,-2.764492E-2,2.960937E-2
11.382813,9.308288E-3,-2.747047E-2,2.900467E-2
11.415622,8.045493E-3,-2.724940E-2,2.841232E-2
11.448526,6.818031E-3,-2.698405E-2,2.783208E-2
11.481525,5.626871E-3,-2.667669E-2,2.726367E-2
11.514619,5.266185E-3,-2.677668E-2,2.728962E-2
11.547809,4.903820E-3,-2.687180E-2,2.731558E-2
11.581094,4.539839E-3,-2.696205E-2,2.734159E-2
11.614475,4.174308E-3,-2.704738E-2,2.736760E-2
11.647952,3.216336E-3,-2.641721E-2,2.661229E-2
11.681526,2.304865E-3,-2.577498E-2,2.587783E-2
11.715197,1.438965E-3,-2.512246E-2,2.516364E-2
11.748964,6.176747E-4,-2.446138E-2,2.446918E-2
11.782829,-1.327332E-4,-2.428130E-2,2.428166E-2
11.816792,-8.715520E-4,-2.407981E-2,2.409558E-2
11.850852,-1.598224E-3,-2.385745E-2,2.391092E-2
11.885011,-2.312209E-3,-2.361478E-2,2.372771E-2
11.919268,-2.676102E-3,-2.323007E-2,2.338371E-2
11.953624,-3.028186E-3,-2.284488E-2,2.304471E-2
11.988079,-3.368627E-3,-2.245940E-2,2.271062E-2
12.022633,-3.697592E-3,-2.207382E-2,2.238137E-2
12.057287,-3.903020E-3,-2.112744E-2,2.148493E-2
12.092040,-4.085015E-3,-2.021580E-2,2.062440E-2
12.126894,-4.245072E-3,-1.933787E-2,1.979833E-2
12.161848,-4.384621E-3,-1.849267E-2,1.900536E-2
12.196903,-4.367867E-3,-1.810417E-2,1.862362E-2
12.232060,-4.349950E-3,-1.772355E-2,1.824956E-2
12.267317,-4.330923E-3,-1.735064E-2,1.788300E-2
12.302676,-4.310840E-3,-1.698529E-2,1.752380E-2
12.338137,-5.261171E-3,-1.687553E-2,1.767664E-2
12.373700,-6.212472E-3,-1.671356E-2,1.783081E-2
12.409366,-7.161927E-3,-1.649893E-2,1.798633E-2
12.445134,-8.106692E-3,-1.623138E-2,1.814321E-2
12.481006,-8.420480E-3,-1.581732E-2,1.791904E-2
12.516981,-8.719662E-3,-1.540045E-2,1.769764E-2
12.553059,-9.004341E-3,-1.498119E-2,1.747896E-2
12.589242,-9.274634E-3,-1.455995E-2,1.726299E-2
12.625529,-9.048996E-3,-1.417500E-2,1.681710E-2
12.661921,-8.828821E-3,-1.380021E-2,1.638273E-2
12.698417,-8.613972E-3,-1.343532E-2,1.595958E-2
12.735019,-8.404328E-3,-1.308005E-2,1.554736E-2
12.771726,-8.214971E-3,-1.272680E-2,1.514784E-2
12.808539,-8.029761E-3,-1.238301E-2,1.475859E-2
12.845458,-7.848611E-3,-1.204844E-2,1.437935E-2
12.882483,-7.671432E-3,-1.172283E-2,1.400984E-2
12.919615,-8.296190E-3,-1.187568E-2,1.448650E-2
12.956855,-8.946700E-3,-1.201407E-2,1.497936E-2
12.994201,-9.623365E-3,-1.213671E-2,1.548899E-2
13.031655,-1.032658E-2,-1.224227E-2,1.601597E-2
13.069218,-1.043190E-2,-1.186971E-2,1.580236E-2
13.106888,-1.052833E-2,-1.150010E-2,1.559160E-2
13.144667,-1.061605E-2,-1.113355E-2,1.538364E-2
13.182555,-1.069524E-2,-1.077022E-2,1.517846E-2
13.220552,-1.036859E-2,-9.587584E-3,1.412195E-2
13.258659,-1.001808E-2,-8.501207E-3,1.313897E-2
13.296875,-9.649215E-3,-7.505263E-3,1.222442E-2
13.335202,-9.266866E-3,-6.594098E-3,1.137352E-2
13.373639,-9.607600E-3,-6.542525E-3,1.162371E-2
13.412187,-9.954670E-3,-6.482651E-3,1.187940E-2
13.450846,-1.030804E-2,-6.414161E-3,1.214072E-2
13.489616,-1.066767E-2,-6.336748E-3,1.240780E-2
13.528498,-9.764319E-3,-5.884589E-3,1.140045E-2
13.567492,-8.936966E-3,-5.463860E-3,1.047488E-2
13.606599,-8.179264E-3,-5.072459E-3,9.624458E-3
13.645818,-7.485378E-3,-4.708399E-3,8.843071E-3
13.685151,-7.164809E-3,-5.347862E-3,8.940588E-3
13.724597,-6.790251E-3,-5.966513E-3,9.039181E-3
13.764156,-6.362957E-3,-6.559844E-3,9.138861E-3
13.803829,-5.884553E-3,-7.123410E-3,9.239639E-3
13.843617,-6.865428E-3,-7.187280E-3,9.939371E-3
13.883520,-7.922797E-3,-7.179848E-3,1.069210E-2
13.923537,-9.056708E-3,-7.089988E-3,1.150182E-2
13.963670,-1.026637E-2,-6.905763E-3,1.237287E-2
14.003919,-9.721609E-3,-6.823127E-3,1.187707E-2
14.044283,-9.200351E-3,-6.733448E-3,1.140113E-2
14.084764,-8.701785E-3,-6.637462E-3,1.094427E-2
14.125362,-8.225115E-3,-6.535851E-3,1.050571E-2
14.166077,-8.711578E-3,-6.068426E-3,1.061684E-2
14.206909,-9.172468E-3,-5.566034E-3,1.072916E-2
14.247858,-9.605331E-3,-5.030003E-3,1.084266E-2
14.288926,-1.000780E-2,-4.461837E-3,1.095737E-2
14.330112,-9.595471E-3,-3.603388E-3,1.024975E-2
14.371417,-9.162197E-3,-2.825017E-3,9.587835E-3
14.412841,-8.713866E-3,-2.122592E-3,8.968660E-3
14.454384,-8.255748E-3,-1.491927E-3,8.389471E-3
14.496047,-8.281490E-3,-2.289573E-3,8.592160E-3
14.537830,-8.233545E-3,-3.105510E-3,8.799742E-3
14.579734,-8.108756E-3,-3.933244E-3,9.012343E-3
14.621758,-7.904483E-3,-4.765862E-3,9.230075E-3
14.663903,-7.818157E-3,-3.809023E-3,8.696680E-3
14.706170,-7.656812E-3,-2.918312E-3,8.194102E-3
14.748559,-7.430623E-3,-2.095958E-3,7.720570E-3
14.791070,-7.149319E-3,-1.343197E-3,7.274403E-3
14.833703,-7.029544E-3,-9.701013E-4,7.096167E-3
14.876460,-6.895167E-3,-6.122499E-4,6.922296E-3
14.919339,-6.747290E-3,-2.699437E-4,6.752688E-3
14.962342,-6.586992E-3,5.657704E-5,6.587235E-3
15.005469,-6.891734E-3,-4.758982E-5,6.891898E-3
15.048721,-7.208842E-3,-1.615013E-4,7.210651E-3
15.092097,-7.538733E-3,-2.858074E-4,7.544149E-3
15.135598,-7.881826E-3,-4.211979E-4,7.893072E-3
15.179225,-7.814312E-3,-4.506896E-4,7.827298E-3
15.222977,-7.747234E-3,-4.796526E-4,7.762068E-3
15.266855,-7.680592E-3,-5.080932E-4,7.697380E-3
15.310860,-7.614386E-3,-5.360147E-4,7.633229E-3
15.354992,-7.896150E-3,-6.291409E-4,7.921174E-3
15.399251,-8.187639E-3,-7.284746E-4,8.219982E-3
15.443637,-8.489152E-3,-8.343429E-4,8.530054E-3
15.488151,-8.801011E-3,-9.470886E-4,8.851823E-3
15.532794,-8.359415E-3,-1.271844E-4,8.360382E-3
15.577565,-7.872967E-3,6.056147E-4,7.896226E-3
15.622466,-7.351893E-3,1.252602E-3,7.457838E-3
15.667496,-6.805698E-3,1.815880E-3,7.043788E-3
15.712655,-7.031257E-3,1.984376E-3,7.305910E-3
15.757945,-7.262682E-3,2.162475E-3,7.577786E-3
15.803366,-7.500052E-3,2.350621E-3,7.859784E-3
15.848917,-7.743428E-3,2.549275E-3,8.152268E-3
15.894599,-7.423080E-3,2.952763E-3,7.988800E-3
15.940414,-7.085803E-3,3.328439E-3,7.828608E-3
15.986360,-6.733620E-3,3.675908E-3,7.671632E-3
16.032439,-6.368528E-3,3.994898E-3,7.517803E-3
16.078650,-6.151048E-3,4.454878E-3,7.594823E-3
16.124995,-5.900911E-3,4.903925E-3,7.672629E-3
16.171473,-5.618594E-3,5.339759E-3,7.751234E-3
16.218086,-5.304723E-3,5.760104E-3,7.830638E-3
16.264832,-5.631314E-3,6.005644E-3,8.232828E-3
16.311714,-5.976983E-3,6.260701E-3,8.655675E-3
16.358730,-6.342796E-3,6.525584E-3,9.100237E-3
16.405882,-6.729887E-3,6.800617E-3,9.567642E-3
16.453170,-5.849698E-3,6.955157E-3,9.088079E-3
16.500594,-5.004498E-3,7.033913E-3,8.632551E-3
16.548155,-4.198243E-3,7.043608E-3,8.199857E-3
16.595853,-3.434165E-3,6.990903E-3,7.788852E-3
16.643689,-3.694768E-3,6.738207E-3,7.684708E-3
16.691662,-3.940423E-3,6.477592E-3,7.581961E-3
16.739774,-4.170994E-3,6.209827E-3,7.480584E-3
16.788024,-4.386379E-3,5.935687E-3,7.380562E-3
16.836414,-3.787164E-3,6.104757E-3,7.184057E-3
16.884942,-3.192481E-3,6.221502E-3,6.992784E-3
16.933611,-2.606324E-3,6.287836E-3,6.806600E-3
16.982420,-2.032415E-3,6.305945E-3,6.625379E-3
17.031370,-1.421375E-3,6.212105E-3,6.372641E-3
17.080461,-8.436899E-4,6.071205E-3,6.129547E-3
17.129693,-3.018925E-4,5.887990E-3,5.895724E-3
17.179067,2.019865E-4,5.667224E-3,5.670822E-3
17.228584,-1.072482E-4,5.625977E-3,5.626999E-3
17.278243,-4.113975E-4,5.568338E-3,5.583515E-3
17.328046,-7.096190E-4,5.494735E-3,5.540367E-3
17.377992,-1.001095E-3,5.405636E-3,5.497553E-3
17.428082,-3.769730E-4,5.822877E-3,5.835067E-3
17.478316,3.331657E-4,6.184335E-3,6.193303E-3
17.528695,1.126964E-3,6.476209E-3,6.573533E-3
17.579219,2.000203E-3,6.684243E-3,6.977099E-3
17.629889,1.574708E-3,5.927208E-3,6.132822E-3
17.680705,1.221564E-3,5.250475E-3,5.390706E-3
17.731668,9.297897E-4,4.646272E-3,4.738391E-3
17.782777,6.899527E-4,4.107467E-3,4.165011E-3
17.834034,5.897012E-4,4.044998E-3,4.087757E-3
17.885438,4.926602E-4,3.981571E-3,4.011935E-3
17.936991,3.987892E-4,3.917272E-3,3.937519E-3
17.988692,3.080473E-4,3.852188E-3,3.864485E-3
18.040542,4.114155E-5,3.752393E-3,3.752619E-3
18.092542,-2.107590E-4,3.637890E-3,3.643990E-3
18.144691,-4.471411E-4,3.510139E-3,3.538504E-3
18.196991,-6.676022E-4,3.370593E-3,3.436072E-3
18.249442,-6.592042E-4,3.079999E-3,3.149753E-3
18.302044,-6.474288E-4,2.813767E-3,2.887291E-3
18.354797,-6.328997E-4,2.569915E-3,2.646701E-3
18.407702,-6.161627E-4,2.346612E-3,2.426158E-3
18.460760,-4.485378E-4,2.353674E-3,2.396032E-3
18.513971,-2.829051E-4,2.349306E-3,2.366279E-3
18.567336,-1.200075E-4,2.333812E-3,2.336895E-3
18.620854,3.944373E-5,2.307539E-3,2.307876E-3
18.674526,1.626222E-4,2.448633E-3,2.454027E-3
18.728353,3.008247E-4,2.592035E-3,2.609433E-3
18.782335,4.551041E-4,2.737104E-3,2.774682E-3
18.836473,6.265448E-4,2.883099E-3,2.950393E-3
18.890767,-6.007672E-4,2.595681E-3,2.664297E-3
18.945217,-1.491939E-3,1.887508E-3,2.405944E-3
18.999824,-1.946334E-3,9.654873E-4,2.172644E-3
19.054589,-1.961612E-3,3.738041E-5,1.961968E-3
19.109512,-2.198076E-3,2.651162E-4,2.214006E-3
19.164592,-2.437651E-3,5.476981E-4,2.498423E-3
19.219832,-2.674479E-3,8.922102E-4,2.819375E-3
19.275231,-2.901180E-3,1.305939E-3,3.181560E-3
19.330789,-3.074271E-3,1.579124E-3,3.456121E-3
19.386508,-3.246761E-3,1.885177E-3,3.754377E-3
19.442387,-3.416759E-3,2.226854E-3,4.078372E-3
19.498427,-3.582062E-3,2.607039E-3,4.430330E-3
19.554629,-3.962020E-3,2.814512E-3,4.859947E-3
19.610993,-4.381410E-3,3.037300E-3,5.331224E-3
19.667519,-4.844247E-3,3.276390E-3,5.848201E-3
19.724209,-5.354949E-3,3.532817E-3,6.415316E-3
19.781061,-6.173010E-3,3.949427E-3,7.328303E-3
19.838078,-7.114070E-3,4.412175E-3,8.371217E-3
19.895258,-8.196363E-3,4.925660E-3,9.562557E-3
19.952604,-9.440778E-3,5.494825E-3,1.092343E-2
20.010115,-8.684484E-3,6.009477E-3,1.056097E-2
20.067792,-7.916642E-3,6.448396E-3,1.021054E-2
20.125635,-7.143389E-3,6.813443E-3,9.871728E-3
20.183644,-6.370499E-3,7.106877E-3,9.544158E-3
20.241821,-6.081901E-3,7.587246E-3,9.723982E-3
20.300166,-5.761356E-3,8.059727E-3,9.907190E-3
20.358679,-5.408759E-3,8.522393E-3,1.009385E-2
20.417360,-5.024099E-3,8.973269E-3,1.028402E-2
20.476211,-5.313494E-3,9.365251E-3,1.076760E-2
20.535231,-5.618825E-3,9.773942E-3,1.127391E-2
20.594421,-5.940928E-3,1.020003E-2,1.180403E-2
20.653782,-6.280703E-3,1.064424E-2,1.235909E-2
20.713314,-6.270333E-3,1.041686E-2,1.215846E-2
20.773017,-6.258170E-3,1.019328E-2,1.196109E-2
20.832893,-6.244275E-3,9.973427E-3,1.176691E-2
20.892941,-6.228718E-3,9.757275E-3,1.157589E-2
20.953163,-6.498934E-3,9.961365E-3,1.189390E-2
21.013558,-6.778642E-3,1.016830E-2,1.222065E-2
21.074127,-7.068126E-3,1.037805E-2,1.255637E-2
21.134870,-7.367685E-3,1.059062E-2,1.290132E-2
21.195789,-7.525456E-3,1.125207E-2,1.353667E-2
21.256883,-7.678241E-3,1.194902E-2,1.420333E-2
21.318154,-7.825116E-3,1.268310E-2,1.490280E-2
21.379601,-7.965071E-3,1.345603E-2,1.563672E-2
21.441225,-7.858662E-3,1.383584E-2,1.591191E-2
21.503026,-7.743468E-3,1.422034E-2,1.619195E-2
21.565006,-7.619261E-3,1.460944E-2,1.647692E-2
21.627165,-7.485810E-3,1.500305E-2,1.676690E-2
21.689502,-7.820932E-3,1.565857E-2,1.750308E-2
21.752020,-8.171054E-3,1.634275E-2,1.827161E-2
21.814717,-8.536840E-3,1.705680E-2,1.907386E-2
21.877595,-8.918962E-3,1.780207E-2,1.991134E-2
21.940655,-8.579263E-3,1.894330E-2,2.079549E-2
22.003896,-8.178046E-3,2.012038E-2,2.171889E-2
22.067320,-7.711160E-3,2.133236E-2,2.268329E-2
22.130926,-7.174334E-3,2.257809E-2,2.369053E-2
22.194716,-7.071421E-3,2.346570E-2,2.450804E-2
22.258689,-6.951221E-3,2.438224E-2,2.535376E-2
22.322847,-6.812696E-3,2.532843E-2,2.622865E-2
22.387190,-6.654761E-3,2.630501E-2,2.713373E-2
22.451718,-5.784419E-3,2.740329E-2,2.800714E-2
22.516433,-4.841718E-3,2.850032E-2,2.890866E-2
22.581334,-3.824436E-3,2.959311E-2,2.983921E-2
22.646421,-2.730402E-3,3.067844E-2,3.079970E-2
22.711697,-1.695629E-3,3.170273E-2,3.174804E-2
22.777161,-5.923623E-4,3.272023E-2,3.272559E-2
22.842813,5.812150E-4,3.372823E-2,3.373324E-2
22.908655,1.826895E-3,3.472393E-2,3.477196E-2
22.974686,3.721887E-3,3.499765E-2,3.519500E-2
23.040908,5.651985E-3,3.517195E-2,3.562318E-2
23.107320,7.612196E-3,3.524389E-2,3.605658E-2
23.173924,9.597307E-3,3.521072E-2,3.649525E-2
23.240720,1.140426E-2,3.529545E-2,3.709213E-2
23.307709,1.324277E-2,3.529625E-2,3.769876E-2
23.374891,1.510938E-2,3.521036E-2,3.831531E-2
23.442266,1.700043E-2,3.503511E-2,3.894193E-2
23.509835,1.776591E-2,3.438012E-2,3.869910E-2
23.577599,1.850999E-2,3.371026E-2,3.845779E-2
23.645559,1.923243E-2,3.302620E-2,3.821801E-2
23.713714,1.993297E-2,3.232848E-2,3.797965E-2
23.782066,2.156321E-2,3.101138E-2,3.777139E-2
23.850615,2.310995E-2,2.961424E-2,3.756425E-2
23.919362,2.456941E-2,2.814221E-2,3.735826E-2
23.988306,2.593808E-2,2.660055E-2,3.715337E-2
24.057450,2.695738E-2,2.557547E-2,3.715918E-2
24.126792,2.793619E-2,2.451135E-2,3.716500E-2
24.196335,2.887301E-2,2.340980E-2,3.717081E-2
24.266078,2.976641E-2,2.227245E-2,3.717662E-2
24.336022,3.038138E-2,2.134772E-2,3.713157E-2
24.406167,3.096775E-2,2.040620E-2,3.708658E-2
24.476515,3.152507E-2,1.944873E-2,3.704164E-2
24.547066,3.205288E-2,1.847621E-2,3.699672E-2
24.617820,3.169904E-2,1.755247E-2,3.623422E-2
24.688778,3.133697E-2,1.665385E-2,3.548741E-2
24.759940,3.096726E-2,1.578000E-2,3.475600E-2
24.831307,3.059049E-2,1.493053E-2,3.403967E-2
24.902881,2.984984E-2,1.404175E-2,3.298763E-2
24.974660,2.911979E-2,1.319084E-2,3.196812E-2
25.046646,2.840052E-2,1.237647E-2,3.098010E-2
25.118840,2.769222E-2,1.159735E-2,3.002262E-2
25.191242,2.903672E-2,1.222253E-2,3.150431E-2
25.263853,3.044638E-2,1.288113E-2,3.305912E-2
25.336673,3.192436E-2,1.357492E-2,3.469068E-2
25.409703,3.347390E-2,1.430576E-2,3.640270E-2
25.482943,3.459504E-2,1.199473E-2,3.661544E-2
25.556395,3.555707E-2,9.596897E-3,3.682941E-2
25.630058,3.635334E-2,7.123173E-3,3.704463E-2
25.703933,3.697797E-2,4.584984E-3,3.726114E-2
25.778022,3.713068E-2,4.426603E-3,3.739361E-2
25.852324,3.728316E-2,4.266943E-3,3.752653E-2
25.926840,3.743543E-2,4.105995E-3,3.765993E-2
26.001571,3.758753E-2,3.943757E-3,3.779386E-2
26.076517,3.784891E-2,2.662308E-3,3.794243E-2
26.151680,3.806704E-2,1.367575E-3,3.809160E-2
26.227059,3.824129E-2,6.100588E-5,3.824134E-2
26.302655,3.837108E-2,-1.255927E-3,3.839163E-2
26.378469,3.772049E-2,-1.723590E-3,3.775985E-2
26.454502,3.707472E-2,-2.175237E-3,3.713848E-2
26.530754,3.643387E-2,-2.611194E-3,3.652732E-2
26.607225,3.579805E-2,-3.031782E-3,3.592620E-2
26.683917,3.613772E-2,-3.862117E-3,3.634351E-2
26.760830,3.646279E-2,-4.709446E-3,3.676566E-2
26.837965,3.677272E-2,-5.573637E-3,3.719272E-2
26.915322,3.706693E-2,-6.454539E-3,3.762470E-2
26.992902,3.647453E-2,-8.422917E-3,3.743443E-2
27.070706,3.577925E-2,-1.034630E-2,3.724514E-2
27.148734,3.498416E-2,-1.221939E-2,3.705678E-2
27.226987,3.409267E-2,-1.403710E-2,3.686937E-2
27.305466,3.359918E-2,-1.540405E-2,3.696200E-2
27.384170,3.305099E-2,-1.675396E-2,3.705487E-2
27.463102,3.244869E-2,-1.808463E-2,3.714797E-2
27.542261,3.179295E-2,-1.939387E-2,3.724129E-2
27.621648,3.110522E-2,-2.091348E-2,3.748211E-2
27.701264,3.034614E-2,-2.241086E-2,3.772446E-2
27.781109,2.951636E-2,-2.388269E-2,3.796839E-2
27.861185,2.861659E-2,-2.532573E-2,3.821390E-2
27.941492,2.589779E-2,-2.638360E-2,3.697012E-2
28.022029,2.320215E-2,-2.721995E-2,3.576682E-2
28.102800,2.054391E-2,-2.784411E-2,3.460270E-2
28.183802,1.793614E-2,-2.826601E-2,3.347645E-2
28.265039,1.796889E-2,-2.883790E-2,3.397801E-2
28.346509,1.799737E-2,-2.941862E-2,3.448711E-2
28.428215,1.802145E-2,-3.000825E-2,3.500382E-2
28.510155,1.804097E-2,-3.060689E-2,3.552827E-2
28.592333,1.642446E-2,-3.011594E-2,3.430354E-2
28.674746,1.488033E-2,-2.959016E-2,3.312102E-2
28.757398,1.340719E-2,-2.903308E-2,3.197925E-2
28.840288,1.200354E-2,-2.844808E-2,3.087682E-2
28.923416,1.068650E-2,-2.771979E-2,2.970838E-2
29.006784,9.441866E-3,-2.697973E-2,2.858417E-2
29.090393,8.267211E-3,-2.623052E-2,2.750249E-2
29.174242,7.160128E-3,-2.547461E-2,2.646173E-2
29.258333,5.975571E-3,-2.492223E-2,2.562860E-2
29.342667,4.849852E-3,-2.434327E-2,2.482168E-2
29.427244,3.782073E-3,-2.374082E-2,2.404019E-2
29.512064,2.771244E-3,-2.311777E-2,2.328328E-2
29.597129,3.027996E-3,-2.298113E-2,2.317976E-2
29.682439,3.281997E-3,-2.284211E-2,2.307669E-2
29.767995,3.533233E-3,-2.270077E-2,2.297409E-2
29.853798,3.781686E-3,-2.255713E-2,2.287193E-2
29.939848,2.862681E-3,-2.239422E-2,2.257645E-2
30.026146,1.962503E-3,-2.219819E-2,2.228477E-2
30.112692,1.082165E-3,-2.197024E-2,2.199688E-2
30.199488,2.226270E-4,-2.171156E-2,2.171270E-2
30.286535,-1.105354E-3,-2.163355E-2,2.166177E-2
30.373832,-2.422963E-3,-2.147471E-2,2.161097E-2
30.461381,-3.725304E-3,-2.123600E-2,2.156028E-2
30.549182,-5.007560E-3,-2.091869E-2,2.150970E-2
30.637236,-4.790842E-3,-1.978647E-2,2.035821E-2
30.725544,-4.582948E-3,-1.871539E-2,1.926835E-2
30.814107,-4.383554E-3,-1.770218E-2,1.823685E-2
30.902925,-4.192344E-3,-1.674369E-2,1.726056E-2
30.991999,-5.089990E-3,-1.607795E-2,1.686441E-2
31.081329,-5.925567E-3,-1.537501E-2,1.647736E-2
31.170918,-6.698390E-3,-1.463951E-2,1.609918E-2
31.260764,-7.408065E-3,-1.387602E-2,1.572970E-2
31.350869,-7.186863E-3,-1.314285E-2,1.497950E-2
31.441234,-6.969224E-3,-1.244679E-2,1.426509E-2
31.531860,-6.755329E-3,-1.178604E-2,1.358474E-2
31.622746,-6.545332E-3,-1.115887E-2,1.293684E-2
31.713895,-6.082718E-3,-1.096341E-2,1.253778E-2
31.805307,-5.639034E-3,-1.076329E-2,1.215101E-2
31.896981,-5.213804E-3,-1.055912E-2,1.177619E-2
31.988921,-4.806553E-3,-1.035143E-2,1.141293E-2
32.081125,-4.186702E-3,-9.342296E-3,1.023753E-2
32.173595,-3.642870E-3,-8.429727E-3,9.183180E-3
32.266331,-3.166060E-3,-7.604676E-3,8.237417E-3
32.359335,-2.748311E-3,-6.858933E-3,7.389058E-3
32.452607,-2.807784E-3,-6.423895E-3,7.010712E-3
32.546147,-2.851408E-3,-6.009587E-3,6.651741E-3
32.639958,-2.880610E-3,-5.615399E-3,6.311150E-3
32.734038,-2.896727E-3,-5.240717E-3,5.988000E-3
32.828390,-2.534397E-3,-5.102082E-3,5.696877E-3
32.923014,-2.195806E-3,-4.955183E-3,5.419908E-3
33.017910,-1.880121E-3,-4.801421E-3,5.156404E-3
33.113081,-1.586492E-3,-4.642094E-3,4.905710E-3
33.208525,-1.660859E-3,-5.047851E-3,5.314062E-3
33.304244,-1.736378E-3,-5.488274E-3,5.756402E-3
33.400240,-1.812714E-3,-5.966264E-3,6.235562E-3
33.496512,-1.889471E-3,-6.484958E-3,6.754612E-3
33.593062,-1.157789E-3,-6.108643E-3,6.217395E-3
33.689889,-5.206865E-4,-5.699168E-3,5.722904E-3
33.786996,2.683010E-5,-5.267671E-3,5.267739E-3
33.884383,4.903193E-4,-4.823922E-3,4.848777E-3
33.982051,2.973724E-4,-4.562608E-3,4.572288E-3
34.080000,1.244680E-4,-4.309767E-3,4.311564E-3
34.178231,-2.983820E-5,-4.065598E-3,4.065707E-3
34.276746,-1.669140E-4,-3.830235E-3,3.833870E-3
34.375544,-2.747891E-4,-4.424936E-3,4.433460E-3
34.474628,-4.122153E-4,-5.110224E-3,5.126823E-3
34.573997,-5.857426E-4,-5.899617E-3,5.928623E-3
34.673652,-8.032346E-4,-6.808599E-3,6.855815E-3
34.773595,-1.717313E-4,-6.523988E-3,6.526248E-3
34.873825,4.022699E-4,-6.199484E-3,6.212521E-3
34.974345,9.183051E-4,-5.842146E-3,5.913878E-3
35.075154,1.376545E-3,-5.458700E-3,5.629590E-3
35.176254,1.350881E-3,-5.587702E-3,5.748678E-3
35.277645,1.323382E-3,-5.719169E-3,5.870284E-3
35.379329,1.293984E-3,-5.853136E-3,5.994464E-3
35.481305,1.262623E-3,-5.989633E-3,6.121268E-3
35.583576,1.760835E-3,-6.365755E-3,6.604800E-3
35.686141,2.322553E-3,-6.737442E-3,7.126526E-3
35.789002,2.952364E-3,-7.100101E-3,7.689466E-3
35.892159,3.654905E-3,-7.448475E-3,8.296874E-3
35.995614,3.165259E-3,-7.300210E-3,7.956879E-3
36.099367,2.702884E-3,-7.136093E-3,7.630819E-3
36.203419,2.267352E-3,-6.958014E-3,7.318118E-3
36.307771,1.858158E-3,-6.767773E-3,7.018226E-3
36.412424,2.042260E-3,-6.518022E-3,6.830479E-3
36.517378,2.212654E-3,-6.268716E-3,6.647754E-3
36.622635,2.369728E-3,-6.020316E-3,6.469916E-3
36.728195,2.513879E-3,-5.773262E-3,6.296836E-3
36.834060,2.438844E-3,-6.582971E-3,7.020218E-3
36.940229,2.304903E-3,-7.479616E-3,7.826700E-3
37.046705,2.099983E-3,-8.469371E-3,8.725834E-3
37.153487,1.810250E-3,-9.558348E-3,9.728259E-3
37.260578,2.128067E-3,-9.009706E-3,9.257617E-3
37.367977,2.406838E-3,-8.474601E-3,8.809752E-3
37.475686,2.649064E-3,-7.954018E-3,8.383552E-3
37.583705,2.857168E-3,-7.448801E-3,7.977973E-3
37.692035,1.731021E-3,-7.333734E-3,7.535256E-3
37.800678,6.915393E-4,-7.083432E-3,7.117109E-3
37.909634,-2.497000E-4,-6.717524E-3,6.722163E-3
38.018903,-1.084349E-3,-6.255859E-3,6.349140E-3
38.128488,-1.141430E-3,-5.827342E-3,5.938079E-3
38.238389,-1.186066E-3,-5.425503E-3,5.553633E-3
38.348606,-1.219612E-3,-5.048855E-3,5.194073E-3
38.459142,-1.243301E-3,-4.695998E-3,4.857797E-3
38.569995,-2.298649E-3,-2.679404E-3,3.530296E-3
38.681169,-2.351401E-3,-1.026176E-3,2.565565E-3
38.792662,-1.863069E-3,7.222070E-5,1.864468E-3
38.904477,-1.196174E-3,6.364657E-4,1.354962E-3
39.016615,-1.504868E-3,-4.557719E-4,1.572373E-3
39.129075,-8.645997E-4,-1.606824E-3,1.824669E-3
39.241860,6.043167E-4,-2.029381E-3,2.117448E-3
39.354970,2.158390E-3,-1.174396E-3,2.457204E-3
39.468406,2.944615E-3,-1.405112E-3,3.262683E-3
39.582169,4.003351E-3,-1.655637E-3,4.332200E-3
39.696259,5.424810E-3,-1.913230E-3,5.752305E-3
39.810679,7.327723E-3,-2.154643E-3,7.637932E-3
39.925428,7.289833E-3,-2.794082E-3,7.806956E-3
40.040509,7.198975E-3,-3.442484E-3,7.979720E-3
40.155921,7.053417E-3,-4.095689E-3,8.156308E-3
40.271665,6.851741E-3,-4.749316E-3,8.336807E-3
40.387743,6.861252E-3,-5.668026E-3,8.899623E-3
40.504156,6.788761E-3,-6.646127E-3,9.500436E-3
40.620904,6.623699E-3,-7.680031E-3,1.014181E-2
40.737989,6.355151E-3,-8.764962E-3,1.082647E-2
40.855411,6.076808E-3,-8.551644E-3,1.049086E-2
40.973172,5.809079E-3,-8.342372E-3,1.016566E-2
41.091272,5.551592E-3,-8.137116E-3,9.850524E-3
41.209713,5.303998E-3,-7.935857E-3,9.545167E-3
41.328495,5.257082E-3,-8.054590E-3,9.618385E-3
41.447619,5.208503E-3,-8.173710E-3,9.692164E-3
41.567087,5.158243E-3,-8.293198E-3,9.766504E-3
41.686899,5.106282E-3,-8.413041E-3,9.841411E-3
41.807056,4.722153E-3,-8.717520E-3,9.914327E-3
41.927560,4.320598E-3,-9.004904E-3,9.987786E-3
42.048411,3.902351E-3,-9.274224E-3,1.006179E-2
42.169610,3.468205E-3,-9.524534E-3,1.013633E-2
42.291159,4.170635E-3,-9.620195E-3,1.048534E-2
42.413058,4.901866E-3,-9.675501E-3,1.084636E-2
42.535308,5.660345E-3,-9.687351E-3,1.121982E-2
42.657911,6.444263E-3,-9.652661E-3,1.160614E-2
42.780867,6.183355E-3,-1.022849E-2,1.195223E-2
42.904178,5.888308E-3,-1.080883E-2,1.230865E-2
43.027844,5.557931E-3,-1.139224E-2,1.267571E-2
43.151867,5.191074E-3,-1.197715E-2,1.305371E-2
43.276246,5.095449E-3,-1.209476E-2,1.312428E-2
43.400985,4.998100E-3,-1.221202E-2,1.319524E-2
43.526083,4.899024E-3,-1.232891E-2,1.326659E-2
43.651542,4.798210E-3,-1.244539E-2,1.333831E-2
43.777362,4.944268E-3,-1.350129E-2,1.437813E-2
43.903545,5.082411E-3,-1.464201E-2,1.549901E-2
44.030091,5.210473E-3,-1.587400E-2,1.670727E-2
44.157003,5.326006E-3,-1.720418E-2,1.800972E-2
44.284280,4.584993E-3,-1.791236E-2,1.848986E-2
44.411924,3.789090E-3,-1.860078E-2,1.898279E-2
44.539936,2.937912E-3,-1.926615E-2,1.948887E-2
44.668317,2.031227E-3,-1.990508E-2,2.000845E-2
44.797068,1.906387E-4,-2.060607E-2,2.060695E-2
44.926190,-1.763558E-3,-2.114996E-2,2.122336E-2
45.055684,-3.819325E-3,-2.152194E-2,2.185821E-2
45.185551,-5.962911E-3,-2.170796E-2,2.251204E-2
45.315793,-7.175981E-3,-1.797349E-2,1.935306E-2
45.446410,-7.854180E-3,-1.466676E-2,1.663737E-2
45.577404,-8.116459E-3,-1.177675E-2,1.430275E-2
45.708775,-8.063367E-3,-9.282628E-3,1.229573E-2
45.840525,-7.700604E-3,-8.984869E-3,1.183331E-2
45.972655,-7.353396E-3,-8.695995E-3,1.138827E-2
46.105166,-7.021100E-3,-8.415772E-3,1.095998E-2
46.238058,-6.703096E-3,-8.143967E-3,1.054778E-2
46.371334,-5.313926E-3,-8.731248E-3,1.022118E-2
46.504993,-3.900805E-3,-9.104213E-3,9.904695E-3
46.639038,-2.494085E-3,-9.268289E-3,9.598002E-3
46.773470,-1.122142E-3,-9.232869E-3,9.300810E-3
46.908288,-1.458745E-3,-9.611906E-3,9.721969E-3
47.043496,-1.822191E-3,-9.997493E-3,1.016220E-2
47.179093,-2.213884E-3,-1.038909E-2,1.062236E-2
47.315081,-2.635277E-3,-1.078610E-2,1.110336E-2
47.451461,-2.699044E-3,-1.089861E-2,1.122785E-2
47.588234,-2.763883E-3,-1.101217E-2,1.135372E-2
47.725401,-2.829808E-3,-1.112681E-2,1.148102E-2
47.862964,-2.896837E-3,-1.124252E-2,1.160973E-2
48.000923,-3.071550E-3,-1.172260E-2,1.211832E-2
48.139279,-3.255959E-3,-1.222296E-2,1.264919E-2
48.278035,-3.450575E-3,-1.274446E-2,1.320332E-2
48.417191,-3.655936E-3,-1.328798E-2,1.378174E-2
48.556747,-3.962667E-3,-1.359315E-2,1.415897E-2
48.696706,-4.282511E-3,-1.390185E-2,1.454652E-2
48.837068,-4.615885E-3,-1.421398E-2,1.494469E-2
48.977835,-4.963207E-3,-1.452943E-2,1.535375E-2
49.119008,-5.836931E-3,-1.436709E-2,1.550752E-2
49.260587,-6.708688E-3,-1.415335E-2,1.566282E-2
49.402575,-7.575518E-3,-1.388789E-2,1.581967E-2
49.544972,-8.434424E-3,-1.357058E-2,1.597811E-2
49.687779,-9.575749E-3,-1.324244E-2,1.634188E-2
49.830998,-1.071674E-2,-1.282603E-2,1.671393E-2
49.974630,-1.185107E-2,-1.231960E-2,1.709446E-2
50.118676,-1.297217E-2,-1.172180E-2,1.748364E-2
50.263137,-1.287667E-2,-1.190414E-2,1.753617E-2
50.408014,-1.277882E-2,-1.208594E-2,1.758887E-2
50.553309,-1.267860E-2,-1.226716E-2,1.764172E-2
50.699022,-1.257601E-2,-1.244777E-2,1.769472E-2
50.845156,-1.230229E-2,-1.079207E-2,1.636506E-2
50.991711,-1.195751E-2,-9.278787E-3,1.513532E-2
51.138688,-1.155505E-2,-7.900929E-3,1.399799E-2
51.286089,-1.110685E-2,-6.651287E-3,1.294611E-2
51.433915,-1.212203E-2,-6.397263E-3,1.370652E-2
51.582167,-1.318075E-2,-6.070725E-3,1.451158E-2
51.730847,-1.428138E-2,-5.665031E-3,1.536393E-2
51.879954,-1.542176E-2,-5.173284E-3,1.626633E-2
52.029492,-1.459173E-2,-4.871617E-3,1.538347E-2
52.179461,-1.380635E-2,-4.587448E-3,1.454854E-2
52.329862,-1.306320E-2,-4.319767E-3,1.375891E-2
52.480696,-1.236003E-2,-4.067623E-3,1.301214E-2
52.631965,-1.269344E-2,-4.142511E-3,1.335230E-2
52.783670,-1.303576E-2,-4.218510E-3,1.370135E-2
52.935813,-1.338722E-2,-4.295626E-3,1.405952E-2
53.088394,-1.374806E-2,-4.373862E-3,1.442705E-2
53.241415,-1.315506E-2,-3.904680E-3,1.372232E-2
53.394876,-1.258245E-2,-3.469490E-3,1.305203E-2
53.548781,-1.202985E-2,-3.066247E-3,1.241447E-2
53.703128,-1.149687E-2,-2.693011E-3,1.180806E-2
53.857921,-1.144177E-2,-2.025152E-3,1.161961E-2
54.013160,-1.135155E-2,-1.371917E-3,1.143415E-2
54.168846,-1.122764E-2,-7.349496E-4,1.125167E-2
54.324981,-1.107149E-2,-1.157871E-4,1.107210E-2
54.481566,-1.117486E-2,-1.359298E-4,1.117569E-2
54.638603,-1.127918E-2,-1.564388E-4,1.128026E-2
54.796092,-1.138443E-2,-1.773194E-4,1.138581E-2
54.954035,-1.149062E-2,-1.985749E-4,1.149234E-2
55.112433,-1.104199E-2,1.125719E-4,1.104256E-2
55.271288,-1.060287E-2,3.995867E-4,1.061040E-2
55.430601,-1.017352E-2,6.636736E-4,1.019514E-2
55.590373,-9.754149E-3,9.059961E-4,9.796135E-3
55.750605,-9.238513E-3,6.775680E-4,9.263327E-3
55.911299,-8.746823E-3,4.710670E-4,8.759499E-3
56.072457,-8.278174E-3,2.848567E-4,8.283074E-3
56.234079,-7.831680E-3,1.174077E-4,7.832560E-3
56.396167,-7.368977E-3,1.667306E-4,7.370863E-3
56.558722,-6.933211E-3,2.098218E-4,6.936385E-3
56.721745,-6.522832E-3,2.472420E-4,6.527516E-3
56.885239,-6.136387E-3,2.795072E-4,6.142749E-3
57.049204,-6.424406E-3,2.354118E-4,6.428718E-3
57.213641,-6.725413E-3,1.865853E-4,6.728001E-3
57.378552,-7.039963E-3,1.326871E-4,7.041213E-3
57.543939,-7.368646E-3,7.335747E-5,7.369011E-3
57.709802,-6.772119E-3,-3.603518E-4,6.781700E-3
57.876144,-6.199052E-3,-7.240732E-4,6.241196E-3
58.042965,-5.651596E-3,-1.024875E-3,5.743771E-3
58.210266,-5.131318E-3,-1.269373E-3,5.285994E-3
58.378050,-5.466481E-3,-8.222597E-4,5.527977E-3
58.546318,-5.771945E-3,-3.240849E-4,5.781036E-3
58.715070,-6.041517E-3,2.243663E-4,6.045682E-3
58.884309,-6.268821E-3,8.216737E-4,6.322441E-3
59.054036,-6.197733E-3,1.349949E-3,6.343048E-3
59.224252,-6.082128E-3,1.872078E-3,6.363722E-3
59.394959,-5.922538E-3,2.384310E-3,6.384465E-3
59.566158,-5.719808E-3,2.882936E-3,6.405273E-3
59.737850,-6.220258E-3,1.716566E-3,6.452768E-3
59.910037,-6.483932E-3,4.654358E-4,6.500616E-3
60.082720,-6.496950E-3,-8.225919E-4,6.548818E-3
60.255901,-6.255076E-3,-2.097494E-3,6.597383E-3
60.429581,-6.415504E-3,-1.574853E-3,6.605971E-3
60.603762,-6.532296E-3,-1.040037E-3,6.614572E-3
60.778445,-6.604535E-3,-4.966852E-4,6.623185E-3
60.953632,-6.631608E-3,5.149397E-5,6.631808E-3
61.129323,-7.109522E-3,4.292003E-4,7.122466E-3
61.305521,-7.600783E-3,8.612428E-4,7.649421E-3
61.482226,-8.103302E-3,1.352313E-3,8.215367E-3
61.659441,-8.614564E-3,1.907327E-3,8.823186E-3
61.837167,-8.560823E-3,2.337121E-3,8.874110E-3
62.015405,-8.485833E-3,2.766258E-3,8.925332E-3
62.194157,-8.389523E-3,3.193696E-3,8.976847E-3
62.373424,-8.271882E-3,3.618387E-3,9.028663E-3
62.553208,-7.258265E-3,3.755156E-3,8.172124E-3
62.733510,-6.334701E-3,3.819014E-3,7.396844E-3
62.914331,-5.496764E-3,3.822321E-3,6.695114E-3
63.095674,-4.739731E-3,3.775975E-3,6.059954E-3
63.277540,-5.002330E-3,3.319000E-3,6.003255E-3
63.459930,-5.222199E-3,2.845431E-3,5.947087E-3
63.642845,-5.398470E-3,2.359158E-3,5.891443E-3
63.826288,-5.530617E-3,1.864096E-3,5.836315E-3
64.010259,-5.092558E-3,2.238865E-3,5.562973E-3
64.194761,-4.644883E-3,2.557508E-3,5.302432E-3
64.379794,-4.192841E-3,2.822048E-3,5.054094E-3
64.565361,-3.741241E-3,3.034854E-3,4.817388E-3
64.751463,-4.048963E-3,3.489348E-3,5.345059E-3
64.938101,-4.375228E-3,4.003563E-3,5.930526E-3
65.125277,-4.720089E-3,4.584626E-3,6.580124E-3
65.312993,-5.083363E-3,5.240445E-3,7.300880E-3
65.501250,-4.532703E-3,4.932703E-3,6.699026E-3
65.690049,-4.035250E-3,4.636782E-3,6.146787E-3
65.879393,-3.586308E-3,4.353023E-3,5.640072E-3
66.069282,-3.181557E-3,4.081619E-3,5.175125E-3
66.259718,-2.431371E-3,3.980917E-3,4.664683E-3
66.450704,-1.769862E-3,3.813941E-3,4.204588E-3
66.642240,-1.194550E-3,3.596690E-3,3.789872E-3
66.834328,-7.015803E-4,3.343240E-3,3.416060E-3
67.026970,-1.513400E-3,2.976099E-3,3.338794E-3
67.220167,-2.185957E-3,2.422922E-3,3.263274E-3
67.413921,-2.679729E-3,1.729661E-3,3.189463E-3
67.608233,-2.969120E-3,9.497433E-4,3.117320E-3
67.803106,-3.092370E-3,1.217625E-3,3.323456E-3
67.998540,-3.204786E-3,1.511211E-3,3.543221E-3
68.194537,-3.303887E-3,1.831386E-3,3.777518E-3
68.391100,-3.386965E-3,2.178918E-3,4.027309E-3
68.588228,-3.219953E-3,1.143276E-3,3.416896E-3
68.785926,-2.881265E-3,3.202139E-4,2.899004E-3
68.984193,-2.441975E-3,-2.939825E-4,2.459607E-3
69.183031,-1.960074E-3,-7.161564E-4,2.086809E-3
69.382443,-2.704313E-3,-1.717547E-4,2.709762E-3
69.582429,-3.431197E-3,7.797241E-4,3.518676E-3
69.782992,-3.986900E-3,2.231822E-3,4.569070E-3
69.984133,-4.145465E-3,4.244520E-3,5.933029E-3
70.185854,-4.605659E-3,4.101423E-3,6.167152E-3
70.388156,-5.072500E-3,3.919746E-3,6.410512E-3
70.591041,-5.543445E-3,3.697588E-3,6.663478E-3
70.794511,-6.015715E-3,3.433156E-3,6.926427E-3
70.998567,-4.877779E-3,3.904185E-3,6.247831E-3
71.203212,-3.797679E-3,4.164007E-3,5.635718E-3
71.408447,-2.798785E-3,4.243764E-3,5.083575E-3
71.614273,-1.897545E-3,4.174489E-3,4.585525E-3
71.820692,-1.602520E-3,3.771426E-3,4.097771E-3
72.027706,-1.347904E-3,3.404798E-3,3.661898E-3
72.235317,-1.128580E-3,3.071619E-3,3.272390E-3
72.443527,-9.400415E-4,2.769100E-3,2.924311E-3
72.652337,-1.400112E-3,2.759358E-3,3.094248E-3
72.861748,-1.880537E-3,2.680121E-3,3.274060E-3
73.071763,-2.371854E-3,2.525042E-3,3.464322E-3
73.282383,-2.863196E-3,2.288886E-3,3.665636E-3
73.493611,-2.511853E-3,2.676754E-3,3.670752E-3
73.705447,-2.108330E-3,3.011144E-3,3.675873E-3
73.917894,-1.660707E-3,3.285093E-3,3.681003E-3
74.130953,-1.177986E-3,3.492846E-3,3.686139E-3
74.344627,-1.812498E-3,2.425049E-3,3.027542E-3
74.558916,-2.034732E-3,1.429378E-3,2.486615E-3
74.773823,-1.953616E-3,5.954161E-4,2.042336E-3
74.989349,-1.677074E-3,-3.476728E-5,1.677434E-3
75.205497,-1.521263E-3,-9.044913E-5,1.523950E-3
75.422268,-1.377860E-3,-1.355274E-4,1.384509E-3
75.639663,-1.246092E-3,-1.714151E-4,1.257827E-3
75.857685,-1.125211E-3,-1.993682E-4,1.142737E-3
76.076336,-1.590351E-3,6.515345E-5,1.591685E-3
76.295616,-2.144056E-3,5.640633E-4,2.217012E-3
76.515529,-2.748177E-3,1.408314E-3,3.088013E-3
76.736076,-3.317646E-3,2.737439E-3,4.301203E-3
76.957258,-2.992966E-3,3.016379E-3,4.249281E-3
77.179078,-2.646436E-3,3.258751E-3,4.197985E-3
77.401537,-2.282012E-3,3.463033E-3,4.147310E-3
77.624638,-1.903732E-3,3.628119E-3,4.097248E-3
77.848381,-1.427979E-3,3.492559E-3,3.773207E-3
78.072770,-1.003687E-3,3.326680E-3,3.474793E-3
78.297805,-6.292217E-4,3.137507E-3,3.199980E-3
78.523489,-3.024749E-4,2.931336E-3,2.946900E-3
78.749823,-4.559578E-4,2.797523E-3,2.834437E-3
78.976810,-5.957723E-4,2.660372E-3,2.726266E-3
79.204451,-7.222745E-4,2.520787E-3,2.622222E-3
79.432748,-8.358570E-4,2.379618E-3,2.522150E-3
79.661703,-1.008114E-3,2.873786E-3,3.045479E-3
79.891318,-1.215869E-3,3.470576E-3,3.677395E-3
80.121595,-1.466436E-3,4.191299E-3,4.440430E-3
80.352536,-1.768636E-3,5.061691E-3,5.361790E-3
80.584142,-2.095777E-3,4.888334E-3,5.318655E-3
80.816416,-2.407684E-3,4.694450E-3,5.275870E-3
81.049359,-2.703111E-3,4.481289E-3,5.233427E-3
81.282974,-2.980915E-3,4.250181E-3,5.191329E-3
81.517262,-2.870972E-3,3.828014E-3,4.784994E-3
81.752226,-2.757292E-3,3.442317E-3,4.410465E-3
81.987867,-2.641240E-3,3.090325E-3,4.065250E-3
82.224187,-2.523991E-3,2.769456E-3,3.747054E-3
82.461188,-2.092217E-3,3.100959E-3,3.740764E-3
82.698872,-1.617735E-3,3.365905E-3,3.734486E-3
82.937241,-1.110701E-3,3.558924E-3,3.728216E-3
83.176298,-5.819305E-4,3.676183E-3,3.721957E-3
83.416043,-2.100259E-4,4.081058E-3,4.086459E-3
83.656480,2.428713E-4,4.480082E-3,4.486660E-3
83.897609,7.835206E-4,4.863343E-3,4.926054E-3
84.139434,1.418158E-3,5.219239E-3,5.408477E-3
84.381956,9.510469E-4,5.244848E-3,5.330377E-3
84.625176,4.902139E-4,5.230484E-3,5.253406E-3
84.869098,3.892660E-5,5.177396E-3,5.177542E-3
85.113723,-3.997131E-4,5.087095E-3,5.102774E-3
85.359053,8.516417E-5,5.300493E-3,5.301177E-3
85.605090,6.075619E-4,5.473678E-3,5.507294E-3
85.851836,1.164824E-3,5.601597E-3,5.721425E-3
86.099293,1.753709E-3,5.679279E-3,5.943880E-3
86.347464,2.261172E-3,6.264980E-3,6.660546E-3
86.596350,2.859947E-3,6.893939E-3,7.463625E-3
86.845953,3.563202E-3,7.566522E-3,8.363532E-3
87.096276,4.385694E-3,8.282447E-3,9.371939E-3
87.347320,5.526188E-3,5.376819E-3,7.710314E-3
87.599088,5.685096E-3,2.813721E-3,6.343291E-3
87.851582,5.161996E-3,7.667906E-4,5.218637E-3
88.104803,4.235315E-3,-7.037086E-4,4.293378E-3
88.358755,3.735410E-3,-7.531924E-4,3.810589E-3
88.613438,3.290472E-3,-7.818613E-4,3.382087E-3
88.868855,2.894927E-3,-7.937410E-4,3.001771E-3
89.125009,2.543706E-3,-7.922329E-4,2.664221E-3
89.381901,1.151063E-3,-1.573906E-3,1.949904E-3
89.639533,-8.513021E-6,-1.427080E-3,1.427105E-3
89.897908,-6.265877E-4,-8.356558E-4,1.044477E-3
90.157028,-7.325179E-4,-2.185904E-4,7.644372E-4
90.416894,-4.671262E-4,-5.615192E-4,7.304182E-4
90.677510,-7.452104E-5,-6.939232E-4,6.979132E-4
90.938877,3.078970E-4,-5.915187E-4,6.668545E-4
91.200997,5.579625E-4,-3.076911E-4,6.371781E-4
91.463873,7.663654E-4,-5.508753E-5,7.683427E-4
91.727506,8.669713E-4,3.267693E-4,9.265082E-4
91.991899,7.842575E-4,7.957065E-4,1.117233E-3
92.257055,4.568317E-4,1.267399E-3,1.347218E-3
92.522974,6.468246E-4,5.817524E-4,8.699528E-4
92.789661,5.456464E-4,1.335983E-4,5.617637E-4
93.057115,3.512742E-4,-9.053429E-5,3.627534E-4
93.325341,1.722535E-4,-1.587427E-4,2.342446E-4
93.594340,3.122410E-4,-2.311830E-4,3.885100E-4
93.864114,5.559489E-4,-3.257800E-4,6.443693E-4
94.134666,9.746294E-4,-4.384957E-4,1.068729E-3
94.405998,1.685063E-3,-5.500187E-4,1.772557E-3
94.678111,1.244654E-3,-9.354180E-4,1.556975E-3
94.951009,7.691827E-4,-1.130806E-3,1.367613E-3
95.224694,3.184884E-4,-1.158292E-3,1.201281E-3
95.499168,-6.396040E-5,-1.053238E-3,1.055178E-3
95.774432,3.423808E-4,-1.234782E-3,1.281371E-3
96.050490,8.806960E-4,-1.282838E-3,1.556052E-3
96.327344,1.517866E-3,-1.125490E-3,1.889615E-3
96.604996,2.187463E-3,-6.932310E-4,2.294682E-3
96.883448,2.268335E-3,-6.189531E-5,2.269179E-3
97.162702,2.172898E-3,5.602482E-4,2.243962E-3
97.442762,1.912390E-3,1.125536E-3,2.219024E-3
97.723629,1.510504E-3,1.591731E-3,2.194363E-3
98.005305,1.684067E-3,6.699796E-4,1.812444E-3
98.287794,1.494790E-3,-8.124601E-5,1.496996E-3
98.571096,1.092565E-3,-5.788890E-4,1.236451E-3
98.855215,6.185543E-4,-8.126175E-4,1.021252E-3
99.140153,7.592269E-4,-8.011399E-4,1.103744E-3
99.425913,9.090417E-4,-7.724314E-4,1.192899E-3
99.712496,1.066674E-3,-7.241442E-4,1.289255E-3
99.999905,-7.672097E-4,2.188213E-4,7.978054E-4
