#I+1.668000E+03
+1.000000E+00
+8.010000E+02
+8.010000E+02
+1.000000E+01
+2.000000E+00
+3.000000E+00
+0.000000E+00
+1.000000E+00
+2.000000E+00
+5.000000E+00
+1.000000E+00
+2.497000E+03
-1.092400E+04
+2.025600E+04
-1.299100E+04
-1.119200E+04
+0.000000E+00
+0.000000E+00
+0.000000E+00
+0.000000E+00
+0.000000E+00
+0.000000E+00
+0.000000E+00
+0.000000E+00
+0.000000E+00
+0.000000E+00
+0.000000E+00
+0.000000E+00
+0.000000E+00
+0.000000E+00
+0.000000E+00
+0.000000E+00
+0.000000E+00
+0.000000E+00
+0.000000E+00
+1.000000E+00
+1.000000E+00
+1.000000E+00
+0.000000E+00
+0.000000E+00
+1.000000E+00
+0.000000E+00
+1.000000E+00
+2.000000E+00
+3.000000E+00
+4.500000E+01
+4.500000E+01
+0.000000E+00
+0.000000E+00
+2.000000E+00
+0.000000E+00
+0.000000E+00
+0.000000E+00
+8.000000E+02
+0.000000E+00
+1.250000E-03
+7.943272E+01
+0.000000E+00
+0.000000E+00
+0.000000E+00
+1.000000E+00
+1.000000E+00
+0.000000E+00
+0.000000E+00
+9.9999904632568339E+00
+9.9999904632568339E+00
-8.487063E-03
+1.061512E-02
-8.765595E-03
+1.060935E-02
-9.047503E-03
+1.059897E-02
-9.332756E-03
+1.058388E-02
-9.621320E-03
+1.056395E-02
-9.221019E-03
+1.086374E-02
-8.811621E-03
+1.114857E-02
-8.393670E-03
+1.141818E-02
-7.967727E-03
+1.167233E-02
-7.882057E-03
+1.133476E-02
-7.795517E-03
+1.100572E-02
-7.708195E-03
+1.068503E-02
-7.620177E-03
+1.037251E-02
-7.150249E-03
+9.756302E-03
-6.709275E-03
+9.176681E-03
-6.295471E-03
+8.631477E-03
-5.907166E-03
+8.118646E-03
-5.240411E-03
+8.523284E-03
-4.546656E-03
+8.873681E-03
-3.830276E-03
+9.168105E-03
-3.095754E-03
+9.405164E-03
-3.554934E-03
+8.288821E-03
-3.883072E-03
+7.239430E-03
-4.097612E-03
+6.261184E-03
-4.214712E-03
+5.356503E-03
-4.642150E-03
+5.454113E-03
-5.094920E-03
+5.539327E-03
-5.573790E-03
+5.610499E-03
-6.079490E-03
+5.665871E-03
-6.571493E-03
+5.842236E-03
-7.096303E-03
+6.016568E-03
-7.655769E-03
+6.187939E-03
-8.251822E-03
+6.355316E-03
-8.106934E-03
+5.882542E-03
-7.954663E-03
+5.432052E-03
-7.795914E-03
+5.003187E-03
-7.631524E-03
+4.595290E-03
-7.747478E-03
+4.043742E-03
-7.828062E-03
+3.496733E-03
-7.874286E-03
+2.956278E-03
-7.887257E-03
+2.424300E-03
-8.496219E-03
+2.415590E-03
-9.147754E-03
+2.392449E-03
-9.844517E-03
+2.352899E-03
-1.058933E-02
+2.294760E-03
-1.052085E-02
+2.834087E-03
-1.042513E-02
+3.372346E-03
-1.030208E-02
+3.908171E-03
-1.015171E-02
+4.440186E-03
-1.035355E-02
+3.481786E-03
-1.046881E-02
+2.523142E-03
-1.049903E-02
+1.571752E-03
-1.044638E-02
+6.348459E-04
-1.089724E-02
+9.619669E-04
-1.135899E-02
+1.316663E-03
-1.183132E-02
+1.700483E-03
-1.231390E-02
+2.115038E-03
-1.278869E-02
+2.023085E-03
-1.327941E-02
+1.921304E-03
-1.378651E-02
+1.809122E-03
-1.431043E-02
+1.685934E-03
-1.458759E-02
+1.752531E-03
-1.487005E-02
+1.821085E-03
-1.515789E-02
+1.891646E-03
-1.545121E-02
+1.964262E-03
-1.501119E-02
+1.913891E-03
-1.458369E-02
+1.864796E-03
-1.416836E-02
+1.816945E-03
-1.376486E-02
+1.770308E-03
-1.468250E-02
+2.175576E-03
-1.565542E-02
+2.627771E-03
-1.668647E-02
+3.131276E-03
-1.777865E-02
+3.690851E-03
-1.788951E-02
+4.346925E-03
-1.797945E-02
+5.015521E-03
-1.804776E-02
+5.696096E-03
-1.809375E-02
+6.388069E-03
-1.844098E-02
+5.847643E-03
-1.877328E-02
+5.291748E-03
-1.909002E-02
+4.720750E-03
-1.939059E-02
+4.135040E-03
-1.991626E-02
+4.836447E-03
-2.043904E-02
+5.576500E-03
-2.095773E-02
+6.356399E-03
-2.147105E-02
+7.177356E-03
-2.194427E-02
+7.030931E-03
-2.242405E-02
+6.875862E-03
-2.291036E-02
+6.711916E-03
-2.340322E-02
+6.538839E-03
-2.357963E-02
+7.421500E-03
-2.372985E-02
+8.324789E-03
-2.385275E-02
+9.248184E-03
-2.394721E-02
+1.019112E-02
-2.290370E-02
+1.073421E-02
-2.187121E-02
+1.122529E-02
-2.085122E-02
+1.166621E-02
-1.984515E-02
+1.205887E-02
-2.121189E-02
+1.288446E-02
-2.267275E-02
+1.376657E-02
-2.423422E-02
+1.470907E-02
-2.590327E-02
+1.571612E-02
-2.559030E-02
+1.610382E-02
-2.527172E-02
+1.648558E-02
-2.494760E-02
+1.686131E-02
-2.461807E-02
+1.723092E-02
-2.293814E-02
+1.616394E-02
-2.137251E-02
+1.516257E-02
-1.991345E-02
+1.422281E-02
-1.855371E-02
+1.334088E-02
-1.851800E-02
+1.296434E-02
-1.847801E-02
+1.259234E-02
-1.843381E-02
+1.222489E-02
-1.838550E-02
+1.186199E-02
-2.090241E-02
+1.244321E-02
-2.372212E-02
+1.298820E-02
-2.687683E-02
+1.348081E-02
-3.040161E-02
+1.390182E-02
-2.806057E-02
+1.507759E-02
-2.576252E-02
+1.605262E-02
-2.351764E-02
+1.683940E-02
-2.133482E-02
+1.745038E-02
-2.255180E-02
+1.778081E-02
-2.382578E-02
+1.810232E-02
-2.515899E-02
+1.841346E-02
-2.655369E-02
+1.871269E-02
-2.688554E-02
+1.704501E-02
-2.713056E-02
+1.539685E-02
-2.729152E-02
+1.377195E-02
-2.737129E-02
+1.217384E-02
-2.819229E-02
+1.338953E-02
-2.901586E-02
+1.467702E-02
-2.984022E-02
+1.603934E-02
-3.066349E-02
+1.747962E-02
-3.026659E-02
+1.759863E-02
-2.987188E-02
+1.771330E-02
-2.947939E-02
+1.782368E-02
-2.908916E-02
+1.792984E-02
-2.952917E-02
+1.943434E-02
-2.993795E-02
+2.100362E-02
-3.031244E-02
+2.263891E-02
-3.064943E-02
+2.434139E-02
-3.110393E-02
+2.399412E-02
-3.155514E-02
+2.363917E-02
-3.200292E-02
+2.327655E-02
-3.244720E-02
+2.290629E-02
-3.302962E-02
+2.358931E-02
-3.362099E-02
+2.429054E-02
-3.422139E-02
+2.501043E-02
-3.483086E-02
+2.574943E-02
-3.505679E-02
+2.639301E-02
-3.527997E-02
+2.704699E-02
-3.550027E-02
+2.771145E-02
-3.571758E-02
+2.838655E-02
-3.545923E-02
+2.947995E-02
-3.517378E-02
+3.057907E-02
-3.486089E-02
+3.168333E-02
-3.452004E-02
+3.279217E-02
-3.510880E-02
+3.353848E-02
-3.570706E-02
+3.430123E-02
-3.631499E-02
+3.508072E-02
-3.693271E-02
+3.587740E-02
-3.709694E-02
+3.732393E-02
-3.723881E-02
+3.880505E-02
-3.735722E-02
+4.032107E-02
-3.745105E-02
+4.187236E-02
-3.771899E-02
+4.374304E-02
-3.795955E-02
+4.567111E-02
-3.817088E-02
+4.765766E-02
-3.835110E-02
+4.970372E-02
-3.804331E-02
+5.040268E-02
-3.772626E-02
+5.110241E-02
-3.739991E-02
+5.180282E-02
-3.706413E-02
+5.250379E-02
-3.644254E-02
+5.469271E-02
-3.574682E-02
+5.691319E-02
-3.497448E-02
+5.916392E-02
-3.412292E-02
+6.144343E-02
-3.317147E-02
+6.263937E-02
-3.218808E-02
+6.382613E-02
-3.117269E-02
+6.500299E-02
-3.012524E-02
+6.616916E-02
-2.901227E-02
+6.871597E-02
-2.779843E-02
+7.129617E-02
-2.648020E-02
+7.390772E-02
-2.505400E-02
+7.654844E-02
-2.363357E-02
+7.740574E-02
-2.218937E-02
+7.823850E-02
-2.072175E-02
+7.904612E-02
-1.923112E-02
+7.982801E-02
-1.596791E-02
+8.196335E-02
-1.255707E-02
+8.398683E-02
-9.001238E-03
+8.589010E-02
-5.303460E-03
+8.766471E-02
-3.028841E-03
+8.765297E-02
-7.583887E-04
+8.758248E-02
+1.506388E-03
+8.745341E-02
+3.763942E-03
+8.726601E-02
+7.003435E-03
+8.735467E-02
+1.025467E-02
+8.732368E-02
+1.351325E-02
+8.717228E-02
+1.677476E-02
+8.689992E-02
+1.824325E-02
+8.685423E-02
+1.971486E-02
+8.678435E-02
+2.118921E-02
+8.669014E-02
+2.266589E-02
+8.657156E-02
+2.515329E-02
+8.521740E-02
+2.758019E-02
+8.379711E-02
+2.994502E-02
+8.231308E-02
+3.224625E-02
+8.076765E-02
+3.335444E-02
+7.948135E-02
+3.443033E-02
+7.818745E-02
+3.547414E-02
+7.688658E-02
+3.648604E-02
+7.557930E-02
+3.751773E-02
+7.352377E-02
+3.848755E-02
+7.148014E-02
+3.939676E-02
+6.944962E-02
+4.024661E-02
+6.743331E-02
+4.226824E-02
+6.617661E-02
+4.425069E-02
+6.485935E-02
+4.619212E-02
+6.348272E-02
+4.809079E-02
+6.204804E-02
+4.875893E-02
+5.983783E-02
+4.936270E-02
+5.764925E-02
+4.990371E-02
+5.548350E-02
+5.038356E-02
+5.334163E-02
+5.053300E-02
+5.255803E-02
+5.067458E-02
+5.177810E-02
+5.080839E-02
+5.100190E-02
+5.093452E-02
+5.022945E-02
+5.082976E-02
+4.831534E-02
+5.069260E-02
+4.644107E-02
+5.052436E-02
+4.460645E-02
+5.032643E-02
+4.281124E-02
+5.132423E-02
+4.087656E-02
+5.225251E-02
+3.892434E-02
+5.311120E-02
+3.695691E-02
+5.390038E-02
+3.497664E-02
+5.280504E-02
+3.330880E-02
+5.171999E-02
+3.170206E-02
+5.064572E-02
+3.015456E-02
+4.958268E-02
+2.866449E-02
+4.878714E-02
+2.845097E-02
+4.800343E-02
+2.823747E-02
+4.723141E-02
+2.802401E-02
+4.647090E-02
+2.781061E-02
+4.389308E-02
+2.663570E-02
+4.145608E-02
+2.550684E-02
+3.915236E-02
+2.442246E-02
+3.697472E-02
+2.338101E-02
+3.563490E-02
+2.377277E-02
+3.431395E-02
+2.412419E-02
+3.301249E-02
+2.443657E-02
+3.173100E-02
+2.471122E-02
+3.021338E-02
+2.603493E-02
+2.864520E-02
+2.727141E-02
+2.703121E-02
+2.841900E-02
+2.537622E-02
+2.947628E-02
+2.524645E-02
+3.125853E-02
+2.505466E-02
+3.309458E-02
+2.479709E-02
+3.498416E-02
+2.446989E-02
+3.692690E-02
+2.451086E-02
+3.903463E-02
+2.449970E-02
+4.122805E-02
+2.443214E-02
+4.350930E-02
+2.430366E-02
+4.588046E-02
+2.598642E-02
+4.632490E-02
+2.771839E-02
+4.673799E-02
+2.949992E-02
+4.711782E-02
+3.133131E-02
+4.746240E-02
+3.353895E-02
+4.776356E-02
+3.581243E-02
+4.800741E-02
+3.815176E-02
+4.819054E-02
+4.055684E-02
+4.830938E-02
+4.075292E-02
+4.753316E-02
+4.093955E-02
+4.676069E-02
+4.111684E-02
+4.599202E-02
+4.128490E-02
+4.522727E-02
+4.331560E-02
+4.527489E-02
+4.539401E-02
+4.527495E-02
+4.752008E-02
+4.522518E-02
+4.969370E-02
+4.512330E-02
+4.915350E-02
+4.403541E-02
+4.861522E-02
+4.296940E-02
+4.807898E-02
+4.192490E-02
+4.754487E-02
+4.090152E-02
+4.813901E-02
+3.994843E-02
+4.871468E-02
+3.898744E-02
+4.927175E-02
+3.801886E-02
+4.981018E-02
+3.704309E-02
+5.024897E-02
+3.638165E-02
+5.067902E-02
+3.571508E-02
+5.110026E-02
+3.504347E-02
+5.151264E-02
+3.436693E-02
+5.224948E-02
+3.382713E-02
+5.298261E-02
+3.327442E-02
+5.371176E-02
+3.270874E-02
+5.443680E-02
+3.213010E-02
+5.472695E-02
+3.229667E-02
+5.501866E-02
+3.246409E-02
+5.531191E-02
+3.263239E-02
+5.560677E-02
+3.280156E-02
+5.715933E-02
+3.200505E-02
+5.871608E-02
+3.116157E-02
+6.027605E-02
+3.027033E-02
+6.183822E-02
+2.933062E-02
+6.211973E-02
+2.830905E-02
+6.238488E-02
+2.728592E-02
+6.263374E-02
+2.626150E-02
+6.286626E-02
+2.523597E-02
+6.403159E-02
+2.354905E-02
+6.515492E-02
+2.181646E-02
+6.623460E-02
+2.003911E-02
+6.726910E-02
+1.821803E-02
+6.626599E-02
+1.695778E-02
+6.526427E-02
+1.573474E-02
+6.426449E-02
+1.454818E-02
+6.326704E-02
+1.339740E-02
+6.392340E-02
+1.292727E-02
+6.458096E-02
+1.244712E-02
+6.523965E-02
+1.195687E-02
+6.589933E-02
+1.145642E-02
+6.589590E-02
+1.180209E-02
+6.589068E-02
+1.214803E-02
+6.588368E-02
+1.249424E-02
+6.587486E-02
+1.284069E-02
+6.609906E-02
+9.505430E-03
+6.615703E-02
+6.179870E-03
+6.605031E-02
+2.872158E-03
+6.578074E-02
-4.096707E-04
+6.599747E-02
-5.728508E-04
+6.621446E-02
-7.371040E-04
+6.643178E-02
-9.024347E-04
+6.664945E-02
-1.068848E-03
+6.640576E-02
-2.390617E-03
+6.613661E-02
-3.703129E-03
+6.584229E-02
-5.005910E-03
+6.552301E-02
-6.298489E-03
+6.369691E-02
-8.242307E-03
+6.185382E-02
-1.007941E-02
+5.999752E-02
-1.181191E-02
+5.813169E-02
-1.344197E-02
+5.708196E-02
-1.340183E-02
+5.605050E-02
-1.335892E-02
+5.503703E-02
-1.331334E-02
+5.404127E-02
-1.326520E-02
+5.357196E-02
-1.403438E-02
+5.309307E-02
-1.479256E-02
+5.260483E-02
-1.553964E-02
+5.210742E-02
-1.627551E-02
+5.150648E-02
-1.643195E-02
+5.091039E-02
-1.658324E-02
+5.031916E-02
-1.672949E-02
+4.973272E-02
-1.687076E-02
+4.913180E-02
-1.776395E-02
+4.851646E-02
-1.864046E-02
+4.788705E-02
-1.950009E-02
+4.724402E-02
-2.034265E-02
+4.623199E-02
-2.145306E-02
+4.519894E-02
-2.252495E-02
+4.414617E-02
-2.355808E-02
+4.307491E-02
-2.455231E-02
+4.208905E-02
-2.610766E-02
+4.104719E-02
-2.762372E-02
+3.995091E-02
-2.909850E-02
+3.880183E-02
-3.053001E-02
+3.707566E-02
-3.087251E-02
+3.538025E-02
-3.116034E-02
+3.371637E-02
-3.139559E-02
+3.208470E-02
-3.158035E-02
+2.913205E-02
-3.168469E-02
+2.630764E-02
-3.164359E-02
+2.361262E-02
-3.146975E-02
+2.104748E-02
-3.117531E-02
+2.172222E-02
-3.049511E-02
+2.237662E-02
-2.980142E-02
+2.301046E-02
-2.909480E-02
+2.362349E-02
-2.837585E-02
+2.267065E-02
-2.822995E-02
+2.173895E-02
-2.807042E-02
+2.082823E-02
-2.789788E-02
+1.993830E-02
-2.771296E-02
+2.105870E-02
-2.982731E-02
+2.223678E-02
-3.209917E-02
+2.347499E-02
-3.453999E-02
+2.477591E-02
-3.716209E-02
+2.353255E-02
-3.852464E-02
+2.222220E-02
-3.985088E-02
+2.084569E-02
-4.113779E-02
+1.940391E-02
-4.238232E-02
+1.709343E-02
-4.495896E-02
+1.453910E-02
-4.745463E-02
+1.173918E-02
-4.985037E-02
+8.693209E-03
-5.212647E-02
+4.350533E-03
-5.254114E-02
-1.194203E-06
-5.259579E-02
-4.332279E-03
-5.229177E-02
-8.613309E-03
-5.163287E-02
-1.334922E-02
-5.148727E-02
-1.812958E-02
-5.091511E-02
-2.291666E-02
-4.990721E-02
-2.767148E-02
-4.845773E-02
-3.053053E-02
-4.507915E-02
-3.306014E-02
-4.157933E-02
-3.526022E-02
-3.798609E-02
-3.713278E-02
-3.432656E-02
-3.948405E-02
-3.191691E-02
-4.167915E-02
-2.934644E-02
-4.370715E-02
-2.662526E-02
-4.555766E-02
-2.376422E-02
-4.681104E-02
-1.971285E-02
-4.771689E-02
-1.561983E-02
-4.827701E-02
-1.151401E-02
-4.849546E-02
-7.423633E-03
-4.783838E-02
-5.090655E-03
-4.708979E-02
-2.834905E-03
-4.625504E-02
-6.589222E-04
-4.533947E-02
+1.435047E-03
-4.633080E-02
+3.554300E-03
-4.724777E-02
+5.768579E-03
-4.808425E-02
+8.076685E-03
-4.883403E-02
+1.047709E-02
-4.804236E-02
+1.370871E-02
-4.703704E-02
+1.688139E-02
-4.582239E-02
+1.998102E-02
-4.440365E-02
+2.299377E-02
-4.372419E-02
+2.566804E-02
-4.289249E-02
+2.833931E-02
-4.190681E-02
+3.099934E-02
-4.076583E-02
+3.363971E-02
-4.004139E-02
+3.597582E-02
-3.920422E-02
+3.832196E-02
-3.825190E-02
+4.067346E-02
-3.718214E-02
+4.302544E-02
-3.552607E-02
+4.499383E-02
-3.377024E-02
+4.690229E-02
-3.191663E-02
+4.874597E-02
-2.996741E-02
+5.052008E-02
-2.860565E-02
+5.297507E-02
-2.710975E-02
+5.543306E-02
-2.547634E-02
+5.788860E-02
-2.370227E-02
+6.033600E-02
-2.117572E-02
+6.233532E-02
-1.851759E-02
+6.424339E-02
-1.573028E-02
+6.605263E-02
-1.281664E-02
+6.775548E-02
-1.085711E-02
+7.030560E-02
-8.748004E-03
+7.286675E-02
-6.484284E-03
+7.543404E-02
-4.060977E-03
+7.800229E-02
-1.165332E-03
+7.920082E-02
+1.814435E-03
+8.030595E-02
+4.875916E-03
+8.131318E-02
+8.016525E-03
+8.221807E-02
+1.247776E-02
+8.292221E-02
+1.703748E-02
+8.339988E-02
+2.168507E-02
+8.364280E-02
+2.640931E-02
+8.364306E-02
+2.959708E-02
+8.388235E-02
+3.283615E-02
+8.401705E-02
+3.612361E-02
+8.404396E-02
+3.945654E-02
+8.395998E-02
+4.442469E-02
+8.254831E-02
+4.936001E-02
+8.085091E-02
+5.424654E-02
+7.886706E-02
+5.906797E-02
+7.659690E-02
+6.017449E-02
+7.449947E-02
+6.122296E-02
+7.239871E-02
+6.221391E-02
+7.029597E-02
+6.314783E-02
+6.819250E-02
+6.322278E-02
+6.615387E-02
+6.326498E-02
+6.414585E-02
+6.327541E-02
+6.216832E-02
+6.325506E-02
+6.022140E-02
+6.516160E-02
+5.907176E-02
+6.705277E-02
+5.786750E-02
+6.892700E-02
+5.660862E-02
+7.078291E-02
+5.529516E-02
+7.320683E-02
+5.343946E-02
+7.559039E-02
+5.148815E-02
+7.793014E-02
+4.944178E-02
+8.022253E-02
+4.730088E-02
+8.231188E-02
+4.449070E-02
+8.430450E-02
+4.159116E-02
+8.619671E-02
+3.860552E-02
+8.798479E-02
+3.553719E-02
+8.503155E-02
+3.177016E-02
+8.211268E-02
+2.824215E-02
+7.923274E-02
+2.494181E-02
+7.639568E-02
+2.185823E-02
+7.488225E-02
+2.070953E-02
+7.339258E-02
+1.959955E-02
+7.192649E-02
+1.852720E-02
+7.048388E-02
+1.749146E-02
+6.931336E-02
+1.724079E-02
+6.816234E-02
+1.699363E-02
+6.703036E-02
+1.674993E-02
+6.591712E-02
+1.650963E-02
+6.490485E-02
+1.606001E-02
+6.390758E-02
+1.562044E-02
+6.292509E-02
+1.519072E-02
+6.195714E-02
+1.477065E-02
+6.069731E-02
+1.630438E-02
+5.941173E-02
+1.778188E-02
+5.810232E-02
+1.920319E-02
+5.677097E-02
+2.056841E-02
+5.558034E-02
+2.098583E-02
+5.440346E-02
+2.138076E-02
+5.324040E-02
+2.175375E-02
+5.209123E-02
+2.210533E-02
+5.334715E-02
+2.627457E-02
+5.441823E-02
+3.072326E-02
+5.527889E-02
+3.545425E-02
+5.590198E-02
+4.046892E-02
+5.864765E-02
+4.445968E-02
+6.148110E-02
+4.877891E-02
+6.440036E-02
+5.345043E-02
+6.740282E-02
+5.849951E-02
+7.772447E-02
+5.535636E-02
+8.838747E-02
+5.095430E-02
+9.928487E-02
+4.517747E-02
+1.102910E-01
+3.791355E-02
+1.118529E-01
+2.937495E-02
+1.127691E-01
+2.081648E-02
+1.130453E-01
+1.228589E-02
+1.126906E-01
+3.829983E-03
+1.065849E-01
-8.524435E-05
+1.006882E-01
-3.583312E-03
+9.500258E-02
-6.694154E-03
+8.952902E-02
-9.446112E-03
+8.949171E-02
-1.122993E-02
+8.941908E-02
-1.301599E-02
+8.931108E-02
-1.480359E-02
+8.916758E-02
-1.659204E-02
+8.672108E-02
-1.718288E-02
+8.432983E-02
-1.773101E-02
+8.199288E-02
-1.823815E-02
+7.970943E-02
-1.870594E-02
+7.876794E-02
-1.977810E-02
+7.781769E-02
-2.082699E-02
+7.685910E-02
-2.185267E-02
+7.589258E-02
-2.285517E-02
+7.488097E-02
-2.357366E-02
+7.387017E-02
-2.427274E-02
+7.286043E-02
-2.495260E-02
+7.185201E-02
-2.561345E-02
+7.076032E-02
-2.549710E-02
+6.968431E-02
-2.537869E-02
+6.862377E-02
-2.525832E-02
+6.757845E-02
-2.513606E-02
+6.683369E-02
-2.510113E-02
+6.609635E-02
-2.506420E-02
+6.536640E-02
-2.502530E-02
+6.464379E-02
-2.498451E-02
+6.366698E-02
-2.535093E-02
+6.269751E-02
-2.570346E-02
+6.173543E-02
-2.604231E-02
+6.078073E-02
-2.636773E-02
+6.022241E-02
-2.682295E-02
+5.966248E-02
-2.727051E-02
+5.910104E-02
-2.771043E-02
+5.853809E-02
-2.814272E-02
+5.798393E-02
-2.835831E-02
+5.743176E-02
-2.856885E-02
+5.688166E-02
-2.877438E-02
+5.633364E-02
-2.897492E-02
+5.613276E-02
-2.924063E-02
+5.593068E-02
-2.950507E-02
+5.572741E-02
-2.976822E-02
+5.552302E-02
-3.003011E-02
+5.551844E-02
-2.971036E-02
+5.551247E-02
-2.939142E-02
+5.550509E-02
-2.907329E-02
+5.549631E-02
-2.875598E-02
+5.407078E-02
-2.966478E-02
+5.264329E-02
-3.052790E-02
+5.121497E-02
-3.134591E-02
+4.978686E-02
-3.211940E-02
+4.899897E-02
-3.149057E-02
+4.822337E-02
-3.087373E-02
+4.745982E-02
-3.026867E-02
+4.670819E-02
-2.967515E-02
+4.618578E-02
-3.015139E-02
+4.565928E-02
-3.061960E-02
+4.512874E-02
-3.107974E-02
+4.459428E-02
-3.153179E-02
+4.521161E-02
-3.108504E-02
+4.582583E-02
-3.062813E-02
+4.643678E-02
-3.016105E-02
+4.704430E-02
-2.968377E-02
+4.626106E-02
-3.001367E-02
+4.548053E-02
-3.033088E-02
+4.470285E-02
-3.063552E-02
+4.392814E-02
-3.092777E-02
+4.316054E-02
-3.063968E-02
+4.240539E-02
-3.035291E-02
+4.166251E-02
-3.006747E-02
+4.093171E-02
-2.978341E-02
+4.054969E-02
-2.999211E-02
+4.016747E-02
-3.019707E-02
+3.978505E-02
-3.039830E-02
+3.940246E-02
-3.059580E-02
+3.847396E-02
-2.943208E-02
+3.756423E-02
-2.830863E-02
+3.667302E-02
-2.722415E-02
+3.580005E-02
-2.617738E-02
+3.662796E-02
-2.669619E-02
+3.747486E-02
-2.722511E-02
+3.834122E-02
-2.776431E-02
+3.922745E-02
-2.831398E-02
+3.770880E-02
-2.798890E-02
+3.623896E-02
-2.765375E-02
+3.481665E-02
-2.730944E-02
+3.344057E-02
-2.695687E-02
+3.318272E-02
-2.749630E-02
+3.291676E-02
-2.803397E-02
+3.264264E-02
-2.856975E-02
+3.236037E-02
-2.910354E-02
+3.286711E-02
-2.847661E-02
+3.336177E-02
-2.784092E-02
+3.384418E-02
-2.719669E-02
+3.431424E-02
-2.654419E-02
+3.431406E-02
-2.607326E-02
+3.430983E-02
-2.560547E-02
+3.430162E-02
-2.514082E-02
+3.428946E-02
-2.467933E-02
+3.397802E-02
-2.417282E-02
+3.366787E-02
-2.367459E-02
+3.335903E-02
-2.318450E-02
+3.305157E-02
-2.270246E-02
+3.310976E-02
-2.294318E-02
+3.316724E-02
-2.318524E-02
+3.322396E-02
-2.342867E-02
+3.327995E-02
-2.367343E-02
+3.325634E-02
-2.309824E-02
+3.322656E-02
-2.252829E-02
+3.319065E-02
-2.196359E-02
+3.314876E-02
-2.140414E-02
+3.382377E-02
-2.043318E-02
+3.447040E-02
-1.944100E-02
+3.508797E-02
-1.842845E-02
+3.567580E-02
-1.739639E-02
+3.603303E-02
-1.607133E-02
+3.634294E-02
-1.474282E-02
+3.660571E-02
-1.341247E-02
+3.682160E-02
-1.208189E-02
+3.787830E-02
-1.225062E-02
+3.896455E-02
-1.241934E-02
+4.008114E-02
-1.258791E-02
+4.122893E-02
-1.275622E-02
+4.326463E-02
-1.349466E-02
+4.540058E-02
-1.427502E-02
+4.764169E-02
-1.509962E-02
+4.999315E-02
-1.597095E-02
+5.194374E-02
-1.811036E-02
+5.392870E-02
-2.040574E-02
+5.594537E-02
-2.286549E-02
+5.799081E-02
-2.549835E-02
+5.738931E-02
-2.731241E-02
+5.673163E-02
-2.911354E-02
+5.601800E-02
-3.090003E-02
+5.524869E-02
-3.267012E-02
+5.391944E-02
-3.442166E-02
+5.253584E-02
-3.612108E-02
+5.109984E-02
-3.776672E-02
+4.961345E-02
-3.935701E-02
+4.887743E-02
-3.932848E-02
+4.814848E-02
-3.929514E-02
+4.742662E-02
-3.925710E-02
+4.671178E-02
-3.921444E-02
+4.613616E-02
-4.010271E-02
+4.554399E-02
-4.098295E-02
+4.493541E-02
-4.185490E-02
+4.431055E-02
-4.271824E-02
+4.380236E-02
-4.250687E-02
+4.329909E-02
-4.229560E-02
+4.280069E-02
-4.208446E-02
+4.230718E-02
-4.187346E-02
+4.137964E-02
-4.265814E-02
+4.043781E-02
-4.342257E-02
+3.948215E-02
-4.416645E-02
+3.851309E-02
-4.488958E-02
+3.760118E-02
-4.540133E-02
+3.668357E-02
-4.589551E-02
+3.576059E-02
-4.637208E-02
+3.483253E-02
-4.683096E-02
+3.459541E-02
-4.589970E-02
+3.435608E-02
-4.498409E-02
+3.411467E-02
-4.408395E-02
+3.387127E-02
-4.319901E-02
+3.347317E-02
-4.336644E-02
+3.307465E-02
-4.353050E-02
+3.267569E-02
-4.369120E-02
+3.227637E-02
-4.384857E-02
+3.135718E-02
-4.388545E-02
+3.044617E-02
-4.390911E-02
+2.954344E-02
-4.391978E-02
+2.864910E-02
-4.391771E-02
+2.711589E-02
-4.419624E-02
+2.559272E-02
-4.442955E-02
+2.408070E-02
-4.461846E-02
+2.258095E-02
-4.476374E-02
+2.322919E-02
-4.451119E-02
+2.387482E-02
-4.424938E-02
+2.451767E-02
-4.397830E-02
+2.515766E-02
-4.369802E-02
+2.526352E-02
-4.374001E-02
+2.536963E-02
-4.378193E-02
+2.547598E-02
-4.382377E-02
+2.558256E-02
-4.386551E-02
+2.499839E-02
-4.406539E-02
+2.441323E-02
-4.425783E-02
+2.382718E-02
-4.444283E-02
+2.324032E-02
-4.462040E-02
+2.326011E-02
-4.470927E-02
+2.327990E-02
-4.479832E-02
+2.329968E-02
-4.488754E-02
+2.331947E-02
-4.497693E-02
+2.268600E-02
-4.537023E-02
+2.204603E-02
-4.575469E-02
+2.139969E-02
-4.613022E-02
+2.074711E-02
-4.649662E-02
+2.055747E-02
-4.593200E-02
+2.036941E-02
-4.537416E-02
+2.018291E-02
-4.482303E-02
+1.999796E-02
-4.427851E-02
+1.968685E-02
-4.463331E-02
+1.937135E-02
-4.498676E-02
+1.905147E-02
-4.533885E-02
+1.872717E-02
-4.568953E-02
+1.847061E-02
-4.522260E-02
+1.821737E-02
-4.476035E-02
+1.796741E-02
-4.430277E-02
+1.772068E-02
-4.384977E-02
+1.791727E-02
-4.322620E-02
+1.810629E-02
-4.260754E-02
+1.828786E-02
-4.199383E-02
+1.846208E-02
-4.138505E-02
+1.800356E-02
-4.226480E-02
+1.752371E-02
-4.314866E-02
+1.702217E-02
-4.403631E-02
+1.649858E-02
-4.492744E-02
+1.608733E-02
-4.451463E-02
+1.568275E-02
-4.410430E-02
+1.528473E-02
-4.369644E-02
+1.489319E-02
-4.329108E-02
+1.471501E-02
-4.346693E-02
+1.453554E-02
-4.364230E-02
+1.435479E-02
-4.381723E-02
+1.417273E-02
-4.399166E-02
+1.350843E-02
-4.345233E-02
+1.285989E-02
-4.291464E-02
+1.222684E-02
-4.237875E-02
+1.160903E-02
-4.184479E-02
+1.185741E-02
-4.256881E-02
+1.211092E-02
-4.330530E-02
+1.236967E-02
-4.405452E-02
+1.263377E-02
-4.481665E-02
+1.278480E-02
-4.508734E-02
+1.293722E-02
-4.535957E-02
+1.309106E-02
-4.563332E-02
+1.324631E-02
-4.590862E-02
+1.271545E-02
-4.527616E-02
+1.219741E-02
-4.464997E-02
+1.169194E-02
-4.403005E-02
+1.119878E-02
-4.341633E-02
+1.090022E-02
-4.394869E-02
+1.059372E-02
-4.448345E-02
+1.027917E-02
-4.502057E-02
+9.956466E-03
-4.556002E-02
+1.023889E-02
-4.579305E-02
+1.052419E-02
-4.602613E-02
+1.081239E-02
-4.625928E-02
+1.110350E-02
-4.649246E-02
+1.050858E-02
-4.614950E-02
+9.923125E-03
-4.580369E-02
+9.347053E-03
-4.545517E-02
+8.780306E-03
-4.510409E-02
+8.017773E-03
-4.588323E-02
+7.229748E-03
-4.665796E-02
+6.415979E-03
-4.742774E-02
+5.576217E-03
-4.819202E-02
+6.359010E-03
-4.809050E-02
+7.139972E-03
-4.797628E-02
+7.918904E-03
-4.784936E-02
+8.695597E-03
-4.770983E-02
+8.078652E-03
-4.741975E-02
+7.470059E-03
-4.712499E-02
+6.869812E-03
-4.682567E-02
+6.277882E-03
-4.652188E-02
+6.683686E-03
-4.684272E-02
+7.095165E-03
-4.716300E-02
+7.512356E-03
-4.748268E-02
+7.935310E-03
-4.780170E-02
+7.188247E-03
-4.778620E-02
+6.443537E-03
-4.775941E-02
+5.701353E-03
-4.772141E-02
+4.961849E-03
-4.767225E-02
+4.359315E-03
-4.790256E-02
+3.751690E-03
-4.812584E-02
+3.139049E-03
-4.834200E-02
+2.129936E-03
-4.540911E-02
