#I+1.668000E+03
+1.000000E+00
+8.010000E+02
+8.010000E+02
+1.000000E+01
+2.000000E+00
+3.000000E+00
+0.000000E+00
+1.000000E+00
+2.000000E+00
+5.000000E+00
+1.000000E+00
+2.497000E+03
-1.092400E+04
+2.025600E+04
-1.299100E+04
-1.119200E+04
+0.000000E+00
+0.000000E+00
+0.000000E+00
+0.000000E+00
+0.000000E+00
+0.000000E+00
+0.000000E+00
+0.000000E+00
+0.000000E+00
+0.000000E+00
+0.000000E+00
+0.000000E+00
+0.000000E+00
+0.000000E+00
+0.000000E+00
+0.000000E+00
+0.000000E+00
+0.000000E+00
+0.000000E+00
+1.000000E+00
+1.000000E+00
+1.000000E+00
+0.000000E+00
+0.000000E+00
+1.000000E+00
+0.000000E+00
+1.000000E+00
+2.000000E+00
+3.000000E+00
+4.500000E+01
+4.500000E+01
+0.000000E+00
+0.000000E+00
+2.000000E+00
+0.000000E+00
+0.000000E+00
+0.000000E+00
+8.000000E+02
+0.000000E+00
+2.499999E-03
+1.584884E+00
+0.000000E+00
+0.000000E+00
+0.000000E+00
+1.000000E+00
+1.000000E+00
+0.000000E+00
+0.000000E+00
+9.9999904632568339E+00
+9.9999904632568339E+00
+1.371746E-01
-5.041019E-01
+2.198491E-01
-4.531270E-01
+2.890854E-01
-3.900910E-01
+3.434400E-01
-3.180247E-01
+3.820848E-01
-2.400567E-01
+6.753942E-01
+5.200832E-02
+7.680770E-01
+6.664339E-01
+3.306462E-01
+1.490313E+00
-9.333529E-01
+2.092956E+00
+2.181645E-01
+1.478577E+00
+6.372002E-01
+7.376476E-01
+6.087511E-01
+1.832218E-01
+3.991913E-01
-1.120357E-01
+5.291792E-01
-7.056563E-02
+6.873842E-01
+5.831405E-03
+8.752390E-01
+1.318620E-01
+1.091907E+00
+3.265337E-01
+1.067660E+00
+2.440744E-01
+1.039196E+00
+1.665382E-01
+1.007000E+00
+9.398939E-02
+9.715427E-01
+2.645883E-02
+9.754322E-01
+4.214878E-02
+9.790877E-01
+5.797074E-02
+9.825054E-01
+7.392155E-02
+9.856831E-01
+8.999793E-02
+9.373873E-01
+1.140610E-01
+8.906420E-01
+1.356244E-01
+8.454471E-01
+1.548486E-01
+8.017977E-01
+1.718864E-01
+8.576914E-01
+2.742404E-01
+9.077428E-01
+3.921173E-01
+9.497374E-01
+5.263279E-01
+9.811667E-01
+6.775194E-01
+1.110432E+00
+3.006105E-01
+1.106754E+00
-8.381064E-02
+9.797333E-01
-4.322944E-01
+7.520839E-01
-7.084080E-01
+9.189406E-01
-5.671250E-01
+1.060060E+00
-3.873940E-01
+1.166746E+00
-1.737125E-01
+1.231040E+00
+6.748702E-02
+1.164180E+00
+4.550255E-02
+1.100679E+00
+2.572196E-02
+1.040385E+00
+7.973908E-03
+9.831508E-01
-7.901227E-03
+9.727758E-01
-2.798699E-02
+9.620968E-01
-4.765128E-02
+9.511252E-01
-6.689225E-02
+9.398736E-01
-8.570836E-02
+9.497067E-01
-6.589390E-02
+9.591900E-01
-4.569673E-02
+9.683121E-01
-2.512124E-02
+9.770623E-01
-4.172125E-03
+9.638561E-01
-3.187932E-03
+9.508277E-01
-2.229587E-03
+9.379743E-01
-1.296569E-03
+9.252947E-01
-3.883725E-04
+9.463094E-01
+9.530107E-03
+9.676949E-01
+1.989927E-02
+9.894546E-01
+3.073332E-02
+1.011592E+00
+4.204685E-02
+1.018679E+00
+4.071609E-02
+1.025813E+00
+3.936475E-02
+1.032994E+00
+3.799256E-02
+1.040223E+00
+3.659935E-02
+1.033966E+00
+4.472389E-02
+1.027679E+00
+5.275171E-02
+1.021364E+00
+6.068315E-02
+1.015023E+00
+6.851850E-02
+9.903134E-01
+5.687053E-02
+9.661082E-01
+4.575565E-02
+9.423994E-01
+3.515560E-02
+9.191800E-01
+2.505261E-02
+9.486936E-01
+3.373013E-02
+9.790870E-01
+4.294089E-02
+1.010385E+00
+5.270969E-02
+1.042611E+00
+6.306227E-02
+1.039166E+00
+6.328116E-02
+1.035732E+00
+6.349792E-02
+1.032308E+00
+6.371258E-02
+1.028898E+00
+6.392516E-02
+1.031337E+00
+6.041638E-02
+1.033770E+00
+5.689137E-02
+1.036195E+00
+5.335019E-02
+1.038614E+00
+4.979276E-02
+1.041657E+00
+4.584368E-02
+1.044694E+00
+4.187182E-02
+1.047724E+00
+3.787713E-02
+1.050745E+00
+3.385959E-02
+1.040997E+00
+2.803765E-02
+1.031311E+00
+2.232175E-02
+1.021686E+00
+1.671056E-02
+1.012122E+00
+1.120278E-02
+1.004052E+00
+1.327752E-02
+9.960426E-01
+1.531852E-02
+9.880920E-01
+1.732616E-02
+9.802006E-01
+1.930086E-02
+9.781493E-01
+1.867894E-02
+9.761017E-01
+1.805953E-02
+9.740582E-01
+1.744265E-02
+9.720193E-01
+1.682829E-02
+9.702216E-01
+1.450608E-02
+9.684218E-01
+1.219249E-02
+9.666198E-01
+9.887522E-03
+9.648167E-01
+7.591159E-03
+9.635469E-01
+7.309305E-03
+9.622787E-01
+7.028182E-03
+9.610122E-01
+6.747787E-03
+9.597472E-01
+6.468120E-03
+9.479767E-01
+1.048720E-02
+9.363328E-01
+1.440685E-02
+9.248148E-01
+1.822882E-02
+9.134205E-01
+2.195483E-02
+9.531830E-01
+2.006085E-03
+9.941979E-01
-1.970956E-02
+1.036479E+00
-4.329670E-02
+1.080039E+00
-6.886478E-02
+1.026479E+00
+7.278778E-02
+9.579550E-01
+1.994370E-01
+8.772407E-01
+3.100411E-01
+7.870859E-01
+4.039724E-01
+8.533164E-01
+3.512185E-01
+9.175530E-01
+2.906098E-01
+9.790317E-01
+2.220112E-01
+1.036946E+00
+1.453487E-01
+1.041236E+00
+1.185498E-01
+1.044834E+00
+9.162627E-02
+1.047736E+00
+6.459589E-02
+1.049939E+00
+3.747670E-02
+1.047260E+00
+3.331969E-02
+1.044572E+00
+2.918423E-02
+1.041875E+00
+2.507028E-02
+1.039169E+00
+2.097781E-02
+1.036581E+00
+1.684417E-02
+1.033985E+00
+1.273131E-02
+1.031378E+00
+8.639207E-03
+1.028763E+00
+4.567848E-03
+1.029563E+00
+3.566423E-03
+1.030363E+00
+2.563441E-03
+1.031163E+00
+1.558901E-03
+1.031963E+00
+5.528046E-04
+1.030359E+00
-3.946474E-04
+1.028756E+00
-1.339155E-03
+1.027155E+00
-2.280724E-03
+1.025556E+00
-3.219361E-03
+1.024632E+00
-6.069087E-03
+1.023701E+00
-8.913705E-03
+1.022764E+00
-1.175320E-02
+1.021819E+00
-1.458755E-02
+1.016450E+00
-1.534831E-02
+1.011108E+00
-1.610069E-02
+1.005793E+00
-1.684474E-02
+1.000506E+00
-1.758054E-02
+1.002782E+00
-1.806160E-02
+1.005062E+00
-1.854475E-02
+1.007348E+00
-1.903001E-02
+1.009639E+00
-1.951740E-02
+1.016197E+00
-1.814159E-02
+1.022796E+00
-1.674713E-02
+1.029436E+00
-1.533383E-02
+1.036118E+00
-1.390154E-02
+1.029205E+00
-1.851437E-02
+1.022316E+00
-2.306530E-02
+1.015452E+00
-2.755487E-02
+1.008613E+00
-3.198359E-02
+1.020055E+00
-3.156776E-02
+1.031626E+00
-3.113839E-02
+1.043328E+00
-3.069525E-02
+1.055162E+00
-3.023804E-02
+1.064809E+00
-3.819335E-02
+1.074488E+00
-4.629319E-02
+1.084199E+00
-5.453917E-02
+1.093941E+00
-6.293286E-02
+1.062873E+00
-8.655329E-02
+1.032099E+00
-1.088152E-01
+1.001644E+00
-1.297621E-01
+9.715277E-01
-1.494370E-01
+9.921766E-01
-1.380830E-01
+1.013052E+00
-1.262116E-01
+1.034151E+00
-1.138094E-01
+1.055470E+00
-1.008633E-01
+1.060508E+00
-9.943958E-02
+1.065566E+00
-9.800030E-02
+1.070644E+00
-9.654535E-02
+1.075743E+00
-9.507461E-02
+1.079638E+00
-9.919678E-02
+1.083533E+00
-1.033487E-01
+1.087429E+00
-1.075305E-01
+1.091326E+00
-1.117423E-01
+1.103693E+00
-1.359933E-01
+1.115722E+00
-1.608288E-01
+1.127395E+00
-1.862493E-01
+1.138696E+00
-2.122556E-01
+1.129430E+00
-2.491299E-01
+1.118976E+00
-2.856258E-01
+1.107347E+00
-3.217050E-01
+1.094558E+00
-3.573299E-01
+1.062142E+00
-3.421635E-01
+1.030668E+00
-3.275878E-01
+1.000109E+00
-3.135807E-01
+9.704405E-01
-3.001215E-01
+9.815818E-01
-3.095089E-01
+9.928177E-01
-3.190824E-01
+1.004149E+00
-3.288452E-01
+1.015575E+00
-3.388003E-01
+1.007962E+00
-3.715619E-01
+9.993032E-01
-4.041820E-01
+9.895979E-01
-4.366269E-01
+9.788493E-01
-4.688641E-01
+9.567918E-01
-4.949425E-01
+9.341155E-01
-5.201422E-01
+9.108521E-01
-5.444507E-01
+8.870333E-01
-5.678572E-01
+7.954868E-01
-6.043865E-01
+7.061511E-01
-6.319605E-01
+6.195868E-01
-6.512355E-01
+5.362741E-01
-6.628746E-01
+5.551668E-01
-4.461111E-01
+5.321947E-01
-2.658229E-01
+4.815095E-01
-1.227241E-01
+4.147891E-01
-1.489163E-02
+4.193193E-01
-5.120268E-02
+4.207528E-01
-8.841805E-02
+4.189673E-01
-1.262810E-01
+4.138615E-01
-1.645204E-01
+3.769081E-01
-1.276747E-01
+3.422301E-01
-9.650441E-02
+3.098448E-01
-7.029320E-02
+2.797346E-01
-4.840127E-02
+2.989745E-01
+2.716898E-04
+3.101515E-01
+5.424494E-02
+3.120065E-01
+1.122623E-01
+3.034595E-01
+1.727928E-01
+3.165972E-01
+2.205520E-01
+3.262665E-01
+2.744214E-01
+3.315068E-01
+3.346667E-01
+3.312344E-01
+4.014837E-01
+4.002755E-01
+4.384059E-01
+4.810337E-01
+4.765177E-01
+5.752071E-01
+5.153149E-01
+6.847013E-01
+5.541256E-01
+7.613691E-01
+5.234655E-01
+8.390370E-01
+4.851300E-01
+9.171227E-01
+4.386857E-01
+9.949823E-01
+3.837280E-01
+1.005772E+00
+3.410155E-01
+1.014756E+00
+2.980729E-01
+1.021934E+00
+2.549755E-01
+1.027310E+00
+2.117980E-01
+1.029138E+00
+1.874172E-01
+1.030397E+00
+1.630669E-01
+1.031090E+00
+1.387602E-01
+1.031218E+00
+1.145101E-01
+1.032827E+00
+1.013188E-01
+1.034267E+00
+8.810498E-02
+1.035539E+00
+7.487093E-02
+1.036641E+00
+6.161875E-02
+1.036621E+00
+5.268579E-02
+1.036525E+00
+4.375771E-02
+1.036351E+00
+3.483520E-02
+1.036103E+00
+2.591890E-02
+1.040634E+00
+1.376963E-02
+1.045042E+00
+1.517200E-03
+1.049321E+00
-1.083733E-02
+1.053473E+00
-2.329288E-02
+1.051708E+00
-2.964287E-02
+1.049907E+00
-3.597236E-02
+1.048071E+00
-4.228119E-02
+1.046201E+00
-4.856921E-02
+1.038240E+00
-5.302500E-02
+1.030317E+00
-5.741120E-02
+1.022433E+00
-6.172850E-02
+1.014587E+00
-6.597759E-02
+1.023199E+00
-6.492241E-02
+1.031882E+00
-6.384470E-02
+1.040636E+00
-6.274422E-02
+1.049462E+00
-6.162056E-02
+1.080281E+00
-4.763078E-02
+1.111769E+00
-3.278009E-02
+1.143931E+00
-1.703395E-02
+1.176773E+00
-3.567094E-04
+1.202948E+00
-5.323588E-02
+1.227329E+00
-1.084679E-01
+1.249772E+00
-1.660247E-01
+1.270128E+00
-2.258708E-01
+1.239371E+00
-2.855771E-01
+1.206116E+00
-3.428358E-01
+1.170525E+00
-3.975604E-01
+1.132758E+00
-4.496734E-01
+1.074311E+00
-4.707476E-01
+1.017384E+00
-4.890434E-01
+9.620138E-01
-5.047184E-01
+9.082290E-01
-5.179247E-01
+8.524555E-01
-4.839692E-01
+8.001031E-01
-4.522331E-01
+7.509621E-01
-4.225718E-01
+7.048358E-01
-3.948500E-01
+6.837777E-01
-3.760129E-01
+6.632954E-01
-3.579789E-01
+6.433753E-01
-3.407161E-01
+6.240045E-01
-3.241945E-01
+6.310480E-01
-2.888368E-01
+6.362501E-01
-2.536377E-01
+6.396450E-01
-2.186855E-01
+6.412698E-01
-1.840658E-01
+6.481813E-01
-1.696812E-01
+6.547810E-01
-1.550758E-01
+6.610630E-01
-1.402563E-01
+6.670199E-01
-1.252292E-01
+6.756505E-01
-1.166829E-01
+6.842433E-01
-1.079225E-01
+6.927942E-01
-9.894650E-02
+7.012998E-01
-8.975329E-02
+7.114755E-01
-8.235954E-02
+7.216924E-01
-7.474591E-02
+7.319487E-01
-6.690906E-02
+7.422427E-01
-5.884565E-02
+7.514118E-01
-5.717465E-02
+7.606862E-01
-5.545398E-02
+7.700673E-01
-5.368272E-02
+7.795566E-01
-5.185997E-02
+7.904276E-01
-5.117116E-02
+8.014475E-01
-5.045324E-02
+8.126186E-01
-4.970551E-02
+8.239423E-01
-4.892727E-02
+8.326217E-01
-4.986001E-02
+8.413924E-01
-5.080698E-02
+8.502553E-01
-5.176838E-02
+8.592108E-01
-5.274441E-02
+8.739670E-01
-5.926598E-02
+8.889399E-01
-6.599827E-02
+9.041322E-01
-7.294632E-02
+9.195457E-01
-8.011545E-02
+9.293052E-01
-9.575452E-02
+9.389320E-01
-1.117371E-01
+9.484189E-01
-1.280651E-01
+9.577602E-01
-1.447407E-01
+9.563864E-01
-1.615278E-01
+9.547199E-01
-1.783110E-01
+9.527603E-01
-1.950852E-01
+9.505075E-01
-2.118454E-01
+9.290441E-01
-2.306730E-01
+9.075063E-01
-2.486669E-01
+8.859156E-01
-2.658395E-01
+8.642920E-01
-2.822040E-01
+8.513580E-01
-2.839709E-01
+8.385802E-01
-2.856339E-01
+8.259572E-01
-2.871955E-01
+8.134879E-01
-2.886578E-01
+8.180395E-01
-2.841265E-01
+8.225754E-01
-2.795500E-01
+8.270954E-01
-2.749284E-01
+8.315991E-01
-2.702617E-01
+8.305088E-01
-2.765933E-01
+8.293711E-01
-2.829236E-01
+8.281861E-01
-2.892525E-01
+8.269540E-01
-2.955793E-01
+8.195065E-01
-3.047524E-01
+8.119758E-01
-3.137901E-01
+8.043643E-01
-3.226919E-01
+7.966734E-01
-3.314570E-01
+7.786187E-01
-3.347875E-01
+7.608472E-01
-3.378492E-01
+7.433571E-01
-3.406501E-01
+7.261465E-01
-3.431985E-01
+7.101541E-01
-3.317066E-01
+6.944967E-01
-3.205627E-01
+6.791674E-01
-3.097568E-01
+6.641601E-01
-2.992793E-01
+6.580533E-01
-2.875490E-01
+6.519013E-01
-2.760543E-01
+6.457082E-01
-2.647930E-01
+6.394771E-01
-2.537617E-01
+6.334959E-01
-2.376527E-01
+6.273156E-01
-2.219240E-01
+6.209470E-01
-2.065730E-01
+6.144000E-01
-1.915968E-01
+6.198810E-01
-1.793537E-01
+6.251217E-01
-1.669669E-01
+6.301194E-01
-1.544413E-01
+6.348702E-01
-1.417812E-01
+6.415762E-01
-1.401370E-01
+6.483384E-01
-1.384456E-01
+6.551567E-01
-1.367063E-01
+6.620317E-01
-1.349182E-01
+6.630686E-01
-1.332050E-01
+6.641022E-01
-1.314873E-01
+6.651317E-01
-1.297649E-01
+6.661573E-01
-1.280380E-01
+6.695007E-01
-1.193307E-01
+6.727341E-01
-1.105571E-01
+6.758567E-01
-1.017185E-01
+6.788672E-01
-9.281631E-02
+6.826106E-01
-8.757503E-02
+6.863266E-01
-8.227970E-02
+6.900149E-01
-7.693027E-02
+6.936746E-01
-7.152672E-02
+7.013312E-01
-6.730668E-02
+7.090364E-01
-6.298850E-02
+7.167903E-01
-5.857074E-02
+7.245925E-01
-5.405209E-02
+7.309364E-01
-5.377119E-02
+7.373350E-01
-5.348130E-02
+7.437886E-01
-5.318227E-02
+7.502981E-01
-5.287399E-02
+7.538658E-01
-5.245887E-02
+7.574502E-01
-5.203866E-02
+7.610508E-01
-5.161329E-02
+7.646678E-01
-5.118275E-02
+7.687961E-01
-5.242645E-02
+7.729455E-01
-5.368217E-02
+7.771159E-01
-5.495001E-02
+7.813080E-01
-5.623006E-02
+7.826301E-01
-5.858124E-02
+7.839480E-01
-6.094069E-02
+7.852617E-01
-6.330840E-02
+7.865706E-01
-6.568439E-02
+7.846824E-01
-6.565474E-02
+7.827984E-01
-6.562485E-02
+7.809192E-01
-6.559475E-02
+7.790450E-01
-6.556444E-02
+7.795423E-01
-6.068400E-02
+7.800091E-01
-5.579992E-02
+7.804452E-01
-5.091237E-02
+7.808510E-01
-4.602157E-02
+7.842069E-01
-4.340809E-02
+7.875672E-01
-4.077186E-02
+7.909315E-01
-3.811281E-02
+7.943000E-01
-3.543083E-02
+7.967027E-01
-3.366778E-02
+7.991086E-01
-3.189393E-02
+8.015171E-01
-3.010925E-02
+8.039287E-01
-2.831369E-02
+8.015562E-01
-2.137557E-02
+7.991324E-01
-1.448020E-02
+7.966581E-01
-7.627890E-03
+7.941331E-01
-8.189316E-04
+8.077599E-01
+2.304520E-03
+8.216084E-01
+5.535391E-03
+8.356813E-01
+8.876404E-03
+8.499835E-01
+1.233034E-02
+8.589083E-01
+1.104822E-02
+8.679245E-01
+9.737847E-03
+8.770331E-01
+8.398777E-03
+8.862339E-01
+7.030553E-03
+8.914517E-01
+4.298774E-03
+8.966916E-01
+1.534651E-03
+9.019535E-01
-1.262071E-03
+9.072376E-01
-4.091657E-03
+9.108101E-01
-6.710800E-03
+9.143895E-01
-9.350544E-03
+9.179750E-01
-1.201098E-02
+9.215670E-01
-1.469223E-02
+9.242698E-01
-1.626128E-02
+9.269782E-01
-1.783945E-02
+9.296919E-01
-1.942677E-02
+9.324108E-01
-2.102329E-02
+9.348317E-01
-2.187463E-02
+9.372581E-01
-2.273025E-02
+9.396900E-01
-2.359019E-02
+9.421278E-01
-2.445444E-02
+9.447635E-01
-2.436988E-02
+9.474064E-01
-2.428467E-02
+9.500566E-01
-2.419878E-02
+9.527150E-01
-2.411224E-02
+9.548086E-01
-2.409780E-02
+9.569066E-01
-2.408319E-02
+9.590093E-01
-2.406840E-02
+9.611176E-01
-2.405345E-02
+9.639088E-01
-2.271779E-02
+9.667059E-01
-2.137424E-02
+9.695092E-01
-2.002273E-02
+9.723195E-01
-1.866328E-02
+9.764758E-01
-1.746270E-02
+9.806481E-01
-1.625156E-02
+9.848369E-01
-1.502977E-02
+9.890414E-01
-1.379728E-02
+9.949251E-01
-1.499121E-02
+1.000842E+00
-1.619888E-02
+1.006794E+00
-1.742040E-02
+1.012779E+00
-1.865591E-02
+1.010010E+00
-2.939784E-02
+1.007133E+00
-4.008301E-02
+1.004149E+00
-5.071039E-02
+1.001059E+00
-6.127902E-02
+9.701093E-01
-4.387534E-02
+9.398764E-01
-2.750390E-02
+9.103545E-01
-1.212073E-02
+8.815354E-01
+2.316619E-03
+8.713075E-01
+3.986187E-02
+8.595971E-01
+7.653980E-02
+8.464578E-01
+1.122972E-01
+8.319446E-01
+1.470835E-01
+8.035289E-01
+2.401792E-01
+7.648624E-01
+3.287275E-01
+7.166079E-01
+4.116198E-01
+6.595458E-01
+4.878379E-01
+8.362251E-01
+6.096462E-01
+1.060156E+00
+7.617646E-01
+1.343956E+00
+9.517067E-01
+1.703607E+00
+1.188840E+00
+1.796881E+00
+9.651829E-01
+1.862350E+00
+7.364386E-01
+1.900123E+00
+5.059026E-01
+1.910682E+00
+2.767766E-01
+1.895236E+00
+2.282788E-01
+1.878818E+00
+1.807059E-01
+1.861460E+00
+1.340704E-01
+1.843197E+00
+8.838363E-02
+1.840612E+00
+6.820931E-02
+1.837813E+00
+4.810179E-02
+1.834801E+00
+2.806335E-02
+1.831578E+00
+8.096071E-03
+1.841116E+00
-8.323604E-03
+1.850556E+00
-2.491387E-02
+1.859896E+00
-4.167471E-02
+1.869134E+00
-5.860613E-02
+1.876956E+00
-6.826587E-02
+1.884764E+00
-7.800694E-02
+1.892557E+00
-8.782960E-02
+1.900334E+00
-9.773414E-02
+1.931918E+00
-1.261801E-01
+1.963649E+00
-1.555640E-01
+1.995517E+00
-1.859042E-01
+2.027510E+00
-2.172192E-01
+2.040452E+00
-2.212965E-01
+2.053473E+00
-2.254173E-01
+2.066574E+00
-2.295822E-01
+2.079752E+00
-2.337914E-01
+2.108210E+00
-2.531664E-01
+2.136934E+00
-2.730418E-01
+2.165922E+00
-2.934271E-01
+2.195175E+00
-3.143312E-01
+2.221000E+00
-3.399884E-01
+2.246915E+00
-3.662369E-01
+2.272913E+00
-3.930848E-01
+2.298993E+00
-4.205415E-01
+2.359684E+00
-4.384226E-01
+2.421958E+00
-4.569584E-01
+2.485856E+00
-4.761707E-01
+2.551416E+00
-4.960821E-01
+2.495787E+00
-5.207578E-01
+2.440896E+00
-5.442139E-01
+2.386744E+00
-5.664843E-01
+2.333333E+00
-5.876008E-01
+2.470680E+00
-6.123892E-01
+2.616075E+00
-6.380695E-01
+2.769985E+00
-6.646620E-01
+2.932906E+00
-6.921853E-01
+3.064428E+00
-9.142157E-01
+3.190067E+00
-1.157548E+00
+3.308158E+00
-1.423084E+00
+3.416886E+00
-1.711676E+00
+3.160683E+00
-1.859836E+00
+2.905805E+00
-1.985114E+00
+2.653675E+00
-2.088571E+00
+2.405585E+00
-2.171313E+00
+2.200000E+00
-2.236302E+00
+1.997606E+00
-2.287304E+00
+1.799095E+00
-2.324974E+00
+1.605103E+00
-2.349983E+00
+1.741006E+00
-2.356844E+00
+1.881102E+00
-2.358728E+00
+2.025321E+00
-2.355333E+00
+2.173583E+00
-2.346349E+00
+1.749749E+00
-2.193586E+00
+1.388826E+00
-2.032487E+00
+1.083483E+00
-1.868170E+00
+8.269769E-01
-1.704633E+00
+1.300059E+00
-1.734763E+00
+1.838030E+00
-1.665613E+00
+2.427274E+00
-1.470814E+00
+3.046760E+00
-1.123715E+00
+2.521124E+00
-1.307480E+00
+2.044971E+00
-1.409587E+00
+1.620664E+00
-1.446236E+00
+1.248489E+00
-1.431745E+00
+1.566521E+00
-1.379967E+00
+1.905554E+00
-1.277729E+00
+2.260193E+00
-1.117489E+00
+2.623477E+00
-8.918077E-01
+2.523309E+00
-9.996010E-01
+2.420092E+00
-1.100200E+00
+2.314238E+00
-1.193613E+00
+2.206157E+00
-1.279868E+00
+2.498247E+00
-1.329017E+00
+2.824099E+00
-1.371593E+00
+3.187118E+00
-1.405504E+00
+3.590991E+00
-1.428292E+00
+3.913199E+00
-1.633697E+00
+4.262883E+00
-1.865035E+00
+4.642230E+00
-2.125333E+00
+5.053582E+00
-2.417959E+00
+5.193383E+00
-3.143642E+00
+5.267167E+00
-3.941061E+00
+5.262147E+00
-4.808841E+00
+5.164689E+00
-5.744134E+00
+4.053340E+00
-6.143336E+00
+2.949683E+00
-6.362178E+00
+1.878804E+00
-6.412169E+00
+8.627087E-01
-6.307702E+00
+9.363974E-01
-5.400516E+00
+9.718774E-01
-4.617717E+00
+9.783119E-01
-3.943113E+00
+9.630853E-01
-3.362497E+00
+1.465203E+00
-3.151546E+00
+1.925439E+00
-2.866853E+00
+2.333166E+00
-2.516255E+00
+2.679159E+00
-2.109087E+00
+3.447045E+00
-1.887990E+00
+4.277947E+00
-1.490548E+00
+5.146941E+00
-8.806387E-01
+6.018819E+00
-2.194017E-02
+8.373796E+00
+3.139861E-01
+1.163048E+01
+9.160746E-01
+1.612626E+01
+1.940022E+00
+2.232155E+01
+3.621726E+00
+1.534436E+01
+1.269824E+01
+5.999021E+00
+1.648478E+01
-2.788190E+00
+1.519713E+01
-8.890242E+00
+1.030319E+01
-1.288264E+01
+6.594804E+00
-1.533263E+01
+1.343255E+00
-1.564535E+01
-4.811646E+00
-1.349066E+01
-1.100144E+01
-1.263451E+01
-6.127187E+00
-1.105629E+01
-2.460436E+00
-9.135798E+00
+1.242745E-01
-7.147819E+00
+1.796030E+00
-7.060140E+00
+1.249570E+00
-6.937343E+00
+7.253395E-01
-6.782004E+00
+2.251050E-01
-6.596742E+00
-2.496015E-01
-6.095759E+00
+7.855456E-02
-5.618352E+00
+3.577599E-01
-5.164981E+00
+5.929218E-01
-4.735833E+00
+7.885898E-01
-4.642224E+00
+6.059900E-01
-4.544736E+00
+4.312552E-01
-4.443734E+00
+2.643176E-01
-4.339578E+00
+1.050987E-01
-4.294574E+00
+5.592021E-02
-4.249503E+00
+7.763336E-03
-4.204379E+00
-3.938206E-02
-4.159215E+00
-8.552752E-02
-4.133428E+00
-9.810920E-02
-4.107760E+00
-1.105324E-01
-4.082210E+00
-1.227985E-01
-4.056775E+00
-1.349086E-01
-4.043113E+00
-1.391247E-01
-4.029492E+00
-1.433110E-01
-4.015910E+00
-1.474677E-01
-4.002368E+00
-1.515947E-01
-4.016250E+00
-1.673633E-01
-4.030118E+00
-1.832416E-01
-4.043977E+00
-1.992300E-01
-4.057830E+00
-2.153279E-01
-4.202901E+00
-2.537782E-01
-4.352925E+00
-2.947145E-01
-4.508063E+00
-3.382646E-01
-4.668483E+00
-3.845626E-01
-4.915751E+00
+5.367073E-02
-5.131373E+00
+5.357192E-01
-5.309646E+00
+1.060464E+00
-5.444724E+00
+1.626178E+00
-4.479571E+00
+1.588511E+00
-3.674916E+00
+1.516261E+00
-3.005794E+00
+1.421907E+00
-2.450825E+00
+1.314812E+00
-2.819171E+00
+1.031627E+00
-3.169636E+00
+6.729132E-01
-3.489489E+00
+2.362141E-01
-3.764748E+00
-2.791527E-01
-4.131269E+00
-2.845625E-01
-4.533345E+00
-2.883890E-01
-4.974420E+00
-2.902744E-01
-5.458251E+00
-2.898076E-01
-5.789567E+00
-2.261551E-01
-6.139783E+00
-1.537715E-01
-6.509910E+00
-7.185327E-02
-6.900994E+00
+2.046778E-02
-7.557036E+00
+3.591637E-01
-8.259016E+00
+7.621194E-01
-9.008165E+00
+1.237695E+00
-9.805433E+00
+1.795104E+00
-1.153291E+01
+3.167712E+00
-1.345462E+01
+4.988400E+00
-1.556177E+01
+7.364911E+00
-1.783265E+01
+1.042510E+01
-1.173575E+01
+1.664585E+01
-3.721747E+00
+1.973365E+01
+4.731004E+00
+1.922663E+01
+1.210728E+01
+1.531502E+01
+1.118657E+01
+1.122641E+01
+1.006429E+01
+8.014623E+00
+8.860887E+00
+5.528684E+00
+7.659492E+00
+3.635647E+00
+6.759019E+00
+2.932454E+00
+5.956307E+00
+2.348198E+00
+5.241992E+00
+1.864365E+00
+4.607400E+00
+1.465147E+00
+4.122809E+00
+1.219586E+00
+3.687535E+00
+1.009996E+00
+3.296758E+00
+8.314987E-01
+2.946105E+00
+6.798433E-01
+2.743647E+00
+7.926758E-01
+2.546897E+00
+8.886834E-01
+2.356397E+00
+9.691156E-01
+2.172594E+00
+1.035180E+00
+2.056897E+00
+8.735086E-01
+1.943103E+00
+7.281495E-01
+1.831726E+00
+5.978471E-01
+1.723195E+00
+4.814160E-01
+1.546096E+00
+4.357404E-01
+1.387190E+00
+3.943706E-01
+1.244609E+00
+3.569037E-01
+1.116677E+00
+3.229743E-01
+1.076022E+00
+4.961157E-01
+1.008594E+00
+6.643933E-01
+9.149295E-01
+8.236783E-01
+7.961963E-01
+9.698909E-01
+8.186217E-01
+9.352697E-01
+8.397392E-01
+9.002915E-01
+8.595501E-01
+8.650018E-01
+8.780576E-01
+8.294433E-01
+9.619275E-01
+7.475727E-01
+1.038190E+00
+6.572491E-01
+1.105994E+00
+5.591763E-01
+1.164558E+00
+4.541447E-01
+1.108089E+00
+3.634635E-01
+1.050846E+00
+2.818790E-01
+9.933451E-01
+2.088080E-01
+9.360398E-01
+1.436810E-01
+8.783647E-01
+1.182956E-01
+8.239578E-01
+9.553678E-02
+7.726551E-01
+7.517941E-02
+7.242981E-01
+5.701558E-02
+7.119113E-01
-7.136832E-03
+6.942597E-01
-6.868060E-02
+6.716953E-01
-1.272217E-01
+6.445962E-01
-1.824061E-01
+3.269904E-01
-5.305025E-01
-1.096423E-01
-5.692521E-01
-4.332407E-01
-3.211316E-01
-4.989135E-01
+5.247167E-02
-5.400743E-01
+1.064884E-01
-5.797364E-01
+1.695756E-01
-6.168672E-01
+2.424279E-01
-6.502701E-01
+3.257030E-01
-8.316606E-01
+6.924220E-01
-9.700905E-01
+1.285249E+00
-9.695937E-01
+2.191095E+00
-6.616610E-01
+3.503333E+00
-9.320550E-02
+3.524607E+00
+4.651189E-01
+3.455685E+00
+9.993216E-01
+3.300306E+00
+1.496336E+00
+3.064330E+00
+1.922241E+00
+2.567030E+00
+2.228044E+00
+2.032594E+00
+2.416357E+00
+1.485015E+00
+2.493818E+00
+9.460009E-01
+2.402615E+00
+8.534816E-01
+2.313572E+00
+7.669104E-01
+2.226713E+00
+6.859802E-01
+2.142058E+00
+6.103967E-01
+1.995288E+00
+5.191790E-01
+1.857521E+00
+4.378961E-01
+1.728297E+00
+3.656146E-01
+1.607171E+00
+3.014811E-01
+1.615808E+00
+3.786623E-01
+1.621060E+00
+4.573084E-01
+1.622812E+00
+5.372852E-01
+1.620958E+00
+6.184531E-01
+1.641084E+00
+4.612004E-01
+1.646811E+00
+3.055366E-01
+1.638589E+00
+1.527063E-01
+1.616968E+00
+3.888149E-03
+1.573220E+00
-3.721169E-02
+1.529616E+00
-7.608791E-02
+1.486209E+00
-1.128045E-01
+1.443047E+00
-1.474248E-01
+1.466669E+00
-1.742581E-01
+1.490269E+00
-2.019723E-01
+1.513831E+00
-2.305828E-01
+1.537341E+00
-2.601053E-01
+1.462955E+00
-3.359972E-01
+1.387219E+00
-4.047733E-01
+1.310581E+00
-4.666353E-01
+1.233466E+00
-5.218019E-01
+1.278108E+00
-4.951803E-01
+1.322942E+00
-4.665509E-01
+1.367909E+00
-4.358613E-01
+1.412946E+00
-4.030599E-01
+1.434323E+00
-4.952034E-01
+1.451176E+00
-5.914251E-01
+1.463137E+00
-6.915973E-01
+1.469829E+00
-7.955669E-01
+1.535420E+00
-8.315739E-01
+1.603938E+00
-8.692101E-01
+1.675513E+00
-9.085494E-01
+1.750282E+00
-9.496690E-01
