#I+1.668000E+03
+1.000000E+00
+8.010000E+02
+8.010000E+02
+1.000000E+01
+2.000000E+00
+3.000000E+00
+0.000000E+00
+1.000000E+00
+2.000000E+00
+5.000000E+00
+1.000000E+00
+2.497000E+03
-1.092400E+04
+2.025600E+04
-1.299100E+04
-1.119200E+04
+0.000000E+00
+0.000000E+00
+0.000000E+00
+0.000000E+00
+0.000000E+00
+0.000000E+00
+0.000000E+00
+0.000000E+00
+0.000000E+00
+0.000000E+00
+0.000000E+00
+0.000000E+00
+0.000000E+00
+0.000000E+00
+0.000000E+00
+0.000000E+00
+0.000000E+00
+0.000000E+00
+0.000000E+00
+1.000000E+00
+1.000000E+00
+1.000000E+00
+0.000000E+00
+0.000000E+00
+1.000000E+00
+0.000000E+00
+1.000000E+00
+2.000000E+00
+3.000000E+00
+4.500000E+01
+4.500000E+01
+0.000000E+00
+0.000000E+00
+2.000000E+00
+0.000000E+00
+0.000000E+00
+0.000000E+00
+8.000000E+02
+0.000000E+00
+2.499999E-03
+2.511881E+00
+0.000000E+00
+0.000000E+00
+0.000000E+00
+1.000000E+00
+1.000000E+00
+0.000000E+00
+0.000000E+00
+9.9999904632568339E+00
+9.9999904632568339E+00
+1.194796E-01
+1.292898E-01
+1.542237E-01
+6.991984E-02
+1.628218E-01
+4.313643E-03
+1.459162E-01
-5.704521E-02
+1.079952E-01
-1.051056E-01
+1.775053E-01
-1.567591E-01
+2.905380E-01
-2.325471E-01
+4.737199E-01
-3.429059E-01
+7.696384E-01
-5.021912E-01
+6.936170E-01
-4.273531E-01
+6.245245E-01
-3.627782E-01
+5.618085E-01
-3.071396E-01
+5.049485E-01
-2.592738E-01
+5.097645E-01
-2.104742E-01
+5.105070E-01
-1.628356E-01
+5.073975E-01
-1.166485E-01
+5.006751E-01
-7.217653E-02
+5.387791E-01
-8.869882E-02
+5.795451E-01
-1.073522E-01
+6.231378E-01
-1.283630E-01
+6.697308E-01
-1.519790E-01
+7.071563E-01
-1.363980E-01
+7.458507E-01
-1.187878E-01
+7.858048E-01
-9.900723E-02
+8.270055E-01
-7.690902E-02
+7.093872E-01
-2.026837E-01
+5.860904E-01
-2.932106E-01
+4.636132E-01
-3.520349E-01
+3.470474E-01
-3.833163E-01
+6.128968E-01
-3.872202E-01
+9.734386E-01
-2.925169E-01
+1.424796E+00
-2.901703E-02
+1.935337E+00
+4.966221E-01
+1.483989E+00
+2.810298E-01
+1.133075E+00
+1.402234E-01
+8.615447E-01
+5.097596E-02
+6.523922E-01
-3.216607E-03
+4.784521E-01
-1.451061E-01
+3.196548E-01
-2.112602E-01
+1.885498E-01
-2.251027E-01
+8.922978E-02
-2.065836E-01
+1.520959E-01
-2.552298E-01
+2.427082E-01
-3.081844E-01
+3.703825E-01
-3.620424E-01
+5.467330E-01
-4.107549E-01
+3.459732E-01
-6.766979E-01
+1.585371E-02
-8.445195E-01
-3.956690E-01
-8.512973E-01
-8.100327E-01
-6.575469E-01
-4.651240E-01
-5.490953E-01
-2.451812E-01
-4.315589E-01
-1.111024E-01
-3.238158E-01
-3.397407E-02
-2.336706E-01
+3.467432E-03
-2.248504E-01
+3.733414E-02
-2.108838E-01
+6.705980E-02
-1.926198E-01
+9.224077E-02
-1.709430E-01
+1.073869E-01
-1.539213E-01
+1.200494E-01
-1.359123E-01
+1.302190E-01
-1.172296E-01
+1.379214E-01
-9.817477E-02
+1.484584E-01
-7.668824E-02
+1.557569E-01
-5.422377E-02
+1.597548E-01
-3.125554E-02
+1.604572E-01
-8.255431E-03
+1.714420E-01
+6.831323E-03
+1.816560E-01
+2.394407E-02
+1.908531E-01
+4.313637E-02
+1.987667E-01
+6.444125E-02
+2.144037E-01
+6.492822E-02
+2.311752E-01
+6.512402E-02
+2.491566E-01
+6.498398E-02
+2.684279E-01
+6.445874E-02
+2.376750E-01
+9.778146E-02
+2.046085E-01
+1.240244E-01
+1.704290E-01
+1.434231E-01
+1.362071E-01
+1.563664E-01
+1.452866E-01
+1.636615E-01
+1.549406E-01
+1.712699E-01
+1.652035E-01
+1.792033E-01
+1.761124E-01
+1.874736E-01
+2.029238E-01
+1.639427E-01
+2.265994E-01
+1.365851E-01
+2.465942E-01
+1.058177E-01
+2.624180E-01
+7.213442E-02
+2.598279E-01
+9.550054E-02
+2.552094E-01
+1.189630E-01
+2.485265E-01
+1.423502E-01
+2.397578E-01
+1.654846E-01
+1.932494E-01
+1.713801E-01
+1.516842E-01
+1.715765E-01
+1.150812E-01
+1.672877E-01
+8.332704E-02
+1.595841E-01
+7.607557E-02
+1.940627E-01
+6.344081E-02
+2.328501E-01
+4.407346E-02
+2.759281E-01
+1.642260E-02
+3.231077E-01
+4.230908E-03
+3.357220E-01
-8.911928E-03
+3.483207E-01
-2.304049E-02
+3.608652E-01
-3.818917E-02
+3.733147E-01
-4.525369E-02
+4.462666E-01
-5.362093E-02
+5.334741E-01
-6.353028E-02
+6.377228E-01
-7.526468E-02
+7.623428E-01
-4.339724E-02
+9.400252E-01
+7.100646E-03
+1.155949E+00
+8.290784E-02
+1.417589E+00
+1.926965E-01
+1.733688E+00
+6.711868E-01
+1.598398E+00
+1.089250E+00
+1.334888E+00
+1.413658E+00
+9.661477E-01
+1.619201E+00
+5.234366E-01
+1.547580E+00
+5.170112E-01
+1.478970E+00
+5.101813E-01
+1.413253E+00
+5.029908E-01
+1.350309E+00
+4.954816E-01
+1.277796E+00
+4.134596E-01
+1.207173E+00
+3.395534E-01
+1.138606E+00
+2.731513E-01
+1.072231E+00
+2.136765E-01
+1.013420E+00
+2.129850E-01
+9.577264E-01
+2.117482E-01
+9.049898E-01
+2.100259E-01
+8.550595E-01
+2.078732E-01
+8.000461E-01
+2.140392E-01
+7.481505E-01
+2.186538E-01
+6.992219E-01
+2.218760E-01
+6.531156E-01
+2.238519E-01
+6.293567E-01
+2.213789E-01
+6.064182E-01
+2.188048E-01
+5.842730E-01
+2.161392E-01
+5.628952E-01
+2.133916E-01
+5.149926E-01
+2.119027E-01
+4.707349E-01
+2.092855E-01
+4.298769E-01
+2.057193E-01
+3.921873E-01
+2.013635E-01
+3.515717E-01
+1.960435E-01
+3.146754E-01
+1.899157E-01
+2.811984E-01
+1.831674E-01
+2.508611E-01
+1.759599E-01
+1.815071E-01
+1.830048E-01
+1.230405E-01
+1.785177E-01
+7.530321E-02
+1.661033E-01
+3.762858E-02
+1.487223E-01
-1.363458E-03
+1.448694E-01
-3.604955E-02
+1.319828E-01
-6.463273E-02
+1.118802E-01
-8.590831E-02
+8.665331E-02
-1.522758E-01
+3.836582E-02
-1.933014E-01
-5.896797E-02
-1.737935E-01
-1.934971E-01
-6.285392E-02
-3.287652E-01
-1.715868E-01
-3.272224E-01
-2.859666E-01
-2.908053E-01
-3.951545E-01
-2.157373E-01
-4.864919E-01
-1.014975E-01
-3.751339E-01
-2.917665E-01
-1.994767E-01
-4.083452E-01
+4.124512E-04
-4.345943E-01
+1.831248E-01
-3.730740E-01
+3.197783E-01
-3.885829E-01
+4.851317E-01
-3.687693E-01
+6.744593E-01
-2.993322E-01
+8.782059E-01
-1.647388E-01
+9.738797E-01
-1.717142E-02
+1.049842E+00
+1.588511E-01
+1.099439E+00
+3.618682E-01
+1.115784E+00
+5.890983E-01
+1.399479E+00
+7.648757E-01
+1.754832E+00
+9.922053E-01
+2.199811E+00
+1.285996E+00
+2.756857E+00
+1.665417E+00
+2.224561E+00
+2.644450E+00
+1.345513E+00
+3.454891E+00
+1.725354E-01
+3.974240E+00
-1.198374E+00
+4.096332E+00
-2.796861E+00
+2.677267E+00
-3.410773E+00
+8.379940E-01
-3.060483E+00
-8.857488E-01
-2.004603E+00
-2.082077E+00
-1.495162E+00
-1.534402E+00
-1.115105E+00
-1.130710E+00
-8.315951E-01
-8.331674E-01
-6.201211E-01
-6.138777E-01
-5.310374E-01
-6.422712E-01
-4.436818E-01
-6.607961E-01
-3.589056E-01
-6.701068E-01
-2.774555E-01
-6.709055E-01
-1.040980E-01
-5.753182E-01
+1.606604E-02
-4.705539E-01
+9.279932E-02
-3.676272E-01
+1.356622E-01
-2.735447E-01
+1.939562E-01
-2.554243E-01
+2.505185E-01
-2.252227E-01
+3.029096E-01
-1.828992E-01
+3.486043E-01
-1.288940E-01
+4.053225E-01
-1.135371E-01
+4.679382E-01
-9.100239E-02
+5.365532E-01
-5.982473E-02
+6.111477E-01
-1.834093E-02
+6.294926E-01
-2.423568E-02
+6.483417E-01
-3.046920E-02
+6.677068E-01
-3.705613E-02
+6.876012E-01
-4.401172E-02
+7.009183E-01
-3.640414E-03
+7.120322E-01
+3.815366E-02
+7.208234E-01
+8.126102E-02
+7.271772E-01
+1.255635E-01
+7.760497E-01
+1.847266E-01
+8.247710E-01
+2.518684E-01
+8.727885E-01
+3.276080E-01
+9.194647E-01
+4.125765E-01
+1.038072E+00
+3.624409E-01
+1.162308E+00
+2.968448E-01
+1.291217E+00
+2.139166E-01
+1.423583E+00
+1.117107E-01
+1.431171E+00
+8.530073E-02
+1.438290E+00
+5.864596E-02
+1.444935E+00
+3.175434E-02
+1.451097E+00
+4.633865E-03
+1.459681E+00
-3.666099E-02
+1.467138E+00
-7.844077E-02
+1.473450E+00
-1.206762E-01
+1.478595E+00
-1.633375E-01
+1.473159E+00
-1.911692E-01
+1.467203E+00
-2.188537E-01
+1.460731E+00
-2.463814E-01
+1.453746E+00
-2.737429E-01
+1.491576E+00
-3.029390E-01
+1.530067E+00
-3.335301E-01
+1.569216E+00
-3.655662E-01
+1.609024E+00
-3.990987E-01
+1.639620E+00
-5.018415E-01
+1.665497E+00
-6.096619E-01
+1.686217E+00
-7.224642E-01
+1.701331E+00
-8.401252E-01
+1.347594E+00
-8.469223E-01
+1.051843E+00
-8.222591E-01
+8.071750E-01
-7.763173E-01
+6.069575E-01
-7.169999E-01
+5.988091E-01
-5.661184E-01
+5.770465E-01
-4.353699E-01
+5.453714E-01
-3.234970E-01
+5.068875E-01
-2.290427E-01
+6.593138E-01
-1.422670E-01
+8.178841E-01
-5.260470E-04
+9.697219E-01
+2.079417E-01
+1.096562E+00
+4.937964E-01
+1.178844E+00
+3.926118E-01
+1.252810E+00
+2.799864E-01
+1.317032E+00
+1.564734E-01
+1.370096E+00
+2.279074E-02
+1.322193E+00
-1.228162E-02
+1.275108E+00
-4.491509E-02
+1.228872E+00
-7.521640E-02
+1.183514E+00
-1.032894E-01
+1.183848E+00
-1.084084E-01
+1.184160E+00
-1.135322E-01
+1.184450E+00
-1.186607E-01
+1.184719E+00
-1.237938E-01
+1.185494E+00
-9.220739E-02
+1.185432E+00
-6.066709E-02
+1.184535E+00
-2.919496E-02
+1.182809E+00
+2.187087E-03
+1.213724E+00
-8.734469E-02
+1.238661E+00
-1.815455E-01
+1.257111E+00
-2.800840E-01
+1.268577E+00
-3.825815E-01
+1.302999E+00
-3.065215E-01
+1.332956E+00
-2.276802E-01
+1.358237E+00
-1.463136E-01
+1.378647E+00
-6.269298E-02
+1.378286E+00
-7.970433E-02
+1.377714E+00
-9.671633E-02
+1.376933E+00
-1.137263E-01
+1.375942E+00
-1.307318E-01
+1.342062E+00
-1.610464E-01
+1.308207E+00
-1.898658E-01
+1.274411E+00
-2.172240E-01
+1.240709E+00
-2.431552E-01
+1.239061E+00
-2.228970E-01
+1.237106E+00
-2.027528E-01
+1.234848E+00
-1.827268E-01
+1.232290E+00
-1.628230E-01
+1.237525E+00
-1.528560E-01
+1.242692E+00
-1.428134E-01
+1.247790E+00
-1.326956E-01
+1.252818E+00
-1.225028E-01
+1.255883E+00
-1.188935E-01
+1.258943E+00
-1.152669E-01
+1.261999E+00
-1.116232E-01
+1.265049E+00
-1.079620E-01
+1.266712E+00
-1.061734E-01
+1.268376E+00
-1.043802E-01
+1.270038E+00
-1.025824E-01
+1.271700E+00
-1.007798E-01
+1.274425E+00
-9.952633E-02
+1.277155E+00
-9.826709E-02
+1.279888E+00
-9.700216E-02
+1.282626E+00
-9.573151E-02
+1.280150E+00
-9.629570E-02
+1.277679E+00
-9.685738E-02
+1.275212E+00
-9.741656E-02
+1.272748E+00
-9.797321E-02
+1.271830E+00
-8.819471E-02
+1.270838E+00
-7.843591E-02
+1.269774E+00
-6.869741E-02
+1.268639E+00
-5.897965E-02
+1.272297E+00
-5.316573E-02
+1.275939E+00
-4.731911E-02
+1.279562E+00
-4.143975E-02
+1.283168E+00
-3.552767E-02
+1.285788E+00
-3.197774E-02
+1.288404E+00
-2.841343E-02
+1.291015E+00
-2.483473E-02
+1.293621E+00
-2.124166E-02
+1.296121E+00
-1.928667E-02
+1.298624E+00
-1.732409E-02
+1.301128E+00
-1.535392E-02
+1.303634E+00
-1.337611E-02
+1.304946E+00
-1.071506E-02
+1.306253E+00
-8.048696E-03
+1.307556E+00
-5.377025E-03
+1.308857E+00
-2.700056E-03
+1.311012E+00
+4.394664E-04
+1.313163E+00
+3.589320E-03
+1.315311E+00
+6.749515E-03
+1.317455E+00
+9.920062E-03
+1.320514E+00
+1.081501E-02
+1.323580E+00
+1.171407E-02
+1.326652E+00
+1.261724E-02
+1.329730E+00
+1.352455E-02
+1.338485E+00
+1.032398E-02
+1.347290E+00
+7.080759E-03
+1.356144E+00
+3.794488E-03
+1.365048E+00
+4.647527E-04
+1.364962E+00
-1.529754E-02
+1.364695E+00
-3.105779E-02
+1.364245E+00
-4.681391E-02
+1.363614E+00
-6.256379E-02
+1.332429E+00
-9.180655E-02
+1.301268E+00
-1.197106E-01
+1.270161E+00
-1.463059E-01
+1.239137E+00
-1.716221E-01
+1.210787E+00
-1.307354E-01
+1.182003E+00
-9.177957E-02
+1.152855E+00
-5.471533E-02
+1.123406E+00
-1.950238E-02
+1.134638E+00
+2.361405E-02
+1.144314E+00
+6.756561E-02
+1.152385E+00
+1.123001E-01
+1.158808E+00
+1.577631E-01
+1.170016E+00
+1.731155E-01
+1.181171E+00
+1.887722E-01
+1.192267E+00
+2.047360E-01
+1.203303E+00
+2.210097E-01
+1.196614E+00
+2.162274E-01
+1.189952E+00
+2.114933E-01
+1.183317E+00
+2.068070E-01
+1.176709E+00
+2.021683E-01
+1.164704E+00
+2.109444E-01
+1.152724E+00
+2.195373E-01
+1.140772E+00
+2.279483E-01
+1.128848E+00
+2.361796E-01
+1.107918E+00
+2.474156E-01
+1.087169E+00
+2.581970E-01
+1.066605E+00
+2.685334E-01
+1.046228E+00
+2.784345E-01
+1.023003E+00
+2.829259E-01
+1.000192E+00
+2.871079E-01
+9.777897E-01
+2.909903E-01
+9.557906E-01
+2.945828E-01
+9.206179E-01
+2.825159E-01
+8.867382E-01
+2.709386E-01
+8.541037E-01
+2.598311E-01
+8.226684E-01
+2.491746E-01
+7.754544E-01
+2.045921E-01
+7.299288E-01
+1.646155E-01
+6.861332E-01
+1.288764E-01
+6.440934E-01
+9.703003E-02
+5.160919E-01
-1.187753E-01
+3.548971E-01
-2.438057E-01
+1.956793E-01
-2.902777E-01
+6.139456E-02
-2.779238E-01
+2.162337E-02
-4.184721E-01
-7.027335E-02
-6.128909E-01
-2.509466E-01
-8.728673E-01
-5.764550E-01
-1.206467E+00
-2.789817E-01
-1.824069E+00
+3.608961E-01
-2.520879E+00
+1.484712E+00
-3.185393E+00
+3.234822E+00
-3.613738E+00
+3.528573E+00
-2.459993E+00
+3.547008E+00
-1.404273E+00
+3.347780E+00
-4.892692E-01
+2.989349E+00
+2.599162E-01
+2.640617E+00
+4.651251E-01
+2.314149E+00
+6.205197E-01
+2.011396E+00
+7.333137E-01
+1.733082E+00
+8.100415E-01
+1.456735E+00
+1.012757E+00
+1.172294E+00
+1.154609E+00
+8.900198E-01
+1.239558E+00
+6.186701E-01
+1.272837E+00
+1.956186E-01
+2.129022E+00
-8.589581E-01
+3.113561E+00
-2.874609E+00
+3.942716E+00
-6.165803E+00
+4.039683E+00
-1.821990E+00
+7.054820E+00
+3.359750E+00
+6.370614E+00
+6.693837E+00
+2.423975E+00
+6.507020E+00
-2.679455E+00
+5.970466E+00
-2.437369E+00
+5.478095E+00
-2.217011E+00
+5.026277E+00
-2.016445E+00
+4.611672E+00
-1.833900E+00
+4.522132E+00
-1.580558E+00
+4.425454E+00
-1.339892E+00
+4.322410E+00
-1.111742E+00
+4.213735E+00
-8.959216E-01
+4.187491E+00
-8.126189E-01
+4.160039E+00
-7.306108E-01
+4.131413E+00
-6.499054E-01
+4.101651E+00
-5.705112E-01
+4.087745E+00
-5.379998E-01
+4.073661E+00
-5.057336E-01
+4.059403E+00
-4.737126E-01
+4.044976E+00
-4.419373E-01
+4.066401E+00
-4.423154E-01
+4.087941E+00
-4.426851E-01
+4.109591E+00
-4.430464E-01
+4.131358E+00
-4.433995E-01
+4.125487E+00
-4.613946E-01
+4.119544E+00
-4.793466E-01
+4.113524E+00
-4.972551E-01
+4.107430E+00
-5.151202E-01
+4.067910E+00
-6.115440E-01
+4.026307E+00
-7.063736E-01
+3.982672E+00
-7.995688E-01
+3.937055E+00
-8.910900E-01
+3.889066E+00
-7.435409E-01
+3.837149E+00
-6.004778E-01
+3.781527E+00
-4.619429E-01
+3.722425E+00
-3.279691E-01
+3.827127E+00
-3.836512E-01
+3.934199E+00
-4.422567E-01
+4.043673E+00
-5.039009E-01
+4.155583E+00
-5.687016E-01
+4.155848E+00
-5.962631E-01
+4.155936E+00
-6.238526E-01
+4.155845E+00
-6.514686E-01
+4.155570E+00
-6.791104E-01
+4.155513E+00
-6.854056E-01
+4.155446E+00
-6.917023E-01
+4.155370E+00
-6.980001E-01
+4.155284E+00
-7.042989E-01
+4.177333E+00
-6.820077E-01
+4.199342E+00
-6.594871E-01
+4.221307E+00
-6.367363E-01
+4.243230E+00
-6.137551E-01
+4.288699E+00
-5.934547E-01
+4.334487E+00
-5.726725E-01
+4.380595E+00
-5.514025E-01
+4.427028E+00
-5.296375E-01
+4.496160E+00
-5.184451E-01
+4.566287E+00
-5.067843E-01
+4.637422E+00
-4.946432E-01
+4.709578E+00
-4.820107E-01
+4.781487E+00
-4.759725E-01
+4.854455E+00
-4.696413E-01
+4.928498E+00
-4.630098E-01
+5.003633E+00
-4.560708E-01
+5.078959E+00
-4.371404E-01
+5.155288E+00
-4.175486E-01
+5.232631E+00
-3.972809E-01
+5.311000E+00
-3.763221E-01
+5.409816E+00
-3.585809E-01
+5.510352E+00
-3.400574E-01
+5.612641E+00
-3.207293E-01
+5.716710E+00
-3.005739E-01
+5.752923E+00
-2.757224E-01
+5.789239E+00
-2.505506E-01
+5.825662E+00
-2.250560E-01
+5.862187E+00
-1.992361E-01
+5.846118E+00
-3.264030E-02
+5.825395E+00
+1.328840E-01
+5.800065E+00
+2.972091E-01
+5.770177E+00
+4.602088E-01
+5.098458E+00
+8.784474E-01
+4.466599E+00
+1.196130E+00
+3.878392E+00
+1.427551E+00
+3.336043E+00
+1.585740E+00
+2.457798E+00
+2.765221E+00
+1.187204E+00
+3.510182E+00
-2.756067E-01
+3.701164E+00
-1.699390E+00
+3.306133E+00
-2.127921E+00
+2.801327E+00
-2.444183E+00
+2.260347E+00
-2.649866E+00
+1.704136E+00
-2.749991E+00
+1.151932E+00
-2.803410E+00
+6.565334E-01
-2.774931E+00
+1.761940E-01
-2.670871E+00
-2.766857E-01
-2.499232E+00
-6.913084E-01
-2.063221E+00
-1.042089E+00
-1.620686E+00
-1.272281E+00
-1.193577E+00
-1.395936E+00
-7.986161E-01
-1.429177E+00
-2.868034E-01
-1.811508E+00
+3.991923E-01
-2.015501E+00
+1.199332E+00
-1.964612E+00
+2.020889E+00
-1.601601E+00
+3.060705E+00
-1.840343E+00
+4.531407E+00
-1.983277E+00
+6.576911E+00
-1.917959E+00
+9.374864E+00
-1.464342E+00
+1.352996E+01
-6.363034E+00
+1.764615E+01
-1.561016E+01
+1.977927E+01
-3.141637E+01
+1.601091E+01
-5.626455E+01
-5.787753E+00
-5.169914E+01
-2.218811E+01
-4.059486E+01
-3.194205E+01
-2.592891E+01
-3.502587E+01
-1.057210E+01
-2.929390E+01
-5.484433E+00
-2.420498E+01
-1.867855E+00
-1.976608E+01
+6.138791E-01
-1.595329E+01
+2.233686E+00
-1.394743E+01
+2.341919E+00
-1.218447E+01
+2.388927E+00
-1.063613E+01
+2.388012E+00
-9.277319E+00
+2.350173E+00
-8.551779E+00
+2.168295E+00
-7.882981E+00
+2.000493E+00
-7.266486E+00
+1.845673E+00
-6.698209E+00
+1.702833E+00
-6.174356E+00
+1.561271E+00
-5.691461E+00
+1.431439E+00
-5.246324E+00
+1.312367E+00
-4.835992E+00
+1.203166E+00
-4.800389E+00
+9.765809E-01
-4.755816E+00
+7.555631E-01
-4.702670E+00
+5.403939E-01
-4.641353E+00
+3.313335E-01
-4.343986E+00
+3.526033E-01
-4.065282E+00
+3.698152E-01
-3.804098E+00
+3.833964E-01
-3.559353E+00
+3.937362E-01
-3.475453E+00
+3.599158E-01
-3.393362E+00
+3.274894E-01
-3.313048E+00
+2.964111E-01
-3.234477E+00
+2.666363E-01
-3.173176E+00
+2.492537E-01
-3.112992E+00
+2.324381E-01
-3.053903E+00
+2.161742E-01
-2.995893E+00
+2.004476E-01
-2.920629E+00
+2.088480E-01
-2.847196E+00
+2.167037E-01
-2.775550E+00
+2.240367E-01
-2.705652E+00
+2.308671E-01
-2.663927E+00
+3.184876E-01
-2.619794E+00
+4.036111E-01
-2.573369E+00
+4.861884E-01
-2.524764E+00
+5.661748E-01
-2.145556E+00
+5.879053E-01
-1.819005E+00
+5.913001E-01
-1.538414E+00
+5.810674E-01
-1.297847E+00
+5.609826E-01
-1.315087E+00
+4.010767E-01
-1.314373E+00
+2.446834E-01
-1.296690E+00
+9.363480E-02
-1.263191E+00
-5.040558E-02
-1.221109E+00
-1.630538E-01
-1.170097E+00
-2.685527E-01
-1.111068E+00
-3.663078E-01
-1.044958E+00
-4.558243E-01
-1.502962E+00
-3.983793E-01
-2.108511E+00
-2.262172E-01
-2.889237E+00
+1.311067E-01
-3.867821E+00
+7.742737E-01
-3.198403E+00
+4.313995E-01
-2.633998E+00
+1.861883E-01
-2.160413E+00
+1.526968E-02
-1.764840E+00
-9.970208E-02
-1.744012E+00
-9.509756E-02
-1.723422E+00
-9.058823E-02
-1.703070E+00
-8.617248E-02
-1.682952E+00
-8.184899E-02
-1.669453E+00
-7.276045E-02
-1.656021E+00
-6.381451E-02
-1.642654E+00
-5.500961E-02
-1.629355E+00
-4.634402E-02
-1.620405E+00
-1.521706E-02
-1.610921E+00
+1.555274E-02
-1.600911E+00
+4.595741E-02
-1.590387E+00
+7.598875E-02
-1.512156E+00
+9.596334E-02
-1.437422E+00
+1.138058E-01
-1.366044E+00
+1.296715E-01
-1.297891E+00
+1.437062E-01
-1.274989E+00
+1.174790E-01
-1.252065E+00
+9.217988E-02
-1.229134E+00
+6.779112E-02
-1.206213E+00
+4.429502E-02
-1.190717E+00
+3.659492E-02
-1.175379E+00
+2.908691E-02
-1.160196E+00
+2.176754E-02
-1.145169E+00
+1.463357E-02
-1.128225E+00
+1.101483E-02
-1.111521E+00
+7.500111E-03
-1.095055E+00
+4.087144E-03
-1.078823E+00
+7.736637E-04
-1.061489E+00
-4.192046E-03
-1.044410E+00
-8.998366E-03
-1.027585E+00
-1.364903E-02
-1.011007E+00
-1.814755E-02
-9.870497E-01
-1.473646E-02
-9.636511E-01
-1.147701E-02
-9.407982E-01
-8.363945E-03
-9.184789E-01
-5.392411E-03
-8.939585E-01
-2.955222E-02
-8.694495E-01
-5.242198E-02
-8.449858E-01
-7.403623E-02
-8.205997E-01
-9.442942E-02
-8.110982E-01
-1.083757E-01
-8.014347E-01
-1.220176E-01
-7.916163E-01
-1.353553E-01
-7.816495E-01
-1.483885E-01
-8.122009E-01
-1.365304E-01
-8.435613E-01
-1.235918E-01
-8.757357E-01
-1.095173E-01
-9.087275E-01
-9.424962E-02
-7.094985E-01
-2.629737E-02
-5.515136E-01
+1.613692E-02
-4.268242E-01
+4.090751E-02
-3.288622E-01
+5.369549E-02
-2.859110E-01
+1.492138E-02
-2.455815E-01
-1.415258E-02
-2.084039E-01
-3.518894E-02
-1.746737E-01
-4.965725E-02
-1.172712E-01
-9.409796E-02
-5.917815E-02
-1.095261E-01
-9.895658E-03
-1.025993E-01
+2.547096E-02
-8.145432E-02
+4.201458E-02
-8.758129E-02
+6.165115E-02
-9.177627E-02
+8.445551E-02
-9.328909E-02
+1.103892E-01
-9.126268E-02
+1.186143E-01
-6.173057E-02
+1.203493E-01
-3.316324E-02
+1.163481E-01
-6.745466E-03
+1.075306E-01
+1.658850E-02
+9.057237E-02
+2.419202E-02
+7.533984E-02
+2.913107E-02
+6.183296E-02
+3.194789E-02
+5.000130E-02
+3.310696E-02
+9.857519E-02
+1.324925E-03
+1.374857E-01
-8.580823E-02
+1.138227E-01
-2.408882E-01
-5.677477E-02
-4.342921E-01
-1.688046E-01
-8.503317E-01
-4.443577E-01
-1.657404E+00
-1.093902E+00
-3.215440E+00
-2.580089E+00
-6.207849E+00
+1.206617E+00
-5.569816E+00
+3.534225E+00
-3.293945E+00
+4.053790E+00
-5.836274E-01
+3.104484E+00
+1.554566E+00
+2.797510E+00
+1.724752E+00
+2.493870E+00
+1.859611E+00
+2.196323E+00
+1.961440E+00
+1.907275E+00
+2.032632E+00
+1.755023E+00
+1.601113E+00
+1.597127E+00
+1.244503E+00
+1.439386E+00
+9.519187E-01
+1.286008E+00
+7.137273E-01
+1.328466E+00
+8.556677E-01
+1.363996E+00
+1.010825E+00
+1.391167E+00
+1.179667E+00
+1.408415E+00
+1.362588E+00
+1.669101E+00
+1.298681E+00
+1.941391E+00
+1.199891E+00
+2.222085E+00
+1.062328E+00
+2.507305E+00
+8.821918E-01
+2.493424E+00
+6.224331E-01
+2.456564E+00
+3.736349E-01
+2.398578E+00
+1.374668E-01
+2.321395E+00
-8.463223E-02
+2.327879E+00
-5.744684E-02
+2.334057E+00
-3.012077E-02
+2.339927E+00
-2.657238E-03
+2.345487E+00
+2.494041E-02
+2.841526E+00
-4.812840E-01
+3.330937E+00
-1.201557E+00
+3.765659E+00
-2.179205E+00
+4.078132E+00
-3.456138E+00
+2.216865E+00
-3.117673E+00
+9.860323E-01
-2.553881E+00
+2.322064E-01
-1.945303E+00
-1.829242E-01
-1.390007E+00
-9.333210E-03
-1.207814E+00
+1.198111E-01
-1.033673E+00
+2.118051E-01
-8.711170E-01
+2.732612E-01
-7.223986E-01
+2.544898E-01
-9.022144E-01
+2.128932E-01
-1.117667E+00
+1.399515E-01
-1.373812E+00
+2.483191E-02
-1.675867E+00
-2.353198E-01
-1.076325E+00
-3.119527E-01
-6.536037E-01
-2.976338E-01
-3.715629E-01
-2.461912E-01
-1.931953E-01
-1.742243E-01
-1.864697E-01
-1.170732E-01
-1.720497E-01
-7.282300E-02
-1.532824E-01
-3.951246E-02
-1.326253E-01
-6.704466E-02
-4.509557E-02
-4.695482E-02
+4.569828E-03
-1.946270E-02
+1.949197E-02
-1.533835E-03
+1.600948E-02
+6.728453E-03
+2.973978E-02
+2.974700E-02
+4.956781E-02
+8.295400E-02
+7.162918E-02
+1.918494E-01
+7.981654E-02
+1.842841E-01
+6.341912E-02
+1.762370E-01
+4.851534E-02
+1.678269E-01
+3.503809E-02
+1.591610E-01
+2.291754E-02
+1.090318E-01
+1.959424E-02
+7.459788E-02
+1.610438E-02
+5.097405E-02
+1.287614E-02
+3.478659E-02
+1.008717E-02
+5.337323E-02
+3.912064E-02
+6.706698E-02
+1.005984E-01
+5.202248E-02
+2.146864E-01
-4.532436E-02
+4.010418E-01
+2.195539E-01
+5.160991E-01
+6.186618E-01
+4.740502E-01
+1.072644E+00
+1.501350E-01
+1.400160E+00
-5.522608E-01
+7.987930E-01
-1.147739E+00
+2.718866E-02
-1.298849E+00
-6.474039E-01
-1.018635E+00
-1.024985E+00
-4.547257E-01
-8.654787E-01
-5.306200E-01
-7.132615E-01
-5.796596E-01
-5.707957E-01
-6.054708E-01
-4.398584E-01
-6.116024E-01
-5.005905E-01
-4.897396E-01
-5.367199E-01
-3.684337E-01
-5.504092E-01
-2.515716E-01
-5.442587E-01
-1.423669E-01
-4.648880E-01
-1.064492E-01
-3.966973E-01
-7.808308E-02
-3.381765E-01
-5.582433E-02
-2.880084E-01
-3.848874E-02
-2.642629E-01
-6.117154E-02
-2.401945E-01
-8.015718E-02
-2.161522E-01
-9.567846E-02
-1.924399E-01
-1.079824E-01
-1.128159E-01
-1.338840E-01
-4.644952E-02
-1.309124E-01
+2.015841E-03
-1.101930E-01
+3.223444E-02
-8.128460E-02
+7.144089E-02
-6.657375E-02
+1.039525E-01
-3.295968E-02
+1.206588E-01
+1.652030E-02
+1.138224E-01
+7.443945E-02
+9.357785E-02
+3.758649E-02
+7.350288E-02
+1.373203E-02
+5.543996E-02
-6.957488E-04
+4.020981E-02
-8.561650E-03
+3.746509E-02
+2.147119E-02
+1.427598E-02
+4.305085E-02
-1.898981E-02
+4.369188E-02
-4.547147E-02
+2.088736E-02
-4.810051E-02
+2.249072E-02
-5.087873E-02
+2.421097E-02
-5.381436E-02
+2.605631E-02
-5.691615E-02
+2.803553E-02
-6.732078E-02
+1.914982E-02
-7.685189E-02
+7.445660E-03
-8.487670E-02
-7.144124E-03
-9.069516E-02
-2.456712E-02
-1.094006E-01
-1.332334E-02
-1.292312E-01
+2.863173E-03
-1.495399E-01
+2.497602E-02
-1.694104E-01
+5.404859E-02
-1.550132E-01
+4.092289E-02
-1.414496E-01
+2.976221E-02
-1.287263E-01
+2.033282E-02
-1.168387E-01
+1.242390E-02
-1.189457E-01
-1.104823E-02
-1.163385E-01
-3.486565E-02
-1.089636E-01
-5.808183E-02
-9.695710E-02
-7.974260E-02
-4.961767E-02
-1.234462E-01
+1.662240E-02
-1.400181E-01
+8.664389E-02
-1.217508E-01
+1.424691E-01
-6.916447E-02
