#I+1.668000E+03
+1.000000E+00
+8.010000E+02
+8.010000E+02
+1.000000E+01
+2.000000E+00
+3.000000E+00
+0.000000E+00
+1.000000E+00
+2.000000E+00
+5.000000E+00
+1.000000E+00
+2.497000E+03
-1.092400E+04
+2.025600E+04
-1.299100E+04
-1.119200E+04
+0.000000E+00
+0.000000E+00
+0.000000E+00
+0.000000E+00
+0.000000E+00
+0.000000E+00
+0.000000E+00
+0.000000E+00
+0.000000E+00
+0.000000E+00
+0.000000E+00
+0.000000E+00
+0.000000E+00
+0.000000E+00
+0.000000E+00
+0.000000E+00
+0.000000E+00
+0.000000E+00
+0.000000E+00
+1.000000E+00
+1.000000E+00
+1.000000E+00
+0.000000E+00
+0.000000E+00
+1.000000E+00
+0.000000E+00
+1.000000E+00
+2.000000E+00
+3.000000E+00
+4.500000E+01
+4.500000E+01
+0.000000E+00
+0.000000E+00
+2.000000E+00
+0.000000E+00
+0.000000E+00
+0.000000E+00
+8.000000E+02
+0.000000E+00
+2.499999E-03
+6.309576E+00
+0.000000E+00
+0.000000E+00
+0.000000E+00
+1.000000E+00
+1.000000E+00
+0.000000E+00
+0.000000E+00
+9.9999904632568339E+00
+9.9999904632568339E+00
+1.361711E-05
-4.988739E-06
+1.362138E-05
-4.811746E-06
+1.362358E-05
-4.635399E-06
+1.362374E-05
-4.459715E-06
+1.362186E-05
-4.284718E-06
+1.502844E-05
-6.967853E-06
+1.624486E-05
-1.026492E-05
+1.715064E-05
-1.423974E-05
+1.759764E-05
-1.894772E-05
+1.725088E-05
-1.931561E-05
+1.689649E-05
-1.967723E-05
+1.653458E-05
-2.003239E-05
+1.616528E-05
-2.038095E-05
+1.862281E-05
-1.308093E-05
+1.887096E-05
-6.346886E-06
+1.740636E-05
-6.364418E-07
+1.475930E-05
+3.789915E-06
+1.426574E-05
+3.915488E-06
+1.378463E-05
+4.029463E-06
+1.331580E-05
+4.132381E-06
+1.285908E-05
+4.224764E-06
+1.349478E-05
+4.754323E-06
+1.415469E-05
+5.328287E-06
+1.483918E-05
+5.949728E-06
+1.554857E-05
+6.621884E-06
+1.659246E-05
+7.918179E-06
+1.766694E-05
+9.375510E-06
+1.876720E-05
+1.100928E-05
+1.988733E-05
+1.283602E-05
+1.670128E-05
+1.167836E-05
+1.399697E-05
+1.058068E-05
+1.170525E-05
+9.549991E-06
+9.766360E-06
+8.590081E-06
+9.195212E-06
+7.386495E-06
+8.629076E-06
+6.319270E-06
+8.073004E-06
+5.375378E-06
+7.531035E-06
+4.542803E-06
+8.645266E-06
+5.594536E-06
+9.910318E-06
+6.866500E-06
+1.134373E-05
+8.401765E-06
+1.296443E-05
+1.025137E-05
+1.718311E-05
+1.001651E-05
+2.216948E-05
+9.021764E-06
+2.794166E-05
+6.991618E-06
+3.447463E-05
+3.594709E-06
+2.567516E-05
+6.429661E-06
+1.871766E-05
+7.625335E-06
+1.332916E-05
+7.780085E-06
+9.238885E-06
+7.316849E-06
+5.439601E-06
+1.056652E-05
+5.972048E-07
+1.196959E-05
-4.434502E-06
+1.124234E-05
-8.753216E-06
+8.479657E-06
-6.009298E-06
+1.312982E-05
-9.777207E-07
+1.708071E-05
+6.277746E-06
+1.927447E-05
+1.523104E-05
+1.857083E-05
+1.591703E-05
+1.884482E-05
+1.662556E-05
+1.911600E-05
+1.735721E-05
+1.938396E-05
+1.811252E-05
+1.964826E-05
+2.057379E-05
+2.144539E-05
+2.335020E-05
+2.338909E-05
+2.648025E-05
+2.548877E-05
+3.000695E-05
+2.775404E-05
+3.455902E-05
+2.455397E-05
+3.881536E-05
+2.065653E-05
+4.267471E-05
+1.608113E-05
+4.603547E-05
+1.086123E-05
+4.771485E-05
+1.476626E-05
+4.920216E-05
+1.900153E-05
+5.046326E-05
+2.357082E-05
+5.146198E-05
+2.847569E-05
+5.485448E-05
+2.688610E-05
+5.829182E-05
+2.506212E-05
+6.176358E-05
+2.299268E-05
+6.525845E-05
+2.066684E-05
+6.933785E-05
+2.170870E-05
+7.367135E-05
+2.280033E-05
+7.827479E-05
+2.394391E-05
+8.316488E-05
+2.514166E-05
+8.689782E-05
+2.462877E-05
+9.076866E-05
+2.402815E-05
+9.478121E-05
+2.333387E-05
+9.893933E-05
+2.253963E-05
+1.039209E-04
+1.443636E-05
+1.083332E-04
+5.646773E-06
+1.120982E-04
-3.799283E-06
+1.151382E-04
-1.386412E-05
+1.101275E-04
-1.139576E-05
+1.053050E-04
-9.119574E-06
+1.006654E-04
-7.023819E-06
+9.620307E-05
-5.097380E-06
+1.043467E-04
-1.306344E-05
+1.125912E-04
-2.237280E-05
+1.208407E-04
-3.315265E-05
+1.289807E-04
-4.553384E-05
+1.370995E-04
-4.966465E-05
+1.457184E-04
-5.413895E-05
+1.548673E-04
-5.898382E-05
+1.645781E-04
-6.422842E-05
+1.571685E-04
-9.209228E-05
+1.451046E-04
-1.192635E-04
+1.284139E-04
-1.449747E-04
+1.072485E-04
-1.684488E-04
+6.794710E-05
-1.778945E-04
+2.942358E-05
-1.791957E-04
-6.814188E-06
-1.730370E-04
-3.948854E-05
-1.603469E-04
-5.801988E-05
-9.492123E-05
-5.659235E-05
-4.913397E-05
-4.634880E-05
-2.002295E-05
-3.384105E-05
-3.416260E-06
-2.313764E-05
-1.064042E-05
-1.380212E-05
-1.315670E-05
-6.579080E-06
-1.267098E-05
-1.581442E-06
-1.057230E-05
+7.405169E-06
-1.040300E-05
+1.499303E-05
-2.806881E-06
+1.522067E-05
+1.001641E-05
+4.785069E-06
+2.123279E-05
+1.029137E-05
+2.164698E-05
+1.630662E-05
+2.075600E-05
+2.255194E-05
+1.833956E-05
+2.867428E-05
+1.422869E-05
+3.264886E-05
+1.571261E-05
+3.716768E-05
+1.733784E-05
+4.230443E-05
+1.911557E-05
+4.814266E-05
+2.105742E-05
+4.836282E-05
+2.580624E-05
+4.820656E-05
+3.076312E-05
+4.764194E-05
+3.590587E-05
+4.663753E-05
+4.120882E-05
+6.063244E-05
+4.640203E-05
+7.820742E-05
+5.154865E-05
+1.001596E-04
+5.632903E-05
+1.274368E-04
+6.028325E-05
+1.369191E-04
+5.266004E-05
+1.461669E-04
+4.401335E-05
+1.550918E-04
+3.432282E-05
+1.636003E-04
+2.357410E-05
+1.609308E-04
+1.931342E-05
+1.582149E-04
+1.519848E-05
+1.554569E-04
+1.122747E-05
+1.526609E-04
+7.398549E-06
+1.551192E-04
+9.432609E-07
+1.573346E-04
-5.708157E-06
+1.592954E-04
-1.254802E-05
+1.609896E-04
-1.956801E-05
+1.602801E-04
-1.648357E-05
+1.595188E-04
-1.343261E-05
+1.587065E-04
-1.041588E-05
+1.578442E-04
-7.434091E-06
+1.630679E-04
-4.036289E-06
+1.683804E-04
-4.094057E-07
+1.737795E-04
+3.455937E-06
+1.792624E-04
+7.569365E-06
+1.843147E-04
+6.012843E-06
+1.894920E-04
+4.363309E-06
+1.947967E-04
+2.616946E-06
+2.002317E-04
+7.698094E-07
+2.054339E-04
+4.971220E-07
+2.107708E-04
+2.097475E-07
+2.162459E-04
-9.289274E-08
+2.218630E-04
-4.113975E-07
+2.273530E-04
-6.610407E-06
+2.328062E-04
-1.311627E-05
+2.382131E-04
-1.993557E-05
+2.435638E-04
-2.707478E-05
+2.515128E-04
-2.843595E-05
+2.597205E-04
-2.985724E-05
+2.681950E-04
-3.134111E-05
+2.769450E-04
-3.289016E-05
+2.849993E-04
-3.850039E-05
+2.932108E-04
-4.441829E-05
+3.015792E-04
-5.065602E-05
+3.101038E-04
-5.722605E-05
+3.154094E-04
-6.040418E-05
+3.207907E-04
-6.367710E-05
+3.262484E-04
-6.704703E-05
+3.317834E-04
-7.051633E-05
+3.368671E-04
-4.639726E-05
+3.401975E-04
-2.191174E-05
+3.417481E-04
+2.812790E-06
+3.415016E-04
+2.764692E-05
+3.625496E-04
+2.926505E-05
+3.848950E-04
+3.097761E-05
+4.086174E-04
+3.279013E-05
+4.338021E-04
+3.470838E-05
+5.051539E-04
+2.726075E-05
+5.878456E-04
+1.645586E-05
+6.836132E-04
+1.407912E-06
+7.944478E-04
-1.896485E-05
+8.638668E-04
-9.778883E-05
+9.318601E-04
-1.904221E-04
+9.969596E-04
-2.979650E-04
+1.057458E-03
-4.214736E-04
+9.817423E-04
-5.253091E-04
+8.967911E-04
-6.179552E-04
+8.040884E-04
-6.987160E-04
+7.051515E-04
-7.670763E-04
+6.803601E-04
-7.339992E-04
+6.564161E-04
-7.023263E-04
+6.332915E-04
-6.719987E-04
+6.109596E-04
-6.429598E-04
+7.008231E-04
-6.280040E-04
+7.945873E-04
-6.045433E-04
+8.917541E-04
-5.717558E-04
+9.917247E-04
-5.288156E-04
+1.059717E-03
-6.325933E-04
+1.128792E-03
-7.500242E-04
+1.198329E-03
-8.824874E-04
+1.267577E-03
-1.031462E-03
+1.294101E-03
-1.200455E-03
+1.310867E-03
-1.384459E-03
+1.316064E-03
-1.583963E-03
+1.307708E-03
-1.799363E-03
+1.189361E-03
-2.034194E-03
+1.039927E-03
-2.269296E-03
+8.576954E-04
-2.501416E-03
+6.412050E-04
-2.726944E-03
+3.550420E-04
-2.654961E-03
+8.946286E-05
-2.559687E-03
-1.543495E-04
-2.444178E-03
-3.755557E-04
-2.311450E-03
-4.674266E-04
-2.471783E-03
-5.705325E-04
-2.641410E-03
-6.859611E-04
-2.820708E-03
-8.148911E-04
-3.010049E-03
-1.351055E-03
-2.844184E-03
-1.853949E-03
-2.582949E-03
-2.306634E-03
-2.232938E-03
-2.693463E-03
-1.803750E-03
-2.663449E-03
-1.412278E-03
-2.598419E-03
-1.052980E-03
-2.504058E-03
-7.267796E-04
-2.385712E-03
-4.339910E-04
-2.133860E-03
-3.134158E-04
-1.906327E-03
-2.138740E-04
-1.701050E-03
-1.322916E-04
-1.516101E-03
-6.599828E-05
-1.437560E-03
-2.438099E-05
-1.362128E-03
+1.305970E-05
-1.289745E-03
+4.662289E-05
-1.220347E-03
+7.659009E-05
-1.132053E-03
+6.697581E-05
-1.050133E-03
+5.835271E-05
-9.741277E-04
+5.062762E-05
-9.036119E-04
+4.371575E-05
-8.948337E-04
+5.235726E-05
-8.860499E-04
+6.083112E-05
-8.772624E-04
+6.913881E-05
-8.684726E-04
+7.728200E-05
-8.624558E-04
+1.515873E-04
-8.500818E-04
+2.254288E-04
-8.313862E-04
+2.982623E-04
-8.064510E-04
+3.695476E-04
-7.560231E-04
+4.540367E-04
-6.968844E-04
+5.319513E-04
-6.298638E-04
+6.024098E-04
-5.558791E-04
+6.646326E-04
-4.827729E-04
+7.915614E-04
-3.852646E-04
+9.142806E-04
-2.626012E-04
+1.028672E-03
-1.146395E-04
+1.130257E-03
-1.714559E-05
+1.235148E-03
+9.839252E-05
+1.339534E-03
+2.334282E-04
+1.441663E-03
+3.893688E-04
+1.539502E-03
+9.663553E-04
+1.775417E-03
+1.752358E-03
+1.884102E-03
+2.755917E-03
+1.769881E-03
+3.957353E-03
+1.312082E-03
+4.011842E-03
+6.158593E-04
+3.950923E-03
-6.127217E-05
+3.782336E-03
-7.013114E-04
+3.516431E-03
-1.288238E-03
+3.595936E-03
-1.013085E-03
+3.654024E-03
-7.333356E-04
+3.690458E-03
-4.506488E-04
+3.705130E-03
-1.666916E-04
+4.370111E-03
-6.786223E-04
+5.091858E-03
-1.371757E-03
+5.857368E-03
-2.287047E-03
+6.645906E-03
-3.471341E-03
+6.808859E-03
-4.517146E-03
+6.866700E-03
-5.669140E-03
+6.798561E-03
-6.924286E-03
+6.582160E-03
-8.276919E-03
+6.095019E-03
-9.545652E-03
+5.435619E-03
-1.084320E-02
+4.589527E-03
-1.215238E-02
+3.543290E-03
-1.345325E-02
+2.224771E-03
-1.477187E-02
+6.645474E-04
-1.602684E-02
-1.146333E-03
-1.718589E-02
-3.213679E-03
-1.821348E-02
-5.546414E-03
-1.821040E-02
-7.929506E-03
-1.791742E-02
-1.032803E-02
-1.732199E-02
-1.270476E-02
-1.641563E-02
-1.436014E-02
-1.422328E-02
-1.567807E-02
-1.189562E-02
-1.665299E-02
-9.480467E-03
-1.728563E-02
-7.024649E-03
-1.726770E-02
-5.876827E-03
-1.718519E-02
-4.757631E-03
-1.704128E-02
-3.670021E-03
-1.683925E-02
-2.616720E-03
-1.682457E-02
-2.046423E-03
-1.679119E-02
-1.480025E-03
-1.673935E-02
-9.181193E-04
-1.666933E-02
-3.612888E-04
-1.664229E-02
+2.646925E-04
-1.659184E-02
+8.881356E-04
-1.651813E-02
+1.508169E-03
-1.642136E-02
+2.123930E-03
-1.656583E-02
+2.695286E-03
-1.669328E-02
+3.278898E-03
-1.680309E-02
+3.874360E-03
-1.689461E-02
+4.481244E-03
-1.712352E-02
+5.160703E-03
-1.733439E-02
+5.863371E-03
-1.752598E-02
+6.589149E-03
-1.769706E-02
+7.337903E-03
-1.808466E-02
+8.565241E-03
-1.842591E-02
+9.865576E-03
-1.871502E-02
+1.123967E-02
-1.894595E-02
+1.268802E-02
-1.852855E-02
+1.422312E-02
-1.800035E-02
+1.576478E-02
-1.735844E-02
+1.730582E-02
-1.660037E-02
+1.883868E-02
-1.546829E-02
+2.084512E-02
-1.412822E-02
+2.281394E-02
-1.257714E-02
+2.472598E-02
-1.081363E-02
+2.656126E-02
-8.297620E-03
+2.777822E-02
-5.647601E-03
+2.875805E-02
-2.885799E-03
+2.948625E-02
-3.596974E-05
+2.995038E-02
+2.602350E-03
+2.880470E-02
+5.038599E-03
+2.747069E-02
+7.263944E-03
+2.597334E-02
+9.272086E-03
+2.433750E-02
+1.016241E-02
+2.313754E-02
+1.096722E-02
+2.193161E-02
+1.168886E-02
+2.072401E-02
+1.232984E-02
+1.951882E-02
+1.338525E-02
+1.872168E-02
+1.439011E-02
+1.786809E-02
+1.534143E-02
+1.696122E-02
+1.623644E-02
+1.600437E-02
+1.702515E-02
+1.460933E-02
+1.770474E-02
+1.318632E-02
+1.827530E-02
+1.174326E-02
+1.873749E-02
+1.028791E-02
+1.905607E-02
+8.805277E-03
+1.926741E-02
+7.331111E-03
+1.937426E-02
+5.872534E-03
+1.937980E-02
+4.436334E-03
+1.924604E-02
+2.830109E-03
+1.899148E-02
+1.273711E-03
+1.862293E-02
-2.247549E-04
+1.814771E-02
-1.657908E-03
+1.710780E-02
-3.534970E-03
+1.591494E-02
-5.210881E-03
+1.459809E-02
-6.678707E-03
+1.318555E-02
-7.934956E-03
+1.184045E-02
-8.360753E-03
+1.054762E-02
-8.668223E-03
+9.312013E-03
-8.868145E-03
+8.137563E-03
-8.970955E-03
+6.835763E-03
-9.900769E-03
+5.431968E-03
-1.064553E-02
+3.952022E-03
-1.119469E-02
+2.422753E-03
-1.154128E-02
+8.799405E-04
-1.076764E-02
-4.337272E-04
-9.887731E-03
-1.526945E-03
-8.937465E-03
-2.411733E-03
-7.948520E-03
-2.505970E-03
-6.641286E-03
-2.512400E-03
-5.521283E-03
-2.454547E-03
-4.565899E-03
-2.351186E-03
-3.754518E-03
-1.593732E-03
-3.607349E-03
-9.450751E-04
-3.381269E-03
-4.023240E-04
-3.099508E-03
+4.002841E-05
-2.782168E-03
-6.180092E-04
-2.457319E-03
-1.120719E-03
-2.016995E-03
-1.459649E-03
-1.511539E-03
-1.639183E-03
-9.872311E-04
-1.450331E-03
-5.946140E-04
-1.248419E-03
-3.003295E-04
-1.048212E-03
-8.728543E-05
-8.595273E-04
+6.019910E-05
-6.693805E-04
+4.780574E-04
-3.060582E-04
+7.231651E-04
+1.119481E-04
+7.412509E-04
+4.611239E-04
+5.473018E-04
+5.773924E-04
+3.912000E-04
+6.451037E-04
+2.140101E-04
+6.616908E-04
+2.989991E-05
+6.284976E-04
-1.471637E-04
+6.279006E-04
+3.777564E-05
+5.757912E-04
+2.103019E-04
+4.790407E-04
+3.568781E-04
+3.478389E-04
+4.667788E-04
+3.812835E-04
+5.333686E-04
+4.174599E-04
+6.090977E-04
+4.565089E-04
+6.951784E-04
+4.985622E-04
+7.929805E-04
+5.501822E-04
+8.602339E-04
+6.070215E-04
+9.331127E-04
+6.695982E-04
+1.012079E-03
+7.384798E-04
+1.097634E-03
+8.358733E-04
+1.145923E-03
+9.421845E-04
+1.193694E-03
+1.058029E-03
+1.240548E-03
+1.184049E-03
+1.286031E-03
+1.276638E-03
+1.279091E-03
+1.371989E-03
+1.268064E-03
+1.470023E-03
+1.252703E-03
+1.570647E-03
+1.232751E-03
+1.632992E-03
+1.195573E-03
+1.694891E-03
+1.155795E-03
+1.756249E-03
+1.113396E-03
+1.816970E-03
+1.068362E-03
+1.853490E-03
+1.030889E-03
+1.889323E-03
+9.923146E-04
+1.924439E-03
+9.526474E-04
+1.958804E-03
+9.118983E-04
+1.983931E-03
+8.693809E-04
+2.008145E-03
+8.261966E-04
+2.031431E-03
+7.823651E-04
+2.053774E-03
+7.379058E-04
+2.062717E-03
+7.030176E-04
+2.071074E-03
+6.680366E-04
+2.078841E-03
+6.329726E-04
+2.086021E-03
+5.978349E-04
+2.097171E-03
+5.867238E-04
+2.108290E-03
+5.755025E-04
+2.119377E-03
+5.641711E-04
+2.130431E-03
+5.527291E-04
+2.155337E-03
+5.276623E-04
+2.180097E-03
+5.020470E-04
+2.204703E-03
+4.758812E-04
+2.229142E-03
+4.491618E-04
+2.246163E-03
+4.304589E-04
+2.263104E-03
+4.114865E-04
+2.279959E-03
+3.922444E-04
+2.296730E-03
+3.727315E-04
+2.319987E-03
+3.466742E-04
+2.343104E-03
+3.201124E-04
+2.366069E-03
+2.930435E-04
+2.388878E-03
+2.654655E-04
+2.413154E-03
+2.290037E-04
+2.437043E-03
+1.918439E-04
+2.460530E-03
+1.539864E-04
+2.483601E-03
+1.154320E-04
+2.496125E-03
+7.145812E-05
+2.507914E-03
+2.707488E-05
+2.518959E-03
-1.770631E-05
+2.529247E-03
-6.287384E-05
+2.547204E-03
-1.076677E-04
+2.564511E-03
-1.531138E-04
+2.581152E-03
-1.992056E-04
+2.597110E-03
-2.459364E-04
+2.608120E-03
-3.090407E-04
+2.617706E-03
-3.728149E-04
+2.625845E-03
-4.372296E-04
+2.632511E-03
-5.022545E-04
+2.626633E-03
-5.567261E-04
+2.619634E-03
-6.111678E-04
+2.611514E-03
-6.655568E-04
+2.602272E-03
-7.198708E-04
+2.604126E-03
-7.560331E-04
+2.605528E-03
-7.923722E-04
+2.606472E-03
-8.288828E-04
+2.606956E-03
-8.655599E-04
+2.663659E-03
-8.900760E-04
+2.721584E-03
-9.152530E-04
+2.780756E-03
-9.411079E-04
+2.841204E-03
-9.676585E-04
+3.082292E-03
-1.137481E-03
+3.341411E-03
-1.329983E-03
+3.619633E-03
-1.547801E-03
+3.918060E-03
-1.793852E-03
+4.207303E-03
-2.468954E-03
+4.455763E-03
-3.262406E-03
+4.644734E-03
-4.184478E-03
+4.751983E-03
-5.244595E-03
+3.744551E-03
-6.783505E-03
+2.284052E-03
-8.169947E-03
+3.791277E-04
-9.279979E-03
-1.929843E-03
-9.983720E-03
-4.398351E-03
-8.979654E-03
-6.483140E-03
-7.392050E-03
-8.053711E-03
-5.349242E-03
-9.019187E-03
-3.006587E-03
-8.211495E-03
-1.556576E-03
-7.337009E-03
-3.885353E-04
-6.437561E-03
+5.259920E-04
-5.546235E-03
+1.216722E-03
-5.314370E-03
+1.796578E-03
-5.023764E-03
+2.340836E-03
-4.679340E-03
+2.843766E-03
-4.286551E-03
+3.300272E-03
-3.980876E-03
+3.926399E-03
-3.588299E-03
+4.530131E-03
-3.109403E-03
+5.099927E-03
-2.546240E-03
+5.624021E-03
-1.647823E-03
+6.181412E-03
-6.347849E-04
+6.598636E-03
+4.716209E-04
+6.853106E-03
+1.645829E-03
+6.925355E-03
+2.535553E-03
+6.337707E-03
+3.296851E-03
+5.655096E-03
+3.922964E-03
+4.900477E-03
+4.410713E-03
+4.096565E-03
+4.829799E-03
+3.585925E-03
+5.190141E-03
+3.032811E-03
+5.487475E-03
+2.443942E-03
+5.718303E-03
+1.826460E-03
+5.378892E-03
+1.509771E-03
+5.052746E-03
+1.226441E-03
+4.740036E-03
+9.736986E-04
+4.440830E-03
+7.489597E-04
+4.432567E-03
+5.571604E-04
+4.416383E-03
+3.674108E-04
+4.392433E-03
+1.800231E-04
+4.360880E-03
-4.699988E-06
+4.275302E-03
-1.803999E-04
+4.184318E-03
-3.492097E-04
+4.088310E-03
-5.110466E-04
+3.987658E-03
-6.658443E-04
+4.043299E-03
-5.153361E-04
+4.093484E-03
-3.615387E-04
+4.138046E-03
-2.046399E-04
+4.176826E-03
-4.483622E-05
+4.374205E-03
-9.016026E-04
+4.406056E-03
-1.841120E-03
+4.247264E-03
-2.833614E-03
+3.877562E-03
-3.842700E-03
+4.079900E-03
-3.109701E-03
+4.179410E-03
-2.402107E-03
+4.186188E-03
-1.730675E-03
+4.110948E-03
-1.104203E-03
+4.303851E-03
-1.411347E-03
+4.491012E-03
-1.748858E-03
+4.670314E-03
-2.118299E-03
+4.839418E-03
-2.521209E-03
+4.592816E-03
-2.947060E-03
+4.308839E-03
-3.348982E-03
+3.989798E-03
-3.723705E-03
+3.638275E-03
-4.068176E-03
+3.321848E-03
-4.537054E-03
+2.950273E-03
-4.986039E-03
+2.524148E-03
-5.409087E-03
+2.044696E-03
-5.800053E-03
+1.526622E-03
-4.848241E-03
+1.125321E-03
-4.047518E-03
+8.162482E-04
-3.374865E-03
+5.797740E-04
-2.810579E-03
+1.095180E-03
-3.513359E-03
+1.841750E-03
-4.345038E-03
+2.899608E-03
-5.311982E-03
+4.371810E-03
-6.412196E-03
+1.245716E-03
-5.289287E-03
-5.151123E-04
-3.769811E-03
-1.284026E-03
-2.334265E-03
-1.425778E-03
-1.202849E-03
-9.959263E-04
-1.865184E-03
-2.652022E-04
-2.381981E-03
+7.211656E-04
-2.619190E-03
+1.859260E-03
-2.454681E-03
+1.357689E-03
-2.658150E-03
+8.444908E-04
-2.767189E-03
+3.362250E-04
-2.784140E-03
-1.517026E-04
-2.714045E-03
-5.792977E-04
-2.879953E-03
-1.062196E-03
-2.991727E-03
-1.595935E-03
-3.037096E-03
-2.173855E-03
-3.003616E-03
-1.751968E-03
-2.402124E-03
-1.411903E-03
-1.921044E-03
-1.137804E-03
-1.536280E-03
-9.168816E-04
-1.228554E-03
-6.774926E-04
-1.230279E-03
-4.600294E-04
-1.201725E-03
-2.662739E-04
-1.148450E-03
-9.714386E-05
-1.075724E-03
-8.424891E-05
-1.244448E-03
-6.498503E-05
-1.438906E-03
-3.770054E-05
-1.662910E-03
-3.898219E-07
-1.920813E-03
-3.632298E-04
-2.000459E-03
-7.561728E-04
-2.014871E-03
-1.168147E-03
-1.955661E-03
-1.586033E-03
-1.816173E-03
-1.639428E-03
-1.415312E-03
-1.636392E-03
-1.052077E-03
-1.587913E-03
-7.294196E-04
-1.504132E-03
-4.485768E-04
-1.412499E-03
-2.666563E-04
-1.311856E-03
-1.095882E-04
-1.205354E-03
+2.399113E-05
-1.095730E-03
+1.356204E-04
-1.037051E-03
+2.718181E-04
-9.630142E-04
+3.953291E-04
-8.758345E-04
+5.046501E-04
-7.778349E-04
+5.986196E-04
-7.340243E-04
+6.381577E-04
-6.883486E-04
+6.746774E-04
-6.410062E-04
+7.081007E-04
-5.921983E-04
+7.383636E-04
-7.439222E-04
+1.044788E-03
-9.254307E-04
+1.471091E-03
-1.137942E-03
+2.061880E-03
-1.379649E-03
+2.877592E-03
-2.703206E-04
+3.973897E-03
+1.522397E-03
+4.732572E-03
+3.951523E-03
+4.784063E-03
+6.791863E-03
+3.721574E-03
+6.258144E-03
+1.277082E-03
+5.241935E-03
-5.188453E-04
+4.003626E-03
-1.686197E-03
+2.743504E-03
-2.304176E-03
+2.114700E-03
-1.841173E-03
+1.629109E-03
-1.470128E-03
+1.254304E-03
-1.173031E-03
+9.651558E-04
-9.353404E-04
+1.362633E-03
-5.862393E-04
+1.635710E-03
-7.015800E-05
+1.714939E-03
+5.693744E-04
+1.545763E-03
+1.260207E-03
+2.081716E-03
+1.395785E-03
+2.768203E-03
+1.502656E-03
+3.639679E-03
+1.555977E-03
+4.736350E-03
+1.520630E-03
+5.167424E-03
+1.041344E-03
+5.564707E-03
+4.856645E-04
+5.917369E-03
-1.464672E-04
+6.214012E-03
-8.538315E-04
+6.404259E-03
-1.324339E-03
+6.569142E-03
-1.827141E-03
+6.705373E-03
-2.361757E-03
+6.809563E-03
-2.927459E-03
+6.980375E-03
-3.372704E-03
+7.138339E-03
-3.845810E-03
+7.281589E-03
-4.347437E-03
+7.408158E-03
-4.878185E-03
+7.707153E-03
-5.773689E-03
+7.972253E-03
-6.763794E-03
+8.194415E-03
-7.854188E-03
+8.363428E-03
-9.050423E-03
+7.940067E-03
-1.106681E-02
+7.200905E-03
-1.322080E-02
+6.096595E-03
-1.548269E-02
+4.577071E-03
-1.781316E-02
-1.420479E-03
-1.807119E-02
-7.095196E-03
-1.639659E-02
-1.185174E-02
-1.302301E-02
-1.520961E-02
-8.358466E-03
-1.221507E-02
-6.307286E-03
-9.801807E-03
-4.744361E-03
-7.858830E-03
-3.556159E-03
-6.295928E-03
-2.655058E-03
-6.087528E-03
-2.845703E-03
-5.875568E-03
-3.025228E-03
-5.660520E-03
-3.193694E-03
-5.442862E-03
-3.351173E-03
-5.700919E-03
-2.418315E-03
-5.812421E-03
-1.487233E-03
-5.783801E-03
-5.791696E-04
-5.624312E-03
+2.864628E-04
-4.752363E-03
+5.660102E-04
-3.996982E-03
+7.529430E-04
-3.345760E-03
+8.680449E-04
-2.786980E-03
+9.282263E-04
-2.214899E-03
+3.603743E-04
-1.714266E-03
+1.851001E-06
-1.293026E-03
-2.075161E-04
-9.498348E-04
-3.140732E-04
-9.250100E-04
-8.437602E-04
-6.262442E-04
-1.436341E-03
+1.765030E-05
-1.960944E-03
+1.021208E-03
-2.231689E-03
+1.094786E-03
-3.364256E-03
+1.013558E-03
-4.998333E-03
+6.280063E-04
-7.325110E-03
-3.074994E-04
-1.059378E-02
-3.851869E-03
-1.035087E-02
-7.268067E-03
-8.923976E-03
-1.016121E-02
-6.371652E-03
-1.216121E-02
-2.883970E-03
-1.165199E-02
-1.277051E-03
-1.099215E-02
+1.595773E-04
-1.021182E-02
+1.420290E-03
-9.339711E-03
+2.503337E-03
-8.411719E-03
+2.759329E-03
-7.550485E-03
+2.946557E-03
-6.753744E-03
+3.074290E-03
-6.018960E-03
+3.150882E-03
-5.700163E-03
+3.207437E-03
-5.391742E-03
+3.252570E-03
-5.093635E-03
+3.287014E-03
-4.805767E-03
+3.311476E-03
-4.635937E-03
+3.628645E-03
-4.445509E-03
+3.937590E-03
-4.234846E-03
+4.236993E-03
-4.004394E-03
+4.525551E-03
-2.984660E-03
+5.274019E-03
-1.828343E-03
+5.795647E-03
-5.853333E-04
+6.066286E-03
+6.903912E-04
+6.072647E-03
+1.095439E-03
+4.067183E-03
+1.165067E-03
+2.658865E-03
+1.067578E-03
+1.691994E-03
+9.016370E-04
+1.043146E-03
+5.116676E-04
+9.394566E-04
+2.330988E-04
+7.965766E-04
+4.544759E-05
+6.423428E-04
-7.140257E-05
+4.944847E-04
-1.926082E-04
+4.809819E-04
-3.114797E-04
+4.378015E-04
-4.207583E-04
+3.652778E-04
-5.132087E-04
+2.655188E-04
-5.862693E-04
+3.098234E-04
-6.696662E-04
+3.613947E-04
-7.648511E-04
+4.214084E-04
-8.734794E-04
+4.912274E-04
-8.638048E-04
+4.691325E-04
-8.539964E-04
+4.476025E-04
-8.440643E-04
+4.266282E-04
-8.340195E-04
+4.062023E-04
-8.077760E-04
+3.782487E-04
-7.821351E-04
+3.517608E-04
-7.570953E-04
+3.266732E-04
-7.326537E-04
+3.029223E-04
-7.409271E-04
+3.976686E-05
-6.664601E-04
-1.951222E-04
-5.277324E-04
-3.793474E-04
-3.480161E-04
-4.988770E-04
-6.450586E-04
-5.799901E-04
-1.083880E-03
-5.963306E-04
-1.698598E-03
-4.767497E-04
-2.513527E-03
-1.113783E-04
-2.402427E-03
-1.700525E-04
-2.294630E-03
-2.233932E-04
-2.190131E-03
-2.717139E-04
-2.088913E-03
-3.153135E-04
-2.506448E-03
-4.092475E-04
-3.006991E-03
-5.282027E-04
-3.606956E-03
-6.784358E-04
-4.325979E-03
-8.677066E-04
-4.780942E-03
-4.535073E-05
-5.098264E-03
+9.223710E-04
-5.239568E-03
+2.016884E-03
-5.167765E-03
+3.210621E-03
-4.464149E-03
+3.699327E-03
-3.736653E-03
+4.069789E-03
-3.001899E-03
+4.325523E-03
-2.275121E-03
+4.471992E-03
-2.111089E-03
+3.999903E-03
-1.956860E-03
+3.576622E-03
-1.812125E-03
+3.197196E-03
-1.676541E-03
+2.857172E-03
-1.860330E-03
+2.967795E-03
-2.057998E-03
+3.079021E-03
-2.270351E-03
+3.190455E-03
-2.498231E-03
+3.301660E-03
-2.222292E-03
+3.677875E-03
-1.896833E-03
+4.036427E-03
-1.522165E-03
+4.371398E-03
-1.099248E-03
+4.676717E-03
-7.246939E-04
+4.879308E-03
-3.241153E-04
+5.054559E-03
+1.007529E-04
+5.199608E-03
+5.478883E-04
+5.311680E-03
+1.368813E-03
+5.391278E-03
+2.226910E-03
+5.349030E-03
+3.104870E-03
+5.175578E-03
+3.983431E-03
+4.863896E-03
+4.293797E-03
+3.541165E-03
+4.336501E-03
+2.339137E-03
+4.167442E-03
+1.287844E-03
+3.840316E-03
+4.037837E-04
+3.192771E-03
+7.015477E-05
+2.636253E-03
-1.605337E-04
+2.161799E-03
-3.126048E-04
+1.760356E-03
-4.054922E-04
+1.079733E-03
-3.233667E-04
+6.592589E-04
-2.448225E-04
+4.006193E-04
-1.789849E-04
+2.422323E-04
-1.275761E-04
+4.155691E-04
-5.109619E-05
+6.219760E-04
+1.522557E-04
+8.068829E-04
+5.549676E-04
+8.529500E-04
+1.231111E-03
