Hz,real,imaginary,unitless (peak only)
9.999990,6.492895E-1,-1.508530E-1,6.665834E-1
10.057721,6.212710E-1,-1.275263E-1,6.342244E-1
10.115785,5.940486E-1,-1.060277E-1,6.034365E-1
10.174184,5.676280E-1,-8.624871E-2,5.741432E-1
10.232920,5.420123E-1,-6.808539E-2,5.462719E-1
10.291995,5.716709E-1,-7.360183E-2,5.763895E-1
10.351412,6.029461E-1,-7.951884E-2,6.081671E-1
10.411171,6.359264E-1,-8.586378E-2,6.416969E-1
10.471275,6.707047E-1,-9.266581E-2,6.770759E-1
10.531727,6.684629E-1,-8.308958E-2,6.736071E-1
10.592527,6.661030E-1,-7.359366E-2,6.701561E-1
10.653678,6.636268E-1,-6.417929E-2,6.667230E-1
10.715183,6.610354E-1,-5.484755E-2,6.633069E-1
10.777042,6.966475E-1,-5.720022E-2,6.989918E-1
10.839258,7.341779E-1,-5.964725E-2,7.365969E-1
10.901834,7.737292E-1,-6.219200E-2,7.762247E-1
10.964771,8.154117E-1,-6.483795E-2,8.179855E-1
11.028071,7.918170E-1,6.460416E-4,7.918173E-1
11.091737,7.639745E-1,6.200258E-2,7.664864E-1
11.155770,7.323533E-1,1.190473E-1,7.419660E-1
11.220173,6.974202E-1,1.716386E-1,7.182303E-1
11.284948,7.240108E-1,1.058833E-1,7.317123E-1
11.350097,7.445484E-1,3.660353E-2,7.454476E-1
11.415622,7.586030E-1,-3.565853E-2,7.594406E-1
11.481525,7.657922E-1,-1.103112E-1,7.736965E-1
11.547808,7.472103E-1,-5.484568E-2,7.492204E-1
11.614474,7.255145E-1,-2.520414E-3,7.255189E-1
11.681525,7.010225E-1,4.656100E-2,7.025671E-1
11.748964,6.740480E-1,9.231998E-2,6.803409E-1
11.816791,7.195166E-1,8.947890E-2,7.250590E-1
11.885010,7.679323E-1,8.585085E-2,7.727162E-1
11.953623,8.194786E-1,8.134528E-2,8.235061E-1
12.022632,8.743492E-1,7.586326E-2,8.776342E-1
12.092039,8.143052E-1,5.946023E-2,8.164732E-1
12.161847,7.582425E-1,4.496466E-2,7.595746E-1
12.232059,7.059072E-1,3.219288E-2,7.066409E-1
12.302675,6.570605E-1,2.097721E-2,6.573953E-1
12.373699,6.844121E-1,5.247615E-2,6.864209E-1
12.445133,7.114764E-1,8.660670E-2,7.167283E-1
12.516980,7.381183E-1,1.234689E-1,7.483737E-1
12.589241,7.641922E-1,1.631609E-1,7.814161E-1
12.661919,7.375656E-1,1.238193E-1,7.478865E-1
12.735017,7.104493E-1,8.732386E-2,7.157958E-1
12.808537,6.829842E-1,5.357041E-2,6.850819E-1
12.882482,6.553019E-1,2.245351E-2,6.556865E-1
12.956853,6.946014E-1,3.402587E-2,6.954343E-1
13.031654,7.360981E-1,4.691098E-2,7.375914E-1
13.106887,7.799049E-1,6.122249E-2,7.823042E-1
13.182553,8.261393E-1,7.708268E-2,8.297276E-1
13.258657,8.339609E-1,8.612777E-2,8.383966E-1
13.335200,8.417739E-1,9.534498E-2,8.471564E-1
13.412185,8.495763E-1,1.047360E-1,8.560079E-1
13.489614,8.573657E-1,1.143024E-1,8.649514E-1
13.567491,8.479060E-1,9.803863E-2,8.535550E-1
13.645817,8.382925E-1,8.215420E-2,8.423085E-1
13.724595,8.285340E-1,6.664674E-2,8.312102E-1
13.803828,8.186391E-1,5.151372E-2,8.202583E-1
13.883518,8.037625E-1,6.114485E-2,8.060849E-1
13.963668,7.890206E-1,7.041748E-2,7.921566E-1
14.044282,7.744151E-1,7.933955E-2,7.784687E-1
14.125360,7.599493E-1,8.791895E-2,7.650181E-1
14.206907,7.775787E-1,8.296846E-2,7.819926E-1
14.288924,7.955536E-1,7.774828E-2,7.993437E-1
14.371415,8.138791E-1,7.224937E-2,8.170797E-1
14.454382,8.325606E-1,6.646229E-2,8.352092E-1
14.537828,8.486916E-1,3.217673E-2,8.493013E-1
14.621756,8.636249E-1,-3.341820E-3,8.636314E-1
14.706168,8.772889E-1,-4.006220E-2,8.782032E-1
14.791067,8.896125E-1,-7.794972E-2,8.930210E-1
14.876457,8.730677E-1,-9.780519E-2,8.785289E-1
14.962340,8.563245E-1,-1.169396E-1,8.642722E-1
15.048718,8.394030E-1,-1.353600E-1,8.502469E-1
15.135596,8.223227E-1,-1.530740E-1,8.364486E-1
15.222974,7.924953E-1,-1.295864E-1,8.030202E-1
15.310857,7.633718E-1,-1.076716E-1,7.709278E-1
15.399248,7.349571E-1,-8.725165E-2,7.401181E-1
15.488149,7.072538E-1,-6.825151E-2,7.105394E-1
15.577563,7.160345E-1,-6.392483E-2,7.188823E-1
15.667493,7.248870E-1,-5.948383E-2,7.273235E-1
15.757942,7.338108E-1,-5.492664E-2,7.358636E-1
15.848914,7.428063E-1,-5.025140E-2,7.445041E-1
15.940411,7.526768E-1,-4.479506E-2,7.540086E-1
16.032436,7.626282E-1,-3.918823E-2,7.636344E-1
16.124992,7.726603E-1,-3.342835E-2,7.733831E-1
16.218082,7.827726E-1,-2.751278E-2,7.832560E-1
16.311710,7.841135E-1,-2.807863E-2,7.846161E-1
16.405879,7.854565E-1,-2.864636E-2,7.859787E-1
16.500591,7.868014E-1,-2.921597E-2,7.873436E-1
16.595850,7.881480E-1,-2.978745E-2,7.887107E-1
16.691659,7.889768E-1,-2.069751E-2,7.892482E-1
16.788021,7.897009E-1,-1.159240E-2,7.897860E-1
16.884939,7.903205E-1,-2.473328E-3,7.903244E-1
16.982417,7.908348E-1,6.658505E-3,7.908628E-1
17.080457,7.839900E-1,2.017699E-2,7.842496E-1
17.179064,7.769712E-1,3.346292E-2,7.776915E-1
17.278240,7.697843E-1,4.651531E-2,7.711884E-1
17.377988,7.624348E-1,5.933323E-2,7.647400E-1
17.478312,7.663315E-1,6.319551E-2,7.689328E-1
17.579215,7.702316E-1,6.709699E-2,7.731486E-1
17.680701,7.741347E-1,7.103793E-2,7.773872E-1
17.782773,7.780407E-1,7.501854E-2,7.816490E-1
17.885434,7.999187E-1,9.454770E-2,8.054869E-1
17.988688,8.220256E-1,1.151531E-1,8.300520E-1
18.092538,8.443440E-1,1.368723E-1,8.553659E-1
18.196987,8.668569E-1,1.597440E-1,8.814528E-1
18.302039,8.893760E-1,1.483362E-1,9.016614E-1
18.407698,9.122099E-1,1.362777E-1,9.223332E-1
18.513967,9.353546E-1,1.235482E-1,9.434789E-1
18.620849,9.588061E-1,1.101269E-1,9.651099E-1
18.728348,9.593509E-1,7.684176E-2,9.624234E-1
18.836468,9.587513E-1,4.365031E-2,9.597444E-1
18.945212,9.570144E-1,1.059142E-2,9.570730E-1
19.054584,9.541486E-1,-2.229628E-2,9.544091E-1
19.164587,9.516383E-1,-1.348419E-2,9.517338E-1
19.275226,9.490546E-1,-4.720193E-3,9.490663E-1
19.386503,9.463974E-1,3.995177E-3,9.464058E-1
19.498422,9.436682E-1,1.266138E-2,9.437531E-1
19.610988,9.341599E-1,7.745446E-3,9.341920E-1
19.724203,9.247230E-1,2.927616E-3,9.247276E-1
19.838072,9.153572E-1,-1.793464E-3,9.153590E-1
19.952599,9.060629E-1,-6.419138E-3,9.060856E-1
20.067786,9.101418E-1,-5.955522E-3,9.101613E-1
20.183639,9.142385E-1,-5.487603E-3,9.142550E-1
20.300160,9.183539E-1,-5.015354E-3,9.183676E-1
20.417354,9.224873E-1,-4.538746E-3,9.224985E-1
20.535225,9.263900E-1,-4.123013E-3,9.263992E-1
20.653776,9.303087E-1,-3.703681E-3,9.303161E-1
20.773011,9.342442E-1,-3.280730E-3,9.342500E-1
20.892935,9.381960E-1,-2.854134E-3,9.382003E-1
21.013551,9.313160E-1,-8.520590E-3,9.313550E-1
21.134864,9.244519E-1,-1.410389E-2,9.245595E-1
21.256877,9.176045E-1,-1.960474E-2,9.178139E-1
21.379594,9.107729E-1,-2.502382E-2,9.111166E-1
21.503020,9.078029E-1,-2.648290E-2,9.081891E-1
21.627158,9.048401E-1,-2.793225E-2,9.052711E-1
21.752013,9.018844E-1,-2.937194E-2,9.023626E-1
21.877589,8.989349E-1,-3.080200E-2,8.994625E-1
22.003889,8.895756E-1,-2.419199E-2,8.899045E-1
22.130919,8.802694E-1,-1.771778E-2,8.804477E-1
22.258682,8.710171E-1,-1.137756E-2,8.710914E-1
22.387183,8.618184E-1,-5.169538E-3,8.618339E-1
22.516425,8.658713E-1,1.667661E-3,8.658729E-1
22.646414,8.698886E-1,8.568948E-3,8.699308E-1
22.777153,8.738698E-1,1.553435E-2,8.740079E-1
22.908647,8.778127E-1,2.256385E-2,8.781026E-1
23.040900,8.751091E-1,2.623190E-2,8.755022E-1
23.173917,8.723980E-1,2.987755E-2,8.729095E-1
23.307701,8.696791E-1,3.350083E-2,8.703241E-1
23.442258,8.669530E-1,3.710178E-2,8.677465E-1
23.577591,8.715042E-1,4.036105E-2,8.724383E-1
23.713706,8.760684E-1,4.365400E-2,8.771554E-1
23.850607,8.806456E-1,4.698082E-2,8.818979E-1
23.988298,8.852356E-1,5.034173E-2,8.866659E-1
24.126784,8.909675E-1,4.418183E-2,8.920623E-1
24.266069,8.966890E-1,3.794274E-2,8.974914E-1
24.406159,9.023996E-1,3.162407E-2,9.029536E-1
24.547057,9.080983E-1,2.522540E-2,9.084486E-1
24.688769,9.108158E-1,4.809127E-2,9.120845E-1
24.831298,9.129699E-1,7.110964E-2,9.157350E-1
24.974651,9.145544E-1,9.426697E-2,9.193998E-1
25.118831,9.155639E-1,1.175494E-1,9.230791E-1
25.263844,9.430393E-1,1.135516E-1,9.498511E-1
25.409693,9.712783E-1,1.092158E-1,9.773994E-1
25.556385,1.000301E+0,1.045261E-1,1.005747E+0
25.703924,1.030125E+0,9.946580E-2,1.034916E+0
25.852314,1.024698E+0,7.964171E-2,1.027788E+0
26.001561,1.018940E+0,6.005835E-2,1.020708E+0
26.151669,1.012860E+0,4.072014E-2,1.013678E+0
26.302645,1.006465E+0,2.163137E-2,1.006697E+0
26.454491,1.012859E+0,1.661671E-2,1.012995E+0
26.607215,1.019268E+0,1.153801E-2,1.019333E+0
26.760820,1.025691E+0,6.394804E-3,1.025711E+0
26.915312,1.032128E+0,1.186623E-3,1.032129E+0
27.070695,1.034353E+0,1.927400E-3,1.034355E+0
27.226976,1.036583E+0,2.671365E-3,1.036586E+0
27.384159,1.038817E+0,3.418530E-3,1.038823E+0
27.542250,1.041054E+0,4.168903E-3,1.041062E+0
27.701253,1.043866E+0,1.028145E-3,1.043867E+0
27.861174,1.046676E+0,-2.129569E-3,1.046678E+0
28.022018,1.049483E+0,-5.304280E-3,1.049496E+0
28.183791,1.052289E+0,-8.496026E-3,1.052323E+0
28.346497,1.063114E+0,-1.671384E-2,1.063245E+0
28.510144,1.073988E+0,-2.510032E-2,1.074281E+0
28.674734,1.084909E+0,-3.365762E-2,1.085431E+0
28.840275,1.095878E+0,-4.238791E-2,1.096697E+0
29.006772,1.092648E+0,-5.142672E-2,1.093858E+0
29.174230,1.089350E+0,-6.041484E-2,1.091024E+0
29.342654,1.085986E+0,-6.935184E-2,1.088198E+0
29.512051,1.082557E+0,-7.823731E-2,1.085380E+0
29.682426,1.060082E+0,-8.657600E-2,1.063611E+0
29.853785,1.037983E+0,-9.454133E-2,1.042280E+0
30.026132,1.016255E+0,-1.021442E-1,1.021375E+0
30.199475,9.948939E-1,-1.093954E-1,1.000890E+0
30.373818,9.925240E-1,-1.041027E-1,9.979686E-1
30.549168,9.901346E-1,-9.883727E-2,9.950554E-1
30.725531,9.877256E-1,-9.359924E-2,9.921505E-1
30.902911,9.852968E-1,-8.838849E-2,9.892534E-1
31.081315,9.927024E-1,-8.451475E-2,9.962935E-1
31.260750,1.000143E+0,-8.057965E-2,1.003384E+0
31.441220,1.007618E+0,-7.658260E-2,1.010524E+0
31.622732,1.015128E+0,-7.252292E-2,1.017715E+0
31.805292,1.013686E+0,-6.968059E-2,1.016078E+0
31.988906,1.012239E+0,-6.684674E-2,1.014444E+0
32.173580,1.010786E+0,-6.402130E-2,1.012811E+0
32.359320,1.009330E+0,-6.120438E-2,1.011184E+0
32.546132,1.015039E+0,-5.308605E-2,1.016426E+0
32.734023,1.020710E+0,-4.487822E-2,1.021696E+0
32.922998,1.026341E+0,-3.658073E-2,1.026993E+0
33.113065,1.031932E+0,-2.819348E-2,1.032317E+0
33.304228,1.039709E+0,-2.742476E-2,1.040071E+0
33.496496,1.047544E+0,-2.664286E-2,1.047883E+0
33.689873,1.055437E+0,-2.584765E-2,1.055753E+0
33.884367,1.063390E+0,-2.503899E-2,1.063685E+0
34.079983,1.077675E+0,-3.124545E-2,1.078128E+0
34.276729,1.092119E+0,-3.761489E-2,1.092767E+0
34.474611,1.106724E+0,-4.415042E-2,1.107604E+0
34.673635,1.121491E+0,-5.085517E-2,1.122643E+0
34.873808,1.124422E+0,-5.561789E-2,1.125797E+0
35.075136,1.127341E+0,-6.040604E-2,1.128958E+0
35.277627,1.130248E+0,-6.521960E-2,1.132128E+0
35.481287,1.133145E+0,-7.005866E-2,1.135309E+0
35.686123,1.130462E+0,-8.657764E-2,1.133772E+0
35.892141,1.127541E+0,-1.030332E-1,1.132239E+0
36.099348,1.124384E+0,-1.194218E-1,1.130708E+0
36.307752,1.120990E+0,-1.357401E-1,1.129178E+0
36.517359,1.123477E+0,-1.356526E-1,1.131637E+0
36.728176,1.125970E+0,-1.355641E-1,1.134101E+0
36.940210,1.128467E+0,-1.354746E-1,1.136570E+0
37.153468,1.130971E+0,-1.353841E-1,1.139045E+0
37.367957,1.147112E+0,-1.512543E-1,1.157041E+0
37.583685,1.163314E+0,-1.675702E-1,1.175321E+0
37.800658,1.179572E+0,-1.843395E-1,1.193889E+0
38.018883,1.195882E+0,-2.015699E-1,1.212751E+0
38.238368,1.149760E+0,-2.573236E-1,1.178204E+0
38.459121,1.102135E+0,-3.090300E-1,1.144640E+0
38.681148,1.053262E+0,-3.567324E-1,1.112034E+0
38.904456,1.003383E+0,-4.004856E-1,1.080355E+0
39.129054,9.834691E-1,-3.278770E-1,1.036685E+0
39.354948,9.603558E-1,-2.594272E-1,9.947792E-1
39.582147,9.344095E-1,-1.951394E-1,9.545682E-1
39.810657,9.059797E-1,-1.349960E-1,9.159821E-1
40.040486,9.281331E-1,-1.206889E-1,9.359470E-1
40.271643,9.504934E-1,-1.056513E-1,9.563472E-1
40.504133,9.730514E-1,-8.986340E-2,9.771921E-1
40.737966,9.957965E-1,-7.330523E-2,9.984910E-1
40.973149,1.014199E+0,-6.622715E-2,1.016359E+0
41.209689,1.032869E+0,-5.886763E-2,1.034545E+0
41.447595,1.051811E+0,-5.121943E-2,1.053057E+0
41.686875,1.071027E+0,-4.327505E-2,1.071901E+0
41.927536,1.081244E+0,-5.285815E-2,1.082535E+0
42.169586,1.091480E+0,-6.262334E-2,1.093275E+0
42.413033,1.101734E+0,-7.257251E-2,1.104122E+0
42.657886,1.112005E+0,-8.270775E-2,1.115077E+0
42.904153,1.120819E+0,-9.023552E-2,1.124445E+0
43.151841,1.129660E+0,-9.788053E-2,1.133893E+0
43.400959,1.138530E+0,-1.056440E-1,1.143421E+0
43.651516,1.147425E+0,-1.135271E-1,1.153028E+0
43.903519,1.158549E+0,-1.208366E-1,1.164834E+0
44.156976,1.169746E+0,-1.282804E-1,1.176759E+0
44.411897,1.181018E+0,-1.358603E-1,1.188807E+0
44.668290,1.192366E+0,-1.435782E-1,1.200979E+0
44.926163,1.186337E+0,-1.974224E-1,1.202652E+0
45.185524,1.177876E+0,-2.510149E-1,1.204326E+0
45.446383,1.166995E+0,-3.042458E-1,1.206003E+0
45.708748,1.153708E+0,-3.570058E-1,1.207682E+0
45.972627,1.103258E+0,-3.489158E-1,1.157117E+0
46.238030,1.054969E+0,-3.408644E-1,1.108670E+0
46.504965,1.008751E+0,-3.328629E-1,1.062251E+0
46.773441,9.645165E-1,-3.249218E-1,1.017775E+0
47.043467,9.895333E-1,-2.684678E-1,1.025305E+0
47.315051,1.011279E+0,-2.101872E-1,1.032891E+0
47.588204,1.029626E+0,-1.502673E-1,1.040533E+0
47.862934,1.044456E+0,-8.890437E-2,1.048233E+0
48.139249,1.059790E+0,-8.576675E-2,1.063255E+0
48.417160,1.075331E+0,-8.251943E-2,1.078493E+0
48.696675,1.091080E+0,-7.915999E-2,1.093948E+0
48.977804,1.107042E+0,-7.568596E-2,1.109626E+0
49.260556,1.116521E+0,-8.948670E-2,1.120101E+0
49.544940,1.125925E+0,-1.035288E-1,1.130675E+0
49.830966,1.135252E+0,-1.178138E-1,1.141349E+0
50.118643,1.144497E+0,-1.323430E-1,1.152123E+0
50.407981,1.139337E+0,-1.297229E-1,1.146698E+0
50.698990,1.134197E+0,-1.271241E-1,1.141299E+0
50.991678,1.129077E+0,-1.245465E-1,1.135925E+0
51.286056,1.123975E+0,-1.219899E-1,1.130576E+0
51.582133,1.127665E+0,-1.150521E-1,1.133519E+0
51.879920,1.131320E+0,-1.080725E-1,1.136470E+0
52.179426,1.134939E+0,-1.010513E-1,1.139429E+0
52.480661,1.138523E+0,-9.398864E-2,1.142396E+0
52.783635,1.148932E+0,-9.123872E-2,1.152549E+0
53.088358,1.159425E+0,-8.843161E-2,1.162793E+0
53.394841,1.170001E+0,-8.556654E-2,1.173126E+0
53.703092,1.180663E+0,-8.264275E-2,1.183552E+0
54.013124,1.189557E+0,-8.168180E-2,1.192358E+0
54.324945,1.198516E+0,-8.070187E-2,1.201230E+0
54.638566,1.207541E+0,-7.970269E-2,1.210168E+0
54.953998,1.216631E+0,-7.868408E-2,1.219173E+0
55.271250,1.225666E+0,-7.715018E-2,1.228092E+0
55.590335,1.234764E+0,-7.558937E-2,1.237076E+0
55.911261,1.243925E+0,-7.400139E-2,1.246124E+0
56.234040,1.253151E+0,-7.238589E-2,1.255240E+0
56.558683,1.267284E+0,-7.300909E-2,1.269385E+0
56.885199,1.281575E+0,-7.363711E-2,1.283689E+0
57.213601,1.296029E+0,-7.427005E-2,1.298155E+0
57.543899,1.310645E+0,-7.490788E-2,1.312784E+0
57.876103,1.325454E+0,-7.944469E-2,1.327833E+0
58.210225,1.340419E+0,-8.407508E-2,1.343053E+0
58.546276,1.355543E+0,-8.880053E-2,1.358449E+0
58.884268,1.370827E+0,-9.362261E-2,1.374020E+0
59.224210,1.382491E+0,-1.040505E-1,1.386401E+0
59.566115,1.394188E+0,-1.146536E-1,1.398894E+0
59.909994,1.405915E+0,-1.254338E-1,1.411499E+0
60.255858,1.417671E+0,-1.363929E-1,1.424217E+0
60.603719,1.430546E+0,-1.491322E-1,1.438298E+0
60.953588,1.443444E+0,-1.621005E-1,1.452518E+0
61.305476,1.456366E+0,-1.753003E-1,1.466878E+0
61.659397,1.469310E+0,-1.887341E-1,1.481382E+0
62.015360,1.481786E+0,-2.040696E-1,1.495772E+0
62.373378,1.494240E+0,-2.196680E-1,1.510300E+0
62.733464,1.506674E+0,-2.355319E-1,1.524973E+0
63.095628,1.519081E+0,-2.516635E-1,1.539786E+0
63.459883,1.516388E+0,-2.547655E-1,1.537640E+0
63.826240,1.513691E+0,-2.578567E-1,1.535497E+0
64.194713,1.510992E+0,-2.609376E-1,1.533358E+0
64.565313,1.508290E+0,-2.640082E-1,1.531221E+0
64.938053,1.538492E+0,-2.776052E-1,1.563337E+0
65.312944,1.569255E+0,-2.916486E-1,1.596127E+0
65.690000,1.600587E+0,-3.061509E-1,1.629603E+0
66.069232,1.632498E+0,-3.211244E-1,1.663782E+0
66.450654,1.658381E+0,-3.437925E-1,1.693641E+0
66.834277,1.684492E+0,-3.671344E-1,1.724036E+0
67.220116,1.710829E+0,-3.911647E-1,1.754977E+0
67.608181,1.737387E+0,-4.158979E-1,1.786473E+0
67.998488,1.731604E+0,-4.710039E-1,1.794519E+0
68.391047,1.724104E+0,-5.261544E-1,1.802602E+0
68.785873,1.714877E+0,-5.812966E-1,1.810721E+0
69.182978,1.703918E+0,-6.363775E-1,1.818877E+0
69.582375,1.670224E+0,-6.551639E-1,1.794126E+0
69.984078,1.636689E+0,-6.731480E-1,1.769712E+0
70.388101,1.603324E+0,-6.903430E-1,1.745629E+0
70.794455,1.570139E+0,-7.067624E-1,1.721874E+0
71.203156,1.556886E+0,-7.198910E-1,1.715266E+0
71.614216,1.543551E+0,-7.328345E-1,1.708683E+0
72.027650,1.530138E+0,-7.455927E-1,1.702125E+0
72.443470,1.516647E+0,-7.581669E-1,1.695593E+0
72.861690,1.489464E+0,-7.702383E-1,1.676833E+0
73.282325,1.462421E+0,-7.818071E-1,1.658281E+0
73.705388,1.435523E+0,-7.928809E-1,1.639935E+0
74.130894,1.408777E+0,-8.034655E-1,1.621792E+0
74.558856,1.344460E+0,-8.178820E-1,1.573691E+0
74.989289,1.281682E+0,-8.301049E-1,1.527018E+0
75.422207,1.220455E+0,-8.402428E-1,1.481728E+0
75.857624,1.160790E+0,-8.483995E-1,1.437781E+0
76.295554,1.084655E+0,-8.013343E-1,1.348560E+0
76.736013,1.013472E+0,-7.568232E-1,1.264874E+0
77.179015,9.469226E-1,-7.147321E-1,1.186383E+0
77.624574,8.847061E-1,-6.749329E-1,1.112762E+0
78.072705,8.877955E-1,-5.848185E-1,1.063106E+0
78.523424,8.847865E-1,-4.987274E-1,1.015665E+0
78.976744,8.762303E-1,-4.168736E-1,9.703418E-1
79.432682,8.626669E-1,-3.394253E-1,9.270403E-1
79.891252,9.169107E-1,-2.953770E-1,9.633135E-1
80.352469,9.702731E-1,-2.461359E-1,1.001006E+0
80.816348,1.022381E+0,-1.915677E-1,1.040174E+0
81.282906,1.072838E+0,-1.315574E-1,1.080874E+0
81.752157,1.114670E+0,-1.250266E-1,1.121660E+0
82.224117,1.158007E+0,-1.178017E-1,1.163983E+0
82.698802,1.202901E+0,-1.098406E-1,1.207906E+0
83.176227,1.249402E+0,-1.010988E-1,1.253486E+0
83.656409,1.273406E+0,-9.918030E-2,1.277263E+0
84.139362,1.297859E+0,-9.715168E-2,1.301490E+0
84.625104,1.322770E+0,-9.500955E-2,1.326178E+0
85.113650,1.348147E+0,-9.275030E-2,1.351334E+0
85.605016,1.363399E+0,-9.216626E-2,1.366511E+0
86.099219,1.378822E+0,-9.155725E-2,1.381858E+0
86.596275,1.394417E+0,-9.092285E-2,1.397378E+0
87.096201,1.410187E+0,-9.026258E-2,1.413073E+0
87.599012,1.429360E+0,-9.216540E-2,1.432328E+0
88.104727,1.448793E+0,-9.410332E-2,1.451846E+0
88.613361,1.468490E+0,-9.607692E-2,1.471630E+0
89.124931,1.488454E+0,-9.808673E-2,1.491682E+0
89.639454,1.494545E+0,-9.648095E-2,1.497656E+0
90.156948,1.500659E+0,-9.486054E-2,1.503654E+0
90.677430,1.506795E+0,-9.322546E-2,1.509676E+0
91.200916,1.512955E+0,-9.157567E-2,1.515724E+0
91.727425,1.523466E+0,-9.191345E-2,1.526236E+0
92.256973,1.534051E+0,-9.225155E-2,1.536822E+0
92.789578,1.544709E+0,-9.258990E-2,1.547481E+0
93.325258,1.555442E+0,-9.292860E-2,1.558215E+0
93.864030,1.567496E+0,-8.464520E-2,1.569780E+0
94.405913,1.579591E+0,-7.623093E-2,1.581429E+0
94.950924,1.591727E+0,-6.768464E-2,1.593165E+0
95.499081,1.603903E+0,-5.900504E-2,1.604988E+0
96.050403,1.618976E+0,-5.603959E-2,1.619946E+0
96.604908,1.634184E+0,-5.301347E-2,1.635044E+0
97.162614,1.649526E+0,-4.992583E-2,1.650281E+0
97.723540,1.665004E+0,-4.677577E-2,1.665661E+0
98.287704,1.679476E+0,-4.480413E-2,1.680074E+0
98.855125,1.694072E+0,-4.279482E-2,1.694612E+0
99.425821,1.708791E+0,-4.074726E-2,1.709277E+0
99.999813,1.723632E+0,-3.866097E-2,1.724066E+0
100.577118,1.736807E+0,-3.544221E-2,1.737169E+0
101.157755,1.750076E+0,-3.217217E-2,1.750372E+0
101.741745,1.763438E+0,-2.885023E-2,1.763674E+0
102.329106,1.776895E+0,-2.547581E-2,1.777078E+0
102.919859,1.794981E+0,-1.829282E-2,1.795074E+0
103.514021,1.813220E+0,-1.096141E-2,1.813253E+0
104.111614,1.831612E+0,-3.479449E-3,1.831615E+0
104.712657,1.850160E+0,4.155234E-3,1.850165E+0
105.317169,1.874278E+0,8.675570E-3,1.874298E+0
105.925171,1.898700E+0,1.331307E-2,1.898747E+0
106.536684,1.923429E+0,1.807001E-2,1.923514E+0
107.151727,1.948469E+0,2.294868E-2,1.948604E+0
107.770320,1.975719E+0,2.332798E-2,1.975857E+0
108.392485,2.003348E+0,2.371341E-2,2.003488E+0
109.018241,2.031365E+0,2.410505E-2,2.031508E+0
109.647610,2.059773E+0,2.450300E-2,2.059919E+0
110.280612,2.087014E+0,2.168440E-2,2.087127E+0
110.917269,2.114610E+0,1.878702E-2,2.114693E+0
111.557601,2.142567E+0,1.580926E-2,2.142625E+0
112.201630,2.170888E+0,1.274955E-2,2.170925E+0
112.849377,2.199177E+0,8.664010E-3,2.199194E+0
113.500863,2.227828E+0,4.469878E-3,2.227832E+0
114.156110,2.256841E+0,1.650345E-4,2.256841E+0
114.815141,2.286226E+0,-4.252679E-3,2.286230E+0
115.477975,2.318966E+0,-1.382232E-2,2.319007E+0
116.144637,2.352136E+0,-2.366525E-2,2.352255E+0
116.815147,2.385740E+0,-3.378717E-2,2.385979E+0
117.489528,2.419782E+0,-4.419389E-2,2.420186E+0
118.167802,2.436475E+0,-6.939395E-2,2.437463E+0
118.849992,2.453027E+0,-9.494425E-2,2.454864E+0
119.536120,2.469433E+0,-1.208459E-1,2.472388E+0
120.226209,2.485688E+0,-1.470996E-1,2.490037E+0
120.920282,2.529623E+0,-9.783097E-2,2.531514E+0
121.618363,2.573257E+0,-4.683847E-2,2.573683E+0
122.320473,2.616548E+0,5.899929E-3,2.616555E+0
123.026636,2.659455E+0,6.040577E-2,2.660141E+0
123.736876,2.687928E+0,3.226503E-2,2.688122E+0
124.451217,2.716395E+0,3.521877E-3,2.716397E+0
125.169681,2.744848E+0,-2.582994E-2,2.744970E+0
125.892294,2.773284E+0,-5.579666E-2,2.773845E+0
126.619077,2.817204E+0,-5.756723E-2,2.817792E+0
127.350057,2.861819E+0,-5.937988E-2,2.862435E+0
128.085257,2.907139E+0,-6.123554E-2,2.907784E+0
128.824701,2.953179E+0,-6.313507E-2,2.953854E+0
129.568413,3.004379E+0,-6.825332E-2,3.005154E+0
130.316420,3.056461E+0,-7.353018E-2,3.057345E+0
131.068744,3.109440E+0,-7.896961E-2,3.110443E+0
131.825412,3.163334E+0,-8.457573E-2,3.164464E+0
132.586448,3.224827E+0,-8.683585E-2,3.225996E+0
133.351878,3.287515E+0,-8.915187E-2,3.288724E+0
134.121726,3.351422E+0,-9.152515E-2,3.352672E+0
134.896019,3.416573E+0,-9.395708E-2,3.417865E+0
135.674782,3.490959E+0,-9.598546E-2,3.492278E+0
136.458041,3.566964E+0,-9.805767E-2,3.568312E+0
137.245821,3.644623E+0,-1.001746E-1,3.645999E+0
138.038150,3.723973E+0,-1.023372E-1,3.725379E+0
138.835052,3.815375E+0,-1.009568E-1,3.816710E+0
139.636556,3.909017E+0,-9.944718E-2,3.910282E+0
140.442686,4.004954E+0,-9.780271E-2,4.006148E+0
141.253470,4.103240E+0,-9.601776E-2,4.104363E+0
142.068935,4.228425E+0,-9.726824E-2,4.229544E+0
142.889108,4.357430E+0,-9.850566E-2,4.358543E+0
143.714015,4.490369E+0,-9.972809E-2,4.491476E+0
144.543685,4.627368E+0,-1.009336E-1,4.628469E+0
145.378144,4.800950E+0,-1.064252E-1,4.802129E+0
146.217421,4.981044E+0,-1.121868E-1,4.982307E+0
147.061543,5.167893E+0,-1.182310E-1,5.169245E+0
147.910538,5.361754E+0,-1.245709E-1,5.363201E+0
148.764435,5.618449E+0,-1.521169E-1,5.620508E+0
149.623261,5.887349E+0,-1.820170E-1,5.890162E+0
150.487045,6.169024E+0,-2.144331E-1,6.172750E+0
151.355816,6.464087E+0,-2.495375E-1,6.468902E+0
152.229602,6.870727E+0,-3.188722E-1,6.878122E+0
153.108433,7.302503E+0,-3.959597E-1,7.313230E+0
153.992337,7.760940E+0,-4.814988E-1,7.775862E+0
154.881344,8.247656E+0,-5.762447E-1,8.267762E+0
155.775484,9.083178E+0,-8.389493E-1,9.121840E+0
156.674785,9.998297E+0,-1.149318E+0,1.006414E+1
157.579278,1.100005E+1,-1.514223E+0,1.110378E+1
158.488993,1.209601E+1,-1.941420E+0,1.225082E+1
159.403960,1.345257E+1,-3.142668E+0,1.381477E+1
160.324208,1.488332E+1,-4.601453E+0,1.557840E+1
161.249770,1.637709E+1,-6.355809E+0,1.756717E+1
162.180674,1.791832E+1,-8.447649E+0,1.980982E+1
163.116953,1.657901E+1,-1.581079E+1,2.290949E+1
164.058637,1.242152E+1,-2.340184E+1,2.649416E+1
165.005758,5.088326E+0,-3.021425E+1,3.063971E+1
165.958346,-5.445474E+0,-3.501299E+1,3.543392E+1
166.916434,-1.167002E+1,-2.602205E+1,2.851905E+1
167.880052,-1.459072E+1,-1.771946E+1,2.295361E+1
168.849234,-1.509307E+1,-1.065352E+1,1.847426E+1
169.824011,-1.398099E+1,-5.061645E+0,1.486904E+1
170.804415,-8.859739E+0,-8.376727E+0,1.219281E+1
171.790479,-3.924688E+0,-9.195757E+0,9.998256E+0
172.782236,5.440699E-2,-8.198519E+0,8.198700E+0
173.779719,2.720872E+0,-6.147855E+0,6.723040E+0
174.782960,7.779065E-1,-6.878453E+0,6.922301E+0
175.791992,-1.356099E+0,-6.997273E+0,7.127470E+0
176.806850,-3.489199E+0,-6.456182E+0,7.338719E+0
177.827567,-5.417989E+0,-5.267068E+0,7.556230E+0
178.854176,-4.217607E+0,-5.190011E+0,6.687632E+0
179.886712,-3.170456E+0,-4.998134E+0,5.918880E+0
180.925209,-2.269871E+0,-4.721179E+0,5.238496E+0
181.969701,-1.506914E+0,-4.384601E+0,4.636326E+0
183.020223,-1.279780E+0,-4.668567E+0,4.840801E+0
184.076810,-1.024297E+0,-4.949414E+0,5.054294E+0
185.139497,-7.394804E-1,-5.225135E+0,5.277203E+0
186.208318,-4.244388E-1,-5.493571E+0,5.509943E+0
187.283310,-7.325424E-1,-6.009555E+0,6.054037E+0
188.364508,-1.095784E+0,-6.560979E+0,6.651856E+0
189.451948,-1.521271E+0,-7.148633E+0,7.308708E+0
190.545665,-2.016840E+0,-7.773036E+0,8.030425E+0
191.645697,-3.132917E+0,-7.509818E+0,8.137109E+0
192.752079,-4.214965E+0,-7.086436E+0,8.245211E+0
193.864849,-5.240008E+0,-6.507237E+0,8.354748E+0
194.984042,-6.185626E+0,-5.779870E+0,8.465747E+0
196.109697,-5.704331E+0,-4.479417E+0,7.252901E+0
197.241850,-5.198022E+0,-3.404712E+0,6.213815E+0
198.380539,-4.686935E+0,-2.524538E+0,5.323594E+0
199.525802,-4.186048E+0,-1.810762E+0,4.560905E+0
200.677677,-4.361695E+0,-1.990805E+0,4.794548E+0
201.836201,-4.542535E+0,-2.183713E+0,5.040161E+0
203.001414,-4.728560E+0,-2.390249E+0,5.298355E+0
204.173353,-4.919749E+0,-2.611216E+0,5.569774E+0
205.352059,-4.608228E+0,-2.270468E+0,5.137197E+0
206.537568,-4.311553E+0,-1.964994E+0,4.738216E+0
207.729922,-4.029548E+0,-1.691624E+0,4.370223E+0
208.929160,-3.761957E+0,-1.447446E+0,4.030809E+0
210.135321,-3.626198E+0,-1.329035E+0,3.862078E+0
211.348445,-3.494324E+0,-1.217675E+0,3.700410E+0
212.568572,-3.366281E+0,-1.113011E+0,3.545510E+0
213.795743,-3.242009E+0,-1.014701E+0,3.397093E+0
215.029999,-3.126788E+0,-9.437870E-1,3.266120E+0
216.271380,-3.015319E+0,-8.767387E-1,3.140194E+0
217.519928,-2.907497E+0,-8.133701E-1,3.019124E+0
218.775684,-2.803216E+0,-7.535034E-1,2.902721E+0
220.038689,-2.735689E+0,-7.486614E-1,2.836281E+0
221.308986,-2.669730E+0,-7.436313E-1,2.771362E+0
222.586616,-2.605304E+0,-7.384244E-1,2.707929E+0
223.871622,-2.542377E+0,-7.330526E-1,2.645949E+0
225.164046,-2.453075E+0,-6.711811E-1,2.543238E+0
226.463932,-2.366437E+0,-6.128885E-1,2.444516E+0
227.771322,-2.282404E+0,-5.580002E-1,2.349624E+0
229.086260,-2.200921E+0,-5.063485E-1,2.258416E+0
230.408789,-2.149457E+0,-4.539828E-1,2.196876E+0
231.738953,-2.098489E+0,-4.039518E-1,2.137015E+0
233.076796,-2.048043E+0,-3.561835E-1,2.078785E+0
234.422362,-1.998144E+0,-3.106074E-1,2.022142E+0
235.775697,-1.925067E+0,-3.134077E-1,1.950412E+0
237.136844,-1.854563E+0,-3.156031E-1,1.881225E+0
238.505849,-1.786547E+0,-3.172325E-1,1.814493E+0
239.882758,-1.720936E+0,-3.183334E-1,1.750131E+0
241.267616,-1.697048E+0,-3.129345E-1,1.725659E+0
242.660469,-1.673492E+0,-3.076242E-1,1.701531E+0
244.061362,-1.650263E+0,-3.024012E-1,1.677741E+0
245.470343,-1.627355E+0,-2.972644E-1,1.654282E+0
246.887458,-1.605126E+0,-2.697824E-1,1.627640E+0
248.312755,-1.582874E+0,-2.430551E-1,1.601426E+0
249.746279,-1.560611E+0,-2.170710E-1,1.575635E+0
251.188080,-1.538347E+0,-1.918178E-1,1.550260E+0
252.638204,-1.496676E+0,-1.636584E-1,1.505597E+0
254.096699,-1.455795E+0,-1.369258E-1,1.462220E+0
255.563615,-1.415704E+0,-1.115673E-1,1.420093E+0
257.038999,-1.376401E+0,-8.753143E-2,1.379181E+0
258.522901,-1.330985E+0,-1.074667E-1,1.335317E+0
260.015369,-1.286691E+0,-1.260150E-1,1.292847E+0
261.516454,-1.243507E+0,-1.432393E-1,1.251730E+0
263.026204,-1.201416E+0,-1.592002E-1,1.211918E+0
264.544671,-1.192341E+0,-1.372917E-1,1.200219E+0
266.071903,-1.182984E+0,-1.157515E-1,1.188633E+0
267.607952,-1.173353E+0,-9.458081E-2,1.177159E+0
269.152869,-1.163459E+0,-7.378094E-2,1.165796E+0
270.706705,-1.132861E+0,-7.773368E-2,1.135525E+0
272.269511,-1.103038E+0,-8.142935E-2,1.106040E+0
273.841340,-1.073971E+0,-8.487858E-2,1.077320E+0
275.422242,-1.045642E+0,-8.809142E-2,1.049346E+0
277.012272,-1.021410E+0,-1.035623E-1,1.026647E+0
278.611480,-9.974483E-1,-1.182934E-1,1.004438E+0
280.219921,-9.737636E-1,-1.323054E-1,9.827107E-1
281.837648,-9.503616E-1,-1.456182E-1,9.614530E-1
283.464714,-9.565224E-1,-1.298245E-1,9.652924E-1
285.101173,-9.624349E-1,-1.138642E-1,9.691470E-1
286.747079,-9.680954E-1,-9.774078E-2,9.730169E-1
288.402487,-9.735009E-1,-8.145814E-2,9.769030E-1
290.067453,-9.410068E-1,-7.155694E-2,9.437236E-1
291.742030,-9.095448E-1,-6.223037E-2,9.116712E-1
293.426274,-8.790838E-1,-5.345135E-2,8.807073E-1
295.120242,-8.495940E-1,-4.519372E-2,8.507952E-1
296.823989,-8.212868E-1,-3.768425E-2,8.221509E-1
298.537572,-7.938801E-1,-3.062727E-2,7.944707E-1
300.261047,-7.673475E-1,-2.400118E-2,7.677228E-1
301.994472,-7.416617E-1,-1.778550E-2,7.418749E-1
303.737905,-7.151560E-1,-1.647523E-2,7.153457E-1
305.491402,-6.895970E-1,-1.523593E-2,6.897653E-1
307.255023,-6.649510E-1,-1.406417E-2,6.650997E-1
309.028824,-6.411854E-1,-1.295654E-2,6.413163E-1
310.812867,-5.998765E-1,-9.204166E-3,5.999471E-1
312.607208,-5.612160E-1,-5.881776E-3,5.612468E-1
314.411909,-5.250346E-1,-2.949591E-3,5.250429E-1
316.227028,-4.911739E-1,-3.712479E-4,4.911740E-1
318.052625,-4.428205E-1,-4.161450E-3,4.428401E-1
319.888762,-3.991973E-1,-7.201823E-3,3.992623E-1
321.735500,-3.598445E-1,-9.603040E-3,3.599726E-1
323.592898,-3.243472E-1,-1.146124E-2,3.245496E-1
325.461020,-2.578225E-1,-5.108052E-2,2.628339E-1
327.339926,-1.995181E-1,-7.415725E-2,2.128539E-1
329.229679,-1.499236E-1,-8.507113E-2,1.723780E-1
331.130342,-1.088640E-1,-8.738695E-2,1.395989E-1
333.041978,-9.254007E-2,-1.470548E-1,1.737492E-1
334.964649,-4.908092E-2,-2.106103E-1,2.162536E-1
336.898420,2.787970E-2,-2.677082E-1,2.691560E-1
338.843355,1.416254E-1,-3.035907E-1,3.350001E-1
340.799519,1.480633E-1,-3.813186E-1,4.090558E-1
342.766975,1.496366E-1,-4.765412E-1,4.994824E-1
344.745790,1.438714E-1,-5.926868E-1,6.098989E-1
346.736028,1.274770E-1,-7.337326E-1,7.447241E-1
348.737756,6.678544E-2,-7.605239E-1,7.634507E-1
350.751040,2.473297E-3,-7.826437E-1,7.826476E-1
352.775947,-6.513341E-2,-7.996794E-1,8.023276E-1
354.812544,-1.356662E-1,-8.112370E-1,8.225028E-1
356.860899,-1.980029E-1,-8.406700E-1,8.636731E-1
358.921078,-2.653455E-1,-8.672179E-1,9.069041E-1
360.993151,-3.377345E-1,-8.903982E-1,9.522991E-1
363.077187,-4.151794E-1,-9.097024E-1,9.999662E-1
365.173253,-4.205973E-1,-8.158175E-1,9.178564E-1
367.281421,-4.214419E-1,-7.295021E-1,8.424883E-1
369.401759,-4.184261E-1,-6.503283E-1,7.733093E-1
371.534338,-4.121839E-1,-5.778715E-1,7.098106E-1
373.679228,-3.541545E-1,-5.391775E-1,6.450874E-1
375.836501,-3.028058E-1,-5.020126E-1,5.862662E-1
378.006228,-2.574708E-1,-4.664693E-1,5.328084E-1
380.188480,-2.175405E-1,-4.326083E-1,4.842250E-1
382.383332,-1.506543E-1,-4.298279E-1,4.554654E-1
384.590854,-8.859785E-2,-4.191526E-1,4.284139E-1
386.811120,-3.200053E-2,-4.016965E-1,4.029691E-1
389.044204,1.868498E-2,-3.785748E-1,3.790356E-1
391.290180,7.336234E-2,-3.811001E-1,3.880970E-1
393.549122,1.291554E-1,-3.758003E-1,3.973751E-1
395.821105,1.849546E-1,-3.624074E-1,4.068751E-1
398.106204,2.395964E-1,-3.408088E-1,4.166018E-1
400.404495,2.945241E-1,-3.419076E-1,4.512707E-1
402.716055,3.538525E-1,-3.372509E-1,4.888249E-1
405.040959,4.173121E-1,-3.259218E-1,5.295039E-1
407.379285,4.845167E-1,-3.069611E-1,5.735691E-1
409.731111,5.345760E-1,-2.969254E-1,6.115032E-1
412.096513,5.872401E-1,-2.831655E-1,6.519460E-1
414.475571,6.424476E-1,-2.652819E-1,6.950636E-1
416.868364,7.001089E-1,-2.428527E-1,7.410330E-1
419.274970,7.526575E-1,-2.379552E-1,7.893770E-1
421.695470,8.084687E-1,-2.311908E-1,8.408750E-1
424.129944,8.676988E-1,-2.223423E-1,8.957328E-1
426.578472,9.305075E-1,-2.111737E-1,9.541690E-1
429.041135,9.737297E-1,-2.018326E-1,9.944274E-1
431.518015,1.018585E+0,-1.912532E-1,1.036385E+0
434.009195,1.065117E+0,-1.793513E-1,1.080112E+0
436.514757,1.113372E+0,-1.660388E-1,1.125685E+0
439.034783,1.232447E+0,-1.404730E-1,1.240427E+0
441.569357,1.362608E+0,-1.077853E-1,1.366864E+0
444.118564,1.504707E+0,-6.683265E-2,1.506190E+0
446.682487,1.659637E+0,-1.632353E-2,1.659717E+0
449.261212,1.931533E+0,-2.092796E-1,1.942838E+0
451.854825,2.226159E+0,-4.652357E-1,2.274253E+0
454.463410,2.540042E+0,-7.971894E-1,2.662203E+0
457.087055,2.867646E+0,-1.219886E+0,3.116330E+0
459.725846,2.965559E+0,-2.081703E+0,3.623262E+0
462.379871,2.868187E+0,-3.085445E+0,4.212656E+0
465.049218,2.514372E+0,-4.203286E+0,4.897926E+0
467.733976,1.841309E+0,-5.388768E+0,5.694668E+0
470.434232,1.207423E-1,-4.942832E+0,4.944307E+0
473.150078,-1.188037E+0,-4.125150E+0,4.292819E+0
475.881602,-2.058898E+0,-3.106888E+0,3.727172E+0
478.628895,-2.514805E+0,-2.036623E+0,3.236059E+0
481.392049,-2.342914E+0,-1.541527E+0,2.804559E+0
484.171154,-2.152355E+0,-1.129231E+0,2.430596E+0
486.966304,-1.952774E+0,-7.899379E-1,2.106497E+0
489.777590,-1.751652E+0,-5.143787E-1,1.825615E+0
492.605106,-1.661418E+0,-3.546270E-1,1.698844E+0
495.448945,-1.566500E+0,-2.127094E-1,1.580876E+0
498.309202,-1.468485E+0,-8.766873E-2,1.471100E+0
501.185971,-1.368778E+0,2.149487E-2,1.368947E+0
504.079348,-1.497424E+0,3.335857E-1,1.534131E+0
506.989429,-1.567937E+0,7.052539E-1,1.719247E+0
509.916309,-1.561156E+0,1.129145E+0,1.926701E+0
512.860087,-1.457711E+0,1.592848E+0,2.159186E+0
515.820860,-1.523872E+0,6.255570E-1,1.647273E+0
518.798725,-1.255117E+0,-6.357460E-2,1.256726E+0
521.793781,-8.456193E-1,-4.518557E-1,9.587730E-1
524.806128,-4.367724E-1,-5.867404E-1,7.314605E-1
527.835866,-5.620650E-1,-5.181660E-1,7.644691E-1
530.883094,-6.774894E-1,-4.235051E-1,7.989671E-1
533.947915,-7.777339E-1,-3.039600E-1,8.350220E-1
537.030429,-8.575751E-1,-1.617925E-1,8.727038E-1
540.130738,-7.842347E-1,-6.814678E-2,7.871900E-1
543.248945,-7.099947E-1,9.311905E-3,7.100558E-1
546.385154,-6.364011E-1,7.216142E-2,6.404792E-1
549.539469,-5.647017E-1,1.219570E-1,5.777210E-1
552.711994,-5.035583E-1,1.153207E-1,5.165944E-1
555.902834,-4.489623E-1,1.087075E-1,4.619356E-1
559.112094,-4.002200E-1,1.021877E-1,4.130598E-1
562.339883,-3.567107E-1,9.581645E-2,3.693553E-1
565.586305,-3.475000E-1,9.988539E-2,3.615707E-1
568.851469,-3.384152E-1,1.037104E-1,3.539501E-1
572.135483,-3.294577E-1,1.072987E-1,3.464901E-1
575.438456,-3.206293E-1,1.106578E-1,3.391877E-1
578.760497,-2.956930E-1,-1.090036E-4,2.956930E-1
582.101716,-2.436096E-1,-8.427726E-2,2.577757E-1
585.462225,-1.767310E-1,-1.388002E-1,2.247206E-1
588.842134,-1.061021E-1,-1.646839E-1,1.959042E-1
592.241555,-1.553088E-1,-1.657051E-1,2.271101E-1
595.660602,-2.116378E-1,-1.566186E-1,2.632868E-1
599.099386,-2.739837E-1,-1.345214E-1,3.052263E-1
602.558024,-3.404807E-1,-9.633349E-2,3.538464E-1
606.036628,-3.326972E-1,-9.485124E-2,3.459540E-1
609.535314,-3.250902E-1,-9.338684E-2,3.382377E-1
613.054198,-3.176557E-1,-9.194021E-2,3.306934E-1
616.593397,-3.103899E-1,-9.051131E-2,3.233175E-1
620.153028,-3.429829E-1,-9.774910E-2,3.566401E-1
623.733209,-3.789831E-1,-1.055133E-1,3.933971E-1
627.334059,-4.187451E-1,-1.138354E-1,4.339423E-1
630.955697,-4.626604E-1,-1.227473E-1,4.786664E-1
634.598242,-4.494402E-1,-1.060594E-1,4.617847E-1
638.261816,-4.362468E-1,-9.031807E-2,4.454982E-1
641.946541,-4.231047E-1,-7.548885E-2,4.297862E-1
645.652537,-4.100364E-1,-6.153794E-2,4.146285E-1
649.379928,-3.863872E-1,-5.848027E-2,3.907877E-1
653.128838,-3.641015E-1,-5.557067E-2,3.683178E-1
656.899390,-3.431005E-1,-5.280224E-2,3.471398E-1
660.691710,-3.233104E-1,-5.016827E-2,3.271796E-1
664.505924,-3.103001E-1,-4.661278E-2,3.137816E-1
668.342157,-2.978058E-1,-4.326329E-2,3.009319E-1
672.200537,-2.858080E-1,-4.010900E-2,2.886086E-1
676.081191,-2.742867E-1,-3.713960E-2,2.767897E-1
679.984249,-2.801202E-1,-6.135209E-3,2.801874E-1
683.909839,-2.824587E-1,2.571475E-2,2.836268E-1
687.858092,-2.811854E-1,5.801740E-2,2.871084E-1
691.829139,-2.762279E-1,9.036420E-2,2.906330E-1
695.823110,-2.904393E-1,1.748359E-1,3.390023E-1
699.840139,-2.845454E-1,2.745766E-1,3.954218E-1
703.880359,-2.518086E-1,3.864278E-1,4.612310E-1
707.943903,-1.853951E-1,5.050391E-1,5.379924E-1
712.030906,-6.536184E-2,5.979875E-1,6.015490E-1
716.141504,8.991186E-2,6.665772E-1,6.726138E-1
720.275832,2.768800E-1,6.992515E-1,7.520739E-1
724.434028,4.885852E-1,6.844209E-1,8.409206E-1
728.616230,2.688749E-1,5.416790E-1,6.047395E-1
732.822575,1.291476E-1,4.152737E-1,4.348923E-1
737.053205,4.434855E-2,3.095881E-1,3.127484E-1
741.308258,-3.811397E-3,2.248776E-1,2.249099E-1
745.587875,4.289319E-2,2.915177E-1,2.946564E-1
749.892199,1.174409E-1,3.677339E-1,3.860318E-1
754.221372,2.300188E-1,4.504089E-1,5.057438E-1
758.575538,3.931326E-1,5.333460E-1,6.625792E-1
762.954841,3.603950E-1,4.204174E-1,5.537466E-1
767.359425,3.261798E-1,3.283010E-1,4.627902E-1
771.789438,2.920101E-1,2.536224E-1,3.867741E-1
776.245025,2.589484E-1,1.934752E-1,3.232444E-1
780.726335,2.206692E-1,1.567409E-1,2.706707E-1
785.233515,1.878848E-1,1.267618E-1,2.266479E-1
789.766716,1.598361E-1,1.023268E-1,1.897850E-1
794.326087,1.358636E-1,8.243723E-2,1.589176E-1
798.911780,1.178526E-1,7.297681E-2,1.386176E-1
803.523946,1.022176E-1,6.458299E-2,1.209107E-1
808.162739,8.864672E-2,5.713820E-2,1.054657E-1
812.828311,7.686864E-2,5.053746E-2,9.199360E-2
817.520818,6.761549E-2,3.455121E-2,7.593182E-2
822.240416,5.858546E-2,2.226699E-2,6.267436E-2
826.987259,5.007150E-2,1.300016E-2,5.173161E-2
831.761507,4.225238E-2,6.162678E-3,4.269944E-2
836.563317,4.196193E-2,-5.951450E-3,4.238187E-2
841.392847,3.829633E-2,-1.740674E-2,4.206666E-2
846.250259,3.160084E-2,-2.729042E-2,4.175380E-2
851.135714,2.245957E-2,-3.482977E-2,4.144328E-2
856.049372,2.010472E-3,-4.497761E-2,4.502252E-2
860.991397,-2.273335E-2,-4.330670E-2,4.891089E-2
865.961952,-4.503789E-2,-2.819441E-2,5.313508E-2
870.961203,-5.769590E-2,-1.804252E-3,5.772410E-2
875.989315,-5.946266E-2,2.008836E-2,6.276424E-2
881.046454,-5.294260E-2,4.306262E-2,6.824447E-2
886.132789,-3.756935E-2,6.398951E-2,7.420319E-2
891.248487,-1.395510E-2,7.946615E-2,8.068218E-2
896.393719,2.132945E-3,6.919245E-2,6.922532E-2
901.568654,1.385701E-2,5.775634E-2,5.939538E-2
906.773465,2.171220E-2,4.610456E-2,5.096126E-2
912.008323,2.627955E-2,3.494623E-2,4.372475E-2
917.273403,3.141271E-2,1.115430E-2,3.333432E-2
922.568878,2.466261E-2,-6.129940E-3,2.541300E-2
927.894924,1.309748E-2,-1.427619E-2,1.937404E-2
933.251717,2.317414E-3,-1.458719E-2,1.477012E-2
938.639436,-9.918029E-4,-2.319792E-2,2.321911E-2
944.058259,-8.782951E-3,-3.542874E-2,3.650118E-2
949.508364,-2.461116E-2,-5.183505E-2,5.738102E-2
954.989934,-5.412722E-2,-7.216068E-2,9.020488E-2
960.503149,-8.691169E-2,-4.563222E-2,9.816283E-2
966.048192,-1.067386E-1,-4.242216E-3,1.068229E-1
971.625246,-1.068870E-1,4.570011E-2,1.162469E-1
977.234498,-8.369933E-2,9.485374E-2,1.265022E-1
982.876132,-9.252037E-2,9.236486E-2,1.307336E-1
988.550335,-1.014558E-1,8.922182E-2,1.351067E-1
994.257297,-1.104663E-1,8.539660E-2,1.396259E-1
999.997204,-1.195099E-1,8.086295E-2,1.442963E-1
