#I+8.670000E+02
+3.000000E+00
+8.010000E+02
+8.010000E+02
+1.000000E+01
+1.000000E+00
+3.000000E+00
+0.000000E+00
+1.000000E+00
+1.000000E+00
+1.000000E+00
+1.000000E+00
+2.497000E+03
-1.092400E+04
+2.025600E+04
-1.299100E+04
-1.119200E+04
+0.000000E+00
+0.000000E+00
+0.000000E+00
+0.000000E+00
+0.000000E+00
+0.000000E+00
+0.000000E+00
+0.000000E+00
+0.000000E+00
+0.000000E+00
+0.000000E+00
+0.000000E+00
+0.000000E+00
+0.000000E+00
+0.000000E+00
+0.000000E+00
+0.000000E+00
+0.000000E+00
+0.000000E+00
+1.000000E+00
+0.000000E+00
+1.000000E+00
+0.000000E+00
+0.000000E+00
+1.000000E+00
+0.000000E+00
+1.000000E+00
+2.000000E+00
+3.000000E+00
+4.500000E+01
+4.500000E+01
+0.000000E+00
+0.000000E+00
+2.000000E+00
+0.000000E+00
+0.000000E+00
+0.000000E+00
+0.000000E+00
+0.000000E+00
+2.499999E-03
+3.990503E-04
+0.000000E+00
+0.000000E+00
+0.000000E+00
+1.000000E+00
+1.000000E+00
+0.000000E+00
+0.000000E+00
+9.9999904632568339E+00
+9.9999904632568339E+00
+5.385944E-08
+5.499917E-08
+5.616301E-08
+5.735148E-08
+5.856512E-08
+5.805630E-08
+5.755190E-08
+5.705188E-08
+5.655620E-08
+5.824728E-08
+5.998892E-08
+6.178264E-08
+6.363000E-08
+6.348667E-08
+6.334366E-08
+6.320098E-08
+6.305863E-08
+6.196418E-08
+6.088874E-08
+5.983195E-08
+5.879350E-08
+5.249642E-08
+4.687379E-08
+4.185337E-08
+3.737066E-08
+3.371828E-08
+3.042286E-08
+2.744951E-08
+2.476676E-08
+2.284589E-08
+2.107399E-08
+1.943952E-08
+1.793182E-08
+1.710876E-08
+1.632349E-08
+1.557425E-08
+1.485941E-08
+1.301420E-08
+1.139812E-08
+9.982720E-09
+8.743086E-09
+9.222219E-09
+9.727611E-09
+1.026070E-08
+1.082300E-08
+1.113792E-08
+1.146200E-08
+1.179551E-08
+1.213872E-08
+1.110430E-08
+1.015802E-08
+9.292385E-09
+8.500516E-09
+8.624401E-09
+8.750090E-09
+8.877613E-09
+9.006998E-09
+8.155632E-09
+7.384740E-09
+6.686714E-09
+6.054668E-09
+5.788711E-09
+5.534437E-09
+5.291332E-09
+5.058906E-09
+3.745390E-09
+2.772920E-09
+2.052947E-09
+1.519910E-09
+1.218697E-09
+9.771770E-10
+7.835214E-10
+6.282441E-10
+1.204350E-09
+2.308752E-09
+4.425902E-09
+8.484498E-09
+1.240960E-08
+1.815052E-08
+2.654731E-08
+3.882862E-08
+4.654231E-08
+5.578840E-08
+6.687132E-08
+8.015598E-08
+9.213721E-08
+1.059093E-07
+1.217400E-07
+1.399370E-07
+1.532787E-07
+1.678924E-07
+1.838994E-07
+2.014325E-07
+1.989490E-07
+1.964961E-07
+1.940734E-07
+1.916807E-07
+1.907771E-07
+1.898778E-07
+1.889828E-07
+1.880919E-07
+2.134810E-07
+2.422972E-07
+2.750030E-07
+3.121237E-07
+3.322025E-07
+3.535731E-07
+3.763184E-07
+4.005269E-07
+4.166710E-07
+4.334659E-07
+4.509378E-07
+4.691136E-07
+5.291162E-07
+5.967935E-07
+6.731271E-07
+7.592242E-07
+8.485757E-07
+9.484429E-07
+1.060063E-06
+1.184820E-06
+1.234568E-06
+1.286404E-06
+1.340417E-06
+1.396698E-06
+1.522540E-06
+1.659721E-06
+1.809261E-06
+1.972275E-06
+2.144402E-06
+2.331553E-06
+2.535036E-06
+2.756279E-06
+3.158646E-06
+3.619752E-06
+4.148171E-06
+4.753728E-06
+5.286104E-06
+5.878102E-06
+6.536399E-06
+7.268419E-06
+8.323235E-06
+9.531130E-06
+1.091432E-05
+1.249825E-05
+1.268050E-05
+1.286541E-05
+1.305302E-05
+1.324336E-05
+1.006964E-05
+7.656484E-06
+5.821635E-06
+4.426501E-06
+4.195595E-06
+3.976733E-06
+3.769288E-06
+3.572666E-06
+2.893486E-06
+2.343420E-06
+1.897925E-06
+1.537121E-06
+1.422415E-06
+1.316268E-06
+1.218043E-06
+1.127148E-06
+9.234764E-07
+7.566076E-07
+6.198915E-07
+5.078792E-07
+4.752989E-07
+4.448085E-07
+4.162741E-07
+3.895702E-07
+3.687178E-07
+3.489816E-07
+3.303018E-07
+3.126219E-07
+2.710478E-07
+2.350025E-07
+2.037507E-07
+1.766550E-07
+1.668380E-07
+1.575665E-07
+1.488102E-07
+1.405406E-07
+1.185804E-07
+1.000515E-07
+8.441792E-08
+7.122715E-08
+7.575212E-08
+8.056456E-08
+8.568273E-08
+9.112605E-08
+7.762492E-08
+6.612410E-08
+5.632722E-08
+4.798184E-08
+5.868603E-08
+7.177819E-08
+8.779106E-08
+1.073762E-07
+1.254461E-07
+1.465570E-07
+1.712206E-07
+2.000346E-07
+2.424557E-07
+2.938730E-07
+3.561942E-07
+4.317318E-07
+4.863815E-07
+5.479490E-07
+6.173097E-07
+6.954504E-07
+8.038595E-07
+9.291678E-07
+1.074010E-06
+1.241430E-06
+1.441625E-06
+1.674104E-06
+1.944074E-06
+2.257580E-06
+2.632737E-06
+3.070235E-06
+3.580435E-06
+4.175420E-06
+3.951156E-06
+3.738938E-06
+3.538118E-06
+3.348084E-06
+3.146449E-06
+2.956958E-06
+2.778878E-06
+2.611523E-06
+2.433388E-06
+2.267404E-06
+2.112742E-06
+1.968630E-06
+1.840582E-06
+1.720864E-06
+1.608932E-06
+1.504280E-06
+1.427060E-06
+1.353804E-06
+1.284309E-06
+1.218381E-06
+1.196909E-06
+1.175816E-06
+1.155095E-06
+1.134739E-06
+1.071277E-06
+1.011364E-06
+9.548023E-07
+9.014038E-07
+8.184123E-07
+7.430618E-07
+6.746487E-07
+6.125344E-07
+5.197279E-07
+4.409827E-07
+3.741684E-07
+3.174773E-07
+2.732723E-07
+2.352224E-07
+2.024705E-07
+1.742788E-07
+1.556207E-07
+1.389601E-07
+1.240831E-07
+1.107989E-07
+1.077570E-07
+1.047986E-07
+1.019214E-07
+9.912315E-08
+9.967843E-08
+1.002368E-07
+1.007983E-07
+1.013630E-07
+1.044516E-07
+1.076342E-07
+1.109138E-07
+1.142934E-07
+1.152937E-07
+1.163027E-07
+1.173206E-07
+1.183473E-07
+1.147529E-07
+1.112676E-07
+1.078882E-07
+1.046114E-07
+1.064246E-07
+1.082692E-07
+1.101458E-07
+1.120549E-07
+1.208200E-07
+1.302707E-07
+1.404606E-07
+1.514476E-07
+1.882321E-07
+2.339512E-07
+2.907747E-07
+3.613999E-07
+3.747680E-07
+3.886306E-07
+4.030059E-07
+4.179128E-07
+4.281513E-07
+4.386407E-07
+4.493870E-07
+4.603966E-07
+4.667355E-07
+4.731615E-07
+4.796761E-07
+4.862803E-07
+4.948043E-07
+5.034777E-07
+5.123032E-07
+5.212836E-07
+5.151262E-07
+5.090416E-07
+5.030288E-07
+4.970869E-07
+7.536598E-07
+1.142663E-06
+1.732452E-06
+2.626663E-06
+2.470567E-06
+2.323748E-06
+2.185655E-06
+2.055768E-06
+1.687349E-06
+1.384955E-06
+1.136754E-06
+9.330334E-07
+8.751006E-07
+8.207649E-07
+7.698028E-07
+7.220052E-07
+1.816006E-07
+4.567664E-08
+1.148870E-08
+2.889663E-09
+9.447499E-09
+3.088777E-08
+1.009848E-07
+3.301610E-07
+4.307365E-07
+5.619498E-07
+7.331341E-07
+9.564653E-07
+8.962512E-07
+8.398279E-07
+7.869567E-07
+7.374141E-07
+6.466314E-07
+5.670249E-07
+4.972188E-07
+4.360065E-07
+5.080944E-07
+5.921012E-07
+6.899974E-07
+8.040793E-07
+1.059561E-06
+1.396218E-06
+1.839842E-06
+2.424420E-06
+2.954371E-06
+3.600163E-06
+4.387119E-06
+5.346093E-06
+5.587015E-06
+5.838795E-06
+6.101921E-06
+6.376905E-06
+6.077676E-06
+5.792489E-06
+5.520684E-06
+5.261632E-06
+4.438629E-06
+3.744356E-06
+3.158680E-06
+2.664611E-06
+3.048265E-06
+3.487157E-06
+3.989241E-06
+4.563615E-06
+5.705704E-06
+7.133612E-06
+8.918867E-06
+1.115090E-05
+1.188491E-05
+1.266724E-05
+1.350107E-05
+1.438978E-05
+1.400462E-05
+1.362977E-05
+1.326496E-05
+1.290991E-05
+1.211163E-05
+1.136272E-05
+1.066011E-05
+1.000095E-05
+9.387568E-06
+8.811807E-06
+8.271357E-06
+7.764054E-06
+7.226781E-06
+6.726687E-06
+6.261201E-06
+5.827927E-06
+5.579665E-06
+5.341980E-06
+5.114419E-06
+4.896551E-06
+5.413452E-06
+5.984920E-06
+6.616714E-06
+7.315201E-06
+8.565366E-06
+1.002918E-05
+1.174317E-05
+1.375007E-05
+1.459662E-05
+1.549529E-05
+1.644928E-05
+1.746201E-05
+2.023374E-05
+2.344543E-05
+2.716690E-05
+3.147910E-05
+3.396475E-05
+3.664668E-05
+3.954038E-05
+4.266256E-05
+4.466332E-05
+4.675792E-05
+4.895074E-05
+5.124640E-05
+4.147604E-05
+3.356845E-05
+2.716848E-05
+2.198869E-05
+1.340970E-05
+8.177849E-06
+4.987225E-06
+3.041437E-06
+2.070735E-06
+1.409841E-06
+9.598775E-07
+6.535242E-07
+9.257717E-07
+1.311433E-06
+1.857754E-06
+2.631664E-06
+3.923419E-06
+5.849234E-06
+8.720337E-06
+1.300073E-05
+1.289896E-05
+1.279799E-05
+1.269781E-05
+1.259841E-05
+1.176103E-05
+1.097931E-05
+1.024954E-05
+9.568286E-06
+9.103478E-06
+8.661249E-06
+8.240502E-06
+7.840195E-06
+7.418474E-06
+7.019436E-06
+6.641862E-06
+6.284598E-06
+5.429563E-06
+4.690858E-06
+4.052655E-06
+3.501281E-06
+3.842506E-06
+4.216986E-06
+4.627961E-06
+5.078988E-06
+8.660696E-06
+1.476823E-05
+2.518281E-05
+4.294176E-05
+5.189359E-05
+6.271156E-05
+7.578471E-05
+9.158317E-05
+1.031872E-04
+1.162614E-04
+1.309923E-04
+1.475896E-04
+1.040734E-04
+7.338779E-05
+5.174970E-05
+3.649151E-05
+4.057318E-05
+4.511140E-05
+5.015724E-05
+5.576743E-05
+6.658808E-05
+7.950827E-05
+9.493540E-05
+1.133559E-04
+1.240535E-04
+1.357607E-04
+1.485726E-04
+1.625937E-04
+1.593372E-04
+1.561460E-04
+1.530187E-04
+1.499540E-04
+2.544655E-04
+4.318171E-04
+7.327754E-04
+1.243489E-03
+1.251447E-03
+1.259457E-03
+1.267518E-03
+1.275630E-03
+1.053123E-03
+8.694282E-04
+7.177746E-04
+5.925738E-04
+4.964604E-04
+4.159362E-04
+3.484728E-04
+2.919518E-04
+2.580789E-04
+2.281360E-04
+2.016672E-04
+1.782694E-04
+1.744634E-04
+1.707386E-04
+1.670934E-04
+1.635260E-04
+1.710923E-04
+1.790087E-04
+1.872914E-04
+1.959574E-04
+1.981175E-04
+2.003015E-04
+2.025095E-04
+2.047418E-04
+2.171531E-04
+2.303168E-04
+2.442785E-04
+2.590864E-04
+2.893619E-04
+3.231752E-04
+3.609398E-04
+4.031175E-04
+3.448648E-04
+2.950300E-04
+2.523965E-04
+2.159238E-04
+2.813424E-04
+3.665809E-04
+4.776441E-04
+6.223562E-04
+6.549559E-04
+6.892631E-04
+7.253675E-04
+7.633626E-04
+7.652086E-04
+7.670592E-04
+7.689141E-04
+7.707737E-04
+7.018449E-04
+6.390803E-04
+5.819285E-04
+5.298877E-04
+4.686338E-04
+4.144607E-04
+3.665499E-04
+3.241774E-04
+3.625047E-04
+4.053634E-04
+4.532893E-04
+5.068816E-04
+5.829496E-04
+6.704332E-04
+7.710453E-04
+8.867565E-04
+1.021585E-03
+1.176914E-03
+1.355860E-03
+1.562015E-03
+1.987043E-03
+2.527724E-03
+3.215524E-03
+4.090477E-03
+4.841384E-03
+5.730140E-03
+6.782048E-03
+8.027060E-03
+7.857934E-03
+7.692371E-03
+7.530296E-03
+7.371637E-03
+6.429394E-03
+5.607588E-03
+4.890826E-03
+4.265679E-03
+3.844492E-03
+3.464892E-03
+3.122773E-03
+2.814435E-03
+2.723971E-03
+2.636416E-03
+2.551674E-03
+2.469657E-03
+2.643158E-03
+2.828849E-03
+3.027585E-03
+3.240285E-03
+2.861809E-03
+2.527541E-03
+2.232316E-03
+1.971574E-03
+1.482272E-03
+1.114403E-03
+8.378321E-04
+6.299001E-04
+9.373800E-04
+1.394953E-03
+2.075887E-03
+3.089211E-03
+3.721575E-03
+4.483384E-03
+5.401136E-03
+6.506753E-03
+5.860414E-03
+5.278279E-03
+4.753969E-03
+4.281740E-03
+2.857747E-03
+1.907336E-03
+1.273007E-03
+8.496381E-04
+6.109186E-04
+4.392712E-04
+3.158509E-04
+2.271075E-04
+5.012193E-04
+1.106176E-03
+2.441295E-03
+5.387866E-03
+2.498404E-03
+1.158533E-03
+5.372225E-04
+2.491149E-04
+3.000247E-04
+3.613386E-04
+4.351828E-04
+5.241178E-04
+4.459695E-04
+3.794735E-04
+3.228923E-04
+2.747476E-04
+2.910354E-04
+3.082888E-04
+3.265650E-04
+3.459246E-04
+3.445332E-04
+3.431473E-04
+3.417670E-04
+3.403922E-04
+3.882346E-04
+4.428013E-04
+5.050374E-04
+5.760209E-04
+7.909201E-04
+1.085993E-03
+1.491150E-03
+2.047461E-03
+2.422203E-03
+2.865534E-03
+3.390007E-03
+4.010474E-03
+3.411402E-03
+2.901817E-03
+2.468352E-03
+2.099637E-03
+1.650833E-03
+1.297962E-03
+1.020518E-03
+8.023789E-04
+6.179293E-04
+4.758807E-04
+3.664860E-04
+2.822387E-04
+1.861427E-04
+1.227652E-04
+8.096635E-05
+5.339907E-05
+9.577937E-05
+1.717949E-04
+3.081403E-04
+5.526969E-04
+8.084981E-04
+1.182690E-03
+1.730068E-03
+2.530784E-03
+2.684761E-03
+2.848105E-03
+3.021387E-03
+3.205214E-03
+3.210547E-03
+3.215889E-03
+3.221240E-03
+3.226601E-03
+2.249307E-03
+1.568021E-03
+1.093089E-03
+7.620063E-04
+7.610215E-04
+7.600380E-04
+7.590558E-04
+7.580748E-04
+6.530187E-04
+5.625215E-04
+4.845657E-04
+4.174131E-04
+2.951585E-04
+2.087106E-04
+1.475821E-04
+1.043573E-04
+1.212326E-04
+1.408367E-04
+1.636110E-04
+1.900680E-04
+4.192920E-04
+9.249622E-04
+2.040476E-03
+4.501311E-03
+3.963660E-03
+3.490228E-03
+3.073344E-03
+2.706254E-03
+2.199785E-03
+1.788100E-03
+1.453462E-03
+1.181450E-03
+1.259317E-03
+1.342317E-03
+1.430787E-03
+1.525088E-03
+1.486070E-03
+1.448050E-03
+1.411003E-03
+1.374904E-03
+9.694322E-04
+6.835377E-04
+4.819561E-04
+3.398227E-04
+3.263249E-04
+3.133633E-04
+3.009164E-04
+2.889640E-04
+3.085918E-04
+3.295529E-04
+3.519377E-04
+3.758428E-04
+3.365955E-04
+3.014465E-04
+2.699679E-04
+2.417765E-04
+2.746479E-04
+3.119885E-04
+3.544058E-04
+4.025900E-04
+3.172817E-04
+2.500501E-04
+1.970648E-04
+1.553071E-04
+1.325020E-04
+1.130456E-04
+9.644619E-05
+8.228420E-05
+1.167642E-04
+1.656925E-04
+2.351236E-04
+3.336488E-04
+3.013569E-04
+2.721904E-04
+2.458467E-04
+2.220526E-04
+2.695276E-04
+3.271528E-04
+3.970983E-04
+4.819983E-04
+2.563840E-04
+1.363755E-04
+7.254074E-05
+3.858580E-05
+4.414073E-05
+5.049537E-05
+5.776484E-05
+6.608084E-05
