Hz,real,imaginary,V^2 (rms) 
9.99999046326,5.385944e-08,5.385944e-08,7.61687505098e-08
10.0577210151,5.499917e-08,5.499917e-08,7.77805721333e-08
10.1157848488,5.616301e-08,5.616301e-08,7.94264904457e-08
10.1741838887,5.735148e-08,5.735148e-08,8.11072408382e-08
10.2329200697,5.856512e-08,5.856512e-08,8.2823586986e-08
10.2919953382,5.80563e-08,5.80563e-08,8.21040068412e-08
10.3514116519,5.75519e-08,5.75519e-08,8.13906775203e-08
10.4111709795,5.705188e-08,5.705188e-08,8.06835424549e-08
10.4712753014,5.65562e-08,5.65562e-08,7.99825450763e-08
10.5317266092,5.824728e-08,5.824728e-08,8.23740933473e-08
10.592526906,5.998892e-08,5.998892e-08,8.48371442561e-08
10.6536782067,6.178264e-08,6.178264e-08,8.73738474072e-08
10.7151825375,6.363e-08,6.363e-08,8.99864089738e-08
10.7770419365,6.348667e-08,6.348667e-08,8.97837097439e-08
10.8392584537,6.334366e-08,6.334366e-08,8.95814630624e-08
10.9018341505,6.320098e-08,6.320098e-08,8.93796830713e-08
10.9647711006,6.305863e-08,6.305863e-08,8.91783697707e-08
11.0280713896,6.196418e-08,6.196418e-08,8.76305837373e-08
11.091737115,6.088874e-08,6.088874e-08,8.61096819038e-08
11.1557703865,5.983195e-08,5.983195e-08,8.46151551532e-08
11.2201733259,5.87935e-08,5.87935e-08,8.31465650794e-08
11.2849480674,5.249642e-08,5.249642e-08,7.424114914e-08
11.3500967575,4.687379e-08,4.687379e-08,6.62895495378e-08
11.4156215548,4.185337e-08,4.185337e-08,5.9189603485e-08
11.4815246308,3.737066e-08,3.737066e-08,5.28500942068e-08
11.5478081693,3.371828e-08,3.371828e-08,4.76848488759e-08
11.6144743666,3.042286e-08,3.042286e-08,4.30244212182e-08
11.681525432,2.744951e-08,2.744951e-08,3.88194693225e-08
11.7489635872,2.476676e-08,2.476676e-08,3.5025487888e-08
11.816791067,2.284589e-08,2.284589e-08,3.23089674825e-08
11.8850101189,2.107399e-08,2.107399e-08,2.98031224713e-08
11.9536230036,1.943952e-08,1.943952e-08,2.749163283e-08
12.0226319946,1.793182e-08,1.793182e-08,2.5359423042e-08
12.0920393787,1.710876e-08,1.710876e-08,2.41954404274e-08
12.1618474559,1.632349e-08,1.632349e-08,2.30849009433e-08
12.2320585393,1.557425e-08,1.557425e-08,2.20253155738e-08
12.3026749556,1.485941e-08,1.485941e-08,2.10143791509e-08
12.3736990447,1.30142e-08,1.30142e-08,1.84048581434e-08
12.4451331602,1.139812e-08,1.139812e-08,1.61193758896e-08
12.5169796691,9.98272e-09,9.98272e-09,1.41176980134e-08
12.5892409524,8.743086e-09,8.743086e-09,1.23645907982e-08
12.6619194044,9.222219e-09,9.222219e-09,1.3042187185e-08
12.7350174335,9.727611e-09,9.727611e-09,1.37569194057e-08
12.808537462,1.02607e-08,1.02607e-08,1.45108210994e-08
12.8824819261,1.0823e-08,1.0823e-08,1.53060333856e-08
12.956853276,1.113792e-08,1.113792e-08,1.57513975206e-08
13.0316539763,1.1462e-08,1.1462e-08,1.62097158519e-08
13.1068865055,1.179551e-08,1.179551e-08,1.66813702171e-08
13.1825533567,1.213872e-08,1.213872e-08,1.71667424538e-08
13.2586570372,1.11043e-08,1.11043e-08,1.57038516607e-08
13.3352000689,1.015802e-08,1.015802e-08,1.43656096509e-08
13.4121849882,9.292385e-09,9.292385e-09,1.31414168938e-08
13.489614346,8.500516e-09,8.500516e-09,1.20215450144e-08
13.5674907083,8.624401e-09,8.624401e-09,1.21967448615e-08
13.6458166555,8.75009e-09,8.75009e-09,1.237449595e-08
13.7245947832,8.877613e-09,8.877613e-09,1.25548407061e-08
13.8038277017,9.006998e-09,9.006998e-09,1.27378187279e-08
13.8835180367,8.155632e-09,8.155632e-09,1.15338053841e-08
13.9636684289,7.38474e-09,7.38474e-09,1.04435994626e-08
14.0442815341,6.686714e-09,6.686714e-09,9.45644162651e-09
14.1253600237,6.054668e-09,6.054668e-09,8.56259360127e-09
14.2069065844,5.788711e-09,5.788711e-09,8.18647360486e-09
14.2889239182,5.534437e-09,5.534437e-09,7.8268758655e-09
14.3714147431,5.291332e-09,5.291332e-09,7.48307347742e-09
14.4543817926,5.058906e-09,5.058906e-09,7.15437347597e-09
14.5378278159,3.74539e-09,3.74539e-09,5.29678133438e-09
14.6217555781,2.77292e-09,2.77292e-09,3.92150107138e-09
14.7061678604,2.052947e-09,2.052947e-09,2.90330549023e-09
14.7910674599,1.51991e-09,1.51991e-09,2.14947733559e-09
14.8764571899,1.218697e-09,1.218697e-09,1.72349782582e-09
14.9623398801,9.77177e-10,9.77177e-10,1.38193696624e-09
15.0487183762,7.835214e-10,7.835214e-10,1.10806659029e-09
15.1355955406,6.282441e-10,6.282441e-10,8.88471326701e-10
15.2229742522,1.20435e-09,1.20435e-09,1.70320810384e-09
15.3108574064,2.308752e-09,2.308752e-09,3.26506839056e-09
15.3992479154,4.425902e-09,4.425902e-09,6.25917063413e-09
15.4881487081,8.484498e-09,8.484498e-09,1.19988921415e-08
15.5775627305,1.24096e-08,1.24096e-08,1.75498246236e-08
15.6674929455,1.815052e-08,1.815052e-08,2.56687115481e-08
15.757942333,2.654731e-08,2.654731e-08,3.75435658465e-08
15.8489138904,3.882862e-08,3.882862e-08,5.49119610122e-08
15.9404106321,4.654231e-08,4.654231e-08,6.58207660262e-08
16.03243559,5.57884e-08,5.57884e-08,7.88967119031e-08
16.1249918136,6.687132e-08,6.687132e-08,9.45703276778e-08
16.2180823699,8.015598e-08,8.015598e-08,1.13357674021e-07
16.3117103437,9.213721e-08,9.213721e-08,1.30301691981e-07
16.4058788374,1.059093e-07,1.059093e-07,1.49778368441e-07
16.5005909715,1.2174e-07,1.2174e-07,1.72166359083e-07
16.5958498845,1.39937e-07,1.39937e-07,1.97900803278e-07
16.6916587331,1.532787e-07,1.532787e-07,2.16768816363e-07
16.7880206919,1.678924e-07,1.678924e-07,2.37435709099e-07
16.8849389541,1.838994e-07,1.838994e-07,2.60073025592e-07
16.9824167314,2.014325e-07,2.014325e-07,2.84868573403e-07
17.0804572538,1.98949e-07,1.98949e-07,2.81356374021e-07
17.17906377,1.964961e-07,1.964961e-07,2.77887449573e-07
17.2782395477,1.940734e-07,1.940734e-07,2.74461234376e-07
17.3779878732,1.916807e-07,1.916807e-07,2.71077445585e-07
17.4783120518,1.907771e-07,1.907771e-07,2.6979956221e-07
17.5792154079,1.898778e-07,1.898778e-07,2.68527759954e-07
17.6807012853,1.889828e-07,1.889828e-07,2.67262038815e-07
17.7827730468,1.880919e-07,1.880919e-07,2.66002115953e-07
17.8854340747,2.13481e-07,2.13481e-07,3.01907725509e-07
17.988687771,2.422972e-07,2.422972e-07,3.42659986365e-07
18.0925375572,2.75003e-07,2.75003e-07,3.88912972293e-07
18.1969868745,3.121237e-07,3.121237e-07,4.41409569678e-07
18.302039184,3.322025e-07,3.322025e-07,4.69805280954e-07
18.4076979669,3.535731e-07,3.535731e-07,5.0002787331e-07
18.5139667243,3.763184e-07,3.763184e-07,5.32194585051e-07
18.6208489778,4.005269e-07,4.005269e-07,5.66430574075e-07
18.7283482689,4.16671e-07,4.16671e-07,5.89261779248e-07
18.83646816,4.334659e-07,4.334659e-07,6.13013354606e-07
18.9452122338,4.509378e-07,4.509378e-07,6.37722352547e-07
19.0545840938,4.691136e-07,4.691136e-07,6.63426815414e-07
19.1645873641,5.291162e-07,5.291162e-07,7.48283306111e-07
19.27522569,5.967935e-07,5.967935e-07,8.43993461636e-07
19.3865027376,6.731271e-07,6.731271e-07,9.51945474021e-07
19.4984221944,7.592242e-07,7.592242e-07,1.07370516052e-06
19.610987769,8.485757e-07,8.485757e-07,1.20006726364e-06
19.7242031915,9.484429e-07,9.484429e-07,1.34130081232e-06
19.8380722135,1.060063e-06,1.060063e-06,1.49915547157e-06
19.9525986083,1.18482e-06,1.18482e-06,1.67558851297e-06
20.0677861709,1.234568e-06,1.234568e-06,1.74594280927e-06
20.1836387183,1.286404e-06,1.286404e-06,1.81924998349e-06
20.3001600895,1.340417e-06,1.340417e-06,1.89563590064e-06
20.4173541456,1.396698e-06,1.396698e-06,1.97522925414e-06
20.5352247701,1.52254e-06,1.52254e-06,2.15319671726e-06
20.6537758689,1.659721e-06,1.659721e-06,2.34719994796e-06
20.7730113704,1.809261e-06,1.809261e-06,2.55868144407e-06
20.8929352257,1.972275e-06,1.972275e-06,2.78921805373e-06
21.0135514086,2.144402e-06,2.144402e-06,3.03264239158e-06
21.1348639161,2.331553e-06,2.331553e-06,3.29731387399e-06
21.2568767681,2.535036e-06,2.535036e-06,3.5850822923e-06
21.3795940077,2.756279e-06,2.756279e-06,3.89796714348e-06
21.5030197013,3.158646e-06,3.158646e-06,4.46700001194e-06
21.627157939,3.619752e-06,3.619752e-06,5.11910237083e-06
21.7520128342,4.148171e-06,4.148171e-06,5.86639968724e-06
21.8775885244,4.753728e-06,4.753728e-06,6.72278660943e-06
22.0038891706,5.286104e-06,5.286104e-06,7.47567996891e-06
22.1309189581,5.878102e-06,5.878102e-06,8.31289156941e-06
22.2586820963,6.536399e-06,6.536399e-06,9.24386411488e-06
22.3871828188,7.268419e-06,7.268419e-06,1.02790967268e-05
22.5164253838,8.323235e-06,8.323235e-06,1.17708318198e-05
22.646414074,9.53113e-06,9.53113e-06,1.34790533107e-05
22.7771531967,1.091432e-05,1.091432e-05,1.54351793681e-05
22.9086470844,1.249825e-05,1.249825e-05,1.76751946559e-05
23.0409000942,1.26805e-05,1.26805e-05,1.79329350777e-05
23.1739166087,1.286541e-05,1.286541e-05,1.81944373075e-05
23.3077010356,1.305302e-05,1.305302e-05,1.84597579139e-05
23.4422578082,1.324336e-05,1.324336e-05,1.87289393234e-05
23.5775913851,1.006964e-05,1.006964e-05,1.42406214562e-05
23.713706251,7.656484e-06,7.656484e-06,1.08279035129e-05
23.8506069163,5.821635e-06,5.821635e-06,8.23303517219e-06
23.9882979174,4.426501e-06,4.426501e-06,6.26001774806e-06
24.126783817,4.195595e-06,4.195595e-06,5.93346735122e-06
24.2660692042,3.976733e-06,3.976733e-06,5.62394974254e-06
24.4061586943,3.769288e-06,3.769288e-06,5.33057821009e-06
24.5470569295,3.572666e-06,3.572666e-06,5.05251271103e-06
24.6887685789,2.893486e-06,2.893486e-06,4.09200714374e-06
24.8312983381,2.34342e-06,2.34342e-06,3.31409634634e-06
24.9746509303,1.897925e-06,1.897925e-06,2.68407127537e-06
25.1188311058,1.537121e-06,1.537121e-06,2.17381736521e-06
25.2638436421,1.422415e-06,1.422415e-06,2.01159858432e-06
25.4096933446,1.316268e-06,1.316268e-06,1.86148405732e-06
25.5563850463,1.218043e-06,1.218043e-06,1.72257293015e-06
25.7039236081,1.127148e-06,1.127148e-06,1.5940279884e-06
25.8523139189,9.234764e-07,9.234764e-07,1.30599284941e-06
26.001560896,7.566076e-07,7.566076e-07,1.07000472931e-06
26.151669485,6.198915e-07,6.198915e-07,8.766589665e-07
26.30264466,5.078792e-07,5.078792e-07,7.18249652687e-07
26.4544914238,4.752989e-07,4.752989e-07,6.72174150561e-07
26.6072148082,4.448085e-07,4.448085e-07,6.29054213359e-07
26.760819874,4.162741e-07,4.162741e-07,5.88700477885e-07
26.9153117111,3.895702e-07,3.895702e-07,5.50935460336e-07
27.070695439,3.687178e-07,3.687178e-07,5.21445713448e-07
27.2269762066,3.489816e-07,3.489816e-07,4.93534511739e-07
27.3841591925,3.303018e-07,3.303018e-07,4.67117285236e-07
27.5422496054,3.126219e-07,3.126219e-07,4.42114130875e-07
27.7012526838,2.710478e-07,2.710478e-07,3.83319474811e-07
27.8611736966,2.350025e-07,2.350025e-07,3.32343722692e-07
28.0220179431,2.037507e-07,2.037507e-07,2.88147003283e-07
28.1837907532,1.76655e-07,1.76655e-07,2.49827896861e-07
28.3464974876,1.66838e-07,1.66838e-07,2.35944562319e-07
28.5101435378,1.575665e-07,1.575665e-07,2.22832681276e-07
28.6747343267,1.488102e-07,1.488102e-07,2.10449403059e-07
28.8402753081,1.405406e-07,1.405406e-07,1.98754422584e-07
29.0067719676,1.185804e-07,1.185804e-07,1.67698009912e-07
29.1742298225,1.000515e-07,1.000515e-07,1.41494188236e-07
29.3426544217,8.441792e-08,8.441792e-08,1.19384967371e-07
29.5120513464,7.122715e-08,7.122715e-08,1.00730401539e-07
29.6824262098,7.575212e-08,7.575212e-08,1.07129675483e-07
29.8537846576,8.056456e-08,8.056456e-08,1.13935493399e-07
30.0261323681,8.568273e-08,8.568273e-08,1.21173678827e-07
30.1994750524,9.112605e-08,9.112605e-08,1.28871695795e-07
30.3738184546,7.762492e-08,7.762492e-08,1.09778214642e-07
30.5491683518,6.61241e-08,6.61241e-08,9.35135990197e-08
30.7255305546,5.632722e-08,5.632722e-08,7.96587184548e-08
30.9029109071,4.798184e-08,4.798184e-08,6.78565688756e-08
31.0813152871,5.868603e-08,5.868603e-08,8.29945795478e-08
31.2607496065,7.177819e-08,7.177819e-08,1.01509689781e-07
31.441219811,8.779106e-08,8.779106e-08,1.24155307707e-07
31.622731881,1.073762e-07,1.073762e-07,1.51852878316e-07
31.8052918312,1.254461e-07,1.254461e-07,1.77407575967e-07
31.9889057111,1.46557e-07,1.46557e-07,2.07262897061e-07
32.1735796051,1.712206e-07,1.712206e-07,2.42142494678e-07
32.3593196326,2.000346e-07,2.000346e-07,2.82891644264e-07
32.5461319486,2.424557e-07,2.424557e-07,3.42884139215e-07
32.7340227434,2.93873e-07,2.93873e-07,4.15599182215e-07
32.9229982432,3.561942e-07,3.561942e-07,5.03734668479e-07
33.11306471,4.317318e-07,4.317318e-07,6.10560966868e-07
33.3042284421,4.863815e-07,4.863815e-07,6.87847313787e-07
33.496495774,5.47949e-07,5.47949e-07,7.74916907289e-07
33.6898730769,6.173097e-07,6.173097e-07,8.73007749924e-07
33.8843667586,6.954504e-07,6.954504e-07,9.83515387638e-07
34.0799832642,8.038595e-07,8.038595e-07,1.13682900714e-06
34.2767290758,9.291678e-07,9.291678e-07,1.31404170448e-06
34.4746107129,1.07401e-06,1.07401e-06,1.51887950812e-06
34.6736347326,1.24143e-06,1.24143e-06,1.75564714274e-06
34.8738077301,1.441625e-06,1.441625e-06,2.03876562686e-06
35.0751363385,1.674104e-06,1.674104e-06,2.36754058162e-06
35.2776272292,1.944074e-06,1.944074e-06,2.74933581706e-06
35.481287112,2.25758e-06,2.25758e-06,3.19270025414e-06
35.6861227357,2.632737e-06,2.632737e-06,3.72325237156e-06
35.8921408879,3.070235e-06,3.070235e-06,4.34196797667e-06
36.0993483954,3.580435e-06,3.580435e-06,5.0634997362e-06
36.3077521244,4.17542e-06,4.17542e-06,5.9049355926e-06
36.5173589808,3.951156e-06,3.951156e-06,5.58777840225e-06
36.7281759103,3.738938e-06,3.738938e-06,5.28765682847e-06
36.9402098987,3.538118e-06,3.538118e-06,5.00365446088e-06
37.1534679722,3.348084e-06,3.348084e-06,4.73490580076e-06
37.3679571975,3.146449e-06,3.146449e-06,4.44975084912e-06
37.5836846821,2.956958e-06,2.956958e-06,4.18177010697e-06
37.8006575745,2.778878e-06,2.778878e-06,3.92992695578e-06
38.0188830647,2.611523e-06,2.611523e-06,3.69325124505e-06
38.2383683838,2.433388e-06,2.433388e-06,3.44133031212e-06
38.459120805,2.267404e-06,2.267404e-06,3.20659348818e-06
38.6811476434,2.112742e-06,2.112742e-06,2.9878683902e-06
38.9044562561,1.96863e-06,1.96863e-06,2.78406324529e-06
39.129054043,1.840582e-06,1.840582e-06,2.60297602706e-06
39.3549484466,1.720864e-06,1.720864e-06,2.4336692078e-06
39.5821469523,1.608932e-06,1.608932e-06,2.27537345534e-06
39.8106570887,1.50428e-06,1.50428e-06,2.12737317761e-06
40.040486428,1.42706e-06,1.42706e-06,2.01816760632e-06
40.2716425861,1.353804e-06,1.353804e-06,1.91456797759e-06
40.5041332226,1.284309e-06,1.284309e-06,1.81628720608e-06
40.7379660418,1.218381e-06,1.218381e-06,1.72305093434e-06
40.9731487919,1.196909e-06,1.196909e-06,1.69268494073e-06
41.2096892664,1.175816e-06,1.175816e-06,1.66285493406e-06
41.4475953034,1.155095e-06,1.155095e-06,1.63355101483e-06
41.6868747863,1.134739e-06,1.134739e-06,1.60476328355e-06
41.9275356443,1.071277e-06,1.071277e-06,1.51501446246e-06
42.169585852,1.011364e-06,1.011364e-06,1.4302846853e-06
42.4130334302,9.548023e-07,9.548023e-07,1.35029436205e-06
42.6578864461,9.014038e-07,9.014038e-07,1.27477747913e-06
42.9041530132,8.184123e-07,8.184123e-07,1.15740977427e-06
43.1518412923,7.430618e-07,7.430618e-07,1.05084807524e-06
43.4009594908,6.746487e-07,6.746487e-07,9.54097341377e-07
43.6515158637,6.125344e-07,6.125344e-07,8.662544559e-07
43.9035187138,5.197279e-07,5.197279e-07,7.35006244924e-07
44.1569763917,4.409827e-07,4.409827e-07,6.23643715112e-07
44.4118972961,3.741684e-07,3.741684e-07,5.29154025891e-07
44.6682898744,3.174773e-07,3.174773e-07,4.48980703406e-07
44.9261626225,2.732723e-07,2.732723e-07,3.86465392881e-07
45.1855240857,2.352224e-07,2.352224e-07,3.32654708254e-07
45.4463828584,2.024705e-07,2.024705e-07,2.8633652708e-07
45.7087475846,1.742788e-07,1.742788e-07,2.46467442594e-07
45.9726269583,1.556207e-07,1.556207e-07,2.20080904526e-07
46.2380297236,1.389601e-07,1.389601e-07,1.96519258049e-07
46.5049646752,1.240831e-07,1.240831e-07,1.75480002881e-07
46.7734406585,1.107989e-07,1.107989e-07,1.56693307076e-07
47.0434665699,1.07757e-07,1.07757e-07,1.52391410841e-07
47.3150513572,1.047986e-07,1.047986e-07,1.48207601438e-07
47.5882040201,1.019214e-07,1.019214e-07,1.44138626176e-07
47.8629336098,9.912315e-08,9.912315e-08,1.40181303075e-07
48.1392492302,9.967843e-08,9.967843e-08,1.40966587582e-07
48.4171600373,1.002368e-07,1.002368e-07,1.41756242009e-07
48.6966752405,1.007983e-07,1.007983e-07,1.42550322924e-07
48.9778041018,1.01363e-07,1.01363e-07,1.43348929323e-07
49.2605559372,1.044516e-07,1.044516e-07,1.47716869332e-07
49.544940116,1.076342e-07,1.076342e-07,1.52217745415e-07
49.830966062,1.109138e-07,1.109138e-07,1.56855800214e-07
50.1186432531,1.142934e-07,1.142934e-07,1.6163527637e-07
50.4079812221,1.152937e-07,1.152937e-07,1.63049914196e-07
50.6989895567,1.163027e-07,1.163027e-07,1.64476855681e-07
50.9916779002,1.173206e-07,1.173206e-07,1.65916383666e-07
51.2860559511,1.183473e-07,1.183473e-07,1.6736835673e-07
51.5821334645,1.147529e-07,1.147529e-07,1.62285107502e-07
51.8799202513,1.112676e-07,1.112676e-07,1.57356148973e-07
52.1794261793,1.078882e-07,1.078882e-07,1.5257695566e-07
52.4806611732,1.046114e-07,1.046114e-07,1.47942860659e-07
52.783635215,1.064246e-07,1.064246e-07,1.5050711269e-07
53.0883583443,1.082692e-07,1.082692e-07,1.53115771027e-07
53.3948406587,1.101458e-07,1.101458e-07,1.55769684198e-07
53.7030923141,1.120549e-07,1.120549e-07,1.5846955931e-07
54.0131235251,1.2082e-07,1.2082e-07,1.70865282606e-07
54.324944565,1.302707e-07,1.302707e-07,1.8423059072e-07
54.6385657668,1.404606e-07,1.404606e-07,1.98641285499e-07
54.9539975227,1.514476e-07,1.514476e-07,2.14179249909e-07
55.2712502853,1.882321e-07,1.882321e-07,2.66200388694e-07
55.5903345674,2.339512e-07,2.339512e-07,3.30856959973e-07
55.9112609424,2.907747e-07,2.907747e-07,4.11217524335e-07
56.2340400449,3.613999e-07,3.613999e-07,5.1109664002e-07
56.5586825707,3.74768e-07,3.74768e-07,5.30001988343e-07
56.8851992775,3.886306e-07,3.886306e-07,5.49606665273e-07
57.213600985,4.030059e-07,4.030059e-07,5.69936409496e-07
57.5438985756,4.179128e-07,4.179128e-07,5.91017949649e-07
57.8761029941,4.281513e-07,4.281513e-07,6.05497375208e-07
58.210225249,4.386407e-07,4.386407e-07,6.20331626949e-07
58.5462764119,4.49387e-07,4.49387e-07,6.35529190154e-07
58.8842676185,4.603966e-07,4.603966e-07,6.5109911579e-07
59.2242100689,4.667355e-07,4.667355e-07,6.60063674141e-07
59.5661150277,4.731615e-07,4.731615e-07,6.69151410493e-07
59.9099938246,4.796761e-07,4.796761e-07,6.78364446166e-07
60.2558578547,4.862803e-07,4.862803e-07,6.87704195375e-07
60.6037185787,4.948043e-07,4.948043e-07,6.99758951781e-07
60.9535875239,5.034777e-07,5.034777e-07,7.12024991692e-07
61.3054762837,5.123032e-07,5.123032e-07,7.24506133487e-07
61.6593965186,5.212836e-07,5.212836e-07,7.37206336963e-07
62.0153599566,5.151262e-07,5.151262e-07,7.28498458374e-07
62.3733783931,5.090416e-07,5.090416e-07,7.19893534532e-07
62.7334636917,5.030288e-07,5.030288e-07,7.11390151224e-07
63.0956277846,4.970869e-07,4.970869e-07,7.02987035658e-07
63.4598826729,7.536598e-07,7.536598e-07,1.06583591058e-06
63.8262404266,1.142663e-06,1.142663e-06,1.61596951182e-06
64.194713186,1.732452e-06,1.732452e-06,2.45005711456e-06
64.5653131609,2.626663e-06,2.626663e-06,3.71466243838e-06
64.938052632,2.470567e-06,2.470567e-06,3.49390935815e-06
65.3129439507,2.323748e-06,2.323748e-06,3.28627593714e-06
65.6899995397,2.185655e-06,2.185655e-06,3.09098294367e-06
66.0692318935,2.055768e-06,2.055768e-06,2.90729498669e-06
66.4506535786,1.687349e-06,1.687349e-06,2.38627184026e-06
66.8342772344,1.384955e-06,1.384955e-06,1.95862214428e-06
67.2201155727,1.136754e-06,1.136754e-06,1.60761292388e-06
67.6081813792,9.330334e-07,9.330334e-07,1.31950848843e-06
67.9984875132,8.751006e-07,8.751006e-07,1.23757913696e-06
68.3910469082,8.207649e-07,8.207649e-07,1.1607368531e-06
68.7858725723,7.698028e-07,7.698028e-07,1.08866556011e-06
69.182977589,7.220052e-07,7.220052e-07,1.02106954594e-06
69.5823751171,1.816006e-07,1.816006e-07,2.56822031455e-07
69.9840783913,4.567664e-08,4.567664e-08,6.45965237716e-08
70.3881007229,1.14887e-08,1.14887e-08,1.6247475354e-08
70.7944554999,2.889663e-09,2.889663e-09,4.08660060529e-09
71.2031561878,9.447499e-09,9.447499e-09,1.33607812163e-08
71.6142163295,3.088777e-08,3.088777e-08,4.36819032455e-08
72.0276495463,1.009848e-07,1.009848e-07,1.42814073754e-07
72.4434695382,3.30161e-07,3.30161e-07,4.66918163967e-07
72.8616900841,4.307365e-07,4.307365e-07,6.09153400109e-07
73.2823250427,5.619498e-07,5.619498e-07,7.94717028533e-07
73.7053883523,7.331341e-07,7.331341e-07,1.03680818726e-06
74.1308940322,9.564653e-07,9.564653e-07,1.3526461992e-06
74.5588561821,8.962512e-07,8.962512e-07,1.26749060233e-06
74.9892889835,8.398279e-07,8.398279e-07,1.18769600624e-06
75.4222066996,7.869567e-07,7.869567e-07,1.11292483814e-06
75.8576236759,7.374141e-07,7.374141e-07,1.04286102131e-06
76.2955543409,6.466314e-07,6.466314e-07,9.14474895736e-07
76.7360132062,5.670249e-07,5.670249e-07,8.01894303783e-07
77.1790148672,4.972188e-07,4.972188e-07,7.03173570427e-07
77.6245740037,4.360065e-07,4.360065e-07,6.16606305583e-07
78.0727053801,5.080944e-07,5.080944e-07,7.18553991446e-07
78.5234238462,5.921012e-07,5.921012e-07,8.37357547337e-07
78.9767443373,6.899974e-07,6.899974e-07,9.75803681082e-07
79.4326818752,8.040793e-07,8.040793e-07,1.13713985128e-06
79.8912515681,1.059561e-06,1.059561e-06,1.49844553636e-06
80.3524686117,1.396218e-06,1.396218e-06,1.97455043163e-06
80.8163482892,1.839842e-06,1.839842e-06,2.60192950902e-06
81.2829059723,2.42442e-06,2.42442e-06,3.42864764489e-06
81.7521571212,2.954371e-06,2.954371e-06,4.17811153648e-06
82.2241172855,3.600163e-06,3.600163e-06,5.09139934135e-06
82.6988021044,4.387119e-06,4.387119e-06,6.20432318954e-06
83.1762273076,5.346093e-06,5.346093e-06,7.56051722631e-06
83.6564087154,5.587015e-06,5.587015e-06,7.90123238618e-06
84.1393622397,5.838795e-06,5.838795e-06,8.25730307692e-06
84.625103884,6.101921e-06,6.101921e-06,8.62941943473e-06
85.1136497443,6.376905e-06,6.376905e-06,9.01830553696e-06
85.6050160094,6.077676e-06,6.077676e-06,8.59513182691e-06
86.0992189619,5.792489e-06,5.792489e-06,8.1918165037e-06
86.5962749779,5.520684e-06,5.520684e-06,7.80742618638e-06
87.0962005286,5.261632e-06,5.261632e-06,7.44107133462e-06
87.5990121797,4.438629e-06,4.438629e-06,6.27716933014e-06
88.1047265931,3.744356e-06,3.744356e-06,5.29531903755e-06
88.6133605264,3.15868e-06,3.15868e-06,4.4670480952e-06
89.1249308343,2.664611e-06,2.664611e-06,3.76832901465e-06
89.6394544686,3.048265e-06,3.048265e-06,4.31089770471e-06
90.1569484791,3.487157e-06,3.487157e-06,4.93158472352e-06
90.6774300139,3.989241e-06,3.989241e-06,5.64163872577e-06
91.2009163202,4.563615e-06,4.563615e-06,6.45392622645e-06
91.7274247448,5.705704e-06,5.705704e-06,8.06908397969e-06
92.2569727344,7.133612e-06,7.133612e-06,1.00884508391e-05
92.7895778367,8.918867e-06,8.918867e-06,1.26131826724e-05
93.3252577005,1.11509e-05,1.11509e-05,1.57697540127e-05
93.8640300768,1.188491e-05,1.188491e-05,1.68078009096e-05
94.4059128186,1.266724e-05,1.266724e-05,1.79141826058e-05
94.9509238824,1.350107e-05,1.350107e-05,1.90933963005e-05
95.4990813282,1.438978e-05,1.438978e-05,2.03502220356e-05
96.0504033201,1.400462e-05,1.400462e-05,1.98055235399e-05
96.6049081274,1.362977e-05,1.362977e-05,1.9275405586e-05
97.1626141246,1.326496e-05,1.326496e-05,1.87594863363e-05
97.7235397923,1.290991e-05,1.290991e-05,1.8257369811e-05
98.287703718,1.211163e-05,1.211163e-05,1.71284314084e-05
98.8551245962,1.136272e-05,1.136272e-05,1.60693127294e-05
99.4258212296,1.066011e-05,1.066011e-05,1.50756721384e-05
99.9998125293,1.000095e-05,1.000095e-05,1.41434791266e-05
100.577117516,9.387568e-06,9.387568e-06,1.32760259833e-05
101.157755319,8.811807e-06,8.811807e-06,1.24617769684e-05
101.741745179,8.271357e-06,8.271357e-06,1.16974652486e-05
102.329106448,7.764054e-06,7.764054e-06,1.09800304658e-05
102.91985859,7.226781e-06,7.226781e-06,1.02202117025e-05
103.514021179,6.726687e-06,6.726687e-06,9.51297198524e-06
104.111613905,6.261201e-06,6.261201e-06,8.85467537094e-06
104.71265657,5.827927e-06,5.827927e-06,8.24193340392e-06
105.317169091,5.579665e-06,5.579665e-06,7.8908379165e-06
105.9251715,5.34198e-06,5.34198e-06,7.55470056593e-06
106.536683943,5.114419e-06,5.114419e-06,7.23288071346e-06
107.151726685,4.896551e-06,4.896551e-06,6.92476883305e-06
107.770320105,5.413452e-06,5.413452e-06,7.65577723766e-06
108.392484703,5.98492e-06,5.98492e-06,8.46395503372e-06
109.018241096,6.616714e-06,6.616714e-06,9.35744667714e-06
109.647610017,7.315201e-06,7.315201e-06,1.03452564657e-05
110.280612324,8.565366e-06,8.565366e-06,1.21132567639e-05
110.917268991,1.002918e-05,1.002918e-05,1.41834023755e-05
111.557601116,1.174317e-05,1.174317e-05,1.66073502793e-05
112.201629918,1.375007e-05,1.375007e-05,1.94455354776e-05
112.849376736,1.459662e-05,1.459662e-05,2.06427379688e-05
113.500863036,1.549529e-05,1.549529e-05,2.19136492709e-05
114.156110407,1.644928e-05,1.644928e-05,2.32627948673e-05
114.81514056,1.746201e-05,1.746201e-05,2.46950113683e-05
115.477975334,2.023374e-05,2.023374e-05,2.86148295255e-05
116.144636693,2.344543e-05,2.344543e-05,3.31568450817e-05
116.815146729,2.71669e-05,2.71669e-05,3.84197984276e-05
117.48952766,3.14791e-05,3.14791e-05,4.45181701513e-05
118.167801833,3.396475e-05,3.396475e-05,4.80334100926e-05
118.849991724,3.664668e-05,3.664668e-05,5.18262318719e-05
119.536119939,3.954038e-05,3.954038e-05,5.59185416574e-05
120.226209214,4.266256e-05,4.266256e-05,6.03339709576e-05
120.920282416,4.466332e-05,4.466332e-05,6.31634728846e-05
121.618362544,4.675792e-05,4.675792e-05,6.61256846124e-05
122.320472732,4.895074e-05,4.895074e-05,6.92268003962e-05
123.026636244,5.12464e-05,5.12464e-05,7.24733539028e-05
123.736876481,4.147604e-05,4.147604e-05,5.86559782815e-05
124.451216978,3.356845e-05,3.356845e-05,4.74729572578e-05
125.169681406,2.716848e-05,2.716848e-05,3.84220328851e-05
125.892293573,2.198869e-05,2.198869e-05,3.10967036168e-05
126.619077423,1.34097e-05,1.34097e-05,1.89641796074e-05
127.350057041,8.177849e-06,8.177849e-06,1.15652249668e-05
128.085256649,4.987225e-06,4.987225e-06,7.05300123361e-06
128.824700609,3.041437e-06,3.041437e-06,4.3012414545e-06
129.568413423,2.070735e-06,2.070735e-06,2.92846152108e-06
130.316419737,1.409841e-06,1.409841e-06,1.99381626299e-06
131.068744336,9.598775e-07,9.598775e-07,1.35747177872e-06
131.825412151,6.535242e-07,6.535242e-07,9.24222786979e-07
132.586448256,9.257717e-07,9.257717e-07,1.3092388938e-06
133.351877867,1.311433e-06,1.311433e-06,1.85464633474e-06
134.121726351,1.857754e-06,1.857754e-06,2.62726090235e-06
134.896019216,2.631664e-06,2.631664e-06,3.72173492041e-06
135.674782122,3.923419e-06,3.923419e-06,5.54855236067e-06
136.458040872,5.849234e-06,5.849234e-06,8.27206605229e-06
137.245821423,8.720337e-06,8.720337e-06,1.23324188539e-05
138.038149879,1.300073e-05,1.300073e-05,1.83858086868e-05
138.835052496,1.289896e-05,1.289896e-05,1.82418841725e-05
139.636555679,1.279799e-05,1.279799e-05,1.80990910291e-05
140.442685989,1.269781e-05,1.269781e-05,1.79574151144e-05
141.253470138,1.259841e-05,1.259841e-05,1.78168422863e-05
142.068934993,1.176103e-05,1.176103e-05,1.66326081335e-05
142.889107576,1.097931e-05,1.097931e-05,1.55270891075e-05
143.714015066,1.024954e-05,1.024954e-05,1.44950384761e-05
144.543684796,9.568286e-06,9.568286e-06,1.35315998299e-05
145.37814426,9.103478e-06,9.103478e-06,1.28742620524e-05
146.21742111,8.661249e-06,8.661249e-06,1.22488558029e-05
147.061543155,8.240502e-06,8.240502e-06,1.16538296892e-05
147.910538368,7.840195e-06,7.840195e-06,1.10877101006e-05
148.764434882,7.418474e-06,7.418474e-06,1.04913065429e-05
149.623260993,7.019436e-06,7.019436e-06,9.92698159141e-06
150.487045158,6.641862e-06,6.641862e-06,9.39301131981e-06
151.355816003,6.284598e-06,6.284598e-06,8.88776372566e-06
152.229602313,5.429563e-06,5.429563e-06,7.67856163236e-06
153.108433046,4.690858e-06,4.690858e-06,6.63387500277e-06
153.992337321,4.052655e-06,4.052655e-06,5.73131966462e-06
154.88134443,3.501281e-06,3.501281e-06,4.95155907588e-06
155.77548383,3.842506e-06,3.842506e-06,5.4341240987e-06
156.674785152,4.216986e-06,4.216986e-06,5.96371879354e-06
157.579278194,4.627961e-06,4.627961e-06,6.54492521233e-06
158.48899293,5.078988e-06,5.078988e-06,7.18277371273e-06
159.403959505,8.660696e-06,8.660696e-06,1.22480737428e-05
160.324208236,1.476823e-05,1.476823e-05,2.08854311582e-05
161.24976962,2.518281e-05,2.518281e-05,3.56138714407e-05
162.180674325,4.294176e-05,4.294176e-05,6.07288193842e-05
163.1169532,5.189359e-05,5.189359e-05,7.33886187782e-05
164.05863727,6.271156e-05,6.271156e-05,8.86875386696e-05
165.005757739,7.578471e-05,7.578471e-05,0.000107175764703
165.958345992,9.158317e-05,9.158317e-05,0.000129518161099
166.916433595,0.0001031872,0.0001031872,0.000145928737703
167.880052295,0.0001162614,0.0001162614,0.00016441844866
168.849234025,0.0001309923,0.0001309923,0.000185251087226
169.8240109,0.0001475896,0.0001475896,0.000208723213985
170.804415221,0.0001040734,0.0001040734,0.000147182013762
171.790479475,7.338779e-05,7.338779e-05,0.000103786007931
172.782236339,5.17497e-05,5.17497e-05,7.31851275887e-05
173.779718674,3.649151e-05,3.649151e-05,5.16067883535e-05
174.782959536,4.057318e-05,4.057318e-05,5.73791414246e-05
175.791992169,4.51114e-05,4.51114e-05,6.37971536976e-05
176.806850008,5.015724e-05,5.015724e-05,7.09330490592e-05
177.827566682,5.576743e-05,5.576743e-05,7.88670558447e-05
178.854176016,6.658808e-05,6.658808e-05,9.41697658284e-05
179.886712028,7.950827e-05,7.950827e-05,0.000112441673755
180.925208934,9.49354e-05,9.49354e-05,0.000134258930229
181.969701144,0.0001133559,0.0001133559,0.000160309451155
183.020223272,0.0001240535,0.0001240535,0.00017543814216
184.076810128,0.0001357607,0.0001357607,0.000191994623177
185.139496723,0.0001485726,0.0001485726,0.000210113385917
186.208318273,0.0001625937,0.0001625937,0.000229942215696
187.283310195,0.0001593372,0.0001593372,0.000225336829231
188.36450811,0.000156146,0.000156146,0.00022082379091
189.451947847,0.0001530187,0.0001530187,0.000216401120837
190.545665439,0.000149954,0.000149954,0.000212066980532
191.645697129,0.0002544655,0.0002544655,0.000359868561256
192.752079368,0.0004318171,0.0004318171,0.000610681599285
193.86484882,0.0007327754,0.0007327754,0.00103630090885
194.984042357,0.001243489,0.001243489,0.00175855900846
196.109697066,0.001251447,0.001251447,0.00176981331999
197.241850248,0.001259457,0.001259457,0.00178114117063
198.38053942,0.001267518,0.001267518,0.00179254114615
199.525802313,0.00127563,0.00127563,0.00180401324657
200.677676878,0.001053123,0.001053123,0.00148934082945
201.836201285,0.0008694282,0.0008694282,0.00122955715195
203.001413923,0.0007177746,0.0007177746,0.00101508657405
204.173353405,0.0005925738,0.0005925738,0.000838025904667
205.352058565,0.0004964604,0.0004964604,0.000702101030861
206.537568461,0.0004159362,0.0004159362,0.000588222615122
207.729922378,0.0003484728,0.0003484728,0.000492814959878
208.929159826,0.0002919518,0.0002919518,0.000412882195119
210.135320544,0.0002580789,0.0002580789,0.000364978680542
211.348444502,0.000228136,0.000228136,0.000322633025266
212.568571898,0.0002016672,0.0002016672,0.000285200489326
213.795743164,0.0001782694,0.0001782694,0.000252111003236
215.029998963,0.0001744634,0.0001744634,0.000246728506418
216.271380197,0.0001707386,0.0001707386,0.000241460843741
217.519927999,0.0001670934,0.0001670934,0.000236305752463
218.775683744,0.000163526,0.000163526,0.000231260687001
220.038689043,0.0001710923,0.0001710923,0.000241961051078
221.308985748,0.0001790087,0.0001790087,0.000253156531323
222.586615953,0.0001872914,0.0001872914,0.000264870037996
223.871621995,0.0001959574,0.0001959574,0.000277125612727
225.164046454,0.0001981175,0.0001981175,0.000280180455443
226.463932159,0.0002003015,0.0002003015,0.000283269097864
227.771322182,0.0002025095,0.0002025095,0.000286391681409
229.086259848,0.0002047418,0.0002047418,0.000289548630345
230.408788728,0.0002171531,0.0002171531,0.000307100859131
231.738952648,0.0002303168,0.0002303168,0.000325717142202
233.076795685,0.0002442785,0.0002442785,0.000345461967696
234.422362171,0.0002590864,0.0002590864,0.000366403500706
235.775696694,0.0002893619,0.0002893619,0.000409219523414
237.136844099,0.0003231752,0.0003231752,0.000457038750863
238.505849491,0.0003609398,0.0003609398,0.00051044596036
239.882758234,0.0004031175,0.0004031175,0.00057009423573
241.267615955,0.0003448648,0.0003448648,0.000487712477345
242.660468543,0.00029503,0.00029503,0.000417235427307
244.061362154,0.0002523965,0.0002523965,0.000356942553396
245.470343209,0.0002159238,0.0002159238,0.000305362366399
246.887458397,0.0002813424,0.0002813424,0.000397878237751
248.312754677,0.0003665809,0.0003665809,0.000518423680487
249.746279278,0.0004776441,0.0004776441,0.000675490764207
251.188079705,0.0006223562,0.0006223562,0.000880144578667
252.638203732,0.0006549559,0.0006549559,0.000926247516536
254.096699414,0.0006892631,0.0006892631,0.000974765224063
255.56361508,0.0007253675,0.0007253675,0.0010258245562
257.038999339,0.0007633626,0.0007633626,0.00107955774193
258.522901081,0.0007652086,0.0007652086,0.00108216838016
260.015369477,0.0007670592,0.0007670592,0.00108478552378
261.516453985,0.0007689141,0.0007689141,0.00108740874852
263.026204344,0.0007707737,0.0007707737,0.00109003862006
264.544670583,0.0007018449,0.0007018449,0.000992558576262
266.071903021,0.0006390803,0.0006390803,0.000903796027705
267.607952264,0.0005819285,0.0005819285,0.000822971177031
269.152869212,0.0005298877,0.0005298877,0.000749374371875
270.70670506,0.0004686338,0.0004686338,0.000662748275746
272.269511296,0.0004144607,0.0004144607,0.000586135943011
273.841339708,0.0003665499,0.0003665499,0.000518379839867
275.42224238,0.0003241774,0.0003241774,0.000458456075695
277.0122717,0.0003625047,0.0003625047,0.000512659063164
278.611480355,0.0004053634,0.0004053634,0.00057327041797
280.219921339,0.0004532893,0.0004532893,0.000641047875739
281.83764795,0.0005068816,0.0005068816,0.000716838833237
283.464713795,0.0005829496,0.0005829496,0.0008244152305
285.10117279,0.0006704332,0.0006704332,0.000948135724105
286.747079163,0.0007710453,0.0007710453,0.00109042272046
288.402487452,0.0008867565,0.0008867565,0.00125406306882
290.067452514,0.001021585,0.001021585,0.00144473936212
291.74202952,0.001176914,0.001176914,0.00166440774055
293.426273962,0.00135586,0.00135586,0.00191747560068
295.120241648,0.001562015,0.001562015,0.00220902279763
296.823988713,0.001987043,0.001987043,0.00281010315962
298.537571612,0.002527724,0.002527724,0.00357474156274
300.26104713,0.003215524,0.003215524,0.00454743765094
301.994472377,0.004090477,0.004090477,0.00578480804998
303.737904793,0.004841384,0.004841384,0.00684675091346
305.49140215,0.00573014,0.00573014,0.0081036417023
307.255022553,0.006782048,0.006782048,0.00959126426227
309.028824445,0.00802706,0.00802706,0.011351977118
310.812866602,0.007857934,0.007857934,0.011112796835
312.607208143,0.007692371,0.007692371,0.010878655395
314.411908526,0.007530296,0.007530296,0.0106494467319
316.227027554,0.007371637,0.007371637,0.0104250690223
318.052625375,0.006429394,0.006429394,0.00909253619264
319.888762483,0.005607588,0.005607588,0.0079303270018
321.735499721,0.004890826,0.004890826,0.00691667246041
323.592898286,0.004265679,0.004265679,0.00603258109453
325.461019725,0.003844492,0.003844492,0.00543693272683
327.339925943,0.003464892,0.003464892,0.00490009725856
329.2296792,0.003122773,0.003122773,0.00441626792881
331.130342118,0.002814435,0.002814435,0.00398021214742
333.041977678,0.002723971,0.002723971,0.00385227673171
334.964649226,0.002636416,0.002636416,0.00372845526326
336.898420474,0.002551674,0.002551674,0.00360861197755
338.8433555,0.002469657,0.002469657,0.00349262242381
340.799518754,0.002643158,0.002643158,0.00373798989109
342.766975058,0.002828849,0.002828849,0.00400059662171
344.745789606,0.003027585,0.003027585,0.00428165176824
346.73602797,0.003240285,0.003240285,0.00458245499295
348.737756102,0.002861809,0.002861809,0.00404720910072
350.751040331,0.002527541,0.002527541,0.00357448276165
352.775947373,0.002232316,0.002232316,0.0031569715627
354.812544325,0.001971574,0.001971574,0.00278822669002
356.860898676,0.001482272,0.001482272,0.00209624916553
358.9210783,0.001114403,0.001114403,0.00157600383655
360.993151467,0.0008378321,0.0008378321,0.00118487351881
363.077186837,0.0006299001,0.0006299001,0.00089081326436
365.173253471,0.00093738,0.00093738,0.0013256555091
367.281420824,0.001394953,0.001394953,0.00197276145147
369.401758755,0.002075887,0.002075887,0.00293574754935
371.534337526,0.003089211,0.003089211,0.00436880409323
373.679227803,0.003721575,0.003721575,0.00526310183839
375.836500662,0.004483384,0.004483384,0.00634046245813
378.006227589,0.005401136,0.005401136,0.00763835978342
380.18848048,0.006506753,0.006506753,0.00920193833961
382.38333165,0.005860414,0.005860414,0.00828787695992
384.590853829,0.005278279,0.005278279,0.00746461374779
386.811120167,0.004753969,0.004753969,0.0067231274349
389.044204238,0.00428174,0.00428174,0.00605529477856
391.290180039,0.002857747,0.002857747,0.00404146456523
393.549121994,0.001907336,0.001907336,0.0026973804392
395.821104958,0.001273007,0.001273007,0.0018003037644
398.106204217,0.0008496381,0.0008496381,0.00120156972413
400.404495494,0.0006109186,0.0006109186,0.000863969369626
402.716054945,0.0004392712,0.0004392712,0.0006212232886
405.04095917,0.0003158509,0.0003158509,0.000446680626468
407.379285207,0.0002271075,0.0002271075,0.000321178506617
409.731110543,0.0005012193,0.0005012193,0.000708831131783
412.096513109,0.001106176,0.001106176,0.00156436910157
414.475571287,0.002441295,0.002441295,0.00345251249875
416.868363913,0.005387866,0.005387866,0.00761959316945
419.274970276,0.002498404,0.002498404,0.00353327682109
421.695470124,0.001158533,0.001158533,0.00163841308106
424.129943664,0.0005372225,0.0005372225,0.000759747345512
426.578471567,0.0002491149,0.0002491149,0.000352301670169
429.041134971,0.0003000247,0.0003000247,0.000424298999787
431.51801548,0.0003613386,0.0003613386,0.000511009948729
434.00919517,0.0004351828,0.0004351828,0.000615441417871
436.514756592,0.0005241178,0.0005241178,0.000741214501041
439.034782772,0.0004459695,0.0004459695,0.000630696115305
441.569357216,0.0003794735,0.0003794735,0.000536656570261
444.118563912,0.0003228923,0.0003228923,0.000456638669846
446.682487334,0.0002747476,0.0002747476,0.000388551782149
449.26121244,0.0002910354,0.0002910354,0.000411586209811
451.854824684,0.0003082888,0.0003082888,0.000435986202088
454.463410008,0.000326565,0.000326565,0.000461832651996
457.087054853,0.0003459246,0.0003459246,0.000489211260878
459.72584616,0.0003445332,0.0003445332,0.000487243524128
462.379871368,0.0003431473,0.0003431473,0.000485283565552
465.049218426,0.000341767,0.000341767,0.000483331526572
467.733975785,0.0003403922,0.0003403922,0.000481387265766
470.434232413,0.0003882346,0.0003882346,0.000549046636702
473.150077785,0.0004428013,0.0004428013,0.000626215603896
475.881601898,0.0005050374,0.0005050374,0.000714230740586
478.628895265,0.0005760209,0.0005760209,0.00081461656899
481.392048923,0.0007909201,0.0007909201,0.00111852993217
484.171154435,0.001085993,0.001085993,0.00153582602924
486.966303892,0.00149115,0.00149115,0.00210880455353
489.777589916,0.002047461,0.002047461,0.00289554711463
492.605105665,0.002422203,0.002422203,0.00342551233342
495.448944835,0.002865534,0.002865534,0.00405247704624
498.30920166,0.003390007,0.003390007,0.00479419387594
501.185970921,0.004010474,0.004010474,0.00567166672234
504.079347946,0.003411402,0.003411402,0.00482445097511
506.989428613,0.002901817,0.002901817,0.00410378895692
509.916309351,0.002468352,0.002468352,0.00349077687511
512.86008715,0.002099637,0.002099637,0.00296933512146
515.820859556,0.001650833,0.001650833,0.00233463041781
518.798724681,0.001297962,0.001297962,0.00183559546384
521.793781203,0.001020518,0.001020518,0.00144323039625
524.806128367,0.0008023789,0.0008023789,0.00113473512254
527.835865994,0.0006179293,0.0006179293,0.000873883996648
530.883094481,0.0004758807,0.0004758807,0.000672996940012
533.947914803,0.000366486,0.000366486,0.00051828947162
537.030428518,0.0002822387,0.0002822387,0.000399145797367
540.130737772,0.0001861427,0.0001861427,0.000263245530877
543.248945299,0.0001227652,0.0001227652,0.000173616210827
546.385154428,8.096635e-05,8.096635e-05,0.000114503710266
549.539469082,5.339907e-05,5.339907e-05,7.55176890121e-05
552.711993787,9.577937e-05,9.577937e-05,0.00013545248405
555.902833669,0.0001717949,0.0001717949,0.000242954677527
559.112094463,0.0003081403,0.0003081403,0.000435776191374
562.339882514,0.0005526969,0.0005526969,0.000781631451862
565.586304782,0.0008084981,0.0008084981,0.00114338897817
568.851468843,0.00118269,0.00118269,0.00167257623808
572.135482894,0.001730068,0.001730068,0.00244668562943
575.438455757,0.002530784,0.002530784,0.00357906905624
578.760496883,0.002684761,0.002684761,0.00379682541793
582.101716354,0.002848105,0.002848105,0.00402782871806
585.462224888,0.003021387,0.003021387,0.00427288647258
588.842133841,0.003205214,0.003205214,0.00453285710911
592.241555215,0.003210547,0.003210547,0.00454039911004
595.660601653,0.003215889,0.003215889,0.00454795383889
599.099386455,0.00322124,0.00322124,0.00455552129566
602.55802357,0.003226601,0.003226601,0.00456310289457
606.036627607,0.002249307,0.002249307,0.00318100046534
609.535313836,0.001568021,0.001568021,0.00221751656429
613.054198193,0.001093089,0.001093089,0.00154586128868
616.593397283,0.0007620063,0.0007620063,0.00107763964407
620.153028384,0.0007610215,0.0007610215,0.00107624692656
623.733209451,0.000760038,0.000760038,0.00107485604752
627.334059121,0.0007590558,0.0007590558,0.00107346700696
630.955696715,0.0007580748,0.0007580748,0.00107207966345
634.598242242,0.0006530187,0.0006530187,0.000923507902023
638.261816405,0.0005625215,0.0005625215,0.000795525534426
641.946540605,0.0004845657,0.0004845657,0.000685279384801
645.652536941,0.0004174131,0.0004174131,0.000590311267132
649.379928219,0.0002951585,0.0002951585,0.00041741715375
653.128837952,0.0002087106,0.0002087106,0.000295161361131
656.89939037,0.0001475821,0.0001475821,0.000208712607384
660.691710415,0.0001043573,0.0001043573,0.000147583508993
664.505923754,0.0001212326,0.0001212326,0.000171448787122
668.342156778,0.0001408367,0.0001408367,0.00019917317122
672.200536608,0.000163611,0.000163611,0.000231380895153
676.081191098,0.000190068,0.000190068,0.000268796743373
679.984248843,0.000419292,0.000419292,0.000592968432995
683.909839177,0.0009249622,0.0009249622,0.00130809408792
687.858092182,0.002040476,0.002040476,0.0028856688329
691.829138692,0.004501311,0.004501311,0.00636581506466
695.823110294,0.00396366,0.00396366,0.00560546172864
699.840139336,0.003490228,0.003490228,0.00493592777337
703.880358931,0.003073344,0.003073344,0.00434636476664
707.943902959,0.002706254,0.002706254,0.00382722111003
712.030906073,0.002199785,0.002199785,0.0031109657813
716.141503704,0.0017881,0.0017881,0.00252875527088
720.275832064,0.001453462,0.001453462,0.00205550567279
724.434028153,0.00118145,0.00118145,0.00167082261327
728.616229761,0.001259317,0.001259317,0.00178094318073
732.822575472,0.001342317,0.001342317,0.0018983229064
737.053204672,0.001430787,0.001430787,0.00202343838027
741.308257551,0.001525088,0.001525088,0.00215680013341
745.587875109,0.00148607,0.00148607,0.00210162034864
749.892199159,0.00144805,0.00144805,0.00204785194899
754.221372332,0.001411003,0.001411003,0.00199545957915
758.575538085,0.001374904,0.001374904,0.00194440788376
762.954840701,0.0009694322,0.0009694322,0.00137098416504
767.359425297,0.0006835377,0.0006835377,0.000966668285733
771.789437827,0.0004819561,0.0004819561,0.000681588853088
776.245025089,0.0003398227,0.0003398227,0.000480581871142
780.726334726,0.0003263249,0.0003263249,0.00046149309932
785.233515235,0.0003133633,0.0003133633,0.00044316262881
789.766715971,0.0003009164,0.0003009164,0.00042556005402
794.32608715,0.000288964,0.000288964,0.000408656807838
798.911779856,0.0003085918,0.0003085918,0.000436414708797
803.523946043,0.0003295529,0.0003295529,0.000466058180699
808.162738546,0.0003519377,0.0003519377,0.00049771506845
812.82831108,0.0003758428,0.0003758428,0.00053152198508
817.520818247,0.0003365955,0.0003365955,0.000476017921134
822.240415543,0.0003014465,0.0003014465,0.00042630972863
826.98725936,0.0002699679,0.0002699679,0.000381792265585
831.761506995,0.0002417765,0.0002417765,0.000341923605363
836.563316651,0.0002746479,0.0002746479,0.000388410785057
841.392847445,0.0003119885,0.0003119885,0.000441218368004
846.250259414,0.0003544058,0.0003544058,0.000501205488944
851.135713517,0.00040259,0.00040259,0.000569348238076
856.049371643,0.0003172817,0.0003172817,0.000448704083233
860.991396616,0.0002500501,0.0002500501,0.000353624242693
865.961952199,0.0001970648,0.0001970648,0.000278691712826
870.9612031,0.0001553071,0.0001553071,0.000219637407153
875.989314981,0.000132502,0.000132502,0.000187386125442
881.046454456,0.0001130456,0.0001130456,0.000159870620687
886.132789105,9.644619e-05,9.644619e-05,0.000136395509937
891.248487472,8.22842e-05,8.22842e-05,0.000116367431609
896.393719077,0.0001167642,0.0001167642,0.00016512951524
901.568654415,0.0001656925,0.0001656925,0.000234324580684
906.77346497,0.0002351236,0.0002351236,0.000332514983954
912.008323211,0.0003336488,0.0003336488,0.00047185065803
917.273402607,0.0003013569,0.0003013569,0.000426183015095
922.568877626,0.0002721904,0.0002721904,0.000384935355228
927.894923743,0.0002458467,0.0002458467,0.000347679737405
933.251717448,0.0002220526,0.0002220526,0.00031402979848
938.639436248,0.0002695276,0.0002695276,0.000381169587354
944.058258676,0.0003271528,0.0003271528,0.000462663926728
949.508364294,0.0003970983,0.0003970983,0.000561581801455
954.989933703,0.0004819983,0.0004819983,0.000681648532901
960.503148545,0.000256384,0.000256384,0.000362581729975
966.04819151,0.0001363755,0.0001363755,0.000192864081675
971.625246345,7.254074e-05,7.254074e-05,0.000102588098333
977.234497856,3.85858e-05,3.85858e-05,5.4568561675e-05
982.876131917,4.414073e-05,4.414073e-05,6.2424419019e-05
988.550335473,5.049537e-05,5.049537e-05,7.1411237091e-05
994.257296551,5.776484e-05,5.776484e-05,8.16918201563e-05
999.997204261,6.608084e-05,6.608084e-05,9.3452420141e-05
