#I+8.670000E+02
+2.000000E+00
+8.010000E+02
+8.010000E+02
+1.000000E+01
+0.000000E+00
+3.000000E+00
+0.000000E+00
+1.000000E+00
+1.000000E+00
+1.000000E+00
+1.000000E+00
+2.497000E+03
-1.092400E+04
+2.025600E+04
-1.299100E+04
-1.119200E+04
+0.000000E+00
+0.000000E+00
+0.000000E+00
+0.000000E+00
+0.000000E+00
+0.000000E+00
+0.000000E+00
+0.000000E+00
+0.000000E+00
+0.000000E+00
+0.000000E+00
+0.000000E+00
+0.000000E+00
+0.000000E+00
+0.000000E+00
+0.000000E+00
+0.000000E+00
+0.000000E+00
+0.000000E+00
+1.000000E+00
+0.000000E+00
+1.000000E+00
+0.000000E+00
+0.000000E+00
+1.000000E+00
+0.000000E+00
+1.000000E+00
+2.000000E+00
+3.000000E+00
+4.500000E+01
+4.500000E+01
+0.000000E+00
+0.000000E+00
+2.000000E+00
+0.000000E+00
+0.000000E+00
+0.000000E+00
+0.000000E+00
+0.000000E+00
+2.499999E-03
+1.588666E-04
+0.000000E+00
+0.000000E+00
+0.000000E+00
+1.000000E+00
+1.000000E+00
+0.000000E+00
+0.000000E+00
+9.9999904632568339E+00
+9.9999904632568339E+00
+3.429584E-06
+3.609839E-06
+3.799567E-06
+3.999267E-06
+4.209463E-06
+4.357011E-06
+4.509731E-06
+4.667804E-06
+4.831419E-06
+5.045013E-06
+5.268051E-06
+5.500949E-06
+5.744142E-06
+5.946204E-06
+6.155373E-06
+6.371901E-06
+6.596046E-06
+6.880292E-06
+7.176787E-06
+7.486060E-06
+7.808659E-06
+8.075603E-06
+8.351673E-06
+8.637180E-06
+8.932447E-06
+9.354906E-06
+9.797344E-06
+1.026071E-05
+1.074599E-05
+1.123726E-05
+1.175099E-05
+1.228820E-05
+1.284998E-05
+1.341440E-05
+1.400362E-05
+1.461872E-05
+1.526083E-05
+1.605449E-05
+1.688943E-05
+1.776779E-05
+1.869182E-05
+1.951238E-05
+2.036897E-05
+2.126316E-05
+2.219660E-05
+2.349559E-05
+2.487059E-05
+2.632606E-05
+2.786671E-05
+2.901358E-05
+3.020766E-05
+3.145088E-05
+3.274528E-05
+3.517194E-05
+3.777842E-05
+4.057806E-05
+4.358516E-05
+4.615055E-05
+4.886692E-05
+5.174319E-05
+5.478872E-05
+6.228717E-05
+7.081186E-05
+8.050324E-05
+9.152099E-05
+9.399152E-05
+9.652872E-05
+9.913441E-05
+1.018105E-04
+1.081376E-04
+1.148579E-04
+1.219959E-04
+1.295775E-04
+1.353832E-04
+1.414492E-04
+1.477869E-04
+1.544086E-04
+1.550312E-04
+1.556562E-04
+1.562839E-04
+1.569141E-04
+1.560004E-04
+1.550920E-04
+1.541889E-04
+1.532911E-04
+1.422713E-04
+1.320438E-04
+1.225514E-04
+1.137415E-04
+1.068132E-04
+1.003069E-04
+9.419689E-05
+8.845907E-05
+7.156811E-05
+5.790241E-05
+4.684614E-05
+3.790101E-05
+3.633762E-05
+3.483872E-05
+3.340164E-05
+3.202385E-05
+3.311109E-05
+3.423524E-05
+3.539756E-05
+3.659933E-05
+3.817258E-05
+3.981347E-05
+4.152489E-05
+4.330986E-05
+5.740105E-05
+7.607690E-05
+1.008291E-04
+1.336346E-04
+1.363777E-04
+1.391772E-04
+1.420341E-04
+1.449496E-04
+1.438934E-04
+1.428448E-04
+1.418039E-04
+1.407705E-04
+1.392647E-04
+1.377749E-04
+1.363011E-04
+1.348431E-04
+1.341537E-04
+1.334678E-04
+1.327854E-04
+1.321065E-04
+1.291575E-04
+1.262744E-04
+1.234556E-04
+1.206998E-04
+1.136192E-04
+1.069540E-04
+1.006798E-04
+9.477362E-05
+9.082921E-05
+8.704896E-05
+8.342604E-05
+7.995391E-05
+7.572259E-05
+7.171521E-05
+6.791991E-05
+6.432547E-05
+6.578103E-05
+6.726953E-05
+6.879170E-05
+7.034832E-05
+6.948157E-05
+6.862549E-05
+6.777997E-05
+6.694486E-05
+6.420602E-05
+6.157922E-05
+5.905990E-05
+5.664364E-05
+5.402843E-05
+5.153396E-05
+4.915467E-05
+4.688521E-05
+4.471564E-05
+4.264648E-05
+4.067305E-05
+3.879095E-05
+3.680702E-05
+3.492455E-05
+3.313836E-05
+3.144353E-05
+3.005590E-05
+2.872950E-05
+2.746164E-05
+2.624972E-05
+2.550837E-05
+2.478796E-05
+2.408789E-05
+2.340759E-05
+2.242587E-05
+2.148531E-05
+2.058421E-05
+1.972090E-05
+1.880691E-05
+1.793528E-05
+1.710405E-05
+1.631135E-05
+1.539086E-05
+1.452232E-05
+1.370279E-05
+1.292951E-05
+1.257215E-05
+1.222467E-05
+1.188679E-05
+1.155826E-05
+1.115006E-05
+1.075627E-05
+1.037639E-05
+1.000993E-05
+9.713281E-06
+9.425419E-06
+9.146088E-06
+8.875037E-06
+9.010355E-06
+9.147736E-06
+9.287212E-06
+9.428815E-06
+9.566276E-06
+9.705742E-06
+9.847239E-06
+9.990803E-06
+9.538997E-06
+9.107623E-06
+8.695757E-06
+8.302513E-06
+7.735067E-06
+7.206403E-06
+6.713872E-06
+6.255001E-06
+5.875296E-06
+5.518640E-06
+5.183635E-06
+4.868967E-06
+4.473116E-06
+4.109448E-06
+3.775347E-06
+3.468407E-06
+4.457288E-06
+5.728109E-06
+7.361256E-06
+9.460031E-06
+9.380274E-06
+9.301189E-06
+9.222771E-06
+9.145016E-06
+8.657926E-06
+8.196779E-06
+7.760194E-06
+7.346863E-06
+6.840926E-06
+6.369831E-06
+5.931177E-06
+5.522733E-06
+5.420372E-06
+5.319908E-06
+5.221306E-06
+5.124531E-06
+5.225817E-06
+5.329105E-06
+5.434435E-06
+5.541846E-06
+5.464797E-06
+5.388820E-06
+5.313899E-06
+5.240021E-06
+5.041655E-06
+4.850798E-06
+4.667167E-06
+4.490485E-06
+4.127471E-06
+3.793803E-06
+3.487108E-06
+3.205208E-06
+2.931590E-06
+2.681330E-06
+2.452434E-06
+2.243078E-06
+2.043611E-06
+1.861882E-06
+1.696314E-06
+1.545467E-06
+1.391168E-06
+1.252274E-06
+1.127248E-06
+1.014703E-06
+8.121547E-07
+6.500377E-07
+5.202814E-07
+4.164262E-07
+4.768094E-07
+5.459483E-07
+6.251126E-07
+7.157564E-07
+9.172071E-07
+1.175356E-06
+1.506162E-06
+1.930074E-06
+2.352909E-06
+2.868378E-06
+3.496773E-06
+4.262838E-06
+4.998656E-06
+5.861484E-06
+6.873248E-06
+8.059654E-06
+9.264655E-06
+1.064982E-05
+1.224207E-05
+1.407239E-05
+1.678245E-05
+2.001442E-05
+2.386881E-05
+2.846548E-05
+3.259190E-05
+3.731650E-05
+4.272599E-05
+4.891963E-05
+5.460226E-05
+6.094500E-05
+6.802453E-05
+7.592640E-05
+8.576560E-05
+9.687984E-05
+1.094344E-04
+1.236158E-04
+1.402198E-04
+1.590539E-04
+1.804179E-04
+2.046514E-04
+2.380518E-04
+2.769034E-04
+3.220958E-04
+3.746640E-04
+5.419018E-04
+7.837890E-04
+1.133647E-03
+1.639670E-03
+1.587489E-03
+1.536968E-03
+1.488055E-03
+1.440699E-03
+1.405996E-03
+1.372128E-03
+1.339077E-03
+1.306822E-03
+1.329439E-03
+1.352447E-03
+1.375853E-03
+1.399664E-03
+1.374926E-03
+1.350624E-03
+1.326752E-03
+1.303303E-03
+1.269204E-03
+1.235997E-03
+1.203659E-03
+1.172166E-03
+1.127575E-03
+1.084679E-03
+1.043416E-03
+1.003722E-03
+9.578202E-04
+9.140174E-04
+8.722178E-04
+8.323296E-04
+7.836685E-04
+7.378522E-04
+6.947145E-04
+6.540988E-04
+6.285078E-04
+6.039180E-04
+5.802902E-04
+5.575869E-04
+5.121741E-04
+4.704600E-04
+4.321433E-04
+3.969473E-04
+3.504011E-04
+3.093129E-04
+2.730428E-04
+2.410258E-04
+2.262923E-04
+2.124595E-04
+1.994723E-04
+1.872790E-04
+2.083968E-04
+2.318958E-04
+2.580447E-04
+2.871423E-04
+3.191186E-04
+3.546557E-04
+3.941502E-04
+4.380429E-04
+4.345346E-04
+4.310544E-04
+4.276020E-04
+4.241774E-04
+4.155545E-04
+4.071069E-04
+3.988310E-04
+3.907233E-04
+3.916770E-04
+3.926329E-04
+3.935912E-04
+3.945520E-04
+3.915984E-04
+3.886669E-04
+3.857573E-04
+3.828695E-04
+3.793924E-04
+3.759469E-04
+3.725327E-04
+3.691496E-04
+3.684070E-04
+3.676659E-04
+3.669262E-04
+3.661882E-04
+3.730564E-04
+3.800535E-04
+3.871819E-04
+3.944440E-04
+4.118131E-04
+4.299470E-04
+4.488796E-04
+4.686457E-04
+4.880077E-04
+5.081696E-04
+5.291646E-04
+5.510270E-04
+3.759588E-04
+2.565120E-04
+1.750149E-04
+1.194105E-04
+8.647395E-05
+6.262219E-05
+4.534936E-05
+3.284083E-05
+3.481796E-05
+3.691413E-05
+3.913649E-05
+4.149265E-05
+3.861836E-05
+3.594317E-05
+3.345330E-05
+3.113591E-05
+5.959844E-05
+1.140797E-04
+2.183642E-04
+4.179795E-04
+6.117157E-04
+8.952499E-04
+1.310204E-03
+1.917493E-03
+1.981961E-03
+2.048596E-03
+2.117472E-03
+2.188662E-03
+1.863200E-03
+1.586135E-03
+1.350271E-03
+1.149480E-03
+1.129187E-03
+1.109252E-03
+1.089669E-03
+1.070432E-03
+1.240590E-03
+1.437796E-03
+1.666351E-03
+1.931238E-03
+1.869882E-03
+1.810476E-03
+1.752957E-03
+1.697265E-03
+1.633509E-03
+1.572148E-03
+1.513092E-03
+1.456254E-03
+1.413653E-03
+1.372297E-03
+1.332152E-03
+1.293181E-03
+1.274588E-03
+1.256262E-03
+1.238200E-03
+1.220397E-03
+1.466430E-03
+1.762063E-03
+2.117295E-03
+2.544143E-03
+2.623105E-03
+2.704518E-03
+2.788458E-03
+2.875003E-03
+3.025952E-03
+3.184826E-03
+3.352041E-03
+3.528036E-03
+3.906841E-03
+4.326319E-03
+4.790837E-03
+5.305228E-03
+5.632397E-03
+5.979742E-03
+6.348507E-03
+6.740014E-03
+6.594550E-03
+6.452225E-03
+6.312973E-03
+6.176726E-03
+6.363615E-03
+6.556159E-03
+6.754529E-03
+6.958900E-03
+5.496202E-03
+4.340949E-03
+3.428521E-03
+2.707876E-03
+2.144902E-03
+1.698972E-03
+1.345752E-03
+1.065967E-03
+9.247598E-04
+8.022579E-04
+6.959838E-04
+6.037875E-04
+5.627616E-04
+5.245232E-04
+4.888831E-04
+4.556646E-04
+4.359058E-04
+4.170037E-04
+3.989213E-04
+3.816230E-04
+3.441953E-04
+3.104383E-04
+2.799920E-04
+2.525318E-04
+2.256604E-04
+2.016484E-04
+1.801915E-04
+1.610177E-04
+1.326662E-04
+1.093067E-04
+9.006033E-05
+7.420276E-05
+6.816310E-05
+6.261504E-05
+5.751855E-05
+5.283688E-05
+6.099225E-05
+7.040638E-05
+8.127359E-05
+9.381815E-05
+8.730330E-05
+8.124084E-05
+7.559936E-05
+7.034963E-05
+7.214377E-05
+7.398367E-05
+7.587048E-05
+7.780539E-05
+9.739300E-05
+1.219118E-04
+1.526032E-04
+1.910213E-04
+2.620181E-04
+3.594022E-04
+4.929809E-04
+6.762068E-04
+7.089111E-04
+7.431972E-04
+7.791414E-04
+8.168239E-04
+8.460522E-04
+8.763263E-04
+9.076837E-04
+9.401630E-04
+1.020950E-03
+1.108679E-03
+1.203946E-03
+1.307400E-03
+1.469132E-03
+1.650871E-03
+1.855093E-03
+2.084579E-03
+2.030613E-03
+1.978045E-03
+1.926837E-03
+1.876955E-03
+1.972829E-03
+2.073600E-03
+2.179518E-03
+2.290846E-03
+2.315450E-03
+2.340318E-03
+2.365453E-03
+2.390859E-03
+2.571228E-03
+2.765204E-03
+2.973814E-03
+3.198163E-03
+3.424596E-03
+3.667060E-03
+3.926691E-03
+4.204704E-03
+4.035992E-03
+3.874049E-03
+3.718603E-03
+3.569395E-03
+2.710046E-03
+2.057589E-03
+1.562214E-03
+1.186103E-03
+9.638560E-04
+7.832526E-04
+6.364899E-04
+5.172270E-04
+7.686941E-04
+1.142420E-03
+1.697846E-03
+2.523310E-03
+2.647052E-03
+2.776863E-03
+2.913040E-03
+3.055894E-03
+2.725258E-03
+2.430395E-03
+2.167435E-03
+1.932926E-03
+1.701687E-03
+1.498111E-03
+1.318889E-03
+1.161108E-03
+9.277307E-04
+7.412612E-04
+5.922711E-04
+4.732275E-04
+6.169690E-04
+8.043715E-04
+1.048697E-03
+1.367236E-03
+1.525058E-03
+1.701098E-03
+1.897458E-03
+2.116483E-03
+1.811529E-03
+1.550514E-03
+1.327108E-03
+1.135892E-03
+1.380747E-03
+1.678385E-03
+2.040183E-03
+2.479970E-03
+2.560248E-03
+2.643126E-03
+2.728686E-03
+2.817017E-03
+3.749721E-03
+4.991240E-03
+6.643821E-03
+8.843565E-03
+7.762008E-03
+6.812724E-03
+5.979537E-03
+5.248246E-03
+6.531629E-03
+8.128844E-03
+1.011664E-02
+1.259052E-02
+1.272786E-02
+1.286670E-02
+1.300705E-02
+1.314893E-02
+1.420972E-02
+1.535609E-02
+1.659495E-02
+1.793374E-02
+1.927496E-02
+2.071648E-02
+2.226582E-02
+2.393103E-02
+2.613276E-02
+2.853706E-02
+3.116257E-02
+3.402964E-02
+4.589435E-02
+6.189578E-02
+8.347625E-02
+1.125809E-01
+1.324926E-01
+1.559259E-01
+1.835038E-01
+2.159593E-01
+1.856290E-01
+1.595584E-01
+1.371493E-01
+1.178874E-01
+9.199482E-02
+7.178922E-02
+5.602155E-02
+4.371706E-02
+3.129381E-02
+2.240092E-02
+1.603516E-02
+1.147838E-02
+6.666179E-03
+3.871445E-03
+2.248378E-03
+1.305766E-03
+2.705082E-03
+5.603968E-03
+1.160943E-02
+2.405063E-02
+2.666738E-02
+2.956882E-02
+3.278595E-02
+3.635310E-02
+3.094011E-02
+2.633311E-02
+2.241210E-02
+1.907492E-02
+1.526669E-02
+1.221876E-02
+9.779336E-03
+7.826932E-03
+4.790398E-03
+2.931917E-03
+1.794452E-03
+1.098277E-03
+1.238278E-03
+1.396125E-03
+1.574093E-03
+1.774748E-03
+1.853308E-03
+1.935346E-03
+2.021016E-03
+2.110477E-03
+1.330252E-03
+8.384692E-04
+5.284944E-04
+3.331145E-04
+3.045920E-04
+2.785117E-04
+2.546645E-04
+2.328591E-04
+5.486920E-04
+1.292897E-03
+3.046487E-03
+7.178519E-03
+9.676885E-03
+1.304477E-02
+1.758479E-02
+2.370489E-02
+1.625899E-02
+1.115191E-02
+7.649004E-03
+5.246390E-03
+2.774167E-03
+1.466914E-03
+7.756696E-04
+4.101558E-04
+3.829081E-04
+3.574705E-04
+3.337229E-04
+3.115527E-04
+2.573950E-04
+2.126516E-04
+1.756861E-04
+1.451462E-04
+2.613819E-04
+4.707012E-04
+8.476471E-04
+1.526458E-03
+2.213647E-03
+3.210199E-03
+4.655384E-03
+6.751171E-03
+5.663315E-03
+4.750752E-03
+3.985235E-03
+3.343070E-03
+2.679763E-03
+2.148064E-03
+1.721861E-03
+1.380222E-03
+9.786165E-04
+6.938669E-04
+4.919713E-04
+3.488216E-04
+3.119885E-04
+2.790446E-04
+2.495794E-04
+2.232254E-04
+1.545631E-04
+1.070208E-04
+7.410203E-05
+5.130882E-05
+8.556213E-05
+1.426827E-04
+2.379363E-04
+3.967806E-04
+3.410668E-04
+2.931761E-04
+2.520100E-04
+2.166241E-04
+1.234302E-04
+7.032930E-05
+4.007293E-05
+2.283316E-05
+1.733748E-05
+1.316455E-05
+9.995994E-06
+7.590074E-06
