#I+1.668000E+03
+1.000000E+00
+8.010000E+02
+8.010000E+02
+1.000000E+01
+2.000000E+00
+3.000000E+00
+0.000000E+00
+1.000000E+00
+2.000000E+00
+5.000000E+00
+1.000000E+00
+2.497000E+03
-1.092400E+04
+2.025600E+04
-1.299100E+04
-1.119200E+04
+0.000000E+00
+0.000000E+00
+0.000000E+00
+0.000000E+00
+0.000000E+00
+0.000000E+00
+0.000000E+00
+0.000000E+00
+0.000000E+00
+0.000000E+00
+0.000000E+00
+0.000000E+00
+0.000000E+00
+0.000000E+00
+0.000000E+00
+0.000000E+00
+0.000000E+00
+0.000000E+00
+0.000000E+00
+1.000000E+00
+1.000000E+00
+1.000000E+00
+0.000000E+00
+0.000000E+00
+1.000000E+00
+0.000000E+00
+1.000000E+00
+2.000000E+00
+3.000000E+00
+4.500000E+01
+4.500000E+01
+0.000000E+00
+0.000000E+00
+2.000000E+00
+0.000000E+00
+0.000000E+00
+0.000000E+00
+0.000000E+00
+0.000000E+00
+2.499999E-03
+3.981076E+00
+0.000000E+00
+0.000000E+00
+0.000000E+00
+1.000000E+00
+1.000000E+00
+0.000000E+00
+0.000000E+00
+9.9999904632568339E+00
+9.9999904632568339E+00
+1.013620E+00
+9.860715E-03
+1.034425E+00
-2.039720E-02
+1.054742E+00
-5.189248E-02
+1.074524E+00
-8.463548E-02
+1.093722E+00
-1.186354E-01
+1.054319E+00
-1.343727E-01
+1.015974E+00
-1.488615E-01
+9.786728E-01
-1.621632E-01
+9.424020E-01
-1.743373E-01
+1.010282E+00
-1.561945E-01
+1.082084E+00
-1.347127E-01
+1.157963E+00
-1.095469E-01
+1.238074E+00
-8.032511E-02
+1.151561E+00
-3.556486E-02
+1.069861E+00
+3.252242E-03
+9.928146E-01
+3.670513E-02
+9.202555E-01
+6.532611E-02
+9.528116E-01
+9.184556E-02
+9.858855E-01
+1.202046E-01
+1.019448E+00
+1.504853E-01
+1.053469E+00
+1.827718E-01
+1.055808E+00
+1.259237E-01
+1.055131E+00
+6.934620E-02
+1.051474E+00
+1.319675E-02
+1.044880E+00
-4.237039E-02
+1.046937E+00
-2.873902E-02
+1.048817E+00
-1.506112E-02
+1.050522E+00
-1.338920E-03
+1.052048E+00
+1.242532E-02
+1.053297E+00
+1.441373E-02
+1.054544E+00
+1.640690E-02
+1.055789E+00
+1.840481E-02
+1.057031E+00
+2.040747E-02
+1.053796E+00
+1.396511E-02
+1.050532E+00
+7.562739E-03
+1.047240E+00
+1.200403E-03
+1.043919E+00
-5.121845E-03
+1.048269E+00
+2.104259E-03
+1.052588E+00
+9.390431E-03
+1.056874E+00
+1.673670E-02
+1.061125E+00
+2.414306E-02
+1.063636E+00
+2.081186E-02
+1.066143E+00
+1.746499E-02
+1.068645E+00
+1.410245E-02
+1.071143E+00
+1.072421E-02
+1.063469E+00
+1.511089E-02
+1.055832E+00
+1.943436E-02
+1.048231E+00
+2.369521E-02
+1.040667E+00
+2.789406E-02
+1.043262E+00
+2.358858E-02
+1.045846E+00
+1.926193E-02
+1.048418E+00
+1.491413E-02
+1.050978E+00
+1.054518E-02
+1.052528E+00
+9.553524E-03
+1.054080E+00
+8.558935E-03
+1.055632E+00
+7.561400E-03
+1.057187E+00
+6.560915E-03
+1.059675E+00
+7.520742E-03
+1.062167E+00
+8.485055E-03
+1.064665E+00
+9.453865E-03
+1.067166E+00
+1.042718E-02
+1.061945E+00
+8.006418E-03
+1.056745E+00
+5.609141E-03
+1.051565E+00
+3.235189E-03
+1.046405E+00
+8.844041E-04
+1.047230E+00
-1.833522E-03
+1.048050E+00
-4.555733E-03
+1.048863E+00
-7.282215E-03
+1.049669E+00
-1.001295E-02
+1.051532E+00
-1.050662E-02
+1.053397E+00
-1.100200E-02
+1.055266E+00
-1.149911E-02
+1.057138E+00
-1.199796E-02
+1.054707E+00
-1.130387E-02
+1.052281E+00
-1.061291E-02
+1.049860E+00
-9.925084E-03
+1.047445E+00
-9.240372E-03
+1.044110E+00
-8.771358E-03
+1.040785E+00
-8.305235E-03
+1.037471E+00
-7.841999E-03
+1.034168E+00
-7.381625E-03
+1.037571E+00
-7.696300E-03
+1.040985E+00
-8.012963E-03
+1.044410E+00
-8.331632E-03
+1.047847E+00
-8.652309E-03
+1.044897E+00
-8.471919E-03
+1.041955E+00
-8.292476E-03
+1.039020E+00
-8.113971E-03
+1.036095E+00
-7.936420E-03
+1.038912E+00
-8.489041E-03
+1.041736E+00
-9.044608E-03
+1.044568E+00
-9.603133E-03
+1.047406E+00
-1.016463E-02
+1.047449E+00
-8.122416E-03
+1.047489E+00
-6.080073E-03
+1.047525E+00
-4.037605E-03
+1.047555E+00
-1.995021E-03
+1.048437E+00
-5.101734E-03
+1.049311E+00
-8.213697E-03
+1.050177E+00
-1.133089E-02
+1.051033E+00
-1.445327E-02
+1.051861E+00
-1.400064E-02
+1.052688E+00
-1.354728E-02
+1.053517E+00
-1.309321E-02
+1.054346E+00
-1.263842E-02
+1.056443E+00
-1.062734E-02
+1.058541E+00
-8.608257E-03
+1.060639E+00
-6.581155E-03
+1.062736E+00
-4.546014E-03
+1.061024E+00
-5.173315E-03
+1.059314E+00
-5.798583E-03
+1.057607E+00
-6.421826E-03
+1.055902E+00
-7.043050E-03
+1.054810E+00
-8.220932E-03
+1.053718E+00
-9.396384E-03
+1.052625E+00
-1.056940E-02
+1.051533E+00
-1.173999E-02
+1.053318E+00
-1.113745E-02
+1.055106E+00
-1.053282E-02
+1.056897E+00
-9.926112E-03
+1.058690E+00
-9.317322E-03
+1.059010E+00
-1.030803E-02
+1.059328E+00
-1.129933E-02
+1.059646E+00
-1.229125E-02
+1.059964E+00
-1.328377E-02
+1.060543E+00
-1.370330E-02
+1.061123E+00
-1.412328E-02
+1.061702E+00
-1.454371E-02
+1.062281E+00
-1.496460E-02
+1.061778E+00
-1.618110E-02
+1.061274E+00
-1.739645E-02
+1.060768E+00
-1.861068E-02
+1.060262E+00
-1.982377E-02
+1.061377E+00
-2.006220E-02
+1.062493E+00
-2.030111E-02
+1.063610E+00
-2.054051E-02
+1.064728E+00
-2.078039E-02
+1.065058E+00
-2.018280E-02
+1.065388E+00
-1.958485E-02
+1.065717E+00
-1.898653E-02
+1.066046E+00
-1.838785E-02
+1.065501E+00
-1.836669E-02
+1.064956E+00
-1.834555E-02
+1.064411E+00
-1.832442E-02
+1.063867E+00
-1.830333E-02
+1.065616E+00
-2.045758E-02
+1.067364E+00
-2.261893E-02
+1.069111E+00
-2.478740E-02
+1.070856E+00
-2.696301E-02
+1.071310E+00
-2.766312E-02
+1.071765E+00
-2.836382E-02
+1.072219E+00
-2.906513E-02
+1.072673E+00
-2.976704E-02
+1.073145E+00
-3.036555E-02
+1.073618E+00
-3.096459E-02
+1.074090E+00
-3.156417E-02
+1.074562E+00
-3.216427E-02
+1.075258E+00
-3.408223E-02
+1.075951E+00
-3.600276E-02
+1.076641E+00
-3.792585E-02
+1.077327E+00
-3.985149E-02
+1.077282E+00
-4.177863E-02
+1.077233E+00
-4.370571E-02
+1.077180E+00
-4.563276E-02
+1.077123E+00
-4.755975E-02
+1.078197E+00
-5.009849E-02
+1.079265E+00
-5.264249E-02
+1.080329E+00
-5.519176E-02
+1.081389E+00
-5.774630E-02
+1.080111E+00
-5.846766E-02
+1.078833E+00
-5.918726E-02
+1.077556E+00
-5.990510E-02
+1.076281E+00
-6.062122E-02
+1.074793E+00
-5.942110E-02
+1.073305E+00
-5.822422E-02
+1.071819E+00
-5.703061E-02
+1.070333E+00
-5.584026E-02
+1.070389E+00
-5.822169E-02
+1.070439E+00
-6.060361E-02
+1.070484E+00
-6.298603E-02
+1.070524E+00
-6.536902E-02
+1.068192E+00
-6.279047E-02
+1.065860E+00
-6.022318E-02
+1.063527E+00
-5.766714E-02
+1.061193E+00
-5.512229E-02
+1.066682E+00
-4.113127E-02
+1.072008E+00
-2.700398E-02
+1.077168E+00
-1.274202E-02
+1.082159E+00
+1.652990E-03
+1.111259E+00
-1.898541E-02
+1.140746E+00
-4.073434E-02
+1.170609E+00
-6.363104E-02
+1.200837E+00
-8.771358E-02
+1.194637E+00
-9.898178E-02
+1.188354E+00
-1.101396E-01
+1.181991E+00
-1.211867E-01
+1.175549E+00
-1.321229E-01
+1.163847E+00
-1.350657E-01
+1.152247E+00
-1.379386E-01
+1.140747E+00
-1.407425E-01
+1.129347E+00
-1.434785E-01
+1.132873E+00
-1.529824E-01
+1.136338E+00
-1.625534E-01
+1.139743E+00
-1.721912E-01
+1.143085E+00
-1.818955E-01
+1.155416E+00
-1.881941E-01
+1.167865E+00
-1.946101E-01
+1.180432E+00
-2.011451E-01
+1.193117E+00
-2.078012E-01
+1.173142E+00
-2.416110E-01
+1.152370E+00
-2.744274E-01
+1.130840E+00
-3.062378E-01
+1.108591E+00
-3.370306E-01
+1.085466E+00
-3.959377E-01
+1.059232E+00
-4.533320E-01
+1.029987E+00
-5.090507E-01
+9.978336E-01
-5.629369E-01
+8.935231E-01
-5.041782E-01
+8.001169E-01
-4.515529E-01
+7.164751E-01
-4.044204E-01
+6.415774E-01
-3.622079E-01
+6.504301E-01
-2.944425E-01
+6.531471E-01
-2.282708E-01
+6.500789E-01
-1.641652E-01
+6.416036E-01
-1.025516E-01
+6.548108E-01
-8.131190E-02
+6.674613E-01
-5.928680E-02
+6.795188E-01
-3.648428E-02
+6.909467E-01
-1.291384E-02
+7.020157E-01
+3.417671E-03
+7.128664E-01
+2.026837E-02
+7.234829E-01
+3.764112E-02
+7.338494E-01
+5.553844E-02
+7.445727E-01
+7.175179E-02
+7.551311E-01
+8.845143E-02
+7.655121E-01
+1.056418E-01
+7.757021E-01
+1.233271E-01
+8.029746E-01
+1.350873E-01
+8.311366E-01
+1.475330E-01
+8.602143E-01
+1.606977E-01
+8.902348E-01
+1.746163E-01
+9.020504E-01
+1.711569E-01
+9.139865E-01
+1.675819E-01
+9.260443E-01
+1.638894E-01
+9.382242E-01
+1.600769E-01
+9.404503E-01
+1.515036E-01
+9.425987E-01
+1.429028E-01
+9.446689E-01
+1.342753E-01
+9.466621E-01
+1.256219E-01
+9.500710E-01
+1.238749E-01
+9.534873E-01
+1.221144E-01
+9.569110E-01
+1.203403E-01
+9.603423E-01
+1.185526E-01
+9.604102E-01
+1.178135E-01
+9.604777E-01
+1.170744E-01
+9.605442E-01
+1.163353E-01
+9.606100E-01
+1.155960E-01
+9.620629E-01
+1.144216E-01
+9.635161E-01
+1.132436E-01
+9.649695E-01
+1.120620E-01
+9.664239E-01
+1.108768E-01
+9.683548E-01
+1.118298E-01
+9.702891E-01
+1.127862E-01
+9.722267E-01
+1.137460E-01
+9.741677E-01
+1.147093E-01
+9.715484E-01
+1.158342E-01
+9.689341E-01
+1.169525E-01
+9.663249E-01
+1.180642E-01
+9.637209E-01
+1.191693E-01
+9.583875E-01
+1.214807E-01
+9.530745E-01
+1.237641E-01
+9.477821E-01
+1.260196E-01
+9.425095E-01
+1.282474E-01
+9.386262E-01
+1.394845E-01
+9.346143E-01
+1.506465E-01
+9.304760E-01
+1.617319E-01
+9.262112E-01
+1.727393E-01
+9.281467E-01
+1.995166E-01
+9.293581E-01
+2.265408E-01
+9.298333E-01
+2.537938E-01
+9.295608E-01
+2.812570E-01
+9.514550E-01
+3.044139E-01
+9.735955E-01
+3.285871E-01
+9.959727E-01
+3.538097E-01
+1.018577E+00
+3.801151E-01
+1.044713E+00
+3.655983E-01
+1.071012E+00
+3.502756E-01
+1.097460E+00
+3.341294E-01
+1.124043E+00
+3.171417E-01
+1.116241E+00
+3.137628E-01
+1.108492E+00
+3.104158E-01
+1.100796E+00
+3.071005E-01
+1.093153E+00
+3.038165E-01
+1.122690E+00
+3.109059E-01
+1.153024E+00
+3.181567E-01
+1.184177E+00
+3.255727E-01
+1.216171E+00
+3.331576E-01
+1.244823E+00
+3.124680E-01
+1.273526E+00
+2.907893E-01
+1.302261E+00
+2.681031E-01
+1.331005E+00
+2.443906E-01
+1.363484E+00
+2.179297E-01
+1.395992E+00
+1.901720E-01
+1.428498E+00
+1.610912E-01
+1.460971E+00
+1.306604E-01
+1.459453E+00
+1.264512E-01
+1.457925E+00
+1.222515E-01
+1.456388E+00
+1.180615E-01
+1.454842E+00
+1.138811E-01
+1.431859E+00
+9.137349E-02
+1.408945E+00
+6.957151E-02
+1.386111E+00
+4.846228E-02
+1.363364E+00
+2.803295E-02
+1.348610E+00
+1.874216E-02
+1.333956E+00
+9.650392E-03
+1.319404E+00
+7.548056E-04
+1.304951E+00
-7.947413E-03
+1.308712E+00
-5.764387E-03
+1.312480E+00
-3.568735E-03
+1.316254E+00
-1.360409E-03
+1.320035E+00
+8.606362E-04
+1.311915E+00
-7.601964E-03
+1.303790E+00
-1.596045E-02
+1.295662E+00
-2.421542E-02
+1.287532E+00
-3.236751E-02
+1.278755E+00
-3.601020E-02
+1.270027E+00
-3.960203E-02
+1.261347E+00
-4.314346E-02
+1.252713E+00
-4.663498E-02
+1.261442E+00
-4.305566E-02
+1.270220E+00
-3.942467E-02
+1.279046E+00
-3.574146E-02
+1.287921E+00
-3.200551E-02
+1.288137E+00
-3.275122E-02
+1.288353E+00
-3.349718E-02
+1.288569E+00
-3.424340E-02
+1.288784E+00
-3.498989E-02
+1.291032E+00
-3.470791E-02
+1.293284E+00
-3.442483E-02
+1.295539E+00
-3.414067E-02
+1.297799E+00
-3.385543E-02
+1.298839E+00
-3.372642E-02
+1.299879E+00
-3.359718E-02
+1.300922E+00
-3.346770E-02
+1.301965E+00
-3.333802E-02
+1.304244E+00
-3.470170E-02
+1.306526E+00
-3.607007E-02
+1.308810E+00
-3.744317E-02
+1.311097E+00
-3.882099E-02
+1.309735E+00
-3.781863E-02
+1.308372E+00
-3.681833E-02
+1.307011E+00
-3.582009E-02
+1.305649E+00
-3.482390E-02
+1.304380E+00
-3.441242E-02
+1.303112E+00
-3.400172E-02
+1.301846E+00
-3.359178E-02
+1.300580E+00
-3.318260E-02
+1.297682E+00
-3.022581E-02
+1.294783E+00
-2.728220E-02
+1.291885E+00
-2.435173E-02
+1.288985E+00
-2.143438E-02
+1.287071E+00
-1.677522E-02
+1.285143E+00
-1.213013E-02
+1.283201E+00
-7.499133E-03
+1.281246E+00
-2.882257E-03
+1.279553E+00
+7.029292E-03
+1.277786E+00
+1.691448E-02
+1.275944E+00
+2.677276E-02
+1.274029E+00
+3.660364E-02
+1.264875E+00
+6.501974E-02
+1.255141E+00
+9.304412E-02
+1.244840E+00
+1.206663E-01
+1.233987E+00
+1.478762E-01
+1.253579E+00
+2.520238E-01
+1.265205E+00
+3.604335E-01
+1.268312E+00
+4.725669E-01
+1.262378E+00
+5.878261E-01
+1.504094E+00
+6.144815E-01
+1.787290E+00
+6.320299E-01
+2.118318E+00
+6.366445E-01
+2.504371E+00
+6.235109E-01
+2.409375E+00
+3.866083E-01
+2.300883E+00
+1.710380E-01
+2.181387E+00
-2.335287E-02
+2.053224E+00
-1.969083E-01
+2.002891E+00
-1.904741E-01
+1.953790E+00
-1.842370E-01
+1.905891E+00
-1.781915E-01
+1.859165E+00
-1.723317E-01
+1.860247E+00
-1.727674E-01
+1.861331E+00
-1.732036E-01
+1.862414E+00
-1.736402E-01
+1.863500E+00
-1.740774E-01
+1.881642E+00
-1.584992E-01
+1.899801E+00
-1.426159E-01
+1.917975E+00
-1.264248E-01
+1.936162E+00
-1.099230E-01
+1.972839E+00
-8.855693E-02
+2.009927E+00
-6.635796E-02
+2.047424E+00
-4.330597E-02
+2.085329E+00
-1.938044E-02
+2.149856E+00
+4.140689E-03
+2.216102E+00
+2.913344E-02
+2.284101E+00
+5.566307E-02
+2.353890E+00
+8.379723E-02
+2.501695E+00
+1.373362E-01
+2.657793E+00
+1.973036E-01
+2.822578E+00
+2.642776E-01
+2.996457E+00
+3.388811E-01
+3.347088E+00
+4.054784E-01
+3.738511E+00
+4.830485E-01
+4.175439E+00
+5.732482E-01
+4.663131E+00
+6.779727E-01
+1.061722E+01
-7.084222E+00
+8.540678E+00
-3.350106E+01
-4.350564E+01
-8.292635E+01
-2.378513E+02
-8.813576E+01
-7.132396E+01
-2.627396E+01
-2.138768E+01
-7.832232E+00
-6.413421E+00
-2.334706E+00
-1.923154E+00
-6.959285E-01
-1.244066E+00
-6.095585E-01
-7.930938E-01
-5.016369E-01
-4.973155E-01
-3.959175E-01
-3.058838E-01
-3.030527E-01
-2.059196E-02
-3.058197E-01
+1.330129E-01
-1.729572E-01
+1.524514E-01
-2.969873E-02
+9.537031E-02
+5.593235E-02
+1.745640E-01
+7.554404E-02
+3.139008E-01
+9.245364E-02
+5.553723E-01
+9.215792E-02
+9.676479E-01
+4.110057E-02
+1.023428E+00
+1.027496E-02
+1.081287E+00
-2.419285E-02
+1.141217E+00
-6.257869E-02
+1.203199E+00
-1.051736E-01
+1.205824E+00
-1.499505E-01
+1.206818E+00
-1.950654E-01
+1.206159E+00
-2.404601E-01
+1.203829E+00
-2.860754E-01
+1.206481E+00
-2.930741E-01
+1.209108E+00
-3.001097E-01
+1.211707E+00
-3.071824E-01
+1.214279E+00
-3.142920E-01
+1.209963E+00
-3.441035E-01
+1.204922E+00
-3.738902E-01
+1.199158E+00
-4.036346E-01
+1.192668E+00
-4.333196E-01
+1.170866E+00
-4.125338E-01
+1.149340E+00
-3.924077E-01
+1.128090E+00
-3.729243E-01
+1.107116E+00
-3.540670E-01
+1.130310E+00
-3.193004E-01
+1.152532E+00
-2.833881E-01
+1.173731E+00
-2.463521E-01
+1.193860E+00
-2.082171E-01
+1.224076E+00
-1.986643E-01
+1.254879E+00
-1.885256E-01
+1.286275E+00
-1.777806E-01
+1.318269E+00
-1.664079E-01
+1.344081E+00
-1.670354E-01
+1.370393E+00
-1.676243E-01
+1.397214E+00
-1.681729E-01
+1.424555E+00
-1.686796E-01
+1.459727E+00
-1.853977E-01
+1.495659E+00
-2.028513E-01
+1.532362E+00
-2.210661E-01
+1.569851E+00
-2.400685E-01
+1.571861E+00
-2.966056E-01
+1.571906E+00
-3.535882E-01
+1.569957E+00
-4.109502E-01
+1.565986E+00
-4.686244E-01
+1.492489E+00
-4.273697E-01
+1.422224E+00
-3.890201E-01
+1.355060E+00
-3.533933E-01
+1.290873E+00
-3.203169E-01
+1.359106E+00
-2.654815E-01
+1.427186E+00
-2.048871E-01
+1.494807E+00
-1.383117E-01
+1.561636E+00
-6.554140E-02
+1.599877E+00
-6.309034E-02
+1.639043E+00
-6.048035E-02
+1.679158E+00
-5.770520E-02
+1.720241E+00
-5.475830E-02
+1.761099E+00
-6.386308E-02
+1.802891E+00
-7.337059E-02
+1.845638E+00
-8.329470E-02
+1.889363E+00
-9.364973E-02
+1.949764E+00
-1.049257E-01
+2.012060E+00
-1.168287E-01
+2.076309E+00
-1.293872E-01
+2.142570E+00
-1.426307E-01
+2.031910E+00
-4.288068E-01
+1.886927E+00
-6.877068E-01
+1.712801E+00
-9.158102E-01
+1.514973E+00
-1.110453E+00
+1.480066E+00
-8.521515E-01
+1.422709E+00
-6.222090E-01
+1.347899E+00
-4.201373E-01
+1.260098E+00
-2.449973E-01
+1.319424E+00
-1.948932E-01
+1.378638E+00
-1.400929E-01
+1.437515E+00
-8.042382E-02
+1.495812E+00
-1.571711E-02
+1.510300E+00
+1.245493E-02
+1.524391E+00
+4.116850E-02
+1.538073E+00
+7.042129E-02
+1.551331E+00
+1.002106E-01
+1.496778E+00
+1.338641E-01
+1.443256E+00
+1.650840E-01
+1.390788E+00
+1.939770E-01
+1.339396E+00
+2.206463E-01
+1.235675E+00
+2.919165E-01
+1.134310E+00
+3.517601E-01
+1.035879E+00
+4.010924E-01
+9.408608E-01
+4.408050E-01
+7.935232E-01
+6.224402E-01
+6.144963E-01
+7.620343E-01
+4.146844E-01
+8.549448E-01
+2.054137E-01
+8.991626E-01
+3.459505E-02
+1.170124E+00
-2.447518E-01
+1.465494E+00
-6.652371E-01
+1.764562E+00
-1.262370E+00
+2.033516E+00
-1.195171E+00
+2.525403E+00
-1.052184E+00
+3.087004E+00
-8.120808E-01
+3.719438E+00
-4.499734E-01
+4.421180E+00
-3.092905E-01
+4.378961E+00
-1.716772E-01
+4.332984E+00
-3.720937E-02
+4.283385E+00
+9.404142E-02
+4.230308E+00
+9.714215E-02
+3.962100E+00
+9.947212E-02
+3.710879E+00
+1.011165E-01
+3.475567E+00
+1.021531E-01
+3.255159E+00
-3.532397E-02
+3.023037E+00
-1.535506E-01
+2.802266E+00
-2.543772E-01
+2.592790E+00
-3.395175E-01
+2.394485E+00
-4.761826E-01
+2.217355E+00
-5.922898E-01
+2.042613E+00
-6.893250E-01
+1.871466E+00
-7.687579E-01
+1.704946E+00
-8.414232E-01
+1.564561E+00
-9.009730E-01
+1.426724E+00
-9.482640E-01
+1.292172E+00
-9.841567E-01
+1.161544E+00
-1.018042E+00
+1.028862E+00
-1.040434E+00
+9.006101E-01
-1.052254E+00
+7.773985E-01
-1.054425E+00
+6.597391E-01
-1.084607E+00
+5.460194E-01
-1.103668E+00
+4.327474E-01
-1.111959E+00
+3.209159E-01
-1.109913E+00
+2.114578E-01
-1.240671E+00
+8.909379E-02
-1.367977E+00
-6.144380E-02
-1.487900E+00
-2.423445E-01
-1.595862E+00
-4.554995E-01
-1.738902E+00
-1.342258E-01
-1.818793E+00
+2.266161E-01
-1.825352E+00
+6.149539E-01
-1.750630E+00
+1.016220E+00
-1.522366E+00
+8.735953E-01
-1.323822E+00
+7.509123E-01
-1.151134E+00
+6.453921E-01
-1.000940E+00
+5.546420E-01
-9.367768E-01
+4.612815E-01
-8.741726E-01
+3.790262E-01
-8.134796E-01
+3.068239E-01
-7.549733E-01
+2.436997E-01
-7.404403E-01
+1.911748E-01
-7.234424E-01
+1.414676E-01
-7.042345E-01
+9.461330E-02
-6.830632E-01
+5.063090E-02
-6.697689E-01
-3.773592E-02
-6.456164E-01
-1.218582E-01
-6.114589E-01
-2.004770E-01
-5.682861E-01
-2.724789E-01
-6.308416E-01
-2.688318E-01
-6.986639E-01
-2.618566E-01
-7.720510E-01
-2.510101E-01
-8.513006E-01
-2.356873E-01
-7.732045E-01
-2.173207E-01
-7.022609E-01
-2.003436E-01
-6.378161E-01
-1.846553E-01
-5.792755E-01
-1.701621E-01
-5.010399E-01
-1.953841E-01
-4.296780E-01
-2.117741E-01
-3.650928E-01
-2.208527E-01
-3.070816E-01
-2.239619E-01
-2.422850E-01
-2.987556E-01
-1.594948E-01
-3.551083E-01
-6.388731E-02
-3.887536E-01
+3.836670E-02
-3.968605E-01
+9.240170E-02
-4.724467E-01
+1.661550E-01
-5.569784E-01
+2.646479E-01
-6.499597E-01
+3.938571E-01
-7.502092E-01
+5.189072E-01
-1.011074E+00
+6.833793E-01
-1.362499E+00
+8.995968E-01
-1.835874E+00
+1.183700E+00
-2.473450E+00
+9.518081E-01
-3.069737E+00
+5.814353E-01
-3.721763E+00
+4.098959E-02
-4.414861E+00
-7.036706E-01
-5.126653E+00
-2.081862E+00
-4.219991E+00
-3.009904E+00
-3.041389E+00
-3.471403E+00
-1.757706E+00
-3.500210E+00
-5.175935E-01
-3.197749E+00
-2.271422E-01
-2.904541E+00
+1.448033E-02
-2.623050E+00
+2.126255E-01
-2.355131E+00
+3.722972E-01
-2.144977E+00
+3.429402E-01
-1.953568E+00
+3.158590E-01
-1.779235E+00
+2.908810E-01
-1.620453E+00
+2.678460E-01
-1.535802E+00
+2.660699E-01
-1.455484E+00
+2.637634E-01
-1.379281E+00
+2.609852E-01
-1.306988E+00
+2.577897E-01
-1.206414E+00
+1.454766E-01
-1.107281E+00
+5.016454E-02
-1.010617E+00
-2.978135E-02
-9.172443E-01
-9.591787E-02
-9.103915E-01
-1.308496E-01
-9.022194E-01
-1.653974E-01
-8.927470E-01
-1.995117E-01
-8.819960E-01
-2.331445E-01
-9.060344E-01
-2.781615E-01
-9.291438E-01
-3.258781E-01
-9.511782E-01
-3.763586E-01
-9.719843E-01
-4.296650E-01
-1.004650E+00
-3.515459E-01
-1.031040E+00
-2.709500E-01
-1.050967E+00
-1.883815E-01
-1.064286E+00
-1.043580E-01
-9.569317E-01
-1.651505E-01
-8.556727E-01
-2.130811E-01
-7.607876E-01
-2.497680E-01
-6.724206E-01
-2.766953E-01
-7.934660E-01
-3.595821E-01
-9.349097E-01
-4.639168E-01
-1.099874E+00
-5.947896E-01
-1.291885E+00
-7.584261E-01
-1.360745E+00
-5.120267E-01
-1.385916E+00
-2.650082E-01
-1.369203E+00
-2.461139E-02
-1.313526E+00
+2.025369E-01
+0.000000E+00
+0.000000E+00
+0.000000E+00
+0.000000E+00
+0.000000E+00
+0.000000E+00
+0.000000E+00
+0.000000E+00
+0.000000E+00
+0.000000E+00
+0.000000E+00
+0.000000E+00
+0.000000E+00
+0.000000E+00
+0.000000E+00
+0.000000E+00
+0.000000E+00
+0.000000E+00
+0.000000E+00
+0.000000E+00
+0.000000E+00
+0.000000E+00
+0.000000E+00
+0.000000E+00
+0.000000E+00
+0.000000E+00
+0.000000E+00
+0.000000E+00
+0.000000E+00
+0.000000E+00
+0.000000E+00
+0.000000E+00
+0.000000E+00
+0.000000E+00
+0.000000E+00
+0.000000E+00
+0.000000E+00
+0.000000E+00
+0.000000E+00
+0.000000E+00
+0.000000E+00
+0.000000E+00
+0.000000E+00
+0.000000E+00
+0.000000E+00
+0.000000E+00
+0.000000E+00
+0.000000E+00
+0.000000E+00
+0.000000E+00
+0.000000E+00
+0.000000E+00
+0.000000E+00
+0.000000E+00
+0.000000E+00
+0.000000E+00
+0.000000E+00
+0.000000E+00
+0.000000E+00
+0.000000E+00
+0.000000E+00
+0.000000E+00
+0.000000E+00
+0.000000E+00
+0.000000E+00
+0.000000E+00
+0.000000E+00
+0.000000E+00
+0.000000E+00
+0.000000E+00
+0.000000E+00
+0.000000E+00
+0.000000E+00
+0.000000E+00
+0.000000E+00
+0.000000E+00
+0.000000E+00
+0.000000E+00
+0.000000E+00
+0.000000E+00
+0.000000E+00
+0.000000E+00
+0.000000E+00
+0.000000E+00
+0.000000E+00
+0.000000E+00
+0.000000E+00
+0.000000E+00
+0.000000E+00
+0.000000E+00
+0.000000E+00
+0.000000E+00
+0.000000E+00
+0.000000E+00
+0.000000E+00
+0.000000E+00
+0.000000E+00
+0.000000E+00
+0.000000E+00
+0.000000E+00
+0.000000E+00
+0.000000E+00
+0.000000E+00
+0.000000E+00
+0.000000E+00
+0.000000E+00
+0.000000E+00
+0.000000E+00
+0.000000E+00
+0.000000E+00
+0.000000E+00
+0.000000E+00
+0.000000E+00
+0.000000E+00
+0.000000E+00
+0.000000E+00
+0.000000E+00
+0.000000E+00
+0.000000E+00
+0.000000E+00
+0.000000E+00
+0.000000E+00
+0.000000E+00
+0.000000E+00
+0.000000E+00
+0.000000E+00
+0.000000E+00
+0.000000E+00
+0.000000E+00
+0.000000E+00
+0.000000E+00
+0.000000E+00
+0.000000E+00
+0.000000E+00
+0.000000E+00
+0.000000E+00
+0.000000E+00
+0.000000E+00
+0.000000E+00
+0.000000E+00
+0.000000E+00
+0.000000E+00
+0.000000E+00
+0.000000E+00
+0.000000E+00
+0.000000E+00
+0.000000E+00
+0.000000E+00
+0.000000E+00
+0.000000E+00
+0.000000E+00
+0.000000E+00
+0.000000E+00
+0.000000E+00
+0.000000E+00
+0.000000E+00
+0.000000E+00
+0.000000E+00
+0.000000E+00
+0.000000E+00
+0.000000E+00
+0.000000E+00
+0.000000E+00
+0.000000E+00
+0.000000E+00
+0.000000E+00
+0.000000E+00
+0.000000E+00
+0.000000E+00
+0.000000E+00
+0.000000E+00
+0.000000E+00
+0.000000E+00
+0.000000E+00
+0.000000E+00
+0.000000E+00
+0.000000E+00
+0.000000E+00
+0.000000E+00
+0.000000E+00
+0.000000E+00
+0.000000E+00
+0.000000E+00
+0.000000E+00
+0.000000E+00
+0.000000E+00
+0.000000E+00
+0.000000E+00
+0.000000E+00
+0.000000E+00
+0.000000E+00
+0.000000E+00
+0.000000E+00
+0.000000E+00
+0.000000E+00
+0.000000E+00
+0.000000E+00
+0.000000E+00
+0.000000E+00
+0.000000E+00
+0.000000E+00
+0.000000E+00
+0.000000E+00
+0.000000E+00
+0.000000E+00
+0.000000E+00
+0.000000E+00
+0.000000E+00
+0.000000E+00
+0.000000E+00
+0.000000E+00
+0.000000E+00
+0.000000E+00
+0.000000E+00
+0.000000E+00
+0.000000E+00
+0.000000E+00
+0.000000E+00
+0.000000E+00
+0.000000E+00
+0.000000E+00
+0.000000E+00
+0.000000E+00
+0.000000E+00
+0.000000E+00
+0.000000E+00
+0.000000E+00
+0.000000E+00
+0.000000E+00
+0.000000E+00
+0.000000E+00
+0.000000E+00
+0.000000E+00
+0.000000E+00
+0.000000E+00
+0.000000E+00
+0.000000E+00
+0.000000E+00
+0.000000E+00
+0.000000E+00
+0.000000E+00
+0.000000E+00
+0.000000E+00
+0.000000E+00
+0.000000E+00
+0.000000E+00
+0.000000E+00
+0.000000E+00
+0.000000E+00
+0.000000E+00
+0.000000E+00
+0.000000E+00
+0.000000E+00
+0.000000E+00
+0.000000E+00
+0.000000E+00
+0.000000E+00
+0.000000E+00
+0.000000E+00
+0.000000E+00
+0.000000E+00
+0.000000E+00
+0.000000E+00
+0.000000E+00
+0.000000E+00
+0.000000E+00
+0.000000E+00
+0.000000E+00
+0.000000E+00
+0.000000E+00
+0.000000E+00
+0.000000E+00
+0.000000E+00
+0.000000E+00
+0.000000E+00
+0.000000E+00
+0.000000E+00
+0.000000E+00
+0.000000E+00
+0.000000E+00
+0.000000E+00
+0.000000E+00
+0.000000E+00
+0.000000E+00
+0.000000E+00
+0.000000E+00
+0.000000E+00
+0.000000E+00
+0.000000E+00
+0.000000E+00
+0.000000E+00
+0.000000E+00
+0.000000E+00
+0.000000E+00
+0.000000E+00
+0.000000E+00
