Hz,real,imaginary,V^2 (rms) 
9.99999046326,4.234e-06,4.234e-06,5.98778022309e-06
10.0577210151,4.090615e-06,4.090615e-06,5.78500321145e-06
10.1157848488,3.952086e-06,3.952086e-06,5.58909362086e-06
10.1741838887,3.818249e-06,3.818249e-06,5.39981952032e-06
10.2329200697,3.688942e-06,3.688942e-06,5.21695180721e-06
10.2919953382,3.010732e-06,3.010732e-06,4.25781802707e-06
10.3514116519,2.45721e-06,2.45721e-06,3.4750197076e-06
10.4111709795,2.005454e-06,2.005454e-06,2.83614024552e-06
10.4712753014,1.636753e-06,1.636753e-06,2.31471829085e-06
10.5317266092,1.364378e-06,1.364378e-06,1.9295218718e-06
10.592526906,1.137329e-06,1.137329e-06,1.60842609668e-06
10.6536782067,9.480643e-07,9.480643e-07,1.34076539106e-06
10.7151825375,7.902952e-07,7.902952e-07,1.11764619012e-06
10.7770419365,9.755825e-07,9.755825e-07,1.37968200271e-06
10.8392584537,1.204311e-06,1.204311e-06,1.70315294952e-06
10.9018341505,1.486665e-06,1.486665e-06,2.10246180571e-06
10.9647711006,1.83522e-06,1.83522e-06,2.59539301394e-06
11.0280713896,1.70528e-06,1.70528e-06,2.41163010364e-06
11.091737115,1.58454e-06,1.58454e-06,2.24087795812e-06
11.1557703865,1.472349e-06,1.472349e-06,2.08221592435e-06
11.2201733259,1.368101e-06,1.368101e-06,1.9347869889e-06
11.2849480674,1.424358e-06,1.424358e-06,2.01434640127e-06
11.3500967575,1.482929e-06,1.482929e-06,2.09717830384e-06
11.4156215548,1.543908e-06,1.543908e-06,2.18341563266e-06
11.4815246308,1.607394e-06,1.607394e-06,2.27319839488e-06
11.5478081693,1.628522e-06,1.628522e-06,2.30307789902e-06
11.6144743666,1.649928e-06,1.649928e-06,2.33335055454e-06
11.681525432,1.671616e-06,1.671616e-06,2.36402201828e-06
11.7489635872,1.693588e-06,1.693588e-06,2.39509511867e-06
11.816791067,1.766858e-06,1.766858e-06,2.49871454639e-06
11.8850101189,1.843297e-06,1.843297e-06,2.60681561688e-06
11.9536230036,1.923044e-06,1.923044e-06,2.71959490584e-06
12.0226319946,2.006242e-06,2.006242e-06,2.8372546458e-06
12.0920393787,2.052248e-06,2.052248e-06,2.90231695495e-06
12.1618474559,2.099309e-06,2.099309e-06,2.96887125941e-06
12.2320585393,2.14745e-06,2.14745e-06,3.03695291452e-06
12.3026749556,2.196695e-06,2.196695e-06,3.1065958614e-06
12.3736990447,2.240882e-06,2.240882e-06,3.16908571608e-06
12.4451331602,2.285957e-06,2.285957e-06,3.2328313924e-06
12.5169796691,2.331939e-06,2.331939e-06,3.29785976043e-06
12.5892409524,2.378847e-06,2.378847e-06,3.36419769021e-06
12.6619194044,2.513972e-06,2.513972e-06,3.55529329783e-06
12.7350174335,2.656772e-06,2.656772e-06,3.75724299453e-06
12.808537462,2.807683e-06,2.807683e-06,3.97066337744e-06
12.8824819261,2.967166e-06,2.967166e-06,4.19620639901e-06
12.956853276,3.110176e-06,3.110176e-06,4.39845308057e-06
13.0316539763,3.260078e-06,3.260078e-06,4.61044652199e-06
13.1068865055,3.417205e-06,3.417205e-06,4.83265765641e-06
13.1825533567,3.581905e-06,3.581905e-06,5.06557863013e-06
13.2586570372,3.571626e-06,3.571626e-06,5.05104192892e-06
13.3352000689,3.561377e-06,3.561377e-06,5.03654765412e-06
13.4121849882,3.551158e-06,3.551158e-06,5.02209580573e-06
13.489614346,3.540966e-06,3.540966e-06,5.0076821411e-06
13.5674907083,3.700557e-06,3.700557e-06,5.23337789773e-06
13.6458166555,3.867342e-06,3.867342e-06,5.46924750674e-06
13.7245947832,4.041643e-06,4.041643e-06,5.71574634487e-06
13.8038277017,4.223798e-06,4.223798e-06,5.97335241632e-06
13.8835180367,4.401382e-06,4.401382e-06,6.22449411758e-06
13.9636684289,4.586433e-06,4.586433e-06,6.48619575152e-06
14.0442815341,4.779263e-06,4.779263e-06,6.75889855275e-06
14.1253600237,4.980203e-06,4.980203e-06,7.04307062597e-06
14.2069065844,5.334869e-06,5.334869e-06,7.54464409328e-06
14.2889239182,5.714792e-06,5.714792e-06,8.08193635254e-06
14.3714147431,6.121772e-06,6.121772e-06,8.65749298816e-06
14.4543817926,6.557736e-06,6.557736e-06,9.27403918966e-06
14.5378278159,6.64398e-06,6.64398e-06,9.39600662414e-06
14.6217555781,6.731358e-06,6.731358e-06,9.51957777679e-06
14.7061678604,6.819884e-06,6.819884e-06,9.64477244661e-06
14.7910674599,6.909577e-06,6.909577e-06,9.77161750366e-06
14.8764571899,7.1104e-06,7.1104e-06,1.00556241139e-05
14.9623398801,7.317059e-06,7.317059e-06,1.03478840745e-05
15.0487183762,7.529726e-06,7.529726e-06,1.06486406302e-05
15.1355955406,7.748571e-06,7.748571e-06,1.09581341972e-05
15.2229742522,8.051034e-06,8.051034e-06,1.13858814739e-05
15.3108574064,8.365305e-06,8.365305e-06,1.18303277844e-05
15.3992479154,8.691842e-06,8.691842e-06,1.22921208384e-05
15.4881487081,9.031126e-06,9.031126e-06,1.27719408727e-05
15.5775627305,9.334251e-06,9.334251e-06,1.32006243588e-05
15.6674929455,9.647552e-06,9.647552e-06,1.36436988821e-05
15.757942333,9.971369e-06,9.971369e-06,1.41016452752e-05
15.8489138904,1.030606e-05,1.030606e-05,1.45749698266e-05
15.9404106321,1.049847e-05,1.049847e-05,1.48470786582e-05
16.03243559,1.069448e-05,1.069448e-05,1.51242786585e-05
16.1249918136,1.089414e-05,1.089414e-05,1.54066405384e-05
16.2180823699,1.109754e-05,1.109754e-05,1.5694291577e-05
16.3117103437,1.168161e-05,1.168161e-05,1.65202912924e-05
16.4058788374,1.229641e-05,1.229641e-05,1.73897497905e-05
16.5005909715,1.294357e-05,1.294357e-05,1.83049722395e-05
16.5958498845,1.362479e-05,1.362479e-05,1.92683628025e-05
16.6916587331,1.393661e-05,1.393661e-05,1.97093428755e-05
16.7880206919,1.425556e-05,1.425556e-05,2.01604062912e-05
16.8849389541,1.458182e-05,1.458182e-05,2.06218076081e-05
16.9824167314,1.491555e-05,1.491555e-05,2.10937731003e-05
17.0804572538,1.543439e-05,1.543439e-05,2.1827523665e-05
17.17906377,1.597129e-05,1.597129e-05,2.25868149266e-05
17.2782395477,1.652686e-05,1.652686e-05,2.33725095554e-05
17.3779878732,1.710176e-05,1.710176e-05,2.41855409324e-05
17.4783120518,1.777855e-05,1.777855e-05,2.51426665293e-05
17.5792154079,1.848212e-05,1.848212e-05,2.61376647654e-05
17.6807012853,1.921354e-05,1.921354e-05,2.71720488492e-05
17.7827730468,1.997391e-05,1.997391e-05,2.82473744156e-05
17.8854340747,2.037111e-05,2.037111e-05,2.88091000426e-05
17.988687771,2.077621e-05,2.077621e-05,2.93819979567e-05
18.0925375572,2.118937e-05,2.118937e-05,2.99662944321e-05
18.1969868745,2.161075e-05,2.161075e-05,3.05622157431e-05
18.302039184,2.250548e-05,2.250548e-05,3.18275550437e-05
18.4076979669,2.343726e-05,2.343726e-05,3.31452909569e-05
18.5139667243,2.440762e-05,2.440762e-05,3.45175872292e-05
18.6208489778,2.541816e-05,2.541816e-05,3.59467066026e-05
18.7283482689,2.606707e-05,2.606707e-05,3.68644039253e-05
18.83646816,2.673255e-05,2.673255e-05,3.78055347668e-05
18.9452122338,2.741502e-05,2.741502e-05,3.87706930967e-05
19.0545840938,2.81149e-05,2.81149e-05,3.97604728848e-05
19.1645873641,2.896879e-05,2.896879e-05,4.09680557035e-05
19.27522569,2.984862e-05,2.984862e-05,4.22123232221e-05
19.3865027376,3.075517e-05,3.075517e-05,4.34943785271e-05
19.4984221944,3.168925e-05,3.168925e-05,4.48153671314e-05
19.610987769,3.250925e-05,3.250925e-05,4.59750222526e-05
19.7242031915,3.335046e-05,3.335046e-05,4.71646728434e-05
19.8380722135,3.421344e-05,3.421344e-05,4.83851108634e-05
19.9525986083,3.509875e-05,3.509875e-05,4.96371282723e-05
20.0677861709,3.49757e-05,3.49757e-05,4.94631092935e-05
20.1836387183,3.485308e-05,3.485308e-05,4.92896984265e-05
20.3001600895,3.473089e-05,3.473089e-05,4.91168956713e-05
20.4173541456,3.460911e-05,3.460911e-05,4.89446727437e-05
20.5352247701,3.473266e-05,3.473266e-05,4.91193988293e-05
20.6537758689,3.485665e-05,3.485665e-05,4.92947471689e-05
20.7730113704,3.498108e-05,3.498108e-05,4.94707177625e-05
20.8929352257,3.510597e-05,3.510597e-05,4.96473388943e-05
21.0135514086,3.553421e-05,3.553421e-05,5.02529617102e-05
21.1348639161,3.596768e-05,3.596768e-05,5.08659808631e-05
21.2568767681,3.640643e-05,3.640643e-05,5.14864670636e-05
21.3795940077,3.685052e-05,3.685052e-05,5.21145051645e-05
21.5030197013,3.588989e-05,3.588989e-05,5.07559691901e-05
21.627157939,3.49543e-05,3.49543e-05,4.94328451233e-05
21.7520128342,3.404311e-05,3.404311e-05,4.81442278674e-05
21.8775885244,3.315567e-05,3.315567e-05,4.68891981836e-05
22.0038891706,3.216916e-05,3.216916e-05,4.54940623622e-05
22.1309189581,3.1212e-05,3.1212e-05,4.41404337088e-05
22.2586820963,3.028332e-05,3.028332e-05,4.28270818577e-05
22.3871828188,2.938227e-05,2.938227e-05,4.15528047273e-05
22.5164253838,2.885965e-05,2.885965e-05,4.08137084353e-05
22.646414074,2.834633e-05,2.834633e-05,4.00877643295e-05
22.7771531967,2.784213e-05,2.784213e-05,3.93747178514e-05
22.9086470844,2.73469e-05,2.73469e-05,3.86743568689e-05
23.0409000942,2.65112e-05,2.65112e-05,3.74924985948e-05
23.1739166087,2.570103e-05,2.570103e-05,3.6346745193e-05
23.3077010356,2.491563e-05,2.491563e-05,3.52360218611e-05
23.4422578082,2.415422e-05,2.415422e-05,3.41592255125e-05
23.5775913851,2.349491e-05,2.349491e-05,3.32268203687e-05
23.713706251,2.285359e-05,2.285359e-05,3.23198569269e-05
23.8506069163,2.222978e-05,2.222978e-05,3.14376563646e-05
23.9882979174,2.162299e-05,2.162299e-05,3.05795257171e-05
24.126783817,2.094348e-05,2.094348e-05,2.96185534593e-05
24.2660692042,2.028531e-05,2.028531e-05,2.86877605189e-05
24.4061586943,1.964783e-05,1.964783e-05,2.77862276572e-05
24.5470569295,1.903038e-05,1.903038e-05,2.69130214931e-05
24.6887685789,1.841124e-05,1.841124e-05,2.60374253081e-05
24.8312983381,1.781224e-05,1.781224e-05,2.51903113842e-05
24.9746509303,1.723273e-05,1.723273e-05,2.43707604827e-05
25.1188311058,1.667207e-05,1.667207e-05,2.35778675068e-05
25.2638436421,1.617679e-05,1.617679e-05,2.28774358137e-05
25.4096933446,1.569622e-05,1.569622e-05,2.2197807202e-05
25.5563850463,1.522992e-05,1.522992e-05,2.15383594179e-05
25.7039236081,1.477748e-05,1.477748e-05,2.08985126337e-05
25.8523139189,1.420995e-05,1.420995e-05,2.00959040106e-05
26.001560896,1.366422e-05,1.366422e-05,1.93241252432e-05
26.151669485,1.313944e-05,1.313944e-05,1.858197425e-05
26.30264466,1.263482e-05,1.263482e-05,1.78683338021e-05
26.4544914238,1.23939e-05,1.23939e-05,1.75276214707e-05
26.6072148082,1.215758e-05,1.215758e-05,1.71934145216e-05
26.760819874,1.192576e-05,1.192576e-05,1.68655715336e-05
26.9153117111,1.169836e-05,1.169836e-05,1.65439793695e-05
27.070695439,1.139993e-05,1.139993e-05,1.61219356161e-05
27.2269762066,1.110912e-05,1.110912e-05,1.571066817e-05
27.3841591925,1.082572e-05,1.082572e-05,1.53098800465e-05
27.5422496054,1.054956e-05,1.054956e-05,1.49193308291e-05
27.7012526838,1.018357e-05,1.018357e-05,1.44017428074e-05
27.8611736966,9.830288e-06,9.830288e-06,1.39021266116e-05
28.0220179431,9.489258e-06,9.489258e-06,1.34198373605e-05
28.1837907532,9.160056e-06,9.160056e-06,1.29542754273e-05
28.3464974876,8.925799e-06,8.925799e-06,1.26229860008e-05
28.5101435378,8.697532e-06,8.697532e-06,1.23001677136e-05
28.6747343267,8.475104e-06,8.475104e-06,1.19856070193e-05
28.8402753081,8.258366e-06,8.258366e-06,1.16790932002e-05
29.0067719676,7.82555e-06,7.82555e-06,1.1066998943e-05
29.1742298225,7.41542e-06,7.41542e-06,1.04869875347e-05
29.3426544217,7.026782e-06,7.026782e-06,9.93737040424e-06
29.5120513464,6.658514e-06,6.658514e-06,9.41656080405e-06
29.6824262098,6.165726e-06,6.165726e-06,8.71965333108e-06
29.8537846576,5.709409e-06,5.709409e-06,8.07432364094e-06
30.0261323681,5.286864e-06,5.286864e-06,7.47675477122e-06
30.1994750524,4.895589e-06,4.895589e-06,6.9234083596e-06
30.3738184546,4.807296e-06,4.807296e-06,6.79854320154e-06
30.5491683518,4.720596e-06,4.720596e-06,6.67593088568e-06
30.7255305546,4.635459e-06,4.635459e-06,6.55552898562e-06
30.9029109071,4.551858e-06,4.551858e-06,6.4372993176e-06
31.0813152871,4.475148e-06,4.475148e-06,6.32881499523e-06
31.2607496065,4.39973e-06,4.39973e-06,6.22215783678e-06
31.441219811,4.325583e-06,4.325583e-06,6.11729814377e-06
31.622731881,4.252684e-06,4.252684e-06,6.01420338929e-06
31.8052918312,3.946055e-06,3.946055e-06,5.58056449887e-06
31.9889057111,3.661534e-06,3.661534e-06,5.17819104189e-06
32.1735796051,3.397527e-06,3.397527e-06,4.80482876193e-06
32.3593196326,3.152556e-06,3.152556e-06,4.45838745134e-06
32.5461319486,2.867894e-06,2.867894e-06,4.05581459025e-06
32.7340227434,2.608935e-06,2.608935e-06,3.68959126035e-06
32.9229982432,2.373359e-06,2.373359e-06,3.35643648618e-06
33.11306471,2.159054e-06,2.159054e-06,3.0533634487e-06
33.3042284421,1.984582e-06,1.984582e-06,2.80662278004e-06
33.496495774,1.824209e-06,1.824209e-06,2.5798211084e-06
33.6898730769,1.676795e-06,1.676795e-06,2.37134623032e-06
33.8843667586,1.541294e-06,1.541294e-06,2.1797188784e-06
34.0799832642,1.370609e-06,1.370609e-06,1.93833383651e-06
34.2767290758,1.218825e-06,1.218825e-06,1.72367884516e-06
34.4746107129,1.08385e-06,1.08385e-06,1.53279536958e-06
34.6736347326,9.638231e-07,9.638231e-07,1.36305169975e-06
34.8738077301,1.242012e-06,1.242012e-06,1.75647021503e-06
35.0751363385,1.600495e-06,1.600495e-06,2.26344173551e-06
35.2776272292,2.062447e-06,2.062447e-06,2.91674051908e-06
35.481287112,2.657734e-06,2.657734e-06,3.75860346798e-06
35.6861227357,3.773212e-06,3.773212e-06,5.33612758411e-06
35.8921408879,5.35687e-06,5.35687e-06,7.57575820587e-06
36.0993483954,7.605206e-06,7.605206e-06,1.07553854698e-05
36.3077521244,1.07972e-05,1.07972e-05,1.52695466757e-05
36.5173589808,1.315118e-05,1.315118e-05,1.85985771172e-05
36.7281759103,1.601837e-05,1.601837e-05,2.26533961011e-05
36.9402098987,1.951066e-05,1.951066e-05,2.75922399829e-05
37.1534679722,2.376434e-05,2.376434e-05,3.36078519288e-05
37.3679571975,2.529506e-05,2.529506e-05,3.5772616913e-05
37.5836846821,2.692439e-05,2.692439e-05,3.80768374966e-05
37.8006575745,2.865867e-05,2.865867e-05,4.05294797936e-05
38.0188830647,3.050464e-05,3.050464e-05,4.31400756033e-05
38.2383683838,2.876237e-05,2.876237e-05,4.067613374e-05
38.459120805,2.711961e-05,2.711961e-05,3.83529202683e-05
38.6811476434,2.557067e-05,2.557067e-05,3.6162388313e-05
38.9044562561,2.41102e-05,2.41102e-05,3.40969718315e-05
39.129054043,2.261178e-05,2.261178e-05,3.19778859454e-05
39.3549484466,2.120648e-05,2.120648e-05,2.99904916262e-05
39.5821469523,1.988853e-05,1.988853e-05,2.81266288617e-05
39.8106570887,1.865248e-05,1.865248e-05,2.63785901879e-05
40.040486428,2.071069e-05,2.071069e-05,2.92893386841e-05
40.2716425861,2.299602e-05,2.299602e-05,3.25212833646e-05
40.5041332226,2.553351e-05,2.553351e-05,3.6109836137e-05
40.7379660418,2.835102e-05,2.835102e-05,4.00943969911e-05
40.9731487919,2.935795e-05,2.935795e-05,4.15184110535e-05
41.2096892664,3.040065e-05,3.040065e-05,4.2993011535e-05
41.4475953034,3.148037e-05,3.148037e-05,4.45199662025e-05
41.6868747863,3.259843e-05,3.259843e-05,4.61011418181e-05
41.9275356443,3.078597e-05,3.078597e-05,4.35379363048e-05
42.169585852,2.907428e-05,2.907428e-05,4.11172410922e-05
42.4130334302,2.745775e-05,2.745775e-05,3.88311224422e-05
42.6578864461,2.593111e-05,2.593111e-05,3.66721274494e-05
42.9041530132,2.392301e-05,2.392301e-05,3.38322451948e-05
43.1518412923,2.207041e-05,2.207041e-05,3.12122731491e-05
43.4009594908,2.036128e-05,2.036128e-05,2.87951983233e-05
43.6515158637,1.87845e-05,1.87845e-05,2.65652946624e-05
43.9035187138,1.764821e-05,1.764821e-05,2.49583379336e-05
44.1569763917,1.658066e-05,1.658066e-05,2.34485942451e-05
44.4118972961,1.557768e-05,1.557768e-05,2.20301663263e-05
44.6682898744,1.463537e-05,1.463537e-05,2.06975387443e-05
44.9261626225,1.415802e-05,1.415802e-05,2.00224639003e-05
45.1855240857,1.369624e-05,1.369624e-05,1.93694083615e-05
45.4463828584,1.324952e-05,1.324952e-05,1.87376508789e-05
45.7087475846,1.281737e-05,1.281737e-05,1.8126498488e-05
45.9726269583,1.234615e-05,1.234615e-05,1.74600927731e-05
46.2380297236,1.189226e-05,1.189226e-05,1.68181953793e-05
46.5049646752,1.145505e-05,1.145505e-05,1.61998870677e-05
46.7734406585,1.103392e-05,1.103392e-05,1.56043193101e-05
47.0434665699,1.093946e-05,1.093946e-05,1.5470732697e-05
47.3150513572,1.084581e-05,1.084581e-05,1.53382915969e-05
47.5882040201,1.075296e-05,1.075296e-05,1.52069818677e-05
47.8629336098,1.06609e-05,1.06609e-05,1.50767893671e-05
48.1392492302,1.033616e-05,1.033616e-05,1.46175376549e-05
48.4171600373,1.002131e-05,1.002131e-05,1.41722725147e-05
48.6966752405,9.716043e-06,9.716043e-06,1.37405597832e-05
48.9778041018,9.42008e-06,9.42008e-06,1.33220048946e-05
49.2605559372,8.850455e-06,8.850455e-06,1.25164334942e-05
49.544940116,8.315273e-06,8.315273e-06,1.17595718514e-05
49.830966062,7.812454e-06,7.812454e-06,1.10484784022e-05
50.1186432531,7.34004e-06,7.34004e-06,1.03803841164e-05
50.4079812221,6.895812e-06,6.895812e-06,9.75215085398e-06
50.6989895567,6.47847e-06,6.47847e-06,9.16194013743e-06
50.9916779002,6.086386e-06,6.086386e-06,8.60744962704e-06
51.2860559511,5.71803e-06,5.71803e-06,8.08651557606e-06
51.5821334645,5.715548e-06,5.715548e-06,8.08300549799e-06
51.8799202513,5.713068e-06,5.713068e-06,8.07949824836e-06
52.1794261793,5.710589e-06,5.710589e-06,8.07599241294e-06
52.4806611732,5.708112e-06,5.708112e-06,8.07248940594e-06
52.783635215,5.190654e-06,5.190654e-06,7.34069328439e-06
53.0883583443,4.720105e-06,4.720105e-06,6.67523650683e-06
53.3948406587,4.292213e-06,4.292213e-06,6.07010583719e-06
53.7030923141,3.903111e-06,3.903111e-06,5.51983251165e-06
54.0131235251,3.381974e-06,3.381974e-06,4.78283349839e-06
54.324944565,2.930419e-06,2.930419e-06,4.14423829324e-06
54.6385657668,2.539154e-06,2.539154e-06,3.59090602375e-06
54.9539975227,2.20013e-06,2.20013e-06,3.11145368498e-06
55.2712502853,2.097842e-06,2.097842e-06,2.96679660812e-06
55.5903345674,2.000311e-06,2.000311e-06,2.82886694516e-06
55.9112609424,1.907314e-06,1.907314e-06,2.6973493265e-06
56.2340400449,1.81864e-06,1.81864e-06,2.57194535307e-06
56.5586825707,1.783142e-06,1.783142e-06,2.52174360004e-06
56.8851992775,1.748337e-06,1.748337e-06,2.472521897e-06
57.213600985,1.714211e-06,1.714211e-06,2.42426044497e-06
57.5438985756,1.680751e-06,1.680751e-06,2.37694085917e-06
57.8761029941,1.959637e-06,1.959637e-06,2.77134522273e-06
58.210225249,2.284798e-06,2.284798e-06,3.23119231888e-06
58.5462764119,2.663914e-06,2.663914e-06,3.7673433078e-06
58.8842676185,3.105935e-06,3.105935e-06,4.39245540085e-06
59.2242100689,3.624626e-06,3.624626e-06,5.12599524773e-06
59.5661150277,4.229938e-06,4.229938e-06,5.9820356876e-06
59.9099938246,4.936337e-06,4.936337e-06,6.98103473384e-06
60.2558578547,5.760706e-06,5.760706e-06,8.14686855404e-06
60.6037185787,6.141732e-06,6.141732e-06,8.68572069086e-06
60.9535875239,6.547961e-06,6.547961e-06,9.26021525209e-06
61.3054762837,6.981058e-06,6.981058e-06,9.87270690331e-06
61.6593965186,7.442802e-06,7.442802e-06,1.05257115305e-05
62.0153599566,7.934739e-06,7.934739e-06,1.12214155077e-05
62.3733783931,8.459192e-06,8.459192e-06,1.19631040531e-05
62.7334636917,9.018309e-06,9.018309e-06,1.27538148975e-05
63.0956277846,9.614386e-06,9.614386e-06,1.35967950751e-05
63.4598826729,1.062114e-05,1.062114e-05,1.50205602359e-05
63.8262404266,1.173331e-05,1.173331e-05,1.65934061335e-05
64.194713186,1.296195e-05,1.296195e-05,1.83309654848e-05
64.5653131609,1.431923e-05,1.431923e-05,2.02504492687e-05
64.938052632,1.620908e-05,1.620908e-05,2.29231007696e-05
65.3129439507,1.834835e-05,1.834835e-05,2.59484854172e-05
65.6899995397,2.076996e-05,2.076996e-05,2.93731591219e-05
66.0692318935,2.351117e-05,2.351117e-05,3.32498154813e-05
66.4506535786,2.478634e-05,2.478634e-05,3.50531781896e-05
66.8342772344,2.613068e-05,2.613068e-05,3.695436205e-05
67.2201155727,2.754794e-05,2.754794e-05,3.89586703634e-05
67.6081813792,2.904206e-05,2.904206e-05,4.10716751313e-05
67.9984875132,3.193836e-05,3.193836e-05,4.5167661872e-05
68.3910469082,3.512351e-05,3.512351e-05,4.96721442001e-05
68.7858725723,3.86263e-05,3.86263e-05,5.46258373243e-05
69.182977589,4.247842e-05,4.247842e-05,6.00735576722e-05
69.5823751171,4.654102e-05,4.654102e-05,6.58189416907e-05
69.9840783913,5.099215e-05,5.099215e-05,7.21137901046e-05
70.3881007229,5.586899e-05,5.586899e-05,7.90106833741e-05
70.7944554999,6.121226e-05,6.121226e-05,8.65672082755e-05
71.2031561878,6.866465e-05,6.866465e-05,9.71064792856e-05
71.6142163295,7.702433e-05,7.702433e-05,0.000108928852119
72.0276495463,8.640178e-05,8.640178e-05,0.000122190569089
72.4434695382,9.69209e-05,9.69209e-05,0.000137066851257
72.8616900841,0.0001075497,0.0001075497,0.000152098244369
73.2823250427,0.0001193441,0.0001193441,0.000168778044809
73.7053883523,0.0001324319,0.0001324319,0.000187286989071
74.1308940322,0.0001469549,0.0001469549,0.000207825612637
74.5588561821,0.000171646,0.000171646,0.000242744101127
74.9892889835,0.0002004857,0.0002004857,0.000283529596002
75.4222066996,0.000234171,0.000234171,0.000331167804114
75.8576236759,0.0002735161,0.0002735161,0.000386810178147
76.2955543409,0.0003201317,0.0003201317,0.000452734591886
76.7360132062,0.0003746919,0.0003746919,0.000529894366691
77.1790148672,0.0004385509,0.0004385509,0.000620204630571
77.6245740037,0.0005132935,0.0005132935,0.000725906629178
78.0727053801,0.0006105723,0.0006105723,0.000863479627469
78.5234238462,0.0007262871,0.0007262871,0.001027125067
78.9767443373,0.0008639321,0.0008639321,0.00122178449279
79.4326818752,0.001027663,0.001027663,0.00145333495215
79.8912515681,0.001114245,0.001114245,0.00157578039081
80.3524686117,0.00120812,0.00120812,0.00170853968897
80.8163482892,0.001309905,0.001309905,0.00185248541642
81.2829059723,0.001420265,0.001420265,0.00200855802516
81.7521571212,0.001279933,0.001279933,0.00181009860753
82.2241172855,0.001153467,0.001153467,0.00163124867515
82.6988021044,0.001039497,0.001039497,0.00147007075545
83.1762273076,0.0009367877,0.0009367877,0.0013248178704
83.6564087154,0.0007605122,0.0007605122,0.00107552666759
84.1393622397,0.0006174064,0.0006174064,0.000873144504376
84.625103884,0.000501229,0.000501229,0.000708844849655
85.1136497443,0.0004069126,0.0004069126,0.00057546131762
85.6050160094,0.0003204637,0.0003204637,0.000453204110788
86.0992189619,0.0002523808,0.0002523808,0.000356920350243
86.5962749779,0.0001987623,0.0001987623,0.000281092340348
87.0962005286,0.000156535,0.000156535,0.000221373919986
87.5990121797,0.0001092173,0.0001092173,0.000154456586906
88.1047265931,7.620294e-05,7.620294e-05,0.000107767231241
88.6133605264,5.316819e-05,5.316819e-05,7.51911753848e-05
89.1249308343,3.709641e-05,3.709641e-05,5.24622461374e-05
89.6394544686,4.710159e-05,4.710159e-05,6.66117073873e-05
90.1569484791,5.980524e-05,5.980524e-05,8.4577381509e-05
90.6774300139,7.593515e-05,7.593515e-05,0.000107388518991
91.2009163202,9.641546e-05,9.641546e-05,0.000136352051154
91.7274247448,0.0001252027,0.0001252027,0.000177063356386
92.2569727344,0.0001625851,0.0001625851,0.00022993005346
92.7895778367,0.0002111289,0.0002111289,0.000298581353789
93.3252577005,0.0002741668,0.0002741668,0.000387730406912
93.8640300768,0.0003053417,0.0003053417,0.000431818373298
94.4059128186,0.0003400614,0.0003400614,0.00048091944392
94.9509238824,0.0003787291,0.0003787291,0.000535603829685
95.4990813282,0.0004217935,0.0004217935,0.000596506088221
96.0504033201,0.0004180263,0.0004180263,0.000591178462889
96.6049081274,0.0004142928,0.0004142928,0.000585898496554
97.1626141246,0.0004105926,0.0004105926,0.00058066562353
97.7235397923,0.0004069254,0.0004069254,0.000575479419554
98.287703718,0.0003732788,0.0003732788,0.000527895941506
98.8551245962,0.0003424142,0.0003424142,0.000484246805589
99.4258212296,0.0003141017,0.0003141017,0.000444206884104
99.9998125293,0.0002881302,0.0002881302,0.000407477636569
100.577117516,0.0002524568,0.0002524568,0.000357027830473
101.157755319,0.0002212001,0.0002212001,0.000312824181418
101.741745179,0.0001938133,0.0001938133,0.000274093397428
102.329106448,0.0001698173,0.0001698173,0.000240157928786
102.91985859,0.0001429703,0.0001429703,0.000202190537277
103.514021179,0.0001203677,0.0001203677,0.000170225633812
104.111613905,0.0001013384,0.0001013384,0.000143314139669
104.71265657,8.531747e-05,8.531747e-05,0.000120657123181
105.317169091,6.584223e-05,6.584223e-05,9.31149746429e-05
105.9251715,5.081257e-05,5.081257e-05,7.1859825633e-05
106.536683943,3.92137e-05,3.92137e-05,5.54565463708e-05
107.151726685,3.026247e-05,3.026247e-05,4.27975955049e-05
107.770320105,3.961666e-06,3.961666e-06,5.60264178679e-06
108.392484703,5.186224e-07,5.186224e-07,7.3344283183e-07
109.018241096,6.789295e-08,6.789295e-08,9.60151306795e-08
109.647610017,8.887865e-09,8.887865e-09,1.25693392235e-08
110.280612324,9.597772e-08,9.597772e-08,1.3573299331e-07
110.917268991,1.036438e-06,1.036438e-06,1.46574467616e-06
111.557601116,1.119223e-05,1.119223e-05,1.58282034592e-05
112.201629918,0.0001208621,0.0001208621,0.000170924820997
112.849376736,0.0002323397,0.0002323397,0.000328577954818
113.500863036,0.0004466393,0.0004466393,0.000631643355549
114.156110407,0.0008585991,0.0008585991,0.00121424249186
114.81514056,0.001650532,0.001650532,0.00233420473953
115.477975334,0.001693124,0.001693124,0.00239443892358
116.144636693,0.001736815,0.001736815,0.00245622732833
116.815146729,0.001781633,0.001781633,0.00251960955177
117.48952766,0.001827607,0.001827607,0.00258462660609
118.167801833,0.001475611,0.001475611,0.00208682908899
118.849991724,0.001191408,0.001191408,0.00168490535192
119.536119939,0.0009619434,0.0009619434,0.00136039340252
120.226209214,0.0007766734,0.0007766734,0.00109838205581
120.920282416,0.001007463,0.001007463,0.00142476783819
121.618362544,0.001306833,0.001306833,0.00184814095236
122.320472732,0.00169516,0.00169516,0.00239731826239
123.026636244,0.002198881,0.002198881,0.00310968733224
123.736876481,0.00218323,0.00218323,0.00308755347578
124.451216978,0.00216769,0.00216769,0.00306557659702
125.169681406,0.00215226,0.00215226,0.00304375528175
125.892293573,0.002136941,0.002136941,0.00302209094419
126.619077423,0.001954441,0.001954441,0.00276399696906
127.350057041,0.001787528,0.001787528,0.00252794634072
128.085256649,0.001634869,0.001634869,0.0023120539125
128.824700609,0.001495247,0.001495247,0.0021145985865
129.568413423,0.00143659,0.00143659,0.00203164506157
130.316419737,0.001380235,0.001380235,0.00195194705626
131.068744336,0.00132609,0.00132609,0.00187537446293
131.825412151,0.001274069,0.001274069,0.0018018056592
132.586448256,0.001426355,0.001426355,0.00201717058576
133.351877867,0.001596843,0.001596843,0.00225827702758
134.121726351,0.001787709,0.001787709,0.00252820231338
134.896019216,0.002001388,0.002001388,0.00283039005317
135.674782122,0.002051924,0.002051924,0.00290185874976
136.458040872,0.002103736,0.002103736,0.00297513198285
137.245821423,0.002156856,0.002156856,0.00305025500729
138.038149879,0.002211317,0.002211317,0.00312727449211
138.835052496,0.002095169,0.002095169,0.00296301641526
139.636555679,0.001985121,0.001985121,0.00280738504115
140.442685989,0.001880853,0.001880853,0.00265992782143
141.253470138,0.001782063,0.001782063,0.0025202176636
142.068934993,0.001726127,0.001726127,0.00244111221378
142.889107576,0.001671948,0.001671948,0.00236449153718
143.714015066,0.001619468,0.001619468,0.00229027360943
144.543684796,0.001568636,0.001568636,0.00221838630563
145.37814426,0.001478741,0.001478741,0.00209125557744
146.21742111,0.001393998,0.001393998,0.00197141087752
147.061543155,0.001314112,0.001314112,0.00185843501288
147.910538368,0.001238803,0.001238803,0.00175193200371
148.764434882,0.001237263,0.001237263,0.00174975411482
149.623260993,0.001235725,0.001235725,0.00174757905436
150.487045158,0.001234188,0.001234188,0.00174540540812
151.355816003,0.001232654,0.001232654,0.00174323600451
152.229602313,0.001369252,0.001369252,0.00193641474871
153.108433046,0.001520988,0.001520988,0.00215100185781
153.992337321,0.001689538,0.001689538,0.00238936755374
154.88134443,0.001876767,0.001876767,0.00265414934481
155.77548383,0.001888437,0.001888437,0.00267065321709
156.674785152,0.00190018,0.00190018,0.00268726032695
157.579278194,0.001911995,0.001911995,0.00270396926019
158.48899293,0.001923885,0.001923885,0.00272078425945
159.403959505,0.001989807,0.001989807,0.0028140120459
160.324208236,0.002057987,0.002057987,0.00291043312659
161.24976962,0.002128504,0.002128504,0.00301015922437
162.180674325,0.002201438,0.002201438,0.00311330347632
163.1169532,0.002285425,0.002285425,0.00323207903079
164.05863727,0.002372616,0.002372616,0.0033553857255
165.005757739,0.002463133,0.002463133,0.00348339609453
165.958345992,0.002557104,0.002557104,0.0036162911572
166.916433595,0.002649748,0.002649748,0.00374730955847
167.880052295,0.002745748,0.002745748,0.00388307406046
168.849234025,0.002845225,0.002845225,0.004023755783
169.8240109,0.002948307,0.002948307,0.00416953574544
170.804415221,0.003011871,0.003011871,0.00425942881632
171.790479475,0.003076804,0.003076804,0.00435125794556
172.782236339,0.003143138,0.003143138,0.00444506838801
173.779718674,0.003210901,0.003210901,0.00454089974164
174.782959536,0.00370564,0.00370564,0.00524056634527
175.791992169,0.004276609,0.004276609,0.00604803844877
176.806850008,0.004935553,0.004935553,0.00697992599041
177.827566682,0.005696031,0.005696031,0.0080554042919
178.854176016,0.00531185,0.00531185,0.00751209031129
179.886712028,0.004953582,0.004953582,0.00700542284673
180.925208934,0.004619477,0.004619477,0.00653292702447
181.969701144,0.004307906,0.004307906,0.00609229909063
183.020223272,0.003869135,0.003869135,0.00547178319165
184.076810128,0.003475055,0.003475055,0.00491446991099
185.139496723,0.003121112,0.003121112,0.00441391892009
186.208318273,0.002803219,0.002803219,0.0039643503281
187.283310195,0.002444251,0.002444251,0.00345669291404
188.36450811,0.002131251,0.002131251,0.00301404406902
189.451947847,0.001858333,0.001858333,0.00262807973201
190.545665439,0.001620362,0.001620362,0.00229153791635
191.645697129,0.00146426,0.00146426,0.00207077635084
192.752079368,0.001323197,0.001323197,0.00187128314309
193.86484882,0.001195724,0.001195724,0.00169100909766
194.984042357,0.001080531,0.001080531,0.00152810159476
196.109697066,0.000999572,0.000999572,0.00141360827897
197.241850248,0.0009246789,0.0009246789,0.00130769344122
198.38053942,0.0008553971,0.0008553971,0.00120971418003
199.525802313,0.0007913064,0.0007913064,0.00111907624287
200.677676878,0.0006521925,0.0006521925,0.000922339478778
201.836201285,0.0005375352,0.0005375352,0.000760189570093
203.001413923,0.000443035,0.000443035,0.000626546105606
204.173353405,0.0003651482,0.0003651482,0.000516397536716
205.352058565,0.0003100138,0.0003100138,0.000438425720483
206.537568461,0.0002632042,0.0002632042,0.000372226949314
207.729922378,0.0002234625,0.0002234625,0.000316023698182
208.929159826,0.0001897214,0.0001897214,0.000268306576952
210.135320544,0.0001827077,0.0001827077,0.00025838770729
211.348444502,0.0001759533,0.0001759533,0.000248835543204
212.568571898,0.0001694486,0.0001694486,0.000239636508245
213.795743164,0.0001631844,0.0001631844,0.000230777591648
215.029998963,0.0001689238,0.0001689238,0.000238894328968
216.271380197,0.000174865,0.000174865,0.000247296454584
217.519927999,0.0001810152,0.0001810152,0.000255994150836
218.775683744,0.0001873817,0.0001873817,0.000264997741481
220.038689043,0.0001964752,0.0001964752,0.00027785789251
221.308985748,0.0002060101,0.0002060101,0.000291342277406
222.586615953,0.0002160077,0.0002160077,0.000305481018917
223.871621995,0.0002264905,0.0002264905,0.000320305936849
225.164046454,0.0002325943,0.0002325943,0.000328938013591
226.463932159,0.0002388625,0.0002388625,0.000337802587042
227.771322182,0.0002452996,0.0002452996,0.000346906021165
229.086259848,0.0002519102,0.0002519102,0.00035625482134
230.408788728,0.0002522655,0.0002522655,0.000356757291419
231.738952648,0.0002526212,0.0002526212,0.000357260327183
233.076795685,0.0002529775,0.0002529775,0.000357764211475
234.422362171,0.0002533342,0.0002533342,0.000358268661453
235.775696694,0.000268253,0.000268253,0.000379367030747
237.136844099,0.0002840504,0.0002840504,0.000401707928078
238.505849491,0.000300778,0.000300778,0.000425364326863
239.882758234,0.0003184909,0.0003184909,0.000450414150272
241.267615955,0.0003550361,0.0003550361,0.000502096867752
242.660468543,0.0003957747,0.0003957747,0.000559709948384
244.061362154,0.0004411879,0.0004411879,0.000623933911735
245.470343209,0.000491812,0.000491812,0.000695527200538
246.887458397,0.0004212043,0.0004212043,0.00059567283359
248.312754677,0.0003607335,0.0003607335,0.000510154208102
249.746279278,0.0003089443,0.0003089443,0.000436913219078
251.188079705,0.0002645902,0.0002645902,0.000374187049311
252.638203732,0.0002619882,0.0002619882,0.000370507265622
254.096699414,0.0002594118,0.0002594118,0.0003668636858
255.56361508,0.0002568606,0.0002568606,0.000363255744159
257.038999339,0.0002543346,0.0002543346,0.000359683440701
258.522901081,0.0003611458,0.0003611458,0.000510737288354
260.015369477,0.0005128138,0.0005128138,0.000725228230932
261.516453985,0.0007281767,0.0007281767,0.00102979736494
263.026204344,0.001033984,0.001033984,0.00146227419608
264.544670583,0.001212642,0.001212642,0.0017149347627
266.071903021,0.00142217,0.00142217,0.002011252102
267.607952264,0.001667901,0.001667901,0.0023587682149
269.152869212,0.001956093,0.001956093,0.00276633324986
270.70670506,0.001957746,0.001957746,0.00276867094488
272.269511296,0.001959401,0.001959401,0.00277101146833
273.841339708,0.001961058,0.001961058,0.0027733548202
275.42224238,0.001962716,0.001962716,0.00277569958629
277.0122717,0.002174946,0.002174946,0.00307583813063
278.611480355,0.002410125,0.002410125,0.00340843146201
280.219921339,0.002670733,0.002670733,0.00377698683008
281.83764795,0.002959521,0.002959521,0.00418539473633
283.464713795,0.003186524,0.003186524,0.00450642545763
285.10117279,0.003430938,0.003430938,0.00485207905126
286.747079163,0.0036941,0.0036941,0.00522424632076
288.402487452,0.003977449,0.003977449,0.00562496231945
290.067452514,0.004495114,0.004495114,0.00635705118321
291.74202952,0.005080153,0.005080153,0.00718442127153
293.426273962,0.005741335,0.005741335,0.00811947382313
295.120241648,0.006488572,0.006488572,0.00917622652283
296.823988713,0.007259949,0.007259949,0.0102671183379
298.537571612,0.008123029,0.008123029,0.0114876977793
300.26104713,0.009088714,0.009088714,0.0128533826033
301.994472377,0.0101692,0.0101692,0.0143814205585
303.737904793,0.009782078,0.009782078,0.0138339473758
305.49140215,0.00940969,0.00940969,0.0133073112157
307.255022553,0.009051478,0.009051478,0.0128007229471
309.028824445,0.008706899,0.008706899,0.012313414652
310.812866602,0.006860087,0.006860087,0.00970162807446
312.607208143,0.005405,0.005405,0.00764382430463
314.411908526,0.004258551,0.004258551,0.00602250058026
316.227027554,0.003355272,0.003355272,0.00474507116785
318.052625375,0.001802152,0.001802152,0.00254862779986
319.888762483,0.0009679545,0.0009679545,0.00136889438166
321.735499721,0.0005198985,0.0005198985,0.000735247509757
323.592898286,0.0002792427,0.0002792427,0.000394908813534
325.461019725,0.0001898025,0.0001898025,0.000268421269672
327.339925943,0.0001290095,0.0001290095,0.000182446984575
329.2296792,8.768834e-05,8.768834e-05,0.00012401003969
331.130342118,5.960211e-05,5.960211e-05,8.42901123081e-05
333.041977678,7.80251e-05,7.80251e-05,0.000110344154626
334.964649226,0.0001021426,0.0001021426,0.000144451450216
336.898420474,0.0001337149,0.0001337149,0.000189101425071
338.8433555,0.0001750462,0.0001750462,0.000247552710082
340.799518754,0.0002598081,0.0002598081,0.000367424138634
342.766975058,0.0003856139,0.0003856139,0.00054534040722
344.745789606,0.0005723382,0.0005723382,0.000809408444704
346.73602797,0.0008494793,0.0008494793,0.00120134514702
348.737756102,0.001026315,0.001026315,0.00145142859227
350.751040331,0.001239963,0.001239963,0.00175357249144
352.775947373,0.001498086,0.001498086,0.0021186135388
354.812544325,0.001809942,0.001809942,0.00255964452351
356.860898676,0.001417189,0.001417189,0.00200420790425
358.9210783,0.001109663,0.001109663,0.00156930046426
360.993151467,0.000868869,0.000868869,0.00122876632373
363.077186837,0.0006803268,0.0006803268,0.000962127387406
365.173253471,0.000461328,0.000461328,0.000652416314302
367.281420824,0.0003128254,0.0003128254,0.000442401923335
369.401758755,0.0002121262,0.0002121262,0.000299991748975
371.534337526,0.0001438422,0.0001438422,0.000203423590082
373.679227803,0.000266943,0.000266943,0.000377514410981
375.836500662,0.0004953938,0.0004953938,0.000700592630676
378.006227589,0.0009193537,0.0009193537,0.00130016247116
380.18848048,0.001706141,0.001706141,0.00241284774152
382.38333165,0.001926435,0.001926435,0.00272439050403
384.590853829,0.002175173,0.002175173,0.00307615915711
386.811120167,0.002456027,0.002456027,0.00347334669295
389.044204238,0.002773144,0.002773144,0.00392181785521
391.290180039,0.002259817,0.002259817,0.00319586384988
393.549121994,0.001841511,0.001841511,0.00260428983146
395.821104958,0.001500636,0.001500636,0.00212221978339
398.106204217,0.001222858,0.001222858,0.00172938236846
400.404495494,0.001263767,0.001263767,0.00178723643108
402.716054945,0.001306044,0.001306044,0.00184702513786
405.04095917,0.001349736,0.001349736,0.00190881495682
407.379285207,0.00139489,0.00139489,0.00197267235602
409.731110543,0.001510891,0.001510891,0.00213672254347
412.096513109,0.00163654,0.00163654,0.00231441706337
414.475571287,0.001772637,0.001772637,0.00250688728656
416.868363913,0.001920053,0.001920053,0.00271536499308
419.274970276,0.002649054,0.002649054,0.00374632809426
421.695470124,0.003654839,0.003654839,0.00516872288209
424.129943664,0.005042499,0.005042499,0.00713117047405
426.578471567,0.006957022,0.006957022,0.00983871486613
429.041134971,0.0,0.0,0.0
431.51801548,0.0,0.0,0.0
434.00919517,0.0,0.0,0.0
436.514756592,0.0,0.0,0.0
439.034782772,0.0,0.0,0.0
441.569357216,0.0,0.0,0.0
444.118563912,0.0,0.0,0.0
446.682487334,0.0,0.0,0.0
449.26121244,0.0,0.0,0.0
451.854824684,0.0,0.0,0.0
454.463410008,0.0,0.0,0.0
457.087054853,0.0,0.0,0.0
459.72584616,0.0,0.0,0.0
462.379871368,0.0,0.0,0.0
465.049218426,0.0,0.0,0.0
467.733975785,0.0,0.0,0.0
470.434232413,0.0,0.0,0.0
473.150077785,0.0,0.0,0.0
475.881601898,0.0,0.0,0.0
478.628895265,0.0,0.0,0.0
481.392048923,0.0,0.0,0.0
484.171154435,0.0,0.0,0.0
486.966303892,0.0,0.0,0.0
489.777589916,0.0,0.0,0.0
492.605105665,0.0,0.0,0.0
495.448944835,0.0,0.0,0.0
498.30920166,0.0,0.0,0.0
501.185970921,0.0,0.0,0.0
504.079347946,0.0,0.0,0.0
506.989428613,0.0,0.0,0.0
509.916309351,0.0,0.0,0.0
512.86008715,0.0,0.0,0.0
515.820859556,0.0,0.0,0.0
518.798724681,0.0,0.0,0.0
521.793781203,0.0,0.0,0.0
524.806128367,0.0,0.0,0.0
527.835865994,0.0,0.0,0.0
530.883094481,0.0,0.0,0.0
533.947914803,0.0,0.0,0.0
537.030428518,0.0,0.0,0.0
540.130737772,0.0,0.0,0.0
543.248945299,0.0,0.0,0.0
546.385154428,0.0,0.0,0.0
549.539469082,0.0,0.0,0.0
552.711993787,0.0,0.0,0.0
555.902833669,0.0,0.0,0.0
559.112094463,0.0,0.0,0.0
562.339882514,0.0,0.0,0.0
565.586304782,0.0,0.0,0.0
568.851468843,0.0,0.0,0.0
572.135482894,0.0,0.0,0.0
575.438455757,0.0,0.0,0.0
578.760496883,0.0,0.0,0.0
582.101716354,0.0,0.0,0.0
585.462224888,0.0,0.0,0.0
588.842133841,0.0,0.0,0.0
592.241555215,0.0,0.0,0.0
595.660601653,0.0,0.0,0.0
599.099386455,0.0,0.0,0.0
602.55802357,0.0,0.0,0.0
606.036627607,0.0,0.0,0.0
609.535313836,0.0,0.0,0.0
613.054198193,0.0,0.0,0.0
616.593397283,0.0,0.0,0.0
620.153028384,0.0,0.0,0.0
623.733209451,0.0,0.0,0.0
627.334059121,0.0,0.0,0.0
630.955696715,0.0,0.0,0.0
634.598242242,0.0,0.0,0.0
638.261816405,0.0,0.0,0.0
641.946540605,0.0,0.0,0.0
645.652536941,0.0,0.0,0.0
649.379928219,0.0,0.0,0.0
653.128837952,0.0,0.0,0.0
656.89939037,0.0,0.0,0.0
660.691710415,0.0,0.0,0.0
664.505923754,0.0,0.0,0.0
668.342156778,0.0,0.0,0.0
672.200536608,0.0,0.0,0.0
676.081191098,0.0,0.0,0.0
679.984248843,0.0,0.0,0.0
683.909839177,0.0,0.0,0.0
687.858092182,0.0,0.0,0.0
691.829138692,0.0,0.0,0.0
695.823110294,0.0,0.0,0.0
699.840139336,0.0,0.0,0.0
703.880358931,0.0,0.0,0.0
707.943902959,0.0,0.0,0.0
712.030906073,0.0,0.0,0.0
716.141503704,0.0,0.0,0.0
720.275832064,0.0,0.0,0.0
724.434028153,0.0,0.0,0.0
728.616229761,0.0,0.0,0.0
732.822575472,0.0,0.0,0.0
737.053204672,0.0,0.0,0.0
741.308257551,0.0,0.0,0.0
745.587875109,0.0,0.0,0.0
749.892199159,0.0,0.0,0.0
754.221372332,0.0,0.0,0.0
758.575538085,0.0,0.0,0.0
762.954840701,0.0,0.0,0.0
767.359425297,0.0,0.0,0.0
771.789437827,0.0,0.0,0.0
776.245025089,0.0,0.0,0.0
780.726334726,0.0,0.0,0.0
785.233515235,0.0,0.0,0.0
789.766715971,0.0,0.0,0.0
794.32608715,0.0,0.0,0.0
798.911779856,0.0,0.0,0.0
803.523946043,0.0,0.0,0.0
808.162738546,0.0,0.0,0.0
812.82831108,0.0,0.0,0.0
817.520818247,0.0,0.0,0.0
822.240415543,0.0,0.0,0.0
826.98725936,0.0,0.0,0.0
831.761506995,0.0,0.0,0.0
836.563316651,0.0,0.0,0.0
841.392847445,0.0,0.0,0.0
846.250259414,0.0,0.0,0.0
851.135713517,0.0,0.0,0.0
856.049371643,0.0,0.0,0.0
860.991396616,0.0,0.0,0.0
865.961952199,0.0,0.0,0.0
870.9612031,0.0,0.0,0.0
875.989314981,0.0,0.0,0.0
881.046454456,0.0,0.0,0.0
886.132789105,0.0,0.0,0.0
891.248487472,0.0,0.0,0.0
896.393719077,0.0,0.0,0.0
901.568654415,0.0,0.0,0.0
906.77346497,0.0,0.0,0.0
912.008323211,0.0,0.0,0.0
917.273402607,0.0,0.0,0.0
922.568877626,0.0,0.0,0.0
927.894923743,0.0,0.0,0.0
933.251717448,0.0,0.0,0.0
938.639436248,0.0,0.0,0.0
944.058258676,0.0,0.0,0.0
949.508364294,0.0,0.0,0.0
954.989933703,0.0,0.0,0.0
960.503148545,0.0,0.0,0.0
966.04819151,0.0,0.0,0.0
971.625246345,0.0,0.0,0.0
977.234497856,0.0,0.0,0.0
982.876131917,0.0,0.0,0.0
988.550335473,0.0,0.0,0.0
994.257296551,0.0,0.0,0.0
999.997204261,0.0,0.0,0.0
