#I+1.668000E+03
+1.000000E+00
+8.010000E+02
+8.010000E+02
+1.000000E+01
+2.000000E+00
+3.000000E+00
+0.000000E+00
+1.000000E+00
+2.000000E+00
+5.000000E+00
+1.000000E+00
+2.497000E+03
-1.092400E+04
+2.025600E+04
-1.299100E+04
-1.119200E+04
+0.000000E+00
+0.000000E+00
+0.000000E+00
+0.000000E+00
+0.000000E+00
+0.000000E+00
+0.000000E+00
+0.000000E+00
+0.000000E+00
+0.000000E+00
+0.000000E+00
+0.000000E+00
+0.000000E+00
+0.000000E+00
+0.000000E+00
+0.000000E+00
+0.000000E+00
+0.000000E+00
+0.000000E+00
+1.000000E+00
+1.000000E+00
+1.000000E+00
+0.000000E+00
+0.000000E+00
+1.000000E+00
+0.000000E+00
+1.000000E+00
+2.000000E+00
+3.000000E+00
+4.500000E+01
+4.500000E+01
+0.000000E+00
+0.000000E+00
+2.000000E+00
+0.000000E+00
+0.000000E+00
+0.000000E+00
+0.000000E+00
+0.000000E+00
+2.499999E-03
+1.995260E+00
+0.000000E+00
+0.000000E+00
+0.000000E+00
+1.000000E+00
+1.000000E+00
+0.000000E+00
+0.000000E+00
+9.9999904632568339E+00
+9.9999904632568339E+00
+1.902195E-01
-2.336624E-01
+3.114653E-01
-2.143506E-01
+4.506792E-01
-1.483487E-01
+5.950726E-01
-1.978100E-02
+7.236474E-01
+1.859631E-01
+5.594345E-01
+2.215373E-01
+4.246445E-01
+2.334051E-01
+3.157529E-01
+2.292983E-01
+2.291646E-01
+2.150388E-01
+2.721375E-01
+2.259289E-01
+3.211583E-01
+2.352280E-01
+3.768649E-01
+2.423269E-01
+4.399320E-01
+2.464969E-01
+4.188991E-01
+8.136670E-02
+3.581920E-01
-4.574425E-02
+2.756904E-01
-1.317799E-01
+1.865725E-01
-1.790275E-01
+2.734954E-01
-7.788120E-02
+3.058705E-01
+6.517003E-02
+2.636593E-01
+2.208494E-01
+1.424679E-01
+3.503879E-01
+3.400465E-01
+2.117641E-01
+4.232059E-01
-2.995061E-02
+3.441648E-01
-2.888790E-01
+1.153723E-01
-4.616864E-01
+1.174144E-01
-3.330962E-01
+1.099640E-01
-2.379401E-01
+9.782912E-02
-1.681496E-01
+8.400024E-02
-1.174275E-01
+1.173179E-01
-1.430217E-01
+1.620764E-01
-1.729253E-01
+2.218260E-01
-2.073708E-01
+3.011245E-01
-2.463554E-01
+3.834601E-01
-1.450974E-01
+4.317465E-01
-1.632233E-02
+4.367875E-01
+1.285206E-01
+3.932373E-01
+2.749088E-01
+2.627607E-01
+2.728308E-01
+1.620043E-01
+2.513548E-01
+8.722399E-02
+2.193771E-01
+3.416487E-02
+1.832197E-01
+1.150309E-01
+2.461132E-01
+2.520900E-01
+3.053830E-01
+4.671313E-01
+3.390473E-01
+7.828890E-01
+3.081370E-01
+7.474311E-01
+2.679324E-01
+7.128171E-01
+2.310374E-01
+6.790954E-01
+1.972399E-01
+6.463054E-01
+1.663385E-01
+4.594737E-01
+2.167372E-01
+3.125761E-01
+2.277201E-01
+2.011706E-01
+2.149384E-01
+1.196990E-01
+1.894602E-01
+1.404016E-01
+2.293929E-01
+1.645625E-01
+2.776648E-01
+1.927309E-01
+3.360028E-01
+2.255365E-01
+4.064884E-01
+3.112618E-01
+4.263634E-01
+4.106545E-01
+4.367146E-01
+5.241099E-01
+4.344133E-01
+6.516343E-01
+4.158787E-01
+5.924505E-01
+3.431069E-01
+5.373059E-01
+2.809760E-01
+4.861419E-01
+2.281059E-01
+4.388530E-01
+1.832784E-01
+5.537361E-01
+4.478013E-02
+6.312238E-01
-1.506129E-01
+6.465915E-01
-3.956674E-01
+5.749961E-01
-6.734036E-01
+6.550878E-01
-5.131847E-01
+6.990174E-01
-3.506824E-01
+7.092117E-01
-1.928134E-01
+6.891941E-01
-4.549629E-02
+7.232412E-01
+3.372402E-02
+7.493821E-01
+1.202496E-01
+7.664279E-01
+2.134541E-01
+7.732140E-01
+3.125451E-01
+8.137575E-01
+1.629033E-01
+8.257829E-01
+9.096237E-03
+8.091532E-01
-1.435203E-01
+7.647236E-01
-2.896838E-01
+7.467273E-01
-1.472113E-01
+7.081102E-01
-1.925576E-02
+6.528214E-01
+9.217860E-02
+5.847953E-01
+1.858651E-01
+6.584340E-01
+2.298597E-01
+7.406868E-01
+2.821962E-01
+8.324593E-01
+3.442854E-01
+9.347349E-01
+4.177588E-01
+7.153254E-01
+3.136014E-01
+5.473846E-01
+2.353389E-01
+4.188469E-01
+1.765501E-01
+3.204736E-01
+1.324023E-01
+3.699326E-01
+2.299598E-02
+3.820899E-01
-1.047689E-01
+3.501685E-01
-2.381912E-01
+2.717101E-01
-3.620806E-01
+3.250610E-01
-4.265154E-01
+3.888287E-01
-5.023729E-01
+4.650367E-01
-5.916692E-01
+5.561005E-01
-6.967758E-01
+5.017012E-01
-5.528506E-01
+4.486068E-01
-4.354488E-01
+3.980091E-01
-3.401448E-01
+3.506697E-01
-2.631766E-01
+4.019334E-01
-3.462763E-01
+4.570584E-01
-4.507747E-01
+5.151027E-01
-5.814217E-01
+5.745433E-01
-7.438754E-01
+6.394812E-01
-6.886126E-01
+6.991318E-01
-6.277026E-01
+7.530066E-01
-5.616495E-01
+8.006648E-01
-4.909986E-01
+7.211844E-01
-4.522573E-01
+6.495031E-01
-4.164250E-01
+5.848638E-01
-3.832996E-01
+5.265814E-01
-3.526912E-01
+6.368197E-01
-3.544672E-01
+7.633289E-01
-3.460887E-01
+9.075266E-01
-3.245355E-01
+1.070751E+00
-2.862125E-01
+1.150202E+00
-2.715278E-01
+1.234422E+00
-2.533888E-01
+1.323619E+00
-2.314188E-01
+1.418000E+00
-2.052096E-01
+1.457991E+00
-2.017132E-01
+1.499050E+00
-1.978649E-01
+1.541205E+00
-1.936484E-01
+1.584481E+00
-1.890465E-01
+1.571524E+00
-1.760783E-01
+1.558593E+00
-1.633193E-01
+1.545687E+00
-1.507673E-01
+1.532809E+00
-1.384203E-01
+1.539222E+00
-1.095852E-01
+1.545102E+00
-8.055694E-02
+1.550444E+00
-5.134522E-02
+1.555244E+00
-2.195982E-02
+1.547461E+00
-7.853979E-03
+1.539591E+00
+6.109443E-03
+1.531635E+00
+1.993040E-02
+1.523596E+00
+3.360886E-02
+1.505428E+00
+7.166557E-02
+1.486505E+00
+1.088313E-01
+1.466860E+00
+1.450970E-01
+1.446522E+00
+1.804547E-01
+1.406480E+00
+2.167672E-01
+1.366384E+00
+2.510759E-01
+1.326294E+00
+2.834278E-01
+1.286263E+00
+3.138705E-01
+1.229264E+00
+4.753541E-01
+1.152218E+00
+6.274172E-01
+1.056597E+00
+7.676018E-01
+9.441696E-01
+8.936699E-01
+1.028583E+00
+9.143029E-01
+1.118582E+00
+9.333392E-01
+1.214437E+00
+9.505011E-01
+1.316426E+00
+9.654859E-01
+1.452906E+00
+1.000722E+00
+1.601459E+00
+1.034411E+00
+1.763002E+00
+1.066042E+00
+1.938510E+00
+1.095033E+00
+1.942438E+00
+1.091577E+00
+1.946361E+00
+1.088110E+00
+1.950280E+00
+1.084631E+00
+1.954195E+00
+1.081141E+00
+1.898712E+00
+9.260660E-01
+1.838744E+00
+7.822789E-01
+1.775088E+00
+6.493729E-01
+1.708477E+00
+5.269259E-01
+1.646602E+00
+5.622052E-01
+1.585389E+00
+5.947250E-01
+1.524899E+00
+6.245800E-01
+1.465190E+00
+6.518641E-01
+1.365326E+00
+6.325794E-01
+1.271909E+00
+6.130553E-01
+1.184542E+00
+5.933994E-01
+1.102856E+00
+5.737060E-01
+1.050677E+00
+5.138787E-01
+1.000203E+00
+4.588249E-01
+9.514459E-01
+4.082209E-01
+9.044074E-01
+3.617627E-01
+7.411655E-01
+2.588473E-01
+6.060396E-01
+1.818372E-01
+4.944798E-01
+1.246770E-01
+4.026067E-01
+8.265422E-02
+3.328570E-01
+5.104520E-02
+2.744785E-01
+2.805389E-02
+2.257604E-01
+1.164584E-02
+1.852184E-01
+2.267658E-04
+2.591738E-01
+1.030684E-01
+3.056569E-01
+2.880704E-01
+2.681007E-01
+5.728536E-01
+5.753859E-02
+9.507056E-01
-1.285265E-01
+9.260775E-01
-3.028292E-01
+8.663839E-01
-4.590291E-01
+7.752193E-01
-5.917193E-01
+6.572693E-01
-1.957614E-01
+8.161915E-01
+2.064522E-01
+7.693721E-01
+5.206865E-01
+5.481318E-01
+6.825386E-01
+2.212793E-01
+2.260562E-01
+4.208445E-01
-8.527811E-02
+3.064138E-01
-1.821731E-01
+1.079632E-01
-1.372969E-01
-3.205638E-02
-1.944250E-01
+3.219134E-02
-2.337465E-01
+1.457475E-01
-2.236565E-01
+3.134169E-01
-1.207796E-01
+5.244671E-01
-1.128606E-01
+5.387841E-01
-1.044718E-01
+5.532645E-01
-9.559919E-02
+5.679020E-01
-8.622847E-02
+5.826904E-01
+8.647396E-02
+5.448965E-01
+2.301957E-01
+4.626558E-01
+3.355464E-01
+3.488302E-01
+3.977439E-01
+2.175485E-01
+4.085415E-01
+1.531986E-01
+4.100801E-01
+9.041901E-02
+4.030107E-01
+3.039456E-02
+3.881139E-01
-2.583442E-02
+4.870755E-01
-7.982503E-02
+6.055060E-01
-1.600528E-01
+7.453373E-01
-2.757874E-01
+9.078811E-01
-4.389728E-01
+1.016492E+00
-4.196636E-01
+1.133491E+00
-3.916789E-01
+1.259064E+00
-3.537117E-01
+1.393332E+00
-3.043270E-01
+1.362142E+00
-1.970311E-01
+1.324733E+00
-9.589727E-02
+1.281762E+00
-1.122850E-03
+1.233876E+00
+8.714740E-02
+1.212769E+00
+9.369101E-02
+1.191971E+00
+9.998889E-02
+1.171478E+00
+1.060472E-01
+1.151287E+00
+1.118719E-01
+1.118742E+00
+1.106433E-01
+1.087114E+00
+1.093952E-01
+1.056376E+00
+1.081295E-01
+1.026506E+00
+1.068482E-01
+1.022982E+00
+9.441118E-02
+1.019330E+00
+8.207284E-02
+1.015551E+00
+6.983431E-02
+1.011648E+00
+5.769657E-02
+1.014440E+00
+5.282519E-02
+1.017213E+00
+4.792789E-02
+1.019969E+00
+4.300474E-02
+1.022708E+00
+3.805576E-02
+1.015665E+00
+2.205105E-02
+1.008428E+00
+6.273986E-03
+1.001003E+00
-9.274164E-03
+9.933945E-01
-2.459222E-02
+1.007260E+00
-4.289483E-02
+1.020994E+00
-6.171159E-02
+1.034586E+00
-8.104758E-02
+1.048025E+00
-1.009076E-01
+1.055094E+00
-1.183051E-01
+1.061946E+00
-1.359582E-01
+1.068577E+00
-1.538654E-01
+1.074978E+00
-1.720255E-01
+1.104830E+00
-2.274798E-01
+1.133181E+00
-2.862540E-01
+1.159826E+00
-3.483959E-01
+1.184550E+00
-4.139450E-01
+1.176293E+00
-4.816665E-01
+1.164342E+00
-5.497342E-01
+1.148637E+00
-6.179565E-01
+1.129127E+00
-6.861352E-01
+1.046712E+00
-7.347630E-01
+9.640108E-01
-7.764663E-01
+8.814746E-01
-8.114637E-01
+7.995258E-01
-8.399948E-01
+7.912062E-01
-8.335141E-01
+7.829700E-01
-8.270804E-01
+7.748166E-01
-8.206936E-01
+7.667452E-01
-8.143534E-01
+7.970561E-01
-7.727124E-01
+8.252243E-01
-7.300552E-01
+8.512216E-01
-6.864871E-01
+8.750256E-01
-6.421141E-01
+9.003418E-01
-6.593660E-01
+9.263893E-01
-6.770796E-01
+9.531890E-01
-6.952671E-01
+9.807631E-01
-7.139417E-01
+1.026381E+00
-7.599741E-01
+1.074012E+00
-8.088242E-01
+1.123737E+00
-8.606578E-01
+1.175641E+00
-9.156493E-01
+1.209698E+00
-9.671854E-01
+1.244411E+00
-1.021198E+00
+1.279772E+00
-1.077791E+00
+1.315774E+00
-1.137075E+00
+1.311288E+00
-1.385287E+00
+1.279168E+00
-1.655687E+00
+1.214455E+00
-1.947272E+00
+1.111851E+00
-2.258400E+00
+5.938886E-01
-2.525949E+00
+1.165915E-02
-2.674758E+00
-6.076311E-01
-2.689418E+00
-1.233088E+00
-2.560747E+00
-8.836285E-01
-1.740182E+00
-6.318330E-01
-1.181898E+00
-4.508848E-01
-8.022632E-01
-3.211616E-01
-5.442518E-01
+9.128039E-02
-5.304717E-01
+3.515825E-01
-2.942633E-01
+3.905053E-01
+2.589892E-03
+2.522194E-01
+2.168526E-01
+4.076485E-01
+2.986136E-01
+6.527258E-01
+4.040666E-01
+1.036384E+00
+5.348018E-01
+1.632923E+00
+6.874415E-01
+1.378356E+00
+4.019929E-01
+1.146940E+00
+1.957983E-01
+9.415151E-01
+5.126094E-02
+7.627309E-01
-4.604890E-02
+7.202717E-01
-1.887625E-01
+6.526059E-01
-3.171089E-01
+5.635742E-01
-4.269397E-01
+4.576357E-01
-5.150189E-01
+6.440001E-01
-5.406932E-01
+8.735972E-01
-5.386254E-01
+1.150476E+00
-4.953858E-01
+1.477142E+00
-3.940409E-01
+1.498356E+00
-4.783627E-01
+1.515964E+00
-5.660688E-01
+1.529700E+00
-6.570727E-01
+1.539290E+00
-7.512745E-01
+1.733065E+00
-7.965475E-01
+1.949959E+00
-8.419360E-01
+2.192592E+00
-8.868550E-01
+2.463870E+00
-9.305841E-01
+2.433983E+00
-2.358238E+00
+1.669008E+00
-4.028895E+00
-8.824517E-02
-5.610808E+00
-2.971927E+00
-6.580766E+00
-3.160771E+00
-4.323302E+00
-2.953552E+00
-2.655953E+00
-2.548855E+00
-1.477335E+00
-2.075359E+00
-6.835743E-01
-2.327620E+00
-3.740101E-01
-2.543525E+00
-1.165528E-03
-2.709899E+00
+4.328887E-01
-2.813056E+00
+9.236971E-01
-2.834611E+00
+1.518320E+00
-2.745559E+00
+2.158375E+00
-2.529638E+00
+2.826169E+00
-2.172790E+00
+3.499714E+00
-1.740289E+00
+3.043184E+00
-1.386496E+00
+2.641624E+00
-1.097954E+00
+2.289235E+00
-8.633939E-01
+1.980670E+00
-1.172632E+00
+2.153383E+00
-1.539356E+00
+2.317936E+00
-1.970260E+00
+2.467559E+00
-2.472231E+00
+2.593931E+00
-8.746480E-01
+2.617602E+00
+2.469195E-01
+2.111231E+00
+8.631357E-01
+1.391116E+00
+1.057067E+00
+6.873771E-01
+1.298178E+00
+5.831068E-01
+1.548974E+00
+4.249724E-01
+1.801220E+00
+2.050860E-01
+2.044366E+00
-8.391897E-02
+2.070750E+00
-2.000319E-02
+2.095411E+00
+4.549157E-02
+2.118278E+00
+1.125290E-01
+2.139284E+00
+1.810700E-01
+1.987960E+00
+4.160543E-01
+1.818842E+00
+6.193009E-01
+1.636667E+00
+7.906998E-01
+1.445893E+00
+9.306911E-01
+1.761807E+00
+7.185019E-01
+2.062308E+00
+4.235110E-01
+2.329219E+00
+4.158892E-02
+2.541934E+00
-4.280617E-01
+2.160000E+00
-2.828080E-01
+1.832947E+00
-1.719620E-01
+1.553309E+00
-8.847521E-02
+1.314558E+00
-2.662629E-02
+1.296914E+00
+1.965666E-02
+1.277902E+00
+6.466945E-02
+1.257587E+00
+1.083823E-01
+1.236033E+00
+1.507681E-01
+1.235671E+00
+1.527968E-01
+1.235306E+00
+1.548247E-01
+1.234938E+00
+1.568519E-01
+1.234566E+00
+1.588781E-01
+1.236879E+00
+1.366940E-01
+1.238794E+00
+1.144781E-01
+1.240309E+00
+9.223752E-02
+1.241426E+00
+6.997938E-02
+1.233690E+00
+9.374307E-02
+1.225531E+00
+1.172344E-01
+1.216958E+00
+1.404465E-01
+1.207978E+00
+1.633727E-01
+1.220674E+00
+1.746281E-01
+1.233429E+00
+1.861120E-01
+1.246242E+00
+1.978275E-01
+1.259113E+00
+2.097778E-01
+1.309211E+00
+2.101696E-01
+1.361253E+00
+2.102687E-01
+1.415313E+00
+2.100516E-01
+1.471467E+00
+2.094939E-01
+1.503244E+00
+2.001940E-01
+1.535579E+00
+1.904128E-01
+1.568480E+00
+1.801356E-01
+1.601954E+00
+1.693468E-01
+1.640594E+00
+1.607548E-01
+1.680067E+00
+1.516601E-01
+1.720388E+00
+1.420447E-01
+1.761573E+00
+1.318898E-01
+1.825866E+00
+9.792201E-02
+1.891659E+00
+6.136251E-02
+1.958943E+00
+2.208825E-02
+2.027714E+00
-2.002822E-02
+2.099955E+00
-7.252081E-02
+2.173448E+00
-1.287414E-01
+2.248143E+00
-1.888556E-01
+2.323981E+00
-2.530336E-01
+2.439415E+00
-3.222652E-01
+2.559217E+00
-3.978986E-01
+2.683462E+00
-4.803739E-01
+2.812214E+00
-5.701560E-01
+2.834951E+00
-6.839823E-01
+2.853798E+00
-8.004381E-01
+2.868596E+00
-9.194192E-01
+2.879187E+00
-1.040815E+00
+3.051761E+00
-1.094507E+00
+3.234656E+00
-1.150905E+00
+3.428487E+00
-1.210142E+00
+3.633908E+00
-1.272353E+00
+3.538594E+00
-8.992344E-01
+3.417483E+00
-5.547201E-01
+3.274390E+00
-2.393749E-01
+3.112958E+00
+4.658613E-02
+3.711560E+00
-8.967066E-03
+4.423930E+00
-8.758791E-02
+5.271438E+00
-1.960621E-01
+6.279405E+00
-3.429210E-01
+6.743487E+00
-5.119857E-01
+7.238593E+00
-7.043466E-01
+7.766517E+00
-9.224619E-01
+8.329142E+00
-1.169016E+00
+9.452394E+00
-9.512159E-01
+1.071054E+01
-6.557399E-01
+1.211748E+01
-2.666324E-01
+1.368823E+01
+2.347314E-01
+1.991996E+01
+1.243717E+01
+1.830365E+01
+3.588482E+01
-4.786346E+00
+6.893465E+01
-6.793410E+01
+9.713420E+01
-3.141802E-01
+8.141652E+01
+3.169625E+01
+4.607331E+01
+3.592605E+01
+1.359442E+01
+2.559821E+01
-6.392077E+00
+2.132215E+01
-3.869645E+00
+1.768258E+01
-2.030997E+00
+1.460125E+01
-7.187315E-01
+1.200559E+01
+1.919719E-01
+1.187206E+01
+4.450602E+00
+1.022825E+01
+8.638647E+00
+7.107459E+00
+1.222064E+01
+2.732760E+00
+1.467583E+01
+5.824544E+00
+1.569440E+01
+9.435613E+00
+1.622901E+01
+1.352799E+01
+1.612959E+01
+1.803102E+01
+1.523760E+01
+1.111481E+01
+1.297358E+01
+6.436637E+00
+1.055507E+01
+3.375068E+00
+8.285490E+00
+1.451032E+00
+6.309573E+00
-7.103401E-01
+7.146251E+00
-3.278651E+00
+7.259902E+00
-6.018527E+00
+6.469384E+00
-8.618383E+00
+4.667685E+00
-9.684542E+00
+3.676374E+00
-1.066180E+01
+2.487943E+00
-1.151821E+01
+1.105542E+00
-1.222073E+01
-4.630271E-01
-1.941333E+01
+5.996821E+00
-2.713566E+01
+2.008072E+01
-3.149440E+01
+4.640836E+01
-2.384468E+01
+9.008046E+01
-6.231376E+00
+5.363088E+01
+8.578964E-01
+3.127189E+01
+3.076014E+00
+1.786335E+01
+3.240133E+00
+9.990351E+00
-5.811356E-01
+9.571153E+00
-3.688482E+00
+7.939471E+00
-5.784444E+00
+5.515723E+00
-6.756574E+00
+2.756478E+00
-1.066622E+01
+4.391864E+00
-1.683796E+01
+6.996999E+00
-2.658049E+01
+1.114663E+01
-4.195960E+01
+1.775601E+01
-3.109932E+01
+3.277044E+01
-1.527693E+01
+4.211242E+01
+2.807120E+00
+4.433175E+01
+2.012351E+01
+3.918081E+01
+2.642368E+01
+6.583101E+01
+3.255033E+01
+1.095061E+02
+3.585873E+01
+1.804557E+02
+3.057872E+01
+2.947205E+02
+6.470500E+01
+1.774825E+02
+6.758839E+01
+9.968788E+01
+5.728262E+01
+5.113718E+01
+4.336578E+01
+2.271833E+01
+3.649152E+01
+1.953112E+01
+3.070388E+01
+1.678513E+01
+2.583152E+01
+1.442030E+01
+2.173009E+01
+1.238455E+01
+1.670700E+01
+1.114300E+01
+1.275374E+01
+9.865724E+00
+9.659353E+00
+8.620069E+00
+7.251090E+00
+7.448112E+00
+6.730222E+00
+7.951867E+00
+6.174357E+00
+8.419195E+00
+5.586043E+00
+8.847665E+00
+4.967990E+00
+9.235029E+00
+6.131644E+00
+6.263827E+00
+6.376933E+00
+3.607893E+00
+5.957854E+00
+1.418154E+00
+5.113395E+00
-2.431034E-01
+3.671800E+00
+2.242767E+00
+1.496422E+00
+3.292094E+00
-5.118262E-01
+2.995976E+00
-1.769189E+00
+1.842734E+00
-2.015762E+00
+1.878752E+00
-2.283483E+00
+1.902784E+00
-2.573263E+00
+1.912640E+00
-2.885948E+00
+1.905906E+00
-3.227760E+00
+9.499284E-01
-3.273126E+00
-3.672709E-02
-3.034009E+00
-9.673940E-01
-2.546244E+00
-1.764869E+00
-2.857416E+00
-1.757180E+00
-3.193379E+00
-1.730428E+00
-3.555015E+00
-1.681596E+00
-3.943098E+00
-1.607375E+00
-2.625526E+00
-1.072135E+00
-1.748215E+00
-7.151224E-01
-1.164054E+00
-4.769911E-01
-7.750884E-01
-3.181551E-01
-6.622609E-01
-1.375580E-01
-5.459472E-01
-1.096998E-02
-4.348748E-01
+7.224111E-02
-3.343933E-01
+1.218065E-01
-3.646210E-01
+5.903155E-02
-3.832069E-01
-1.085196E-02
-3.885404E-01
-8.571433E-02
-3.793938E-01
-1.630704E-01
-3.884416E-01
-1.836298E-01
-3.970870E-01
-2.053428E-01
-4.052711E-01
-2.282404E-01
-4.129316E-01
-2.523528E-01
-3.910313E-01
-2.217278E-01
-3.697683E-01
-1.939619E-01
-3.491840E-01
-1.688307E-01
-3.293096E-01
-1.461250E-01
-4.426026E-01
-6.030419E-02
-5.478817E-01
+8.101080E-02
-6.244568E-01
+2.856424E-01
-6.449889E-01
+5.557612E-01
-4.893880E-01
+7.547024E-01
-2.726483E-01
+9.103371E-01
-6.741262E-03
+1.003939E+00
+2.906439E-01
+1.020067E+00
-8.106609E-02
+1.470347E+00
-7.729815E-01
+1.892703E+00
-1.872426E+00
+2.133250E+00
-3.424222E+00
+1.950460E+00
-3.733894E+00
+5.654870E-01
-3.534032E+00
-7.797538E-01
-2.892155E+00
-1.914040E+00
-1.927596E+00
-2.707487E+00
-1.355618E+00
-2.488623E+00
-8.937398E-01
-2.245002E+00
-5.275907E-01
-1.991654E+00
-2.434723E-01
-1.739836E+00
+8.251391E-02
-1.686632E+00
+3.807860E-01
-1.577854E+00
+6.429084E-01
-1.421576E+00
+8.623644E-01
-1.226934E+00
+7.620345E-01
-1.017850E+00
+6.716896E-01
-8.432096E-01
+5.906831E-01
-6.975061E-01
+5.183266E-01
-5.760878E-01
+8.353194E-01
-5.447277E-01
+1.219119E+00
-4.007576E-01
+1.648702E+00
-9.463261E-02
+2.081521E+00
+4.282966E-01
+2.143226E+00
+2.284822E-01
+2.185945E+00
+2.072759E-02
+2.208721E+00
-1.931829E-01
+2.210762E+00
-4.113542E-01
+2.336625E+00
-3.382098E-01
+2.465577E+00
-2.561620E-01
+2.597393E+00
-1.646437E-01
+2.731813E+00
-6.306891E-02
+2.737089E+00
-2.016121E-01
+2.735364E+00
-3.408521E-01
+2.726584E+00
-4.804364E-01
+2.710705E+00
-6.200086E-01
+2.660053E+00
-6.729170E-01
+2.608889E+00
-7.239651E-01
+2.557262E+00
-7.731663E-01
+2.505220E+00
-8.205358E-01
+2.427594E+00
-8.736268E-01
+2.350150E+00
-9.233681E-01
+2.272979E+00
-9.698371E-01
+2.196171E+00
-1.013113E+00
+1.998864E+00
-8.018962E-01
+1.813858E+00
-6.229559E-01
+1.641251E+00
-4.721656E-01
+1.480939E+00
-3.458510E-01
+1.510055E+00
-8.765234E-02
+1.494778E+00
+1.703314E-01
+1.436029E+00
+4.205719E-01
+1.335991E+00
+6.558472E-01
+1.364560E+00
+9.294776E-01
+1.353092E+00
+1.234466E+00
+1.292741E+00
+1.567624E+00
+1.174295E+00
+1.924065E+00
+1.451028E+00
+2.071962E+00
+1.771402E+00
+2.218058E+00
+2.140525E+00
+2.359059E+00
+2.563886E+00
+2.490910E+00
+2.579370E+00
+2.868695E+00
+2.568547E+00
+3.276601E+00
+2.527205E+00
+3.715027E+00
+2.450779E+00
+4.184093E+00
+1.874151E+00
+3.123846E+00
+1.432595E+00
+2.331914E+00
+1.094629E+00
+1.740482E+00
+8.360668E-01
+1.298851E+00
+8.335119E-01
+1.067785E+00
+8.128935E-01
+8.661931E-01
+7.788452E-01
+6.917792E-01
+7.352308E-01
+5.421690E-01
+1.979787E-01
+5.647736E-01
-1.012031E-01
+3.787865E-01
-1.945433E-01
+1.677162E-01
-1.671965E-01
+1.901465E-02
-1.084228E-01
+1.261692E-01
+6.209887E-03
+1.643414E-01
+1.149677E-01
+1.149601E-01
+1.606154E-01
+6.058761E-03
+2.347559E-01
-1.327180E-03
+3.424754E-01
-1.679854E-02
+4.986816E-01
-4.619405E-02
+7.247597E-01
-9.897758E-02
+8.450671E-01
-1.756151E-01
+9.804352E-01
-2.756390E-01
+1.131624E+00
-4.044198E-01
+1.299092E+00
-5.683414E-01
+1.341118E+00
-6.427866E-01
+1.382474E+00
-7.223421E-01
+1.422942E+00
-8.072301E-01
+1.462286E+00
-8.976749E-01
+7.547923E-01
-1.763714E+00
-4.502552E-01
-2.097168E+00
-1.765421E+00
-1.623198E+00
-2.659601E+00
-3.412046E-01
-2.274955E+00
-1.791679E+00
-1.113844E+00
-2.922217E+00
+5.892016E-01
-3.325537E+00
+2.390914E+00
-2.754389E+00
+2.653347E+00
-4.185969E+00
+2.715397E+00
-6.162662E+00
+2.397586E+00
-8.831083E+00
+1.429013E+00
-1.235180E+01
-8.875259E-01
-4.351508E+00
-7.848238E-01
-1.378455E+00
-4.195821E-01
-3.806910E-01
-1.847276E-01
-8.259629E-02
-3.113109E-01
-6.466363E-02
-4.995739E-01
+5.424128E-03
-7.649723E-01
+1.763041E-01
-1.114875E+00
+5.278269E-01
-2.094540E+00
-2.779695E-01
-2.753972E+00
-2.348295E+00
-1.776459E+00
-5.939479E+00
+2.970281E+00
-1.019531E+01
+3.923921E+00
-5.799600E+00
+3.634578E+00
-2.847773E+00
+2.856682E+00
-1.053356E+00
+2.005921E+00
-8.413847E-02
+1.839349E+00
+3.340986E-01
+1.602445E+00
+6.799250E-01
+1.316470E+00
+9.455806E-01
+1.002329E+00
+1.128368E+00
+2.019489E-01
+1.186920E+00
-3.644839E-01
+8.885973E-01
-6.218900E-01
+4.475166E-01
-6.098646E-01
+4.029933E-02
-6.418129E-01
+4.691198E-01
-3.781733E-01
+9.624010E-01
+2.550514E-01
+1.320569E+00
+1.200111E+00
+1.272861E+00
+2.575184E+00
+1.248043E+00
+4.663093E+00
+4.103066E-01
+7.368031E+00
-2.084907E+00
+1.005229E+01
-7.473113E+00
+1.700025E+00
-9.537855E+00
-4.098668E+00
-6.273093E+00
-5.633899E+00
-1.360355E+00
-3.894249E+00
+2.220427E+00
-4.884185E+00
-1.029185E+00
-3.306739E+00
-4.467057E+00
+5.479031E-01
-6.164115E+00
+5.012273E+00
-4.728364E+00
+2.611238E+00
-4.664216E+00
+8.490273E-01
-4.058887E+00
-3.146256E-01
-3.201428E+00
-9.766778E-01
-2.296424E+00
-6.056367E-01
-2.290451E+00
-2.578161E-01
-2.234418E+00
+6.138403E-02
-2.134507E+00
+3.477294E-01
-1.997254E+00
+7.356666E-01
-2.019456E+00
+1.144666E+00
-1.970219E+00
+1.562313E+00
-1.842500E+00
+1.974334E+00
-1.631259E+00
+1.916894E+00
-1.818025E+00
+1.844610E+00
-2.006187E+00
+1.756952E+00
-2.194738E+00
+1.653445E+00
-2.382610E+00
+1.420124E+00
-2.798027E+00
+1.108665E+00
-3.208801E+00
+7.141436E-01
-3.603053E+00
+2.330371E-01
-3.967316E+00
+1.021408E+00
-3.573189E+00
+1.660557E+00
-3.052787E+00
+2.137781E+00
-2.447564E+00
+2.449935E+00
-1.797940E+00
+2.434345E+00
-1.994758E+00
+2.407347E+00
-2.197444E+00
+2.368228E+00
-2.405565E+00
+2.316273E+00
-2.618639E+00
+1.852002E+00
-2.442615E+00
+1.457725E+00
-2.258023E+00
+1.125212E+00
-2.070568E+00
+8.468894E-01
-1.884692E+00
+1.079496E+00
-2.080375E+00
+1.355426E+00
-2.287135E+00
+1.681130E+00
-2.503673E+00
+2.063824E+00
-2.728104E+00
+1.828771E+00
-2.821423E+00
+1.591699E+00
-2.896155E+00
+1.353971E+00
-2.952522E+00
+1.116911E+00
-2.990837E+00
+1.321183E+00
-2.779027E+00
+1.499720E+00
-2.558654E+00
+1.652833E+00
-2.332201E+00
+1.781025E+00
-2.102020E+00
+1.760295E+00
-2.277741E+00
+1.730402E+00
-2.460186E+00
+1.690631E+00
-2.649215E+00
+1.640239E+00
-2.844657E+00
+9.800058E-01
-2.029155E+00
+5.690115E-01
-1.437914E+00
+3.173590E-01
-1.012656E+00
+1.664419E-01
-7.089874E-01
+9.210612E-01
-1.238238E+00
+2.834265E+00
-1.631370E+00
+6.885419E+00
-7.835318E-01
+1.404769E+01
+4.278728E+00
+9.579840E+00
-1.542083E+00
+5.237210E+00
-3.698431E+00
+2.033548E+00
-3.716452E+00
+1.270733E-01
-2.796376E+00
+6.277760E-01
-2.414653E+00
+9.937657E-01
-1.989264E+00
+1.234226E+00
-1.550707E+00
+1.362803E+00
-1.123876E+00
+1.255122E+00
-1.859543E+00
+8.590704E-01
-2.716768E+00
+6.802689E-02
-3.618205E+00
-1.220013E+00
-4.431264E+00
-4.754865E-01
-3.880449E+00
+8.249755E-02
-3.324367E+00
+4.828592E-01
-2.787053E+00
+7.529229E-01
-2.285135E+00
+1.104283E+00
-1.982167E+00
+1.375717E+00
-1.639008E+00
+1.565973E+00
-1.272864E+00
+1.676958E+00
-8.998905E-01
+1.767109E+00
-1.292730E+00
+1.807171E+00
-1.754686E+00
+1.779140E+00
-2.287401E+00
+1.662244E+00
-2.889874E+00
+1.646509E+00
-2.649756E+00
+1.624153E+00
-2.425696E+00
+1.596116E+00
-2.216863E+00
+1.563248E+00
-2.022451E+00
+1.388810E+00
-2.062194E+00
+1.216982E+00
-2.089690E+00
+1.048465E+00
-2.105464E+00
+8.839064E-01
-2.110075E+00
