Hz,real,imaginary,V^2 (rms)
9.999990,3.270123E-6,3.855368E-9,3.270125E-6
10.057721,3.312123E-6,1.657676E-8,3.312164E-6
10.115785,3.354614E-6,2.962435E-8,3.354745E-6
10.174184,3.397600E-6,4.300423E-8,3.397872E-6
10.232920,3.441085E-6,5.672256E-8,3.441552E-6
10.291995,3.423904E-6,3.211024E-8,3.424055E-6
10.351412,3.406637E-6,7.745104E-9,3.406646E-6
10.411171,3.389285E-6,-1.637349E-8,3.389325E-6
10.471275,3.371852E-6,-4.024618E-8,3.372092E-6
10.531727,3.268676E-6,-2.200281E-9,3.268677E-6
10.592527,3.168255E-6,3.355014E-8,3.168433E-6
10.653678,3.070529E-6,6.710571E-8,3.071262E-6
10.715183,2.975441E-6,9.856335E-8,2.977073E-6
10.777042,2.897990E-6,8.281694E-8,2.899173E-6
10.839258,2.822497E-6,6.782544E-8,2.823312E-6
10.901834,2.748913E-6,5.356043E-8,2.749435E-6
10.964771,2.677194E-6,3.999444E-8,2.677493E-6
11.028071,2.727731E-6,4.829677E-8,2.728159E-6
11.091737,2.779201E-6,5.689861E-8,2.779783E-6
11.155770,2.831620E-6,6.580826E-8,2.832385E-6
11.220173,2.885005E-6,7.503416E-8,2.885981E-6
11.284948,2.870253E-6,7.675284E-8,2.871279E-6
11.350097,2.855576E-6,7.845202E-8,2.856653E-6
11.415622,2.840973E-6,8.013185E-8,2.842103E-6
11.481525,2.826443E-6,8.179248E-8,2.827626E-6
11.547808,2.807955E-6,8.177349E-8,2.809145E-6
11.614474,2.789589E-6,8.175126E-8,2.790787E-6
11.681525,2.771343E-6,8.172583E-8,2.772548E-6
11.748964,2.753217E-6,8.169728E-8,2.754429E-6
11.816791,2.724607E-6,7.036212E-8,2.725515E-6
11.885010,2.696254E-6,5.925491E-8,2.696905E-6
11.953623,2.668157E-6,4.837226E-8,2.668595E-6
12.022632,2.640314E-6,3.771083E-8,2.640583E-6
12.092039,2.618436E-6,5.867894E-8,2.619093E-6
12.161847,2.596568E-6,7.929942E-8,2.597779E-6
12.232059,2.574712E-6,9.957520E-8,2.576637E-6
12.302675,2.552872E-6,1.195092E-7,2.555668E-6
12.373699,2.533230E-6,1.221929E-7,2.536175E-6
12.445133,2.513734E-6,1.248284E-7,2.516831E-6
12.516980,2.494383E-6,1.274163E-7,2.497635E-6
12.589241,2.475175E-6,1.299572E-7,2.478584E-6
12.661919,2.478474E-6,1.188070E-7,2.481320E-6
12.735017,2.481726E-6,1.076295E-7,2.484059E-6
12.808537,2.484930E-6,9.642495E-8,2.486800E-6
12.882482,2.488089E-6,8.519366E-8,2.489547E-6
12.956853,2.515053E-6,1.160515E-7,2.517729E-6
13.031654,2.541949E-6,1.475805E-7,2.546230E-6
13.106887,2.568770E-6,1.797874E-7,2.575054E-6
13.182553,2.595504E-6,2.126788E-7,2.604203E-6
13.258657,2.536773E-6,2.004777E-7,2.544682E-6
13.335200,2.479350E-6,1.887215E-7,2.486522E-6
13.412185,2.423207E-6,1.773965E-7,2.429692E-6
13.489614,2.368314E-6,1.664892E-7,2.374159E-6
13.567491,2.411553E-6,1.903339E-7,2.419052E-6
13.645817,2.455399E-6,2.150066E-7,2.464795E-6
13.724595,2.499857E-6,2.405282E-7,2.511402E-6
13.803828,2.544928E-6,2.669199E-7,2.558887E-6
13.883518,2.492328E-6,2.476958E-7,2.504606E-6
13.963668,2.440742E-6,2.291601E-7,2.451476E-6
14.044282,2.390153E-6,2.112926E-7,2.399474E-6
14.125360,2.340541E-6,1.940738E-7,2.348573E-6
14.206907,2.409258E-6,1.907996E-7,2.416801E-6
14.288924,2.479959E-6,1.871688E-7,2.487012E-6
14.371415,2.552699E-6,1.831634E-7,2.559262E-6
14.454382,2.627535E-6,1.787645E-7,2.633609E-6
14.537828,2.604740E-6,1.854927E-7,2.611336E-6
14.621756,2.582116E-6,1.920926E-7,2.589251E-6
14.706168,2.559664E-6,1.985656E-7,2.567354E-6
14.791067,2.537382E-6,2.049135E-7,2.545643E-6
14.876457,2.478328E-6,1.835401E-7,2.485115E-6
14.962340,2.420541E-6,1.630594E-7,2.426027E-6
15.048718,2.363995E-6,1.434417E-7,2.368343E-6
15.135596,2.308668E-6,1.246586E-7,2.312031E-6
15.222974,2.294866E-6,1.258405E-7,2.298314E-6
15.310857,2.281144E-6,1.270039E-7,2.284677E-6
15.399248,2.267503E-6,1.281490E-7,2.271121E-6
15.488149,2.253942E-6,1.292760E-7,2.257646E-6
15.577563,2.258527E-6,8.730964E-8,2.260214E-6
15.667493,2.262333E-6,4.521725E-8,2.262785E-6
15.757942,2.265358E-6,3.013227E-9,2.265360E-6
15.848914,2.267594E-6,-3.928793E-8,2.267934E-6
15.940411,2.287912E-6,-3.543041E-8,2.288186E-6
16.032436,2.308404E-6,-3.150076E-8,2.308619E-6
16.124992,2.329072E-6,-2.749799E-8,2.329234E-6
16.218082,2.349916E-6,-2.342114E-8,2.350033E-6
16.311710,2.389702E-6,-1.914319E-9,2.389703E-6
16.405879,2.429959E-6,2.032545E-8,2.430044E-6
16.500591,2.470686E-6,4.331489E-8,2.471066E-6
16.595850,2.511884E-6,6.707102E-8,2.512779E-6
16.691659,2.451230E-6,4.507462E-8,2.451644E-6
16.788021,2.391875E-6,2.410581E-8,2.391996E-6
16.884939,2.333796E-6,4.129035E-9,2.333800E-6
16.982417,2.276970E-6,-1.489022E-8,2.277019E-6
17.080457,2.297192E-6,-2.504529E-8,2.297329E-6
17.179064,2.317549E-6,-3.537986E-8,2.317819E-6
17.278240,2.338043E-6,-4.589611E-8,2.338493E-6
17.377988,2.358671E-6,-5.659624E-8,2.359350E-6
17.478312,2.304951E-6,-1.464342E-8,2.304998E-6
17.579215,2.251754E-6,2.541094E-8,2.251897E-6
17.680701,2.199100E-6,6.361989E-8,2.200020E-6
17.782773,2.147010E-6,1.000356E-7,2.149339E-6
17.885434,2.119666E-6,8.946208E-8,2.121553E-6
17.988688,2.092629E-6,7.914352E-8,2.094125E-6
18.092538,2.065897E-6,6.907531E-8,2.067051E-6
18.196987,2.039467E-6,5.925288E-8,2.040328E-6
18.302039,2.017148E-6,8.068439E-8,2.018761E-6
18.407698,1.994835E-6,1.016467E-7,1.997423E-6
18.513967,1.972532E-6,1.221448E-7,1.976310E-6
18.620849,1.950244E-6,1.421838E-7,1.955420E-6
18.728348,1.697705E-6,1.133524E-7,1.701485E-6
18.836468,1.477812E-6,8.960779E-8,1.480526E-6
18.945212,1.286352E-6,7.011573E-8,1.288261E-6
19.054584,1.119656E-6,5.417278E-8,1.120966E-6
19.164587,1.064703E-6,7.384543E-8,1.067261E-6
19.275226,1.012004E-6,9.147803E-8,1.016130E-6
19.386503,9.614889E-7,1.072136E-7,9.674480E-7
19.498422,9.130913E-7,1.211867E-7,9.210982E-7
19.610988,7.444222E-7,-3.587772E-8,7.452863E-7
19.724203,5.873894E-7,-1.364597E-7,6.030320E-7
19.838072,4.478063E-7,-1.937659E-7,4.879300E-7
19.952599,3.283863E-7,-2.191521E-7,3.947977E-7
20.067786,7.217764E-7,-3.675320E-7,8.099635E-7
20.183639,1.558973E-6,-5.752356E-7,1.661714E-6
20.300160,3.314670E-6,-7.970704E-7,3.409158E-6
20.417354,6.945160E-6,-8.267946E-7,6.994200E-6
20.535225,6.862935E-6,-7.413685E-7,6.902862E-6
20.653776,6.780871E-6,-6.579459E-7,6.812716E-6
20.773011,6.698988E-6,-5.764988E-7,6.723748E-6
20.892935,6.617307E-6,-4.969997E-7,6.635945E-6
21.013551,6.910363E-6,-5.229778E-7,6.930124E-6
21.134864,7.216395E-6,-5.502822E-7,7.237345E-6
21.256877,7.535977E-6,-5.789794E-7,7.558185E-6
21.379594,7.869712E-6,-6.091393E-7,7.893251E-6
21.503020,8.018216E-6,-5.626912E-7,8.037936E-6
21.627158,8.169099E-6,-5.143061E-7,8.185273E-6
21.752013,8.322389E-6,-4.639310E-7,8.335310E-6
21.877589,8.478113E-6,-4.115116E-7,8.488094E-6
22.003889,8.153091E-6,-4.008020E-7,8.162937E-6
22.130919,7.840525E-6,-3.903090E-7,7.850234E-6
22.258682,7.539938E-6,-3.800315E-7,7.549509E-6
22.387183,7.250876E-6,-3.699687E-7,7.260309E-6
22.516425,6.884089E-6,-3.752884E-7,6.894311E-6
22.646414,6.535777E-6,-3.791274E-7,6.546764E-6
22.777153,6.205013E-6,-3.816211E-7,6.216737E-6
22.908647,5.890914E-6,-3.828957E-7,5.903345E-6
23.040900,6.021490E-6,-5.075449E-7,6.042842E-6
23.173917,6.152678E-6,-6.376800E-7,6.185635E-6
23.307701,6.284386E-6,-7.734418E-7,6.331802E-6
23.442258,6.416516E-6,-9.149719E-7,6.481424E-6
23.577591,6.670289E-6,-9.095182E-7,6.732011E-6
23.713706,6.933832E-6,-9.022398E-7,6.992286E-6
23.850607,7.207514E-6,-8.930039E-7,7.262624E-6
23.988298,7.491715E-6,-8.816704E-7,7.543417E-6
24.126784,7.380652E-6,-8.772073E-7,7.432598E-6
24.266069,7.271226E-6,-8.726839E-7,7.323408E-6
24.406159,7.163414E-6,-8.681029E-7,7.215823E-6
24.547057,7.057193E-6,-8.634673E-7,7.109821E-6
24.688769,7.022524E-6,-1.328320E-6,7.147047E-6
24.831298,6.957305E-6,-1.792343E-6,7.184468E-6
24.974651,6.861495E-6,-2.253533E-6,7.222086E-6
25.118831,6.735183E-6,-2.709879E-6,7.259899E-6
25.263844,7.799261E-6,-3.111729E-6,8.397102E-6
25.409693,9.031361E-6,-3.572950E-6,9.712438E-6
25.556385,1.045800E-5,-4.102280E-6,1.123381E-5
25.703924,1.210988E-5,-4.709729E-6,1.299349E-5
25.852314,1.309018E-5,-4.673544E-6,1.389945E-5
26.001561,1.413735E-5,-4.605497E-6,1.486860E-5
26.151669,1.525505E-5,-4.501380E-6,1.590531E-5
26.302645,1.644709E-5,-4.356581E-6,1.701430E-5
26.454491,1.687942E-5,-4.263030E-6,1.740943E-5
26.607215,1.732065E-5,-4.162202E-6,1.781373E-5
26.760820,1.777091E-5,-4.053823E-6,1.822742E-5
26.915312,1.823033E-5,-3.937616E-6,1.865073E-5
27.070695,1.841442E-5,-3.636996E-6,1.877015E-5
27.226976,1.859430E-5,-3.331214E-6,1.889034E-5
27.384159,1.876985E-5,-3.020314E-6,1.901130E-5
27.542250,1.894095E-5,-2.704339E-6,1.913304E-5
27.701253,1.919895E-5,-2.142992E-6,1.931818E-5
27.861174,1.944194E-5,-1.568495E-6,1.950511E-5
28.022018,1.966939E-5,-9.811904E-7,1.969385E-5
28.183791,1.988076E-5,-3.814428E-7,1.988442E-5
28.346497,1.977913E-5,-2.119751E-6,1.989239E-5
28.510144,1.952575E-5,-3.843198E-6,1.990038E-5
28.674734,1.912243E-5,-5.538558E-6,1.990836E-5
28.840275,1.857214E-5,-7.192805E-6,1.991635E-5
29.006772,1.827560E-5,-7.704141E-6,1.983309E-5
29.174230,1.796543E-5,-8.204423E-6,1.975017E-5
29.342654,1.764203E-5,-8.693305E-6,1.966761E-5
29.512051,1.730579E-5,-9.170448E-6,1.958539E-5
29.682426,1.756275E-5,-8.855372E-6,1.966896E-5
29.853785,1.781435E-5,-8.533785E-6,1.975289E-5
30.026132,1.806041E-5,-8.205771E-6,1.983716E-5
30.199475,1.830081E-5,-7.871424E-6,1.992182E-5
30.373818,1.791940E-5,-7.586996E-6,1.945938E-5
30.549168,1.754528E-5,-7.311292E-6,1.900768E-5
30.725531,1.717831E-5,-7.044069E-6,1.856645E-5
30.902911,1.681839E-5,-6.785092E-6,1.813548E-5
31.081315,1.631504E-5,-5.967590E-6,1.737218E-5
31.260750,1.580745E-5,-5.200734E-6,1.664101E-5
31.441220,1.529739E-5,-4.482496E-6,1.594061E-5
31.622732,1.478650E-5,-3.810887E-6,1.526969E-5
31.805292,1.413988E-5,-3.427894E-6,1.454946E-5
31.988906,1.351857E-5,-3.071875E-6,1.386319E-5
32.173580,1.292175E-5,-2.741208E-6,1.320931E-5
32.359320,1.234859E-5,-2.434359E-6,1.258625E-5
32.546132,1.179051E-5,-1.582720E-6,1.189627E-5
32.734023,1.121477E-5,-8.115399E-7,1.124409E-5
32.922998,1.062703E-5,-1.172848E-7,1.062768E-5
33.113065,1.003241E-5,5.037037E-7,1.004505E-5
33.304228,9.703899E-6,3.873442E-7,9.711627E-6
33.496496,9.385150E-6,2.781149E-7,9.389270E-6
33.689873,9.075913E-6,1.756817E-7,9.077613E-6
33.884367,8.775938E-6,7.972414E-8,8.776300E-6
34.079983,8.530816E-6,-1.343588E-6,8.635974E-6
34.276729,8.062443E-6,-2.685362E-6,8.497891E-6
34.474611,7.390587E-6,-3.911849E-6,8.362018E-6
34.673635,6.539897E-6,-4.993488E-6,8.228315E-6
34.873808,7.399322E-6,-7.086799E-6,1.024562E-5
35.075136,8.172195E-6,-9.796371E-6,1.275749E-5
35.277627,8.752420E-6,-1.325649E-5,1.588519E-5
35.481287,8.990077E-6,-1.761860E-5,1.977970E-5
35.686123,1.147924E-5,-1.912536E-5,2.230588E-5
35.892141,1.439640E-5,-2.062769E-5,2.515468E-5
36.099348,1.779475E-5,-2.209190E-5,2.836733E-5
36.307752,2.173151E-5,-2.347596E-5,3.199030E-5
36.517359,2.500392E-5,-2.356193E-5,3.435638E-5
36.728176,2.851649E-5,-2.341437E-5,3.689747E-5
36.940210,3.226926E-5,-2.299900E-5,3.962650E-5
37.153468,3.625980E-5,-2.227907E-5,4.255737E-5
37.367957,3.782738E-5,-2.009300E-5,4.283269E-5
37.583685,3.926416E-5,-1.779829E-5,4.310978E-5
37.800658,4.056272E-5,-1.540268E-5,4.338867E-5
38.018883,4.171606E-5,-1.291445E-5,4.366936E-5
38.238368,3.563619E-5,-1.074873E-5,3.722195E-5
38.459121,3.044065E-5,-8.940519E-6,3.172643E-5
38.681148,2.600110E-5,-7.431538E-6,2.704228E-5
38.904456,2.220775E-5,-6.172911E-6,2.304971E-5
39.129054,1.818018E-5,-4.774365E-6,1.879664E-5
39.354948,1.487980E-5,-3.680968E-6,1.532834E-5
39.582147,1.217592E-5,-2.827907E-6,1.250000E-5
39.810657,9.961219E-6,-2.163859E-6,1.019354E-5
40.040486,8.822013E-6,-2.209470E-6,9.094486E-6
40.271643,7.804856E-6,-2.218136E-6,8.113933E-6
40.504133,6.897574E-6,-2.197286E-6,7.239102E-6
40.737966,6.089102E-6,-2.153202E-6,6.458594E-6
40.973149,6.801660E-6,-2.494847E-6,7.244780E-6
41.209689,7.596428E-6,-2.887382E-6,8.126666E-6
41.447595,8.482742E-6,-3.338072E-6,9.115900E-6
41.686875,9.470972E-6,-3.855187E-6,1.022555E-5
41.927536,1.124757E-5,-4.513170E-6,1.211926E-5
42.169586,1.335703E-5,-5.282508E-6,1.436367E-5
42.413033,1.586167E-5,-6.181857E-6,1.702375E-5
42.657886,1.883544E-5,-7.232961E-6,2.017646E-5
42.904153,2.177272E-5,-8.481233E-6,2.336627E-5
43.151841,2.516738E-5,-9.943188E-6,2.706038E-5
43.400959,2.909053E-5,-1.165515E-5,3.133850E-5
43.651516,3.362434E-5,-1.365959E-5,3.629298E-5
43.903519,3.930205E-5,-1.549103E-5,4.224480E-5
44.156976,4.593272E-5,-1.755385E-5,4.917268E-5
44.411897,5.367537E-5,-1.987441E-5,5.723668E-5
44.668290,6.271543E-5,-2.248151E-5,6.662315E-5
44.926163,8.253795E-5,-2.662712E-5,8.672668E-5
45.185524,1.085020E-4,-3.119181E-5,1.128965E-4
45.446383,1.424741E-4,-3.604489E-5,1.469629E-4
45.708748,1.868776E-4,-4.093826E-5,1.913091E-4
45.972627,1.933823E-4,-4.066354E-5,1.976113E-4
46.238030,2.000986E-4,-4.032333E-5,2.041211E-4
46.504965,2.070330E-4,-3.991363E-5,2.108453E-4
46.773441,2.141920E-4,-3.943027E-5,2.177911E-4
47.043467,2.000215E-4,-3.606040E-5,2.032460E-4
47.315051,1.867859E-4,-3.296431E-5,1.896724E-4
47.588204,1.744236E-4,-3.012051E-5,1.770052E-4
47.862934,1.628772E-4,-2.750912E-5,1.651839E-4
48.139249,1.619264E-4,-2.616916E-5,1.640274E-4
48.417160,1.609730E-4,-2.484531E-5,1.628791E-4
48.696675,1.600169E-4,-2.353748E-5,1.617387E-4
48.977804,1.590583E-4,-2.224557E-5,1.606064E-4
49.260556,1.535352E-4,-2.099167E-5,1.549636E-4
49.544940,1.482024E-4,-1.979822E-5,1.495190E-4
49.830966,1.430535E-4,-1.866254E-5,1.442657E-4
50.118643,1.380821E-4,-1.758206E-5,1.391970E-4
50.407981,1.379387E-4,-1.614609E-5,1.388805E-4
50.698990,1.377811E-4,-1.471490E-5,1.385646E-4
50.991678,1.376095E-4,-1.328864E-5,1.382496E-4
51.286056,1.374237E-4,-1.186743E-5,1.379352E-4
51.582133,1.399279E-4,-1.202446E-5,1.404436E-4
51.879920,1.424777E-4,-1.218327E-5,1.429976E-4
52.179426,1.450739E-4,-1.234387E-5,1.455981E-4
52.480661,1.477175E-4,-1.250630E-5,1.482460E-4
52.783635,1.486597E-4,-1.296147E-5,1.492237E-4
53.088358,1.496069E-4,-1.342201E-5,1.502078E-4
53.394841,1.505592E-4,-1.388799E-5,1.511984E-4
53.703092,1.515167E-4,-1.435944E-5,1.521956E-4
54.013124,1.482777E-4,-1.439468E-5,1.489748E-4
54.324945,1.451072E-4,-1.442192E-5,1.458221E-4
54.638566,1.420037E-4,-1.444149E-5,1.427361E-4
54.953998,1.389658E-4,-1.445370E-5,1.397154E-4
55.271250,1.299836E-4,-1.362458E-5,1.306957E-4
55.590335,1.215818E-4,-1.284227E-5,1.222582E-4
55.911261,1.137230E-4,-1.210417E-5,1.143653E-4
56.234040,1.063721E-4,-1.140784E-5,1.069821E-4
56.558683,9.509339E-5,-1.087854E-5,9.571361E-5
56.885199,8.500623E-5,-1.033369E-5,8.563203E-5
57.213601,7.598524E-5,-9.782461E-6,7.661236E-5
57.543899,6.791810E-5,-9.232270E-6,6.854271E-5
57.876103,6.138226E-5,-9.022590E-6,6.204183E-5
58.210225,5.546872E-5,-8.768677E-6,5.615753E-5
58.546276,5.011886E-5,-8.480833E-6,5.083134E-5
58.884268,4.527948E-5,-8.167805E-6,4.601026E-5
59.224210,4.767248E-5,-7.155866E-6,4.820655E-5
59.566115,5.014738E-5,-6.022194E-6,5.050769E-5
59.909994,5.270429E-5,-4.758503E-6,5.291867E-5
60.255858,5.534309E-5,-3.356115E-6,5.544476E-5
60.603719,5.458330E-5,-4.157450E-6,5.474140E-5
60.953588,5.382100E-5,-4.936935E-6,5.404696E-5
61.305476,5.305657E-5,-5.694808E-6,5.336132E-5
61.659397,5.229034E-5,-6.431314E-6,5.268436E-5
62.015360,4.410525E-5,-5.230104E-6,4.441427E-5
62.373378,3.720068E-5,-4.247456E-6,3.744238E-5
62.733464,3.137639E-5,-3.444366E-6,3.156488E-5
63.095628,2.646347E-5,-2.788689E-6,2.661000E-5
63.459883,2.135252E-5,-2.579575E-6,2.150777E-5
63.826240,1.722461E-5,-2.347643E-6,1.738386E-5
64.194713,1.389143E-5,-2.109376E-6,1.405067E-5
64.565313,1.120060E-5,-1.875774E-6,1.135658E-5
64.938053,1.160340E-5,-1.763247E-6,1.173661E-5
65.312944,1.201787E-5,-1.640672E-6,1.212934E-5
65.690000,1.244424E-5,-1.507531E-6,1.253522E-5
66.069232,1.288275E-5,-1.363287E-6,1.295468E-5
66.450654,1.349190E-5,-1.428548E-6,1.356732E-5
66.834277,1.412985E-5,-1.496933E-6,1.420892E-5
67.220116,1.479796E-5,-1.568591E-6,1.488086E-5
67.608181,1.549769E-5,-1.643681E-6,1.558461E-5
67.998488,1.410742E-5,-1.566131E-6,1.419409E-5
68.391047,1.284155E-5,-1.489301E-6,1.292762E-5
68.785873,1.168899E-5,-1.413680E-6,1.177417E-5
69.182978,1.063961E-5,-1.339667E-6,1.072362E-5
69.582375,9.428222E-6,-1.336176E-6,9.522433E-6
69.984078,8.352705E-6,-1.316372E-6,8.455798E-6
70.388101,7.398046E-6,-1.283958E-6,7.508637E-6
70.794455,6.550870E-6,-1.242015E-6,6.667571E-6
71.203156,6.125014E-6,-1.166703E-6,6.235142E-6
71.614216,5.726836E-6,-1.095935E-6,5.830757E-6
72.027650,5.354539E-6,-1.029438E-6,5.452599E-6
72.443470,5.006442E-6,-9.669559E-7,5.098967E-6
72.861690,4.286058E-6,-9.560120E-7,4.391384E-6
73.282325,3.666168E-6,-9.288081E-7,3.781993E-6
73.705388,3.133190E-6,-8.900871E-7,3.257167E-6
74.130894,2.675317E-6,-8.435966E-7,2.805170E-6
74.558856,2.063977E-6,-7.916507E-7,2.210591E-6
74.989289,1.585592E-6,-7.215209E-7,1.742037E-6
75.422207,1.212659E-6,-6.434535E-7,1.372798E-6
75.857624,9.230530E-7,-5.641913E-7,1.081822E-6
76.295554,9.978143E-7,-6.179472E-7,1.173666E-6
76.736013,1.078580E-6,-6.767411E-7,1.273308E-6
77.179015,1.165827E-6,-7.410389E-7,1.381409E-6
77.624574,1.260070E-6,-8.113490E-7,1.498687E-6
78.072705,2.211356E-6,-9.886862E-7,2.422312E-6
78.523424,3.774562E-6,-1.039773E-6,3.915156E-6
78.976744,6.284637E-6,-7.397468E-7,6.328024E-6
79.432682,1.022184E-5,3.524411E-7,1.022791E-5
79.891252,3.432691E-6,1.864097E-6,3.906178E-6
80.352469,8.549712E-7,1.222521E-6,1.491822E-6
80.816348,8.360351E-8,5.635799E-7,5.697472E-7
81.282906,-6.756930E-8,2.068370E-7,2.175940E-7
81.752157,7.351232E-8,3.655132E-7,3.728323E-7
82.224117,4.177107E-7,4.833344E-7,6.388226E-7
82.698802,1.030496E-6,3.690265E-7,1.094579E-6
83.176227,1.848341E-6,-3.179350E-7,1.875486E-6
83.656409,7.967956E-7,-5.832075E-7,9.874281E-7
84.139362,2.388920E-7,-4.617342E-7,5.198729E-7
84.625104,4.367109E-9,-2.736741E-7,2.737089E-7
85.113650,-6.210195E-8,-1.300375E-7,1.441055E-7
85.605016,-3.789994E-8,-1.487909E-7,1.535420E-7
86.099219,-8.713641E-9,-1.633642E-7,1.635964E-7
86.596275,2.481360E-8,-1.725341E-7,1.743093E-7
87.096201,6.175557E-8,-1.751558E-7,1.857237E-7
87.599012,1.695976E-7,-2.632594E-7,3.131595E-7
88.104727,3.808584E-7,-3.657448E-7,5.280363E-7
88.613361,7.673810E-7,-4.515020E-7,8.903525E-7
89.124931,1.434893E-6,-4.414872E-7,1.501276E-6
89.639454,2.432043E-6,-6.449106E-7,2.516097E-6
90.156948,4.115340E-6,-9.199513E-7,4.216910E-6
90.677430,6.952425E-6,-1.269768E-6,7.067427E-6
91.200916,1.172667E-5,-1.668875E-6,1.184483E-5
91.727425,1.289235E-5,-1.671207E-6,1.300022E-5
92.256973,1.417167E-5,-1.657831E-6,1.426831E-5
92.789578,1.557549E-5,-1.625662E-6,1.566010E-5
93.325258,1.711568E-5,-1.571165E-6,1.718764E-5
93.864030,1.345628E-5,-1.318462E-6,1.352072E-5
94.405913,1.057887E-5,-1.102032E-6,1.063612E-5
94.950924,8.316436E-6,-9.179061E-7,8.366938E-6
95.499081,6.537607E-6,-7.621577E-7,6.581883E-6
96.050403,5.224380E-6,-6.389972E-7,5.263313E-6
96.604908,4.174810E-6,-5.345787E-7,4.208897E-6
97.162614,3.335988E-6,-4.463385E-7,3.365714E-6
97.723540,2.665620E-6,-3.719873E-7,2.691450E-6
98.287704,2.563389E-6,-3.073211E-7,2.581745E-6
98.855125,2.464145E-6,-2.471982E-7,2.476513E-6
99.425821,2.367849E-6,-1.913774E-7,2.375570E-6
99.999813,2.274459E-6,-1.396278E-7,2.278741E-6
100.577118,1.797238E-6,-4.775865E-8,1.797872E-6
101.157755,1.418431E-6,1.160063E-8,1.418478E-6
101.741745,1.118115E-6,4.802317E-8,1.119146E-6
102.329106,8.803180E-7,6.851138E-8,8.829799E-7
102.919859,6.666221E-7,4.978364E-8,6.684784E-7
103.514021,5.047956E-7,3.611138E-8,5.060856E-7
104.111614,3.822497E-7,2.614368E-8,3.831427E-7
104.712657,2.894506E-7,1.888756E-8,2.900662E-7
105.317169,1.673143E-7,8.354195E-8,1.870116E-7
105.925171,7.857015E-8,9.145441E-8,1.205702E-7
106.536684,2.384875E-8,7.398532E-8,7.773410E-8
107.151727,-4.310066E-9,4.993110E-8,5.011678E-8
107.770320,2.368066E-8,7.585514E-8,7.946556E-8
108.392485,8.033059E-8,9.707376E-8,1.260013E-7
109.018241,1.762053E-7,9.416592E-8,1.997887E-7
109.647610,3.151374E-7,3.228566E-8,3.167869E-7
110.280612,5.661617E-7,2.836899E-8,5.668720E-7
110.917269,1.014383E-6,-1.990109E-9,1.014385E-6
111.557601,1.812539E-6,-9.795322E-8,1.815184E-6
112.201630,3.229933E-6,-3.437168E-7,3.248170E-6
112.849377,4.278952E-6,-4.744051E-7,4.305170E-6
113.500863,5.668563E-6,-6.537392E-7,5.706135E-6
114.156110,7.509308E-6,-8.995355E-7,7.562994E-6
114.815141,9.947605E-6,-1.236053E-6,1.002410E-5
115.477975,8.342477E-6,-1.247231E-6,8.435195E-6
116.144637,6.991957E-6,-1.223165E-6,7.098140E-6
116.815147,5.856357E-6,-1.174759E-6,5.973021E-6
117.489528,4.902066E-6,-1.110360E-6,5.026246E-6
118.167802,4.355073E-6,-8.157058E-7,4.430805E-6
118.849992,3.863458E-6,-5.742656E-7,3.905904E-6
119.536120,3.422389E-6,-3.778673E-7,3.443186E-6
120.226209,3.027338E-6,-2.194718E-7,3.035283E-6
120.920282,2.764728E-6,-2.472668E-7,2.775763E-6
121.618363,2.524178E-6,-2.686404E-7,2.538433E-6
122.320473,2.303897E-6,-2.844818E-7,2.321394E-6
123.026636,2.102235E-6,-2.955766E-7,2.122913E-6
123.736876,1.995635E-6,-2.761628E-7,2.014653E-6
124.451217,1.894432E-6,-2.579592E-7,1.911914E-6
125.169681,1.798352E-6,-2.408929E-7,1.814414E-6
125.892294,1.707137E-6,-2.248951E-7,1.721887E-6
126.619077,1.662018E-6,-1.953412E-7,1.673458E-6
127.350057,1.617771E-6,-1.672347E-7,1.626392E-6
128.085257,1.574390E-6,-1.405229E-7,1.580649E-6
128.824701,1.531871E-6,-1.151546E-7,1.536193E-6
129.568413,1.446142E-6,-1.169257E-7,1.450861E-6
130.316420,1.365166E-6,-1.181411E-7,1.370268E-6
131.068744,1.288684E-6,-1.188572E-7,1.294154E-6
131.825412,1.216448E-6,-1.191257E-7,1.222267E-6
132.586448,1.212958E-6,-1.224552E-7,1.219124E-6
133.351878,1.209467E-6,-1.257657E-7,1.215988E-6
134.121726,1.205976E-6,-1.290572E-7,1.212862E-6
134.896019,1.202484E-6,-1.323298E-7,1.209743E-6
135.674782,1.175252E-6,-9.103539E-8,1.178773E-6
136.458041,1.147431E-6,-5.167608E-8,1.148594E-6
137.245821,1.119098E-6,-1.421986E-8,1.119188E-6
138.038150,1.090327E-6,2.136676E-8,1.090536E-6
138.835052,1.064802E-6,1.943913E-8,1.064979E-6
139.636556,1.039874E-6,1.759008E-8,1.040023E-6
140.442686,1.015527E-6,1.581699E-8,1.015650E-6
141.253470,9.917489E-7,1.411732E-8,9.918494E-7
142.068935,9.452359E-7,3.346659E-8,9.458282E-7
142.889108,9.005006E-7,5.097559E-8,9.019423E-7
143.714015,8.574973E-7,6.676598E-8,8.600926E-7
144.543685,8.161799E-7,8.095279E-8,8.201847E-7
145.378144,5.937999E-7,-9.347537E-8,6.011123E-7
146.217421,4.038416E-7,-1.760683E-7,4.405543E-7
147.061543,2.538544E-7,-1.995256E-7,3.228816E-7
147.910538,1.431470E-7,-1.884333E-7,2.366393E-7
148.764435,3.587794E-7,-3.368657E-7,4.921394E-7
149.623261,8.523569E-7,-5.666099E-7,1.023503E-6
150.487045,1.944061E-6,-8.668842E-7,2.128582E-6
151.355816,4.286755E-6,-1.104744E-6,4.426819E-6
152.229602,5.006733E-6,-1.086240E-6,5.123211E-6
153.108433,5.838527E-6,-1.032705E-6,5.929155E-6
153.992337,6.798065E-6,-9.336662E-7,6.861882E-6
154.881344,7.903301E-6,-7.763027E-7,7.941336E-6
155.775484,8.129977E-6,-5.547600E-7,8.148882E-6
156.674785,8.355702E-6,-3.206023E-7,8.361850E-6
157.579278,8.580071E-6,-7.353469E-8,8.580386E-6
158.488993,8.802659E-6,1.867329E-7,8.804639E-6
159.403960,1.076361E-5,1.823579E-8,1.076363E-5
160.324208,1.315638E-5,-2.344932E-7,1.315847E-5
161.249770,1.607494E-5,-6.004774E-7,1.608615E-5
162.180674,1.963346E-5,-1.117432E-6,1.966523E-5
163.116953,2.173459E-5,-1.025183E-6,2.175875E-5
164.058637,2.405831E-5,-9.005211E-7,2.407516E-5
165.005758,2.662794E-5,-7.376035E-7,2.663815E-5
165.958346,2.946924E-5,-5.297151E-7,2.947400E-5
166.916434,3.653672E-5,9.209569E-7,3.654833E-5
167.880052,4.521474E-5,3.096396E-6,4.532064E-5
168.849234,5.584920E-5,6.255919E-6,5.619848E-5
169.824011,6.885477E-5,1.073930E-5,6.968724E-5
170.804415,9.480124E-5,2.051804E-5,9.699621E-5
171.790479,1.300593E-4,3.621429E-5,1.350070E-4
172.782236,1.777749E-4,6.088967E-5,1.879135E-4
173.779719,2.420706E-4,9.905404E-5,2.615528E-4
174.782960,1.805445E-4,1.028921E-4,2.078054E-4
175.791992,1.316775E-4,9.959914E-5,1.651029E-4
176.806850,9.351584E-5,9.198773E-5,1.311753E-4
177.827567,6.423186E-5,8.207313E-5,1.042196E-4
178.854176,5.078337E-5,4.183331E-5,6.579496E-5
179.886712,3.700714E-5,1.886260E-5,4.153704E-5
180.925209,2.538343E-5,6.581476E-6,2.622278E-5
181.969701,1.654398E-5,5.960604E-7,1.655471E-5
183.020223,1.256002E-5,3.006891E-6,1.291493E-5
184.076810,9.141560E-6,4.236243E-6,1.007541E-5
185.139497,6.337745E-6,4.649262E-6,7.860194E-6
186.208318,4.129855E-6,4.532773E-6,6.132025E-6
187.283310,5.321131E-6,4.545893E-6,6.998541E-6
188.364508,6.672020E-6,4.391393E-6,7.987502E-6
189.451948,8.179832E-6,4.024388E-6,9.116214E-6
190.545665,9.835139E-6,3.394432E-6,1.040443E-5
191.645697,9.019619E-6,9.166642E-7,9.066080E-6
192.752079,7.833463E-6,-1.022277E-6,7.899886E-6
193.864849,6.440450E-6,-2.430221E-6,6.883703E-6
194.984042,4.977937E-6,-3.346489E-6,5.998237E-6
196.109697,5.623176E-6,-6.255988E-6,8.411747E-6
197.241850,5.504025E-6,-1.043361E-5,1.179638E-5
198.380539,3.911009E-6,-1.607393E-5,1.654289E-5
199.525802,-1.873317E-7,-2.319851E-5,2.319927E-5
200.677677,-1.029446E-5,-2.189932E-5,2.419827E-5
201.836201,-1.930457E-5,-1.626055E-5,2.524028E-5
203.001414,-2.538272E-5,-6.988366E-6,2.632717E-5
204.173353,-2.709826E-5,4.447875E-6,2.746087E-5
205.352059,-1.879792E-5,3.366187E-6,1.909694E-5
206.537568,-1.303719E-5,2.530304E-6,1.328047E-5
207.729922,-9.039894E-6,1.890962E-6,9.235552E-6
208.929160,-6.266819E-6,1.406073E-6,6.422621E-6
210.135321,-7.985773E-6,7.237520E-7,8.018503E-6
211.348445,-1.000294E-5,-3.997932E-7,1.001093E-5
212.568572,-1.231768E-5,-2.117911E-6,1.249843E-5
213.795743,-1.490430E-5,-4.620330E-6,1.560403E-5
215.029999,-1.233215E-5,5.745096E-6,1.360471E-5
216.271380,-4.600050E-6,1.093326E-5,1.186156E-5
217.519928,3.432424E-6,9.755531E-6,1.034176E-5
218.775684,7.930512E-6,4.290416E-6,9.016690E-6
220.038689,9.608184E-6,-2.769836E-6,9.999460E-6
221.308986,5.447892E-6,-9.658885E-6,1.108935E-5
222.586616,-3.197540E-6,-1.187506E-5,1.229802E-5
223.871622,-1.175910E-5,-6.908733E-6,1.363844E-5
225.164046,-7.724572E-6,-6.599275E-6,1.015970E-5
226.463932,-4.805768E-6,-5.846651E-6,7.568272E-6
227.771322,-2.763034E-6,-4.914355E-6,5.637840E-6
229.086260,-1.386261E-6,-3.964417E-6,4.199800E-6
230.408789,4.373260E-8,-3.687328E-6,3.687587E-6
231.738953,1.140928E-6,-3.030167E-6,3.237843E-6
233.076796,1.849575E-6,-2.159039E-6,2.842952E-6
234.422362,2.173426E-6,-1.227737E-6,2.496221E-6
235.775697,1.991437E-6,-3.258947E-7,2.017927E-6
237.136844,1.601989E-6,3.077282E-7,1.631277E-6
238.505849,1.129870E-6,6.799980E-7,1.318713E-6
239.882758,6.678588E-7,8.309039E-7,1.066038E-6
241.267616,7.665662E-7,4.122960E-7,8.704089E-7
242.660469,7.075976E-7,6.612004E-8,7.106801E-7
244.061362,5.531114E-7,-1.754224E-7,5.802631E-7
245.470343,3.600935E-7,-3.078947E-7,4.737789E-7
246.887458,5.591189E-7,-1.012694E-7,5.682160E-7
248.312755,6.403820E-7,2.330701E-7,6.814769E-7
249.746279,5.224609E-7,6.285194E-7,8.173139E-7
251.188080,1.612742E-7,9.668685E-7,9.802265E-7
252.638204,-2.419694E-7,1.226947E-6,1.250579E-6
254.096699,-8.403380E-7,1.356259E-6,1.595496E-6
255.563615,-1.612922E-6,1.241739E-6,2.035542E-6
257.038999,-2.483939E-6,7.577831E-7,2.596957E-6
258.522901,-3.801922E-6,9.080576E-7,3.908859E-6
260.015369,-5.795877E-6,1.011583E-6,5.883493E-6
261.516454,-8.801013E-6,9.821863E-7,8.855649E-6
263.026204,-1.331293E-5,6.593218E-7,1.332925E-5
264.544671,-1.369911E-5,5.046020E-7,1.370840E-5
266.071903,-1.409422E-5,3.404635E-7,1.409833E-5
267.607952,-1.449840E-5,1.665226E-7,1.449936E-5
269.152869,-1.491178E-5,-1.761720E-8,1.491179E-5
270.706705,-1.061228E-5,4.851823E-7,1.062337E-5
272.269511,-7.535834E-6,6.994834E-7,7.568228E-6
273.841340,-5.339390E-6,7.493026E-7,5.391710E-6
275.422242,-3.774669E-6,7.114431E-7,3.841130E-6
277.012272,-2.513182E-6,8.902242E-7,2.666193E-6
278.611480,-1.628892E-6,8.784153E-7,1.850649E-6
280.219921,-1.023627E-6,7.760799E-7,1.284567E-6
281.837648,-6.193889E-7,6.413876E-7,8.916393E-7
283.464714,-4.261506E-7,6.355580E-7,7.652047E-7
285.101173,-2.637952E-7,6.013860E-7,6.566986E-7
286.747079,-1.318180E-7,5.479461E-7,5.635787E-7
288.402487,-2.841918E-8,4.828275E-7,4.836632E-7
290.067453,5.278790E-8,4.510027E-7,4.540815E-7
291.742030,1.226485E-7,4.082851E-7,4.263090E-7
293.426274,1.802364E-7,3.573556E-7,4.002352E-7
295.120242,2.251339E-7,3.008444E-7,3.757561E-7
296.823989,1.648449E-7,3.050623E-7,3.467519E-7
298.537572,1.092395E-7,3.007623E-7,3.199863E-7
300.261047,5.906109E-8,2.893201E-7,2.952869E-7
301.994472,1.480235E-8,2.720914E-7,2.724937E-7
303.737905,4.856659E-8,2.429749E-7,2.477812E-7
305.491402,7.518419E-8,2.123955E-7,2.253098E-7
307.255023,9.518005E-8,1.814251E-7,2.048763E-7
309.028824,1.091654E-7,1.509606E-7,1.862960E-7
310.812867,9.997066E-8,1.489899E-7,1.794216E-7
312.607208,9.118726E-8,1.467824E-7,1.728010E-7
314.411909,8.280779E-8,1.443608E-7,1.664247E-7
316.227028,7.482430E-8,1.417467E-7,1.602835E-7
318.052625,7.800145E-8,1.497345E-7,1.688332E-7
319.888762,8.130222E-8,1.581663E-7,1.778388E-7
321.735500,8.473064E-8,1.670668E-7,1.873248E-7
323.592898,8.829087E-8,1.764614E-7,1.973168E-7
325.461020,7.785885E-8,1.643975E-7,1.819026E-7
327.339926,6.848440E-8,1.530708E-7,1.676925E-7
329.229679,6.006995E-8,1.424445E-7,1.545925E-7
331.130342,5.252642E-8,1.324830E-7,1.425159E-7
333.041978,6.534353E-8,1.285687E-7,1.442210E-7
334.964649,7.789136E-8,1.234233E-7,1.459465E-7
336.898420,9.005248E-8,1.170627E-7,1.476927E-7
338.843355,1.017100E-7,1.095138E-7,1.494597E-7
340.799519,9.932511E-8,1.511005E-7,1.808227E-7
342.766975,8.811918E-8,2.002349E-7,2.187670E-7
344.745790,6.487208E-8,2.566005E-7,2.646738E-7
346.736028,2.580600E-8,3.191723E-7,3.202138E-7
348.737756,1.456367E-8,3.223502E-7,3.226790E-7
350.751040,3.128195E-9,3.251480E-7,3.251630E-7
352.775947,-8.488195E-9,3.275564E-7,3.276664E-7
354.812544,-2.027278E-8,3.295657E-7,3.301886E-7
356.860899,-8.213679E-8,3.564937E-7,3.658336E-7
358.921078,-1.546490E-7,3.746643E-7,4.053266E-7
360.993151,-2.372049E-7,3.813258E-7,4.490830E-7
363.077187,-3.286430E-7,3.735812E-7,4.975632E-7
365.173253,-3.681413E-7,2.762008E-7,4.602335E-7
367.281421,-3.855139E-7,1.805640E-7,4.257045E-7
369.401759,-3.831814E-7,9.068493E-8,3.937661E-7
371.534338,-3.640936E-7,9.741413E-9,3.642239E-7
373.679228,-3.301002E-7,-2.506396E-8,3.310504E-7
375.836501,-2.961272E-7,-5.337072E-8,3.008982E-7
378.006228,-2.627773E-7,-7.580367E-8,2.734924E-7
380.188480,-2.305371E-7,-9.298384E-8,2.485827E-7
382.383332,-1.647118E-7,-1.540955E-7,2.255558E-7
384.590854,-8.901245E-8,-1.842913E-7,2.046619E-7
386.811120,-1.506673E-8,-1.850913E-7,1.857035E-7
389.044204,4.778091E-8,-1.615849E-7,1.685013E-7
391.290180,1.148563E-8,-2.365412E-7,2.368199E-7
393.549122,-6.301359E-8,-3.268186E-7,3.328380E-7
395.821105,-1.947777E-7,-4.253068E-7,4.677865E-7
398.106204,-4.074689E-7,-5.159546E-7,6.574497E-7
400.404495,-1.928386E-7,-4.610271E-7,4.997326E-7
402.716055,-4.693506E-8,-3.769398E-7,3.798506E-7
405.040959,4.269246E-8,-2.855537E-7,2.887275E-7
407.379285,8.962803E-8,-2.003279E-7,2.194640E-7
409.731111,1.768862E-7,-2.583555E-7,3.131075E-7
412.096513,3.141669E-7,-3.175643E-7,4.467079E-7
414.475571,5.219666E-7,-3.656782E-7,6.373144E-7
416.868364,8.259269E-7,-3.802397E-7,9.092511E-7
419.274970,1.023018E-6,3.383661E-9,1.023024E-6
421.695470,1.042343E-6,4.882556E-7,1.151031E-6
424.129944,8.322863E-7,9.922057E-7,1.295057E-6
426.578472,3.791133E-7,1.406921E-6,1.457105E-6
429.041135,8.311752E-7,6.953774E-7,1.083698E-6
431.518015,8.030206E-7,6.903957E-8,8.059830E-7
434.009195,5.186630E-7,-3.005216E-7,5.994369E-7
436.514757,1.877688E-7,-4.043508E-7,4.458214E-7
439.034783,-7.711120E-8,-4.148438E-7,4.219497E-7
441.569357,-2.871213E-7,-2.775730E-7,3.993562E-7
444.118564,-3.737301E-7,-5.647149E-8,3.779725E-7
446.682487,-3.191778E-7,1.615516E-7,3.577337E-7
449.261212,-2.694159E-7,3.805253E-8,2.720899E-7
451.854825,-2.033061E-7,-3.866342E-8,2.069498E-7
454.463410,-1.368972E-7,-7.768770E-8,1.574046E-7
457.087055,-7.951506E-8,-8.950112E-8,1.197209E-7
459.725846,-1.749655E-7,-1.267725E-7,2.160653E-7
462.379871,-3.576823E-7,-1.552994E-7,3.899417E-7
465.049218,-6.907815E-7,-1.344471E-7,7.037436E-7
467.733976,-1.269673E-6,3.196180E-8,1.270075E-6
470.434232,-1.066931E-6,4.135027E-7,1.144258E-6
473.150078,-7.788959E-7,6.753417E-7,1.030905E-6
475.881602,-4.549620E-7,8.097182E-7,9.287809E-7
478.628895,-1.393777E-7,8.250839E-7,8.367733E-7
481.392049,3.066286E-7,4.822165E-7,5.714489E-7
484.171154,3.760431E-7,1.043526E-7,3.902536E-7
486.966304,2.384484E-7,-1.190417E-7,2.665118E-7
489.777590,6.650069E-8,-1.694223E-7,1.820062E-7
492.605106,1.713676E-7,-1.733461E-7,2.437534E-7
495.448945,3.024892E-7,-1.227567E-7,3.264490E-7
498.309202,4.371113E-7,8.790238E-9,4.371997E-7
501.185971,5.332587E-7,2.418122E-7,5.855237E-7
504.079348,4.447144E-7,1.849428E-7,4.816376E-7
506.989429,3.704376E-7,1.404893E-7,3.961834E-7
509.916309,3.082139E-7,1.058727E-7,3.258908E-7
512.860087,2.561557E-7,7.903010E-8,2.680700E-7
515.820860,2.442457E-7,5.056594E-8,2.494251E-7
518.798725,2.306989E-7,2.525367E-8,2.320770E-7
521.793781,2.159146E-7,3.005411E-9,2.159355E-7
524.806128,2.002549E-7,-1.629546E-8,2.009168E-7
527.835866,1.847154E-7,-3.584395E-8,1.881610E-7
530.883094,1.682328E-7,-5.243531E-8,1.762150E-7
533.947915,1.511777E-7,-6.617680E-8,1.650275E-7
537.030429,1.338839E-7,-7.720644E-8,1.545501E-7
540.130738,1.341331E-7,-2.370067E-8,1.362109E-7
543.248945,1.182495E-7,2.070103E-8,1.200478E-7
546.385154,9.173851E-8,5.270912E-8,1.058027E-7
549.539469,6.015025E-8,7.125391E-8,9.324791E-8
552.711994,9.447670E-8,5.854675E-8,1.111466E-7
555.902834,1.286884E-7,3.147215E-8,1.324809E-7
559.112094,1.574656E-7,-1.184309E-8,1.579103E-7
562.339883,1.740877E-7,-7.155782E-8,1.882207E-7
565.586305,1.974748E-7,-8.453043E-8,2.148062E-7
568.851469,2.239483E-7,-9.971990E-8,2.451467E-7
572.135483,2.539070E-7,-1.174900E-7,2.797725E-7
575.438456,2.878003E-7,-1.382627E-7,3.192892E-7
578.760497,1.796826E-7,-1.810071E-7,2.550479E-7
582.101716,8.687148E-8,-1.842825E-7,2.037319E-7
585.462225,1.613271E-8,-1.619392E-7,1.627408E-7
588.842134,-3.114311E-8,-1.262116E-7,1.299972E-7
592.241555,-6.590994E-11,-1.502465E-7,1.502465E-7
595.660602,4.145298E-8,-1.686297E-7,1.736500E-7
599.099386,9.312781E-8,-1.777844E-7,2.006990E-7
602.558024,1.536493E-7,-1.737758E-7,2.319615E-7
606.036628,1.424902E-7,-1.345797E-7,1.959978E-7
609.535314,1.301248E-7,-1.024412E-7,1.656100E-7
613.054198,1.172799E-7,-7.633371E-8,1.399336E-7
616.593397,1.044890E-7,-5.533792E-8,1.182381E-7
620.153028,1.003524E-7,-6.749129E-8,1.209367E-7
623.733209,9.484178E-8,-7.941009E-8,1.236969E-7
627.334059,8.795861E-8,-9.094298E-8,1.265201E-7
630.955697,7.972071E-8,-1.019362E-7,1.294078E-7
634.598242,8.936328E-8,-1.002034E-7,1.342629E-7
638.261816,9.923079E-8,-9.776383E-8,1.393001E-7
641.946541,1.092839E-7,-9.457748E-8,1.445264E-7
645.652537,1.194791E-7,-9.060550E-8,1.499487E-7
649.379928,1.153796E-7,-9.284838E-8,1.480989E-7
653.128838,1.112686E-7,-9.494611E-8,1.462719E-7
656.899390,1.071504E-7,-9.690017E-8,1.444675E-7
660.691710,1.030291E-7,-9.871224E-8,1.426853E-7
664.505924,1.045416E-7,-1.084047E-7,1.506005E-7
668.342157,1.057325E-7,-1.186899E-7,1.589549E-7
672.200537,1.065594E-7,-1.295869E-7,1.677727E-7
676.081191,1.069768E-7,-1.411138E-7,1.770795E-7
679.984249,1.098370E-7,-1.437148E-7,1.808815E-7
683.909839,1.127690E-7,-1.463601E-7,1.847651E-7
687.858092,1.157744E-7,-1.490505E-7,1.887320E-7
691.829139,1.188553E-7,-1.517867E-7,1.927843E-7
695.823110,1.159222E-7,-1.467387E-7,1.870032E-7
699.840139,1.130561E-7,-1.418544E-7,1.813956E-7
703.880359,1.102556E-7,-1.371286E-7,1.759561E-7
707.943903,1.075194E-7,-1.325561E-7,1.706796E-7
712.030906,1.134798E-7,-1.366391E-7,1.776173E-7
716.141504,1.197313E-7,-1.408160E-7,1.848370E-7
720.275832,1.262868E-7,-1.450870E-7,1.923502E-7
724.434028,1.331598E-7,-1.494522E-7,2.001687E-7
728.616230,1.330773E-7,-1.579113E-7,2.065080E-7
732.822575,1.327518E-7,-1.666326E-7,2.130480E-7
737.053205,1.321683E-7,-1.756174E-7,2.197952E-7
741.308258,1.313111E-7,-1.848666E-7,2.267560E-7
745.587875,1.160729E-7,-1.819375E-7,2.158105E-7
749.892199,1.017268E-7,-1.784324E-7,2.053934E-7
754.221372,8.825583E-8,-1.744220E-7,1.954792E-7
758.575538,7.564073E-8,-1.699725E-7,1.860435E-7
762.954841,9.319905E-8,-1.621501E-7,1.870260E-7
767.359425,1.099484E-7,-1.525140E-7,1.880138E-7
771.789438,1.257015E-7,-1.411477E-7,1.890067E-7
776.245025,1.402794E-7,-1.281543E-7,1.900048E-7
780.726335,1.582268E-7,-1.426108E-7,2.130107E-7
785.233515,1.784557E-7,-1.586820E-7,2.388020E-7
789.766716,2.012546E-7,-1.765463E-7,2.677163E-7
794.326087,2.269480E-7,-1.964015E-7,3.001315E-7
798.911780,1.651444E-7,-3.298038E-7,3.688404E-7
803.523946,3.217539E-8,-4.521351E-7,4.532785E-7
808.162739,-1.763642E-7,-5.283911E-7,5.570471E-7
812.828311,-4.489927E-7,-5.167627E-7,6.845715E-7
817.520818,-3.938746E-7,-3.465076E-7,5.245996E-7
822.240416,-3.345911E-7,-2.228476E-7,4.020103E-7
826.987259,-2.769126E-7,-1.350005E-7,3.080677E-7
831.761507,-2.241184E-7,-7.418746E-8,2.360780E-7
836.563317,-2.341727E-7,-8.575997E-8,2.493825E-7
841.392847,-2.444046E-7,-9.831198E-8,2.634366E-7
846.250259,-2.547918E-7,-1.119041E-7,2.782829E-7
851.135714,-2.653081E-7,-1.265995E-7,2.939657E-7
856.049372,-1.861757E-7,-2.167650E-7,2.857419E-7
860.991397,-8.040300E-8,-2.658560E-7,2.777482E-7
865.961952,3.292477E-8,-2.679629E-7,2.699781E-7
870.961203,1.345168E-7,-2.253271E-7,2.624254E-7
875.989315,1.406097E-7,-2.491569E-7,2.860948E-7
881.046454,1.466160E-7,-2.752904E-7,3.118991E-7
886.132789,1.524667E-7,-3.039324E-7,3.400309E-7
891.248487,1.580811E-7,-3.353042E-7,3.707001E-7
896.393719,1.349829E-7,-2.924346E-7,3.220844E-7
901.568654,1.152165E-7,-2.550258E-7,2.798446E-7
906.773465,9.830657E-8,-2.223847E-7,2.431443E-7
912.008323,8.384470E-8,-1.939063E-7,2.112572E-7
917.273403,9.290234E-8,-1.881336E-7,2.098216E-7
922.568878,1.015972E-7,-1.819527E-7,2.083957E-7
927.894924,1.099116E-7,-1.753853E-7,2.069796E-7
933.251717,1.178291E-7,-1.684533E-7,2.055729E-7
938.639436,1.085293E-7,-1.822101E-7,2.120828E-7
944.058259,9.792310E-8,-1.956631E-7,2.187990E-7
949.508364,8.599557E-8,-2.087050E-7,2.257277E-7
954.989934,7.273961E-8,-2.212241E-7,2.328758E-7
960.503149,8.105103E-8,-2.209882E-7,2.353828E-7
966.048192,8.943902E-8,-2.204655E-7,2.379167E-7
971.625246,9.789457E-8,-2.196504E-7,2.404780E-7
977.234498,1.064084E-7,-2.185376E-7,2.430667E-7
982.876132,1.070071E-7,-2.216922E-7,2.461665E-7
988.550335,1.076025E-7,-2.248892E-7,2.493059E-7
994.257297,1.081944E-7,-2.281289E-7,2.524853E-7
999.997204,1.087825E-7,-2.314120E-7,2.557052E-7
