#I+8.670000E+02
+3.000000E+00
+8.010000E+02
+8.010000E+02
+1.000000E+01
+1.000000E+00
+3.000000E+00
+0.000000E+00
+1.000000E+00
+1.000000E+00
+1.000000E+00
+1.000000E+00
+2.497000E+03
-1.092400E+04
+2.025600E+04
-1.299100E+04
-1.119200E+04
+0.000000E+00
+0.000000E+00
+0.000000E+00
+0.000000E+00
+0.000000E+00
+0.000000E+00
+0.000000E+00
+0.000000E+00
+0.000000E+00
+0.000000E+00
+0.000000E+00
+0.000000E+00
+0.000000E+00
+0.000000E+00
+0.000000E+00
+0.000000E+00
+0.000000E+00
+0.000000E+00
+0.000000E+00
+1.000000E+00
+0.000000E+00
+1.000000E+00
+0.000000E+00
+0.000000E+00
+1.000000E+00
+0.000000E+00
+1.000000E+00
+2.000000E+00
+3.000000E+00
+4.500000E+01
+4.500000E+01
+0.000000E+00
+0.000000E+00
+2.000000E+00
+0.000000E+00
+0.000000E+00
+0.000000E+00
+0.000000E+00
+0.000000E+00
+2.499999E-03
+6.324555E+00
+0.000000E+00
+0.000000E+00
+0.000000E+00
+1.000000E+00
+1.000000E+00
+0.000000E+00
+0.000000E+00
+9.9999904632568339E+00
+9.9999904632568339E+00
+1.384732E-09
+1.320736E-09
+1.259698E-09
+1.201481E-09
+1.145954E-09
+9.184604E-10
+7.361285E-10
+5.899929E-10
+4.728680E-10
+8.470687E-10
+1.517391E-09
+2.718167E-09
+4.869172E-09
+1.776539E-09
+6.481782E-10
+2.364907E-10
+8.628464E-11
+1.084177E-10
+1.362282E-10
+1.711724E-10
+2.150801E-10
+2.127468E-10
+2.104388E-10
+2.081558E-10
+2.058976E-10
+2.501286E-10
+3.038614E-10
+3.691372E-10
+4.484356E-10
+4.920364E-10
+5.398765E-10
+5.923680E-10
+6.499634E-10
+5.214767E-10
+4.183897E-10
+3.356811E-10
+2.693227E-10
+1.973505E-09
+1.446118E-08
+1.059666E-07
+7.764872E-07
+9.414884E-07
+1.141552E-06
+1.384128E-06
+1.678251E-06
+1.757381E-06
+1.840242E-06
+1.927010E-06
+2.017869E-06
+2.108237E-06
+2.202652E-06
+2.301296E-06
+2.404358E-06
+2.504734E-06
+2.609300E-06
+2.718232E-06
+2.831713E-06
+2.948420E-06
+3.069938E-06
+3.196464E-06
+3.328204E-06
+3.453411E-06
+3.583328E-06
+3.718132E-06
+3.858007E-06
+4.084980E-06
+4.325305E-06
+4.579769E-06
+4.849205E-06
+5.097233E-06
+5.357947E-06
+5.631996E-06
+5.920062E-06
+6.264600E-06
+6.629190E-06
+7.014999E-06
+7.423264E-06
+7.802346E-06
+8.200784E-06
+8.619570E-06
+9.059744E-06
+9.591123E-06
+1.015367E-05
+1.074921E-05
+1.137968E-05
+1.204642E-05
+1.275221E-05
+1.349937E-05
+1.429030E-05
+1.513987E-05
+1.603995E-05
+1.699355E-05
+1.800383E-05
+1.938852E-05
+2.087970E-05
+2.248558E-05
+2.421496E-05
+2.562208E-05
+2.711098E-05
+2.868639E-05
+3.035336E-05
+3.297567E-05
+3.582454E-05
+3.891952E-05
+4.228188E-05
+4.473222E-05
+4.732455E-05
+5.006712E-05
+5.296861E-05
+5.714461E-05
+6.164984E-05
+6.651025E-05
+7.175383E-05
+7.412617E-05
+7.657695E-05
+7.910875E-05
+8.172430E-05
+8.358688E-05
+8.549192E-05
+8.744038E-05
+8.943325E-05
+9.122332E-05
+9.304922E-05
+9.491166E-05
+9.681137E-05
+9.745595E-05
+9.810482E-05
+9.875801E-05
+9.941554E-05
+9.857194E-05
+9.773549E-05
+9.690613E-05
+9.608382E-05
+9.361226E-05
+9.120429E-05
+8.885826E-05
+8.657257E-05
+8.410465E-05
+8.170710E-05
+7.937789E-05
+7.711505E-05
+7.408392E-05
+7.117193E-05
+6.837440E-05
+6.568683E-05
+6.381074E-05
+6.198823E-05
+6.021778E-05
+5.849790E-05
+5.655773E-05
+5.468191E-05
+5.286829E-05
+5.111484E-05
+4.951404E-05
+4.796337E-05
+4.646127E-05
+4.500620E-05
+4.345821E-05
+4.196347E-05
+4.052014E-05
+3.912644E-05
+3.755590E-05
+3.604840E-05
+3.460141E-05
+3.321250E-05
+3.203605E-05
+3.090127E-05
+2.980668E-05
+2.875087E-05
+2.768423E-05
+2.665715E-05
+2.566819E-05
+2.471590E-05
+2.356210E-05
+2.246217E-05
+2.141358E-05
+2.041394E-05
+1.956096E-05
+1.874363E-05
+1.796045E-05
+1.721000E-05
+2.151851E-05
+2.690566E-05
+3.364147E-05
+4.206360E-05
+3.997962E-05
+3.799889E-05
+3.611630E-05
+3.432697E-05
+3.359458E-05
+3.287782E-05
+3.217634E-05
+3.148984E-05
+2.892622E-05
+2.657131E-05
+2.440811E-05
+2.242101E-05
+2.279009E-05
+2.316524E-05
+2.354658E-05
+2.393419E-05
+2.512722E-05
+2.637972E-05
+2.769465E-05
+2.907513E-05
+2.864941E-05
+2.822993E-05
+2.781659E-05
+2.740930E-05
+2.717606E-05
+2.694481E-05
+2.671552E-05
+2.648818E-05
+2.609159E-05
+2.570094E-05
+2.531614E-05
+2.493711E-05
+2.500152E-05
+2.506610E-05
+2.513085E-05
+2.519577E-05
+2.511555E-05
+2.503559E-05
+2.495588E-05
+2.487643E-05
+2.504402E-05
+2.521275E-05
+2.538260E-05
+2.555361E-05
+2.559633E-05
+2.563913E-05
+2.568200E-05
+2.572494E-05
+2.576427E-05
+2.580366E-05
+2.584312E-05
+2.588262E-05
+2.586150E-05
+2.584041E-05
+2.581933E-05
+2.579827E-05
+2.572559E-05
+2.565311E-05
+2.558084E-05
+2.550877E-05
+2.514413E-05
+2.478471E-05
+2.443043E-05
+2.408121E-05
+2.372716E-05
+2.337832E-05
+2.303462E-05
+2.269595E-05
+2.185601E-05
+2.104714E-05
+2.026821E-05
+1.951811E-05
+2.027805E-05
+2.106757E-05
+2.188784E-05
+2.274006E-05
+2.441368E-05
+2.621047E-05
+2.813950E-05
+3.021050E-05
+3.182230E-05
+3.352010E-05
+3.530848E-05
+3.719225E-05
+3.894856E-05
+4.078782E-05
+4.271392E-05
+4.473098E-05
+4.606812E-05
+4.744523E-05
+4.886350E-05
+5.032420E-05
+5.107123E-05
+5.182935E-05
+5.259873E-05
+5.337955E-05
+5.437860E-05
+5.539635E-05
+5.643316E-05
+5.748937E-05
+5.873070E-05
+5.999883E-05
+6.129435E-05
+6.261783E-05
+6.380251E-05
+6.500959E-05
+6.623950E-05
+6.749268E-05
+6.908586E-05
+7.071663E-05
+7.238591E-05
+7.409455E-05
+7.662289E-05
+7.923751E-05
+8.194134E-05
+8.473745E-05
+8.788081E-05
+9.114077E-05
+9.452166E-05
+9.802800E-05
+1.019722E-04
+1.060751E-04
+1.103431E-04
+1.147828E-04
+1.193856E-04
+1.241730E-04
+1.291523E-04
+1.343314E-04
+1.416485E-04
+1.493642E-04
+1.575002E-04
+1.660793E-04
+1.729753E-04
+1.801576E-04
+1.876382E-04
+1.954293E-04
+1.963107E-04
+1.971961E-04
+1.980855E-04
+1.989788E-04
+1.933679E-04
+1.879151E-04
+1.826161E-04
+1.774666E-04
+1.829184E-04
+1.885377E-04
+1.943296E-04
+2.002995E-04
+2.077034E-04
+2.153809E-04
+2.233423E-04
+2.315981E-04
+2.376263E-04
+2.438113E-04
+2.501574E-04
+2.566687E-04
+2.512253E-04
+2.458974E-04
+2.406824E-04
+2.355781E-04
+2.210693E-04
+2.074541E-04
+1.946774E-04
+1.826876E-04
+1.711975E-04
+1.604300E-04
+1.503397E-04
+1.408841E-04
+1.322717E-04
+1.241858E-04
+1.165941E-04
+1.094665E-04
+1.029286E-04
+9.678124E-05
+9.100097E-05
+8.556591E-05
+8.063012E-05
+7.597905E-05
+7.159628E-05
+6.746631E-05
+6.338913E-05
+5.955834E-05
+5.595906E-05
+5.257728E-05
+4.867790E-05
+4.506770E-05
+4.172527E-05
+3.863071E-05
+3.691184E-05
+3.526943E-05
+3.370011E-05
+3.220062E-05
+3.014013E-05
+2.821148E-05
+2.640625E-05
+2.471654E-05
+2.425220E-05
+2.379658E-05
+2.334952E-05
+2.291085E-05
+2.268887E-05
+2.246905E-05
+2.225135E-05
+2.203576E-05
+2.047038E-05
+1.901620E-05
+1.766531E-05
+1.641039E-05
+1.564728E-05
+1.491965E-05
+1.422585E-05
+1.356433E-05
+1.313309E-05
+1.271556E-05
+1.231131E-05
+1.191990E-05
+1.137822E-05
+1.086116E-05
+1.036759E-05
+9.896448E-06
+9.557843E-06
+9.230823E-06
+8.914994E-06
+8.609970E-06
+8.386452E-06
+8.168738E-06
+7.956674E-06
+7.750117E-06
+7.556860E-06
+7.368423E-06
+7.184684E-06
+7.005528E-06
+6.772857E-06
+6.547913E-06
+6.330441E-06
+6.120191E-06
+5.977113E-06
+5.837380E-06
+5.700914E-06
+5.567637E-06
+5.410381E-06
+5.257566E-06
+5.109067E-06
+4.964763E-06
+4.955933E-06
+4.947118E-06
+4.938319E-06
+4.929537E-06
+4.427854E-06
+3.977228E-06
+3.572462E-06
+3.208890E-06
+3.389993E-06
+3.581317E-06
+3.783440E-06
+3.996967E-06
+3.847735E-06
+3.704075E-06
+3.565778E-06
+3.432645E-06
+3.406548E-06
+3.380650E-06
+3.354948E-06
+3.329442E-06
+3.282119E-06
+3.235469E-06
+3.189482E-06
+3.144149E-06
+3.140312E-06
+3.136479E-06
+3.132651E-06
+3.128828E-06
+2.944210E-06
+2.770485E-06
+2.607012E-06
+2.453185E-06
+2.923512E-06
+3.484010E-06
+4.151968E-06
+4.947989E-06
+5.110204E-06
+5.277739E-06
+5.450765E-06
+5.629464E-06
+5.366548E-06
+5.115911E-06
+4.876981E-06
+4.649210E-06
+4.186961E-06
+3.770671E-06
+3.395771E-06
+3.058145E-06
+3.303573E-06
+3.568698E-06
+3.855099E-06
+4.164486E-06
+4.706256E-06
+5.318506E-06
+6.010406E-06
+6.792317E-06
+7.683975E-06
+8.692685E-06
+9.833811E-06
+1.112474E-05
+1.303760E-05
+1.527938E-05
+1.790662E-05
+2.098561E-05
+2.252692E-05
+2.418143E-05
+2.595745E-05
+2.786391E-05
+1.870577E-05
+1.255767E-05
+8.430295E-06
+5.659475E-06
+7.693816E-06
+1.045942E-05
+1.421913E-05
+1.933030E-05
+2.285133E-05
+2.701371E-05
+3.193427E-05
+3.775111E-05
+4.397336E-05
+5.122117E-05
+5.966359E-05
+6.949753E-05
+5.840021E-05
+4.907491E-05
+4.123866E-05
+3.465371E-05
+3.347680E-05
+3.233987E-05
+3.124155E-05
+3.018053E-05
+2.653410E-05
+2.332822E-05
+2.050969E-05
+1.803169E-05
+1.417225E-05
+1.113887E-05
+8.754747E-06
+6.880912E-06
+7.571069E-06
+8.330448E-06
+9.165991E-06
+1.008534E-05
+1.242788E-05
+1.531452E-05
+1.887164E-05
+2.325500E-05
+1.733379E-05
+1.292025E-05
+9.630485E-06
+7.178364E-06
+8.021503E-06
+8.963672E-06
+1.001651E-05
+1.119300E-05
+1.022002E-05
+9.331625E-06
+8.520452E-06
+7.779792E-06
+6.093366E-06
+4.772507E-06
+3.737970E-06
+2.927689E-06
+2.619258E-06
+2.343321E-06
+2.096453E-06
+1.875593E-06
+1.905893E-06
+1.936683E-06
+1.967971E-06
+1.999765E-06
+1.786648E-06
+1.596243E-06
+1.426129E-06
+1.274145E-06
+1.372702E-06
+1.478882E-06
+1.593276E-06
+1.716519E-06
+1.749052E-06
+1.782202E-06
+1.815980E-06
+1.850398E-06
+1.862730E-06
+1.875144E-06
+1.887641E-06
+1.900222E-06
+1.782424E-06
+1.671928E-06
+1.568282E-06
+1.471062E-06
+1.439985E-06
+1.409564E-06
+1.379786E-06
+1.350638E-06
+1.206978E-06
+1.078598E-06
+9.638734E-07
+8.613513E-07
+1.265971E-06
+1.860662E-06
+2.734709E-06
+4.019338E-06
+3.558226E-06
+3.150014E-06
+2.788634E-06
+2.468713E-06
+2.246872E-06
+2.044966E-06
+1.861204E-06
+1.693954E-06
+1.377367E-06
+1.119947E-06
+9.106371E-07
+7.404457E-07
+7.940068E-07
+8.514424E-07
+9.130327E-07
+9.790787E-07
+1.216185E-06
+1.510712E-06
+1.876566E-06
+2.331020E-06
+3.339509E-06
+4.784310E-06
+6.854187E-06
+9.819572E-06
+1.050108E-05
+1.122989E-05
+1.200927E-05
+1.284275E-05
+1.157276E-05
+1.042835E-05
+9.397112E-06
+8.467852E-06
+1.227101E-05
+1.778227E-05
+2.576879E-05
+3.734231E-05
+3.862021E-05
+3.994183E-05
+4.130869E-05
+4.272233E-05
+4.121594E-05
+3.976267E-05
+3.836064E-05
+3.700804E-05
+6.220399E-05
+1.045540E-04
+1.757368E-04
+2.953825E-04
+2.038446E-04
+1.406739E-04
+9.707964E-05
+6.699499E-05
+7.648543E-05
+8.732028E-05
+9.968999E-05
+1.138120E-04
+1.056400E-04
+9.805473E-05
+9.101415E-05
+8.447907E-05
+5.842081E-05
+4.040043E-05
+2.793859E-05
+1.932069E-05
+1.688321E-05
+1.475324E-05
+1.289199E-05
+1.126554E-05
+1.002204E-05
+8.915787E-06
+7.931649E-06
+7.056140E-06
+1.037751E-05
+1.526228E-05
+2.244633E-05
+3.301199E-05
+4.570511E-05
+6.327872E-05
+8.760941E-05
+1.212953E-04
+1.054504E-04
+9.167529E-05
+7.969966E-05
+6.928843E-05
+6.449895E-05
+6.004053E-05
+5.589028E-05
+5.202692E-05
+3.895458E-05
+2.916681E-05
+2.183833E-05
+1.635121E-05
+1.018329E-05
+6.342000E-06
+3.949704E-06
+2.459815E-06
+1.597371E-06
+1.037311E-06
+6.736158E-07
+4.374371E-07
+9.699215E-07
+2.150590E-06
+4.768464E-06
+1.057304E-05
+7.830735E-06
+5.799694E-06
+4.295440E-06
+3.181342E-06
+3.212696E-06
+3.244359E-06
+3.276333E-06
+3.308623E-06
+2.296313E-06
+1.593731E-06
+1.106111E-06
+7.676839E-07
+7.137677E-07
+6.636382E-07
+6.170294E-07
+5.736938E-07
+6.841946E-07
+8.159792E-07
+9.731473E-07
+1.160589E-06
+1.075713E-06
+9.970449E-07
+9.241297E-07
+8.565468E-07
+7.842406E-07
+7.180382E-07
+6.574244E-07
+6.019274E-07
+5.264568E-07
+4.604488E-07
+4.027170E-07
+3.522237E-07
+3.723437E-07
+3.936129E-07
+4.160972E-07
+4.398660E-07
+3.924026E-07
+3.500607E-07
+3.122877E-07
+2.785906E-07
+3.600678E-07
+4.653739E-07
+6.014782E-07
+7.773881E-07
+6.018028E-07
+4.658762E-07
+3.606507E-07
+2.791919E-07
+4.113574E-07
+6.060882E-07
+8.930017E-07
+1.315736E-06
+9.924217E-07
+7.485553E-07
+5.646139E-07
+4.258721E-07
+4.391393E-07
+4.528200E-07
+4.669267E-07
+4.814732E-07
+5.410060E-07
+6.078999E-07
+6.830650E-07
+7.675242E-07
+1.126922E-06
+1.654610E-06
+2.429392E-06
+3.566971E-06
+3.249284E-06
+2.959891E-06
+2.696273E-06
+2.456133E-06
+2.031617E-06
+1.680473E-06
+1.390021E-06
+1.149771E-06
+1.154571E-06
+1.159390E-06
+1.164229E-06
+1.169088E-06
+9.692769E-07
+8.036159E-07
+6.662683E-07
+5.523950E-07
+5.816075E-07
+6.123649E-07
+6.447489E-07
+6.788453E-07
+6.920715E-07
+7.055553E-07
+7.193018E-07
+7.333165E-07
+7.306579E-07
+7.280090E-07
+7.253697E-07
+7.227400E-07
+6.208281E-07
+5.332866E-07
+4.580892E-07
+3.934949E-07
+4.248944E-07
+4.587994E-07
+4.954098E-07
+5.349417E-07
