Hz,real,imaginary,V^2 (rms)
9.999990,1.384732E-9,1.384732E-9,1.958307E-9
10.057721,1.320736E-9,1.320736E-9,1.867803E-9
10.115785,1.259698E-9,1.259698E-9,1.781482E-9
10.174184,1.201481E-9,1.201481E-9,1.699151E-9
10.232920,1.145954E-9,1.145954E-9,1.620624E-9
10.291995,9.184604E-10,9.184604E-10,1.298899E-9
10.351412,7.361285E-10,7.361285E-10,1.041043E-9
10.411171,5.899929E-10,5.899929E-10,8.343760E-10
10.471275,4.728680E-10,4.728680E-10,6.687363E-10
10.531727,8.470687E-10,8.470687E-10,1.197936E-9
10.592527,1.517391E-9,1.517391E-9,2.145915E-9
10.653678,2.718167E-9,2.718167E-9,3.844069E-9
10.715183,4.869172E-9,4.869172E-9,6.886049E-9
10.777042,1.776539E-9,1.776539E-9,2.512406E-9
10.839258,6.481782E-10,6.481782E-10,9.166624E-10
10.901834,2.364907E-10,2.364907E-10,3.344484E-10
10.964771,8.628464E-11,8.628464E-11,1.220249E-10
11.028071,1.084177E-10,1.084177E-10,1.533258E-10
11.091737,1.362282E-10,1.362282E-10,1.926558E-10
11.155770,1.711724E-10,1.711724E-10,2.420743E-10
11.220173,2.150801E-10,2.150801E-10,3.041692E-10
11.284948,2.127468E-10,2.127468E-10,3.008694E-10
11.350097,2.104388E-10,2.104388E-10,2.976054E-10
11.415622,2.081558E-10,2.081558E-10,2.943768E-10
11.481525,2.058976E-10,2.058976E-10,2.911832E-10
11.547808,2.501286E-10,2.501286E-10,3.537353E-10
11.614474,3.038614E-10,3.038614E-10,4.297249E-10
11.681525,3.691372E-10,3.691372E-10,5.220388E-10
11.748964,4.484356E-10,4.484356E-10,6.341837E-10
11.816791,4.920364E-10,4.920364E-10,6.958446E-10
11.885010,5.398765E-10,5.398765E-10,7.635007E-10
11.953623,5.923680E-10,5.923680E-10,8.377349E-10
12.022632,6.499634E-10,6.499634E-10,9.191871E-10
12.092039,5.214767E-10,5.214767E-10,7.374794E-10
12.161847,4.183897E-10,4.183897E-10,5.916924E-10
12.232059,3.356811E-10,3.356811E-10,4.747248E-10
12.302675,2.693227E-10,2.693227E-10,3.808798E-10
12.373699,1.973505E-9,1.973505E-9,2.790958E-9
12.445133,1.446118E-8,1.446118E-8,2.045120E-8
12.516980,1.059666E-7,1.059666E-7,1.498594E-7
12.589241,7.764872E-7,7.764872E-7,1.098119E-6
12.661919,9.414884E-7,9.414884E-7,1.331466E-6
12.735017,1.141552E-6,1.141552E-6,1.614398E-6
12.808537,1.384128E-6,1.384128E-6,1.957453E-6
12.882482,1.678251E-6,1.678251E-6,2.373405E-6
12.956853,1.757381E-6,1.757381E-6,2.485312E-6
13.031654,1.840242E-6,1.840242E-6,2.602495E-6
13.106887,1.927010E-6,1.927010E-6,2.725204E-6
13.182553,2.017869E-6,2.017869E-6,2.853698E-6
13.258657,2.108237E-6,2.108237E-6,2.981497E-6
13.335200,2.202652E-6,2.202652E-6,3.115020E-6
13.412185,2.301296E-6,2.301296E-6,3.254524E-6
13.489614,2.404358E-6,2.404358E-6,3.400276E-6
13.567491,2.504734E-6,2.504734E-6,3.542229E-6
13.645817,2.609300E-6,2.609300E-6,3.690107E-6
13.724595,2.718232E-6,2.718232E-6,3.844161E-6
13.803828,2.831713E-6,2.831713E-6,4.004647E-6
13.883518,2.948420E-6,2.948420E-6,4.169696E-6
13.963668,3.069938E-6,3.069938E-6,4.341548E-6
14.044282,3.196464E-6,3.196464E-6,4.520483E-6
14.125360,3.328204E-6,3.328204E-6,4.706791E-6
14.206907,3.453411E-6,3.453411E-6,4.883861E-6
14.288924,3.583328E-6,3.583328E-6,5.067591E-6
14.371415,3.718132E-6,3.718132E-6,5.258233E-6
14.454382,3.858007E-6,3.858007E-6,5.456046E-6
14.537828,4.084980E-6,4.084980E-6,5.777034E-6
14.621756,4.325305E-6,4.325305E-6,6.116905E-6
14.706168,4.579769E-6,4.579769E-6,6.476771E-6
14.791067,4.849205E-6,4.849205E-6,6.857811E-6
14.876457,5.097233E-6,5.097233E-6,7.208576E-6
14.962340,5.357947E-6,5.357947E-6,7.577281E-6
15.048718,5.631996E-6,5.631996E-6,7.964845E-6
15.135596,5.920062E-6,5.920062E-6,8.372232E-6
15.222974,6.264600E-6,6.264600E-6,8.859482E-6
15.310857,6.629190E-6,6.629190E-6,9.375090E-6
15.399248,7.014999E-6,7.014999E-6,9.920707E-6
15.488149,7.423264E-6,7.423264E-6,1.049808E-5
15.577563,7.802346E-6,7.802346E-6,1.103418E-5
15.667493,8.200784E-6,8.200784E-6,1.159766E-5
15.757942,8.619570E-6,8.619570E-6,1.218991E-5
15.848914,9.059744E-6,9.059744E-6,1.281241E-5
15.940411,9.591123E-6,9.591123E-6,1.356390E-5
16.032436,1.015367E-5,1.015367E-5,1.435946E-5
16.124992,1.074921E-5,1.074921E-5,1.520168E-5
16.218082,1.137968E-5,1.137968E-5,1.609330E-5
16.311710,1.204642E-5,1.204642E-5,1.703621E-5
16.405879,1.275221E-5,1.275221E-5,1.803435E-5
16.500591,1.349937E-5,1.349937E-5,1.909099E-5
16.595850,1.429030E-5,1.429030E-5,2.020954E-5
16.691659,1.513987E-5,1.513987E-5,2.141101E-5
16.788021,1.603995E-5,1.603995E-5,2.268391E-5
16.884939,1.699355E-5,1.699355E-5,2.403251E-5
16.982417,1.800383E-5,1.800383E-5,2.546126E-5
17.080457,1.938852E-5,1.938852E-5,2.741951E-5
17.179064,2.087970E-5,2.087970E-5,2.952835E-5
17.278240,2.248558E-5,2.248558E-5,3.179941E-5
17.377988,2.421496E-5,2.421496E-5,3.424512E-5
17.478312,2.562208E-5,2.562208E-5,3.623509E-5
17.579215,2.711098E-5,2.711098E-5,3.834072E-5
17.680701,2.868639E-5,2.868639E-5,4.056868E-5
17.782773,3.035336E-5,3.035336E-5,4.292613E-5
17.885434,3.297567E-5,3.297567E-5,4.663464E-5
17.988688,3.582454E-5,3.582454E-5,5.066355E-5
18.092538,3.891952E-5,3.891952E-5,5.504051E-5
18.196987,4.228188E-5,4.228188E-5,5.979561E-5
18.302039,4.473222E-5,4.473222E-5,6.326091E-5
18.407698,4.732455E-5,4.732455E-5,6.692702E-5
18.513967,5.006712E-5,5.006712E-5,7.080560E-5
18.620849,5.296861E-5,5.296861E-5,7.490893E-5
18.728348,5.714461E-5,5.714461E-5,8.081468E-5
18.836468,6.164984E-5,6.164984E-5,8.718604E-5
18.945212,6.651025E-5,6.651025E-5,9.405970E-5
19.054584,7.175383E-5,7.175383E-5,1.014752E-4
19.164587,7.412617E-5,7.412617E-5,1.048302E-4
19.275226,7.657695E-5,7.657695E-5,1.082962E-4
19.386503,7.910875E-5,7.910875E-5,1.118767E-4
19.498422,8.172430E-5,8.172430E-5,1.155756E-4
19.610988,8.358688E-5,8.358688E-5,1.182097E-4
19.724203,8.549192E-5,8.549192E-5,1.209038E-4
19.838072,8.744038E-5,8.744038E-5,1.236594E-4
19.952599,8.943325E-5,8.943325E-5,1.264777E-4
20.067786,9.122332E-5,9.122332E-5,1.290093E-4
20.183639,9.304922E-5,9.304922E-5,1.315915E-4
20.300160,9.491166E-5,9.491166E-5,1.342254E-4
20.417354,9.681137E-5,9.681137E-5,1.369120E-4
20.535225,9.745595E-5,9.745595E-5,1.378235E-4
20.653776,9.810482E-5,9.810482E-5,1.387412E-4
20.773011,9.875801E-5,9.875801E-5,1.396649E-4
20.892935,9.941554E-5,9.941554E-5,1.405948E-4
21.013551,9.857194E-5,9.857194E-5,1.394018E-4
21.134864,9.773549E-5,9.773549E-5,1.382189E-4
21.256877,9.690613E-5,9.690613E-5,1.370460E-4
21.379594,9.608382E-5,9.608382E-5,1.358830E-4
21.503020,9.361226E-5,9.361226E-5,1.323877E-4
21.627158,9.120429E-5,9.120429E-5,1.289823E-4
21.752013,8.885826E-5,8.885826E-5,1.256646E-4
21.877589,8.657257E-5,8.657257E-5,1.224321E-4
22.003889,8.410465E-5,8.410465E-5,1.189419E-4
22.130919,8.170710E-5,8.170710E-5,1.155513E-4
22.258682,7.937789E-5,7.937789E-5,1.122573E-4
22.387183,7.711505E-5,7.711505E-5,1.090571E-4
22.516425,7.408392E-5,7.408392E-5,1.047705E-4
22.646414,7.117193E-5,7.117193E-5,1.006523E-4
22.777153,6.837440E-5,6.837440E-5,9.669600E-5
22.908647,6.568683E-5,6.568683E-5,9.289521E-5
23.040900,6.381074E-5,6.381074E-5,9.024201E-5
23.173917,6.198823E-5,6.198823E-5,8.766460E-5
23.307701,6.021778E-5,6.021778E-5,8.516080E-5
23.442258,5.849790E-5,5.849790E-5,8.272852E-5
23.577591,5.655773E-5,5.655773E-5,7.998471E-5
23.713706,5.468191E-5,5.468191E-5,7.733190E-5
23.850607,5.286829E-5,5.286829E-5,7.476705E-5
23.988298,5.111484E-5,5.111484E-5,7.228730E-5
24.126784,4.951404E-5,4.951404E-5,7.002343E-5
24.266069,4.796337E-5,4.796337E-5,6.783045E-5
24.406159,4.646127E-5,4.646127E-5,6.570616E-5
24.547057,4.500620E-5,4.500620E-5,6.364838E-5
24.688769,4.345821E-5,4.345821E-5,6.145919E-5
24.831298,4.196347E-5,4.196347E-5,5.934531E-5
24.974651,4.052014E-5,4.052014E-5,5.730413E-5
25.118831,3.912644E-5,3.912644E-5,5.533314E-5
25.263844,3.755590E-5,3.755590E-5,5.311206E-5
25.409693,3.604840E-5,3.604840E-5,5.098014E-5
25.556385,3.460141E-5,3.460141E-5,4.893378E-5
25.703924,3.321250E-5,3.321250E-5,4.696957E-5
25.852314,3.203605E-5,3.203605E-5,4.530582E-5
26.001561,3.090127E-5,3.090127E-5,4.370100E-5
26.151669,2.980668E-5,2.980668E-5,4.215301E-5
26.302645,2.875087E-5,2.875087E-5,4.065987E-5
26.454491,2.768423E-5,2.768423E-5,3.915141E-5
26.607215,2.665715E-5,2.665715E-5,3.769890E-5
26.760820,2.566819E-5,2.566819E-5,3.630030E-5
26.915312,2.471590E-5,2.471590E-5,3.495356E-5
27.070695,2.356210E-5,2.356210E-5,3.332184E-5
27.226976,2.246217E-5,2.246217E-5,3.176631E-5
27.384159,2.141358E-5,2.141358E-5,3.028338E-5
27.542250,2.041394E-5,2.041394E-5,2.886967E-5
27.701253,1.956096E-5,1.956096E-5,2.766337E-5
27.861174,1.874363E-5,1.874363E-5,2.650750E-5
28.022018,1.796045E-5,1.796045E-5,2.539991E-5
28.183791,1.721000E-5,1.721000E-5,2.433862E-5
28.346497,2.151851E-5,2.151851E-5,3.043177E-5
28.510144,2.690566E-5,2.690566E-5,3.805035E-5
28.674734,3.364147E-5,3.364147E-5,4.757622E-5
28.840275,4.206360E-5,4.206360E-5,5.948691E-5
29.006772,3.997962E-5,3.997962E-5,5.653972E-5
29.174230,3.799889E-5,3.799889E-5,5.373855E-5
29.342654,3.611630E-5,3.611630E-5,5.107616E-5
29.512051,3.432697E-5,3.432697E-5,4.854567E-5
29.682426,3.359458E-5,3.359458E-5,4.750991E-5
29.853785,3.287782E-5,3.287782E-5,4.649626E-5
30.026132,3.217634E-5,3.217634E-5,4.550422E-5
30.199475,3.148984E-5,3.148984E-5,4.453336E-5
30.373818,2.892622E-5,2.892622E-5,4.090785E-5
30.549168,2.657131E-5,2.657131E-5,3.757751E-5
30.725531,2.440811E-5,2.440811E-5,3.451828E-5
30.902911,2.242101E-5,2.242101E-5,3.170810E-5
31.081315,2.279009E-5,2.279009E-5,3.223005E-5
31.260750,2.316524E-5,2.316524E-5,3.276060E-5
31.441220,2.354658E-5,2.354658E-5,3.329989E-5
31.622732,2.393419E-5,2.393419E-5,3.384806E-5
31.805292,2.512722E-5,2.512722E-5,3.553526E-5
31.988906,2.637972E-5,2.637972E-5,3.730656E-5
32.173580,2.769465E-5,2.769465E-5,3.916615E-5
32.359320,2.907513E-5,2.907513E-5,4.111844E-5
32.546132,2.864941E-5,2.864941E-5,4.051638E-5
32.734023,2.822993E-5,2.822993E-5,3.992315E-5
32.922998,2.781659E-5,2.781659E-5,3.933860E-5
33.113065,2.740930E-5,2.740930E-5,3.876260E-5
33.304228,2.717606E-5,2.717606E-5,3.843275E-5
33.496496,2.694481E-5,2.694481E-5,3.810572E-5
33.689873,2.671552E-5,2.671552E-5,3.778145E-5
33.884367,2.648818E-5,2.648818E-5,3.745994E-5
34.079983,2.609159E-5,2.609159E-5,3.689908E-5
34.276729,2.570094E-5,2.570094E-5,3.634662E-5
34.474611,2.531614E-5,2.531614E-5,3.580243E-5
34.673635,2.493711E-5,2.493711E-5,3.526640E-5
34.873808,2.500152E-5,2.500152E-5,3.535749E-5
35.075136,2.506610E-5,2.506610E-5,3.544882E-5
35.277627,2.513085E-5,2.513085E-5,3.554039E-5
35.481287,2.519577E-5,2.519577E-5,3.563220E-5
35.686123,2.511555E-5,2.511555E-5,3.551875E-5
35.892141,2.503559E-5,2.503559E-5,3.540567E-5
36.099348,2.495588E-5,2.495588E-5,3.529294E-5
36.307752,2.487643E-5,2.487643E-5,3.518058E-5
36.517359,2.504402E-5,2.504402E-5,3.541759E-5
36.728176,2.521275E-5,2.521275E-5,3.565621E-5
36.940210,2.538260E-5,2.538260E-5,3.589642E-5
37.153468,2.555361E-5,2.555361E-5,3.613826E-5
37.367957,2.559633E-5,2.559633E-5,3.619868E-5
37.583685,2.563913E-5,2.563913E-5,3.625921E-5
37.800658,2.568200E-5,2.568200E-5,3.631983E-5
38.018883,2.572494E-5,2.572494E-5,3.638056E-5
38.238368,2.576427E-5,2.576427E-5,3.643618E-5
38.459121,2.580366E-5,2.580366E-5,3.649189E-5
38.681148,2.584312E-5,2.584312E-5,3.654769E-5
38.904456,2.588262E-5,2.588262E-5,3.660355E-5
39.129054,2.586150E-5,2.586150E-5,3.657368E-5
39.354948,2.584041E-5,2.584041E-5,3.654386E-5
39.582147,2.581933E-5,2.581933E-5,3.651405E-5
39.810657,2.579827E-5,2.579827E-5,3.648426E-5
40.040486,2.572559E-5,2.572559E-5,3.638148E-5
40.271643,2.565311E-5,2.565311E-5,3.627898E-5
40.504133,2.558084E-5,2.558084E-5,3.617677E-5
40.737966,2.550877E-5,2.550877E-5,3.607485E-5
40.973149,2.514413E-5,2.514413E-5,3.555917E-5
41.209689,2.478471E-5,2.478471E-5,3.505087E-5
41.447595,2.443043E-5,2.443043E-5,3.454985E-5
41.686875,2.408121E-5,2.408121E-5,3.405597E-5
41.927536,2.372716E-5,2.372716E-5,3.355527E-5
42.169586,2.337832E-5,2.337832E-5,3.306194E-5
42.413033,2.303462E-5,2.303462E-5,3.257587E-5
42.657886,2.269595E-5,2.269595E-5,3.209692E-5
42.904153,2.185601E-5,2.185601E-5,3.090907E-5
43.151841,2.104714E-5,2.104714E-5,2.976515E-5
43.400959,2.026821E-5,2.026821E-5,2.866358E-5
43.651516,1.951811E-5,1.951811E-5,2.760278E-5
43.903519,2.027805E-5,2.027805E-5,2.867749E-5
44.156976,2.106757E-5,2.106757E-5,2.979404E-5
44.411897,2.188784E-5,2.188784E-5,3.095408E-5
44.668290,2.274006E-5,2.274006E-5,3.215930E-5
44.926163,2.441368E-5,2.441368E-5,3.452616E-5
45.185524,2.621047E-5,2.621047E-5,3.706720E-5
45.446383,2.813950E-5,2.813950E-5,3.979526E-5
45.708748,3.021050E-5,3.021050E-5,4.272410E-5
45.972627,3.182230E-5,3.182230E-5,4.500353E-5
46.238030,3.352010E-5,3.352010E-5,4.740458E-5
46.504965,3.530848E-5,3.530848E-5,4.993373E-5
46.773441,3.719225E-5,3.719225E-5,5.259778E-5
47.043467,3.894856E-5,3.894856E-5,5.508158E-5
47.315051,4.078782E-5,4.078782E-5,5.768269E-5
47.588204,4.271392E-5,4.271392E-5,6.040660E-5
47.862934,4.473098E-5,4.473098E-5,6.325916E-5
48.139249,4.606812E-5,4.606812E-5,6.515016E-5
48.417160,4.744523E-5,4.744523E-5,6.709769E-5
48.696675,4.886350E-5,4.886350E-5,6.910342E-5
48.977804,5.032420E-5,5.032420E-5,7.116917E-5
49.260556,5.107123E-5,5.107123E-5,7.222563E-5
49.544940,5.182935E-5,5.182935E-5,7.329777E-5
49.830966,5.259873E-5,5.259873E-5,7.438584E-5
50.118643,5.337955E-5,5.337955E-5,7.549008E-5
50.407981,5.437860E-5,5.437860E-5,7.690295E-5
50.698990,5.539635E-5,5.539635E-5,7.834227E-5
50.991678,5.643316E-5,5.643316E-5,7.980854E-5
51.286056,5.748937E-5,5.748937E-5,8.130225E-5
51.582133,5.873070E-5,5.873070E-5,8.305775E-5
51.879920,5.999883E-5,5.999883E-5,8.485116E-5
52.179426,6.129435E-5,6.129435E-5,8.668330E-5
52.480661,6.261783E-5,6.261783E-5,8.855498E-5
52.783635,6.380251E-5,6.380251E-5,9.023037E-5
53.088358,6.500959E-5,6.500959E-5,9.193744E-5
53.394841,6.623950E-5,6.623950E-5,9.367680E-5
53.703092,6.749268E-5,6.749268E-5,9.544906E-5
54.013124,6.908586E-5,6.908586E-5,9.770216E-5
54.324945,7.071663E-5,7.071663E-5,1.000084E-4
54.638566,7.238591E-5,7.238591E-5,1.023691E-4
54.953998,7.409455E-5,7.409455E-5,1.047855E-4
55.271250,7.662289E-5,7.662289E-5,1.083611E-4
55.590335,7.923751E-5,7.923751E-5,1.120588E-4
55.911261,8.194134E-5,8.194134E-5,1.158826E-4
56.234040,8.473745E-5,8.473745E-5,1.198369E-4
56.558683,8.788081E-5,8.788081E-5,1.242822E-4
56.885199,9.114077E-5,9.114077E-5,1.288925E-4
57.213601,9.452166E-5,9.452166E-5,1.336738E-4
57.543899,9.802800E-5,9.802800E-5,1.386325E-4
57.876103,1.019722E-4,1.019722E-4,1.442105E-4
58.210225,1.060751E-4,1.060751E-4,1.500128E-4
58.546276,1.103431E-4,1.103431E-4,1.560487E-4
58.884268,1.147828E-4,1.147828E-4,1.623274E-4
59.224210,1.193856E-4,1.193856E-4,1.688367E-4
59.566115,1.241730E-4,1.241730E-4,1.756071E-4
59.909994,1.291523E-4,1.291523E-4,1.826489E-4
60.255858,1.343314E-4,1.343314E-4,1.899733E-4
60.603719,1.416485E-4,1.416485E-4,2.003212E-4
60.953588,1.493642E-4,1.493642E-4,2.112329E-4
61.305476,1.575002E-4,1.575002E-4,2.227389E-4
61.659397,1.660793E-4,1.660793E-4,2.348716E-4
62.015360,1.729753E-4,1.729753E-4,2.446240E-4
62.373378,1.801576E-4,1.801576E-4,2.547813E-4
62.733464,1.876382E-4,1.876382E-4,2.653605E-4
63.095628,1.954293E-4,1.954293E-4,2.763788E-4
63.459883,1.963107E-4,1.963107E-4,2.776253E-4
63.826240,1.971961E-4,1.971961E-4,2.788774E-4
64.194713,1.980855E-4,1.980855E-4,2.801352E-4
64.565313,1.989788E-4,1.989788E-4,2.813985E-4
64.938053,1.933679E-4,1.933679E-4,2.734635E-4
65.312944,1.879151E-4,1.879151E-4,2.657521E-4
65.690000,1.826161E-4,1.826161E-4,2.582582E-4
66.069232,1.774666E-4,1.774666E-4,2.509757E-4
66.450654,1.829184E-4,1.829184E-4,2.586857E-4
66.834277,1.885377E-4,1.885377E-4,2.666326E-4
67.220116,1.943296E-4,1.943296E-4,2.748236E-4
67.608181,2.002995E-4,2.002995E-4,2.832663E-4
67.998488,2.077034E-4,2.077034E-4,2.937370E-4
68.391047,2.153809E-4,2.153809E-4,3.045946E-4
68.785873,2.233423E-4,2.233423E-4,3.158537E-4
69.182978,2.315981E-4,2.315981E-4,3.275292E-4
69.582375,2.376263E-4,2.376263E-4,3.360543E-4
69.984078,2.438113E-4,2.438113E-4,3.448012E-4
70.388101,2.501574E-4,2.501574E-4,3.537760E-4
70.794455,2.566687E-4,2.566687E-4,3.629844E-4
71.203156,2.512253E-4,2.512253E-4,3.552862E-4
71.614216,2.458974E-4,2.458974E-4,3.477514E-4
72.027650,2.406824E-4,2.406824E-4,3.403763E-4
72.443470,2.355781E-4,2.355781E-4,3.331577E-4
72.861690,2.210693E-4,2.210693E-4,3.126392E-4
73.282325,2.074541E-4,2.074541E-4,2.933844E-4
73.705388,1.946774E-4,1.946774E-4,2.753154E-4
74.130894,1.826876E-4,1.826876E-4,2.583593E-4
74.558856,1.711975E-4,1.711975E-4,2.421098E-4
74.989289,1.604300E-4,1.604300E-4,2.268823E-4
75.422207,1.503397E-4,1.503397E-4,2.126124E-4
75.857624,1.408841E-4,1.408841E-4,1.992402E-4
76.295554,1.322717E-4,1.322717E-4,1.870604E-4
76.736013,1.241858E-4,1.241858E-4,1.756252E-4
77.179015,1.165941E-4,1.165941E-4,1.648890E-4
77.624574,1.094665E-4,1.094665E-4,1.548090E-4
78.072705,1.029286E-4,1.029286E-4,1.455630E-4
78.523424,9.678124E-5,9.678124E-5,1.368693E-4
78.976744,9.100097E-5,9.100097E-5,1.286948E-4
79.432682,8.556591E-5,8.556591E-5,1.210085E-4
79.891252,8.063012E-5,8.063012E-5,1.140282E-4
80.352469,7.597905E-5,7.597905E-5,1.074506E-4
80.816348,7.159628E-5,7.159628E-5,1.012524E-4
81.282906,6.746631E-5,6.746631E-5,9.541177E-5
81.752157,6.338913E-5,6.338913E-5,8.964577E-5
82.224117,5.955834E-5,5.955834E-5,8.422821E-5
82.698802,5.595906E-5,5.595906E-5,7.913806E-5
83.176227,5.257728E-5,5.257728E-5,7.435550E-5
83.656409,4.867790E-5,4.867790E-5,6.884095E-5
84.139362,4.506770E-5,4.506770E-5,6.373535E-5
84.625104,4.172527E-5,4.172527E-5,5.900844E-5
85.113650,3.863071E-5,3.863071E-5,5.463207E-5
85.605016,3.691184E-5,3.691184E-5,5.220122E-5
86.099219,3.526943E-5,3.526943E-5,4.987851E-5
86.596275,3.370011E-5,3.370011E-5,4.765915E-5
87.096201,3.220062E-5,3.220062E-5,4.553855E-5
87.599012,3.014013E-5,3.014013E-5,4.262458E-5
88.104727,2.821148E-5,2.821148E-5,3.989706E-5
88.613361,2.640625E-5,2.640625E-5,3.734408E-5
89.124931,2.471654E-5,2.471654E-5,3.495447E-5
89.639454,2.425220E-5,2.425220E-5,3.429779E-5
90.156948,2.379658E-5,2.379658E-5,3.365345E-5
90.677430,2.334952E-5,2.334952E-5,3.302121E-5
91.200916,2.291085E-5,2.291085E-5,3.240083E-5
91.727425,2.268887E-5,2.268887E-5,3.208691E-5
92.256973,2.246905E-5,2.246905E-5,3.177604E-5
92.789578,2.225135E-5,2.225135E-5,3.146816E-5
93.325258,2.203576E-5,2.203576E-5,3.116327E-5
93.864030,2.047038E-5,2.047038E-5,2.894949E-5
94.405913,1.901620E-5,1.901620E-5,2.689297E-5
94.950924,1.766531E-5,1.766531E-5,2.498252E-5
95.499081,1.641039E-5,1.641039E-5,2.320780E-5
96.050403,1.564728E-5,1.564728E-5,2.212860E-5
96.604908,1.491965E-5,1.491965E-5,2.109957E-5
97.162614,1.422585E-5,1.422585E-5,2.011839E-5
97.723540,1.356433E-5,1.356433E-5,1.918286E-5
98.287704,1.313309E-5,1.313309E-5,1.857299E-5
98.855125,1.271556E-5,1.271556E-5,1.798252E-5
99.425821,1.231131E-5,1.231131E-5,1.741082E-5
99.999813,1.191990E-5,1.191990E-5,1.685728E-5
100.577118,1.137822E-5,1.137822E-5,1.609123E-5
101.157755,1.086116E-5,1.086116E-5,1.536000E-5
101.741745,1.036759E-5,1.036759E-5,1.466199E-5
102.329106,9.896448E-6,9.896448E-6,1.399569E-5
102.919859,9.557843E-6,9.557843E-6,1.351683E-5
103.514021,9.230823E-6,9.230823E-6,1.305436E-5
104.111614,8.914994E-6,8.914994E-6,1.260771E-5
104.712657,8.609970E-6,8.609970E-6,1.217634E-5
105.317169,8.386452E-6,8.386452E-6,1.186023E-5
105.925171,8.168738E-6,8.168738E-6,1.155234E-5
106.536684,7.956674E-6,7.956674E-6,1.125244E-5
107.151727,7.750117E-6,7.750117E-6,1.096032E-5
107.770320,7.556860E-6,7.556860E-6,1.068701E-5
108.392485,7.368423E-6,7.368423E-6,1.042052E-5
109.018241,7.184684E-6,7.184684E-6,1.016068E-5
109.647610,7.005528E-6,7.005528E-6,9.907313E-6
110.280612,6.772857E-6,6.772857E-6,9.578266E-6
110.917269,6.547913E-6,6.547913E-6,9.260147E-6
111.557601,6.330441E-6,6.330441E-6,8.952596E-6
112.201630,6.120191E-6,6.120191E-6,8.655257E-6
112.849377,5.977113E-6,5.977113E-6,8.452914E-6
113.500863,5.837380E-6,5.837380E-6,8.255302E-6
114.156110,5.700914E-6,5.700914E-6,8.062310E-6
114.815141,5.567637E-6,5.567637E-6,7.873828E-6
115.477975,5.410381E-6,5.410381E-6,7.651434E-6
116.144637,5.257566E-6,5.257566E-6,7.435321E-6
116.815147,5.109067E-6,5.109067E-6,7.225312E-6
117.489528,4.964763E-6,4.964763E-6,7.021235E-6
118.167802,4.955933E-6,4.955933E-6,7.008748E-6
118.849992,4.947118E-6,4.947118E-6,6.996281E-6
119.536120,4.938319E-6,4.938319E-6,6.983838E-6
120.226209,4.929537E-6,4.929537E-6,6.971418E-6
120.920282,4.427854E-6,4.427854E-6,6.261931E-6
121.618363,3.977228E-6,3.977228E-6,5.624650E-6
122.320473,3.572462E-6,3.572462E-6,5.052224E-6
123.026636,3.208890E-6,3.208890E-6,4.538056E-6
123.736876,3.389993E-6,3.389993E-6,4.794174E-6
124.451217,3.581317E-6,3.581317E-6,5.064747E-6
125.169681,3.783440E-6,3.783440E-6,5.350592E-6
125.892294,3.996967E-6,3.996967E-6,5.652565E-6
126.619077,3.847735E-6,3.847735E-6,5.441519E-6
127.350057,3.704075E-6,3.704075E-6,5.238353E-6
128.085257,3.565778E-6,3.565778E-6,5.042772E-6
128.824701,3.432645E-6,3.432645E-6,4.854493E-6
129.568413,3.406548E-6,3.406548E-6,4.817586E-6
130.316420,3.380650E-6,3.380650E-6,4.780961E-6
131.068744,3.354948E-6,3.354948E-6,4.744613E-6
131.825412,3.329442E-6,3.329442E-6,4.708542E-6
132.586448,3.282119E-6,3.282119E-6,4.641617E-6
133.351878,3.235469E-6,3.235469E-6,4.575644E-6
134.121726,3.189482E-6,3.189482E-6,4.510609E-6
134.896019,3.144149E-6,3.144149E-6,4.446498E-6
135.674782,3.140312E-6,3.140312E-6,4.441072E-6
136.458041,3.136479E-6,3.136479E-6,4.435651E-6
137.245821,3.132651E-6,3.132651E-6,4.430238E-6
138.038150,3.128828E-6,3.128828E-6,4.424831E-6
138.835052,2.944210E-6,2.944210E-6,4.163742E-6
139.636556,2.770485E-6,2.770485E-6,3.918057E-6
140.442686,2.607012E-6,2.607012E-6,3.686872E-6
141.253470,2.453185E-6,2.453185E-6,3.469327E-6
142.068935,2.923512E-6,2.923512E-6,4.134470E-6
142.889108,3.484010E-6,3.484010E-6,4.927134E-6
143.714015,4.151968E-6,4.151968E-6,5.871769E-6
144.543685,4.947989E-6,4.947989E-6,6.997513E-6
145.378144,5.110204E-6,5.110204E-6,7.226920E-6
146.217421,5.277739E-6,5.277739E-6,7.463850E-6
147.061543,5.450765E-6,5.450765E-6,7.708546E-6
147.910538,5.629464E-6,5.629464E-6,7.961264E-6
148.764435,5.366548E-6,5.366548E-6,7.589445E-6
149.623261,5.115911E-6,5.115911E-6,7.234991E-6
150.487045,4.876981E-6,4.876981E-6,6.897093E-6
151.355816,4.649210E-6,4.649210E-6,6.574976E-6
152.229602,4.186961E-6,4.186961E-6,5.921257E-6
153.108433,3.770671E-6,3.770671E-6,5.332534E-6
153.992337,3.395771E-6,3.395771E-6,4.802345E-6
154.881344,3.058145E-6,3.058145E-6,4.324870E-6
155.775484,3.303573E-6,3.303573E-6,4.671958E-6
156.674785,3.568698E-6,3.568698E-6,5.046901E-6
157.579278,3.855099E-6,3.855099E-6,5.451933E-6
158.488993,4.164486E-6,4.164486E-6,5.889473E-6
159.403960,4.706256E-6,4.706256E-6,6.655651E-6
160.324208,5.318506E-6,5.318506E-6,7.521503E-6
161.249770,6.010406E-6,6.010406E-6,8.499998E-6
162.180674,6.792317E-6,6.792317E-6,9.605787E-6
163.116953,7.683975E-6,7.683975E-6,1.086678E-5
164.058637,8.692685E-6,8.692685E-6,1.229331E-5
165.005758,9.833811E-6,9.833811E-6,1.390711E-5
165.958346,1.112474E-5,1.112474E-5,1.573276E-5
166.916434,1.303760E-5,1.303760E-5,1.843795E-5
167.880052,1.527938E-5,1.527938E-5,2.160831E-5
168.849234,1.790662E-5,1.790662E-5,2.532378E-5
169.824011,2.098561E-5,2.098561E-5,2.967813E-5
170.804415,2.252692E-5,2.252692E-5,3.185788E-5
171.790479,2.418143E-5,2.418143E-5,3.419771E-5
172.782236,2.595745E-5,2.595745E-5,3.670938E-5
173.779719,2.786391E-5,2.786391E-5,3.940552E-5
174.782960,1.870577E-5,1.870577E-5,2.645395E-5
175.791992,1.255767E-5,1.255767E-5,1.775923E-5
176.806850,8.430295E-6,8.430295E-6,1.192224E-5
177.827567,5.659475E-6,5.659475E-6,8.003706E-6
178.854176,7.693816E-6,7.693816E-6,1.088070E-5
179.886712,1.045942E-5,1.045942E-5,1.479185E-5
180.925209,1.421913E-5,1.421913E-5,2.010889E-5
181.969701,1.933030E-5,1.933030E-5,2.733717E-5
183.020223,2.285133E-5,2.285133E-5,3.231666E-5
184.076810,2.701371E-5,2.701371E-5,3.820316E-5
185.139497,3.193427E-5,3.193427E-5,4.516188E-5
186.208318,3.775111E-5,3.775111E-5,5.338813E-5
187.283310,4.397336E-5,4.397336E-5,6.218772E-5
188.364508,5.122117E-5,5.122117E-5,7.243767E-5
189.451948,5.966359E-5,5.966359E-5,8.437706E-5
190.545665,6.949753E-5,6.949753E-5,9.828435E-5
191.645697,5.840021E-5,5.840021E-5,8.259037E-5
192.752079,4.907491E-5,4.907491E-5,6.940240E-5
193.864849,4.123866E-5,4.123866E-5,5.832027E-5
194.984042,3.465371E-5,3.465371E-5,4.900775E-5
196.109697,3.347680E-5,3.347680E-5,4.734334E-5
197.241850,3.233987E-5,3.233987E-5,4.573548E-5
198.380539,3.124155E-5,3.124155E-5,4.418222E-5
199.525802,3.018053E-5,3.018053E-5,4.268171E-5
200.677677,2.653410E-5,2.653410E-5,3.752488E-5
201.836201,2.332822E-5,2.332822E-5,3.299109E-5
203.001414,2.050969E-5,2.050969E-5,2.900508E-5
204.173353,1.803169E-5,1.803169E-5,2.550066E-5
205.352059,1.417225E-5,1.417225E-5,2.004259E-5
206.537568,1.113887E-5,1.113887E-5,1.575274E-5
207.729922,8.754747E-6,8.754747E-6,1.238108E-5
208.929160,6.880912E-6,6.880912E-6,9.731079E-6
210.135321,7.571069E-6,7.571069E-6,1.070711E-5
211.348445,8.330448E-6,8.330448E-6,1.178103E-5
212.568572,9.165991E-6,9.165991E-6,1.296267E-5
213.795743,1.008534E-5,1.008534E-5,1.426282E-5
215.029999,1.242788E-5,1.242788E-5,1.757568E-5
216.271380,1.531452E-5,1.531452E-5,2.165800E-5
217.519928,1.887164E-5,1.887164E-5,2.668853E-5
218.775684,2.325500E-5,2.325500E-5,3.288754E-5
220.038689,1.733379E-5,1.733379E-5,2.451368E-5
221.308986,1.292025E-5,1.292025E-5,1.827199E-5
222.586616,9.630485E-6,9.630485E-6,1.361956E-5
223.871622,7.178364E-6,7.178364E-6,1.015174E-5
225.164046,8.021503E-6,8.021503E-6,1.134412E-5
226.463932,8.963672E-6,8.963672E-6,1.267655E-5
227.771322,1.001651E-5,1.001651E-5,1.416548E-5
229.086260,1.119300E-5,1.119300E-5,1.582929E-5
230.408789,1.022002E-5,1.022002E-5,1.445329E-5
231.738953,9.331625E-6,9.331625E-6,1.319691E-5
233.076796,8.520452E-6,8.520452E-6,1.204974E-5
234.422362,7.779792E-6,7.779792E-6,1.100229E-5
235.775697,6.093366E-6,6.093366E-6,8.617321E-6
237.136844,4.772507E-6,4.772507E-6,6.749344E-6
238.505849,3.737970E-6,3.737970E-6,5.286288E-6
239.882758,2.927689E-6,2.927689E-6,4.140377E-6
241.267616,2.619258E-6,2.619258E-6,3.704190E-6
242.660469,2.343321E-6,2.343321E-6,3.313956E-6
244.061362,2.096453E-6,2.096453E-6,2.964832E-6
245.470343,1.875593E-6,1.875593E-6,2.652489E-6
246.887458,1.905893E-6,1.905893E-6,2.695340E-6
248.312755,1.936683E-6,1.936683E-6,2.738883E-6
249.746279,1.967971E-6,1.967971E-6,2.783131E-6
251.188080,1.999765E-6,1.999765E-6,2.828095E-6
252.638204,1.786648E-6,1.786648E-6,2.526702E-6
254.096699,1.596243E-6,1.596243E-6,2.257428E-6
255.563615,1.426129E-6,1.426129E-6,2.016851E-6
257.038999,1.274145E-6,1.274145E-6,1.801913E-6
258.522901,1.372702E-6,1.372702E-6,1.941294E-6
260.015369,1.478882E-6,1.478882E-6,2.091455E-6
261.516454,1.593276E-6,1.593276E-6,2.253233E-6
263.026204,1.716519E-6,1.716519E-6,2.427524E-6
264.544671,1.749052E-6,1.749052E-6,2.473533E-6
266.071903,1.782202E-6,1.782202E-6,2.520414E-6
267.607952,1.815980E-6,1.815980E-6,2.568184E-6
269.152869,1.850398E-6,1.850398E-6,2.616858E-6
270.706705,1.862730E-6,1.862730E-6,2.634298E-6
272.269511,1.875144E-6,1.875144E-6,2.651854E-6
273.841340,1.887641E-6,1.887641E-6,2.669528E-6
275.422242,1.900222E-6,1.900222E-6,2.687320E-6
277.012272,1.782424E-6,1.782424E-6,2.520728E-6
278.611480,1.671928E-6,1.671928E-6,2.364463E-6
280.219921,1.568282E-6,1.568282E-6,2.217886E-6
281.837648,1.471062E-6,1.471062E-6,2.080396E-6
283.464714,1.439985E-6,1.439985E-6,2.036446E-6
285.101173,1.409564E-6,1.409564E-6,1.993425E-6
286.747079,1.379786E-6,1.379786E-6,1.951312E-6
288.402487,1.350638E-6,1.350638E-6,1.910091E-6
290.067453,1.206978E-6,1.206978E-6,1.706925E-6
291.742030,1.078598E-6,1.078598E-6,1.525368E-6
293.426274,9.638734E-7,9.638734E-7,1.363123E-6
295.120242,8.613513E-7,8.613513E-7,1.218135E-6
296.823989,1.265971E-6,1.265971E-6,1.790353E-6
298.537572,1.860662E-6,1.860662E-6,2.631373E-6
300.261047,2.734709E-6,2.734709E-6,3.867463E-6
301.994472,4.019338E-6,4.019338E-6,5.684202E-6
303.737905,3.558226E-6,3.558226E-6,5.032091E-6
305.491402,3.150014E-6,3.150014E-6,4.454793E-6
307.255023,2.788634E-6,2.788634E-6,3.943724E-6
309.028824,2.468713E-6,2.468713E-6,3.491287E-6
310.812867,2.246872E-6,2.246872E-6,3.177557E-6
312.607208,2.044966E-6,2.044966E-6,2.892019E-6
314.411909,1.861204E-6,1.861204E-6,2.632140E-6
316.227028,1.693954E-6,1.693954E-6,2.395613E-6
318.052625,1.377367E-6,1.377367E-6,1.947891E-6
319.888762,1.119947E-6,1.119947E-6,1.583844E-6
321.735500,9.106371E-7,9.106371E-7,1.287835E-6
323.592898,7.404457E-7,7.404457E-7,1.047148E-6
325.461020,7.940068E-7,7.940068E-7,1.122895E-6
327.339926,8.514424E-7,8.514424E-7,1.204121E-6
329.229679,9.130327E-7,9.130327E-7,1.291223E-6
331.130342,9.790787E-7,9.790787E-7,1.384626E-6
333.041978,1.216185E-6,1.216185E-6,1.719945E-6
334.964649,1.510712E-6,1.510712E-6,2.136469E-6
336.898420,1.876566E-6,1.876566E-6,2.653865E-6
338.843355,2.331020E-6,2.331020E-6,3.296560E-6
340.799519,3.339509E-6,3.339509E-6,4.722779E-6
342.766975,4.784310E-6,4.784310E-6,6.766036E-6
344.745790,6.854187E-6,6.854187E-6,9.693284E-6
346.736028,9.819572E-6,9.819572E-6,1.388697E-5
348.737756,1.050108E-5,1.050108E-5,1.485077E-5
350.751040,1.122989E-5,1.122989E-5,1.588146E-5
352.775947,1.200927E-5,1.200927E-5,1.698367E-5
354.812544,1.284275E-5,1.284275E-5,1.816239E-5
356.860899,1.157276E-5,1.157276E-5,1.636635E-5
358.921078,1.042835E-5,1.042835E-5,1.474791E-5
360.993151,9.397112E-6,9.397112E-6,1.328952E-5
363.077187,8.467852E-6,8.467852E-6,1.197535E-5
365.173253,1.227101E-5,1.227101E-5,1.735383E-5
367.281421,1.778227E-5,1.778227E-5,2.514793E-5
369.401759,2.576879E-5,2.576879E-5,3.644257E-5
371.534338,3.734231E-5,3.734231E-5,5.281000E-5
373.679228,3.862021E-5,3.862021E-5,5.461722E-5
375.836501,3.994183E-5,3.994183E-5,5.648628E-5
378.006228,4.130869E-5,4.130869E-5,5.841931E-5
380.188480,4.272233E-5,4.272233E-5,6.041850E-5
382.383332,4.121594E-5,4.121594E-5,5.828814E-5
384.590854,3.976267E-5,3.976267E-5,5.623291E-5
386.811120,3.836064E-5,3.836064E-5,5.425014E-5
389.044204,3.700804E-5,3.700804E-5,5.233727E-5
391.290180,6.220399E-5,6.220399E-5,8.796973E-5
393.549122,1.045540E-4,1.045540E-4,1.478617E-4
395.821105,1.757368E-4,1.757368E-4,2.485294E-4
398.106204,2.953825E-4,2.953825E-4,4.177339E-4
400.404495,2.038446E-4,2.038446E-4,2.882798E-4
402.716055,1.406739E-4,1.406739E-4,1.989429E-4
405.040959,9.707964E-5,9.707964E-5,1.372913E-4
407.379285,6.699499E-5,6.699499E-5,9.474522E-5
409.731111,7.648543E-5,7.648543E-5,1.081667E-4
412.096513,8.732028E-5,8.732028E-5,1.234895E-4
414.475571,9.968999E-5,9.968999E-5,1.409829E-4
416.868364,1.138120E-4,1.138120E-4,1.609545E-4
419.274970,1.056400E-4,1.056400E-4,1.493975E-4
421.695470,9.805473E-5,9.805473E-5,1.386703E-4
424.129944,9.101415E-5,9.101415E-5,1.287134E-4
426.578472,8.447907E-5,8.447907E-5,1.194714E-4
429.041135,5.842081E-5,5.842081E-5,8.261950E-5
431.518015,4.040043E-5,4.040043E-5,5.713484E-5
434.009195,2.793859E-5,2.793859E-5,3.951113E-5
436.514757,1.932069E-5,1.932069E-5,2.732358E-5
439.034783,1.688321E-5,1.688321E-5,2.387646E-5
441.569357,1.475324E-5,1.475324E-5,2.086423E-5
444.118564,1.289199E-5,1.289199E-5,1.823203E-5
446.682487,1.126554E-5,1.126554E-5,1.593188E-5
449.261212,1.002204E-5,1.002204E-5,1.417330E-5
451.854825,8.915787E-6,8.915787E-6,1.260883E-5
454.463410,7.931649E-6,7.931649E-6,1.121705E-5
457.087055,7.056140E-6,7.056140E-6,9.978889E-6
459.725846,1.037751E-5,1.037751E-5,1.467602E-5
462.379871,1.526228E-5,1.526228E-5,2.158412E-5
465.049218,2.244633E-5,2.244633E-5,3.174390E-5
467.733976,3.301199E-5,3.301199E-5,4.668600E-5
470.434232,4.570511E-5,4.570511E-5,6.463679E-5
473.150078,6.327872E-5,6.327872E-5,8.948962E-5
475.881602,8.760941E-5,8.760941E-5,1.238984E-4
478.628895,1.212953E-4,1.212953E-4,1.715375E-4
481.392049,1.054504E-4,1.054504E-4,1.491294E-4
484.171154,9.167529E-5,9.167529E-5,1.296484E-4
486.966304,7.969966E-5,7.969966E-5,1.127123E-4
489.777590,6.928843E-5,6.928843E-5,9.798864E-5
492.605106,6.449895E-5,6.449895E-5,9.121529E-5
495.448945,6.004053E-5,6.004053E-5,8.491013E-5
498.309202,5.589028E-5,5.589028E-5,7.904079E-5
501.185971,5.202692E-5,5.202692E-5,7.357718E-5
504.079348,3.895458E-5,3.895458E-5,5.509010E-5
506.989429,2.916681E-5,2.916681E-5,4.124810E-5
509.916309,2.183833E-5,2.183833E-5,3.088406E-5
512.860087,1.635121E-5,1.635121E-5,2.312410E-5
515.820860,1.018329E-5,1.018329E-5,1.440135E-5
518.798725,6.342000E-6,6.342000E-6,8.968942E-6
521.793781,3.949704E-6,3.949704E-6,5.585725E-6
524.806128,2.459815E-6,2.459815E-6,3.478704E-6
527.835866,1.597371E-6,1.597371E-6,2.259024E-6
530.883094,1.037311E-6,1.037311E-6,1.466979E-6
533.947915,6.736158E-7,6.736158E-7,9.526366E-7
537.030429,4.374371E-7,4.374371E-7,6.186295E-7
540.130738,9.699215E-7,9.699215E-7,1.371676E-6
543.248945,2.150590E-6,2.150590E-6,3.041394E-6
546.385154,4.768464E-6,4.768464E-6,6.743626E-6
549.539469,1.057304E-5,1.057304E-5,1.495254E-5
552.711994,7.830735E-6,7.830735E-6,1.107433E-5
555.902834,5.799694E-6,5.799694E-6,8.202006E-6
559.112094,4.295440E-6,4.295440E-6,6.074670E-6
562.339883,3.181342E-6,3.181342E-6,4.499097E-6
565.586305,3.212696E-6,3.212696E-6,4.543438E-6
568.851469,3.244359E-6,3.244359E-6,4.588216E-6
572.135483,3.276333E-6,3.276333E-6,4.633435E-6
575.438456,3.308623E-6,3.308623E-6,4.679100E-6
578.760497,2.296313E-6,2.296313E-6,3.247477E-6
582.101716,1.593731E-6,1.593731E-6,2.253876E-6
585.462225,1.106111E-6,1.106111E-6,1.564277E-6
588.842134,7.676839E-7,7.676839E-7,1.085669E-6
592.241555,7.137677E-7,7.137677E-7,1.009420E-6
595.660602,6.636382E-7,6.636382E-7,9.385261E-7
599.099386,6.170294E-7,6.170294E-7,8.726113E-7
602.558024,5.736938E-7,5.736938E-7,8.113256E-7
606.036628,6.841946E-7,6.841946E-7,9.675973E-7
609.535314,8.159792E-7,8.159792E-7,1.153969E-6
613.054198,9.731473E-7,9.731473E-7,1.376238E-6
616.593397,1.160589E-6,1.160589E-6,1.641321E-6
620.153028,1.075713E-6,1.075713E-6,1.521288E-6
623.733209,9.970449E-7,9.970449E-7,1.410034E-6
627.334059,9.241297E-7,9.241297E-7,1.306917E-6
630.955697,8.565468E-7,8.565468E-7,1.211340E-6
634.598242,7.842406E-7,7.842406E-7,1.109084E-6
638.261816,7.180382E-7,7.180382E-7,1.015459E-6
641.946541,6.574244E-7,6.574244E-7,9.297385E-7
645.652537,6.019274E-7,6.019274E-7,8.512539E-7
649.379928,5.264568E-7,5.264568E-7,7.445223E-7
653.128838,4.604488E-7,4.604488E-7,6.511729E-7
656.899390,4.027170E-7,4.027170E-7,5.695278E-7
660.691710,3.522237E-7,3.522237E-7,4.981195E-7
664.505924,3.723437E-7,3.723437E-7,5.265735E-7
668.342157,3.936129E-7,3.936129E-7,5.566527E-7
672.200537,4.160972E-7,4.160972E-7,5.884503E-7
676.081191,4.398660E-7,4.398660E-7,6.220645E-7
679.984249,3.924026E-7,3.924026E-7,5.549411E-7
683.909839,3.500607E-7,3.500607E-7,4.950606E-7
687.858092,3.122877E-7,3.122877E-7,4.416415E-7
691.829139,2.785906E-7,2.785906E-7,3.939866E-7
695.823110,3.600678E-7,3.600678E-7,5.092128E-7
699.840139,4.653739E-7,4.653739E-7,6.581381E-7
703.880359,6.014782E-7,6.014782E-7,8.506186E-7
707.943903,7.773881E-7,7.773881E-7,1.099393E-6
712.030906,6.018028E-7,6.018028E-7,8.510777E-7
716.141504,4.658762E-7,4.658762E-7,6.588484E-7
720.275832,3.606507E-7,3.606507E-7,5.100371E-7
724.434028,2.791919E-7,2.791919E-7,3.948370E-7
728.616230,4.113574E-7,4.113574E-7,5.817472E-7
732.822575,6.060882E-7,6.060882E-7,8.571382E-7
737.053205,8.930017E-7,8.930017E-7,1.262895E-6
741.308258,1.315736E-6,1.315736E-6,1.860732E-6
745.587875,9.924217E-7,9.924217E-7,1.403496E-6
749.892199,7.485553E-7,7.485553E-7,1.058617E-6
754.221372,5.646139E-7,5.646139E-7,7.984846E-7
758.575538,4.258721E-7,4.258721E-7,6.022741E-7
762.954841,4.391393E-7,4.391393E-7,6.210368E-7
767.359425,4.528200E-7,4.528200E-7,6.403842E-7
771.789438,4.669267E-7,4.669267E-7,6.603341E-7
776.245025,4.814732E-7,4.814732E-7,6.809059E-7
780.726335,5.410060E-7,5.410060E-7,7.650980E-7
785.233515,6.078999E-7,6.078999E-7,8.597003E-7
789.766716,6.830650E-7,6.830650E-7,9.659998E-7
794.326087,7.675242E-7,7.675242E-7,1.085443E-6
798.911780,1.126922E-6,1.126922E-6,1.593708E-6
803.523946,1.654610E-6,1.654610E-6,2.339972E-6
808.162739,2.429392E-6,2.429392E-6,3.435679E-6
812.828311,3.566971E-6,3.566971E-6,5.044459E-6
817.520818,3.249284E-6,3.249284E-6,4.595182E-6
822.240416,2.959891E-6,2.959891E-6,4.185918E-6
826.987259,2.696273E-6,2.696273E-6,3.813106E-6
831.761507,2.456133E-6,2.456133E-6,3.473497E-6
836.563317,2.031617E-6,2.031617E-6,2.873140E-6
841.392847,1.680473E-6,1.680473E-6,2.376548E-6
846.250259,1.390021E-6,1.390021E-6,1.965787E-6
851.135714,1.149771E-6,1.149771E-6,1.626022E-6
856.049372,1.154571E-6,1.154571E-6,1.632810E-6
860.991397,1.159390E-6,1.159390E-6,1.639625E-6
865.961952,1.164229E-6,1.164229E-6,1.646468E-6
870.961203,1.169088E-6,1.169088E-6,1.653340E-6
875.989315,9.692769E-7,9.692769E-7,1.370765E-6
881.046454,8.036159E-7,8.036159E-7,1.136485E-6
886.132789,6.662683E-7,6.662683E-7,9.422457E-7
891.248487,5.523950E-7,5.523950E-7,7.812045E-7
896.393719,5.816075E-7,5.816075E-7,8.225172E-7
901.568654,6.123649E-7,6.123649E-7,8.660147E-7
906.773465,6.447489E-7,6.447489E-7,9.118126E-7
912.008323,6.788453E-7,6.788453E-7,9.600322E-7
917.273403,6.920715E-7,6.920715E-7,9.787369E-7
922.568878,7.055553E-7,7.055553E-7,9.978059E-7
927.894924,7.193018E-7,7.193018E-7,1.017246E-6
933.251717,7.333165E-7,7.333165E-7,1.037066E-6
938.639436,7.306579E-7,7.306579E-7,1.033306E-6
944.058259,7.280090E-7,7.280090E-7,1.029560E-6
949.508364,7.253697E-7,7.253697E-7,1.025828E-6
954.989934,7.227400E-7,7.227400E-7,1.022109E-6
960.503149,6.208281E-7,6.208281E-7,8.779835E-7
966.048192,5.332866E-7,5.332866E-7,7.541811E-7
971.625246,4.580892E-7,4.580892E-7,6.478360E-7
977.234498,3.934949E-7,3.934949E-7,5.564858E-7
982.876132,4.248944E-7,4.248944E-7,6.008914E-7
988.550335,4.587994E-7,4.587994E-7,6.488403E-7
994.257297,4.954098E-7,4.954098E-7,7.006153E-7
999.997204,5.349417E-7,5.349417E-7,7.565218E-7
