#I+8.670000E+02
+3.000000E+00
+8.010000E+02
+8.010000E+02
+1.000000E+01
+1.000000E+00
+3.000000E+00
+0.000000E+00
+1.000000E+00
+1.000000E+00
+1.000000E+00
+1.000000E+00
+2.497000E+03
-1.092400E+04
+2.025600E+04
-1.299100E+04
-1.119200E+04
+0.000000E+00
+0.000000E+00
+0.000000E+00
+0.000000E+00
+0.000000E+00
+0.000000E+00
+0.000000E+00
+0.000000E+00
+0.000000E+00
+0.000000E+00
+0.000000E+00
+0.000000E+00
+0.000000E+00
+0.000000E+00
+0.000000E+00
+0.000000E+00
+0.000000E+00
+0.000000E+00
+0.000000E+00
+1.000000E+00
+0.000000E+00
+1.000000E+00
+0.000000E+00
+0.000000E+00
+1.000000E+00
+0.000000E+00
+1.000000E+00
+2.000000E+00
+3.000000E+00
+4.500000E+01
+4.500000E+01
+0.000000E+00
+0.000000E+00
+2.000000E+00
+0.000000E+00
+0.000000E+00
+0.000000E+00
+0.000000E+00
+0.000000E+00
+2.499999E-03
+6.324553E-02
+0.000000E+00
+0.000000E+00
+0.000000E+00
+1.000000E+00
+1.000000E+00
+0.000000E+00
+0.000000E+00
+9.9999904632568339E+00
+9.9999904632568339E+00
+1.068077E-06
+1.107053E-06
+1.147452E-06
+1.189324E-06
+1.232725E-06
+1.293182E-06
+1.356604E-06
+1.423136E-06
+1.492931E-06
+1.563101E-06
+1.636568E-06
+1.713488E-06
+1.794023E-06
+1.829068E-06
+1.864798E-06
+1.901226E-06
+1.938365E-06
+2.058890E-06
+2.186910E-06
+2.322889E-06
+2.467323E-06
+2.543625E-06
+2.622286E-06
+2.703381E-06
+2.786983E-06
+2.891148E-06
+2.999206E-06
+3.111303E-06
+3.227589E-06
+3.338230E-06
+3.452664E-06
+3.571021E-06
+3.693436E-06
+3.887761E-06
+4.092310E-06
+4.307621E-06
+4.534257E-06
+4.689507E-06
+4.850074E-06
+5.016139E-06
+5.187891E-06
+5.401646E-06
+5.624209E-06
+5.855942E-06
+6.097222E-06
+6.383529E-06
+6.683280E-06
+6.997107E-06
+7.325671E-06
+7.643792E-06
+7.975728E-06
+8.322078E-06
+8.683471E-06
+9.125653E-06
+9.590350E-06
+1.007871E-05
+1.059195E-05
+1.113645E-05
+1.170895E-05
+1.231087E-05
+1.294374E-05
+1.365236E-05
+1.439978E-05
+1.518811E-05
+1.601960E-05
+1.698624E-05
+1.801121E-05
+1.909803E-05
+2.025043E-05
+2.140392E-05
+2.262311E-05
+2.391175E-05
+2.527378E-05
+2.670960E-05
+2.822700E-05
+2.983060E-05
+3.152530E-05
+3.344437E-05
+3.548026E-05
+3.764009E-05
+3.993140E-05
+4.223079E-05
+4.466259E-05
+4.723443E-05
+4.995435E-05
+5.329397E-05
+5.685686E-05
+6.065794E-05
+6.471315E-05
+6.913037E-05
+7.384910E-05
+7.888993E-05
+8.427488E-05
+9.018197E-05
+9.650311E-05
+1.032673E-04
+1.105057E-04
+1.177889E-04
+1.255521E-04
+1.338271E-04
+1.426473E-04
+1.530280E-04
+1.641641E-04
+1.761107E-04
+1.889266E-04
+2.000272E-04
+2.117800E-04
+2.242234E-04
+2.373980E-04
+2.477823E-04
+2.586208E-04
+2.699335E-04
+2.817409E-04
+2.875709E-04
+2.935216E-04
+2.995954E-04
+3.057948E-04
+3.052446E-04
+3.046954E-04
+3.041472E-04
+3.036000E-04
+2.965112E-04
+2.895878E-04
+2.828261E-04
+2.762224E-04
+2.706878E-04
+2.652641E-04
+2.599490E-04
+2.547405E-04
+2.465983E-04
+2.387163E-04
+2.310863E-04
+2.237001E-04
+2.154918E-04
+2.075847E-04
+1.999678E-04
+1.926302E-04
+1.849049E-04
+1.774894E-04
+1.703713E-04
+1.635386E-04
+1.561479E-04
+1.490912E-04
+1.423534E-04
+1.359202E-04
+1.321704E-04
+1.285241E-04
+1.249785E-04
+1.215306E-04
+1.181479E-04
+1.148594E-04
+1.116624E-04
+1.085544E-04
+1.054343E-04
+1.024038E-04
+9.946050E-05
+9.660174E-05
+9.481780E-05
+9.306682E-05
+9.134816E-05
+8.966124E-05
+8.975541E-05
+8.984968E-05
+8.994405E-05
+9.003850E-05
+9.060795E-05
+9.118100E-05
+9.175768E-05
+9.233801E-05
+9.436829E-05
+9.644321E-05
+9.856374E-05
+1.007309E-04
+9.707459E-05
+9.355102E-05
+9.015534E-05
+8.688293E-05
+1.047800E-04
+1.263638E-04
+1.523936E-04
+1.837853E-04
+1.826094E-04
+1.814411E-04
+1.802802E-04
+1.791267E-04
+1.670803E-04
+1.558440E-04
+1.453633E-04
+1.355874E-04
+1.329257E-04
+1.303164E-04
+1.277582E-04
+1.252502E-04
+1.273445E-04
+1.294738E-04
+1.316387E-04
+1.338398E-04
+1.310202E-04
+1.282601E-04
+1.255580E-04
+1.229130E-04
+1.218605E-04
+1.208170E-04
+1.197825E-04
+1.187568E-04
+1.184916E-04
+1.182269E-04
+1.179629E-04
+1.176995E-04
+1.163917E-04
+1.150984E-04
+1.138196E-04
+1.125549E-04
+1.129414E-04
+1.133293E-04
+1.137185E-04
+1.141090E-04
+1.139124E-04
+1.137162E-04
+1.135203E-04
+1.133248E-04
+1.145193E-04
+1.157265E-04
+1.169464E-04
+1.181791E-04
+1.185292E-04
+1.188802E-04
+1.192324E-04
+1.195855E-04
+1.202022E-04
+1.208220E-04
+1.214451E-04
+1.220713E-04
+1.227893E-04
+1.235115E-04
+1.242379E-04
+1.249687E-04
+1.254167E-04
+1.258664E-04
+1.263176E-04
+1.267705E-04
+1.279268E-04
+1.290936E-04
+1.302711E-04
+1.314593E-04
+1.332093E-04
+1.349826E-04
+1.367795E-04
+1.386003E-04
+1.408771E-04
+1.431913E-04
+1.455435E-04
+1.479343E-04
+1.512196E-04
+1.545780E-04
+1.580109E-04
+1.615200E-04
+1.662716E-04
+1.711630E-04
+1.761983E-04
+1.813817E-04
+1.899399E-04
+1.989018E-04
+2.082867E-04
+2.181143E-04
+2.258413E-04
+2.338421E-04
+2.421263E-04
+2.507041E-04
+2.621292E-04
+2.740751E-04
+2.865653E-04
+2.996247E-04
+3.148967E-04
+3.309470E-04
+3.478155E-04
+3.655438E-04
+3.865996E-04
+4.088683E-04
+4.324197E-04
+4.573278E-04
+4.841826E-04
+5.126145E-04
+5.427159E-04
+5.745851E-04
+5.992379E-04
+6.249483E-04
+6.517619E-04
+6.797258E-04
+6.852930E-04
+6.909058E-04
+6.965647E-04
+7.022700E-04
+6.812356E-04
+6.608312E-04
+6.410381E-04
+6.218378E-04
+5.971052E-04
+5.733564E-04
+5.505522E-04
+5.286547E-04
+4.970097E-04
+4.672590E-04
+4.392892E-04
+4.129936E-04
+3.796831E-04
+3.490593E-04
+3.209055E-04
+2.950225E-04
+3.087163E-04
+3.230456E-04
+3.380402E-04
+3.537308E-04
+3.271944E-04
+3.026487E-04
+2.799444E-04
+2.589433E-04
+2.195689E-04
+1.861817E-04
+1.578713E-04
+1.338657E-04
+1.309038E-04
+1.280075E-04
+1.251753E-04
+1.224057E-04
+1.184985E-04
+1.147161E-04
+1.110545E-04
+1.075096E-04
+1.080683E-04
+1.086298E-04
+1.091943E-04
+1.097616E-04
+1.115795E-04
+1.134274E-04
+1.153060E-04
+1.172157E-04
+1.120620E-04
+1.071348E-04
+1.024243E-04
+9.792085E-05
+9.117339E-05
+8.489088E-05
+7.904129E-05
+7.359477E-05
+6.889945E-05
+6.450368E-05
+6.038836E-05
+5.653559E-05
+5.330051E-05
+5.025054E-05
+4.737510E-05
+4.466419E-05
+4.193683E-05
+3.937602E-05
+3.697158E-05
+3.471396E-05
+3.368253E-05
+3.268175E-05
+3.171070E-05
+3.076851E-05
+2.772228E-05
+2.497765E-05
+2.250474E-05
+2.027667E-05
+2.003087E-05
+1.978805E-05
+1.954817E-05
+1.931119E-05
+1.814251E-05
+1.704455E-05
+1.601304E-05
+1.504396E-05
+1.448390E-05
+1.394470E-05
+1.342557E-05
+1.292576E-05
+1.239507E-05
+1.188617E-05
+1.139816E-05
+1.093019E-05
+1.074485E-05
+1.056266E-05
+1.038355E-05
+1.020748E-05
+9.710895E-06
+9.238467E-06
+8.789022E-06
+8.361443E-06
+7.567241E-06
+6.848476E-06
+6.197982E-06
+5.609273E-06
+5.428611E-06
+5.253768E-06
+5.084556E-06
+4.920793E-06
+4.761231E-06
+4.606843E-06
+4.457462E-06
+4.312925E-06
+4.213037E-06
+4.115462E-06
+4.020147E-06
+3.927039E-06
+3.855174E-06
+3.784625E-06
+3.715366E-06
+3.647375E-06
+3.594493E-06
+3.542378E-06
+3.491018E-06
+3.440402E-06
+3.243490E-06
+3.057849E-06
+2.882833E-06
+2.717834E-06
+2.405890E-06
+2.129751E-06
+1.885305E-06
+1.668916E-06
+1.434578E-06
+1.233145E-06
+1.059995E-06
+9.111575E-07
+7.847605E-07
+6.758975E-07
+5.821361E-07
+5.013812E-07
+4.394233E-07
+3.851218E-07
+3.375306E-07
+2.958204E-07
+2.923398E-07
+2.889003E-07
+2.855012E-07
+2.821422E-07
+2.598095E-07
+2.392445E-07
+2.203073E-07
+2.028690E-07
+1.734440E-07
+1.482868E-07
+1.267786E-07
+1.083900E-07
+9.098923E-08
+7.638194E-08
+6.411969E-08
+5.382599E-08
+6.982834E-08
+9.058817E-08
+1.175198E-07
+1.524583E-07
+1.963132E-07
+2.527830E-07
+3.254964E-07
+4.191259E-07
+4.216002E-07
+4.240892E-07
+4.265930E-07
+4.291116E-07
+5.017055E-07
+5.865802E-07
+6.858135E-07
+8.018344E-07
+8.040848E-07
+8.063416E-07
+8.086048E-07
+8.108743E-07
+6.446305E-07
+5.124697E-07
+4.074042E-07
+3.238790E-07
+2.770778E-07
+2.370394E-07
+2.027867E-07
+1.734836E-07
+1.649646E-07
+1.568640E-07
+1.491612E-07
+1.418366E-07
+1.886957E-07
+2.510359E-07
+3.339716E-07
+4.443071E-07
+5.294901E-07
+6.310044E-07
+7.519810E-07
+8.961515E-07
+1.078369E-06
+1.297638E-06
+1.561492E-06
+1.878996E-06
+2.457570E-06
+3.214296E-06
+4.204031E-06
+5.498522E-06
+3.358119E-06
+2.050908E-06
+1.252554E-06
+7.649736E-07
+5.308334E-07
+3.683580E-07
+2.556123E-07
+1.773754E-07
+3.278719E-07
+6.060590E-07
+1.120277E-06
+2.070793E-06
+4.027464E-06
+7.832974E-06
+1.523427E-05
+2.962900E-05
+3.150284E-05
+3.349520E-05
+3.561356E-05
+3.786589E-05
+2.672833E-05
+1.886668E-05
+1.331739E-05
+9.400317E-06
+7.716731E-06
+6.334673E-06
+5.200141E-06
+4.268801E-06
+3.809543E-06
+3.399694E-06
+3.033939E-06
+2.707534E-06
+2.325395E-06
+1.997190E-06
+1.715309E-06
+1.473211E-06
+1.886299E-06
+2.415216E-06
+3.092442E-06
+3.959562E-06
+2.663815E-06
+1.792095E-06
+1.205641E-06
+8.111014E-07
+8.240887E-07
+8.372840E-07
+8.506905E-07
+8.643119E-07
+1.946115E-06
+4.381941E-06
+9.866531E-06
+2.221583E-05
+2.768164E-05
+3.449222E-05
+4.297842E-05
+5.355250E-05
+4.142640E-05
+3.204606E-05
+2.478975E-05
+1.917650E-05
+2.167760E-05
+2.450490E-05
+2.770095E-05
+3.131385E-05
+2.925540E-05
+2.733225E-05
+2.553553E-05
+2.385692E-05
+2.196645E-05
+2.022579E-05
+1.862306E-05
+1.714733E-05
+1.485764E-05
+1.287370E-05
+1.115467E-05
+9.665180E-06
+8.295281E-06
+7.119545E-06
+6.110452E-06
+5.244385E-06
+4.683648E-06
+4.182867E-06
+3.735629E-06
+3.336210E-06
+2.655489E-06
+2.113662E-06
+1.682390E-06
+1.339114E-06
+1.149974E-06
+9.875489E-07
+8.480649E-07
+7.282819E-07
+7.238875E-07
+7.195198E-07
+7.151783E-07
+7.108630E-07
+7.550074E-07
+8.018931E-07
+8.516904E-07
+9.045802E-07
+9.124478E-07
+9.203839E-07
+9.283889E-07
+9.364632E-07
+8.445832E-07
+7.617178E-07
+6.869827E-07
+6.195802E-07
+4.887565E-07
+3.855562E-07
+3.041465E-07
+2.399262E-07
+2.846411E-07
+3.376894E-07
+4.006243E-07
+4.752884E-07
+5.655669E-07
+6.729933E-07
+8.008249E-07
+9.529376E-07
+1.131477E-06
+1.343467E-06
+1.595174E-06
+1.894041E-06
+2.126327E-06
+2.387102E-06
+2.679858E-06
+3.008519E-06
+2.852101E-06
+2.703816E-06
+2.563240E-06
+2.429973E-06
+2.212907E-06
+2.015231E-06
+1.835213E-06
+1.671277E-06
+2.350891E-06
+3.306865E-06
+4.651582E-06
+6.543120E-06
+7.776063E-06
+9.241335E-06
+1.098271E-05
+1.305222E-05
+1.085559E-05
+9.028641E-06
+7.509159E-06
+6.245397E-06
+6.050451E-06
+5.861589E-06
+5.678622E-06
+5.501366E-06
+6.189445E-06
+6.963584E-06
+7.834549E-06
+8.814450E-06
+6.064477E-06
+4.172453E-06
+2.870712E-06
+1.975094E-06
+1.882143E-06
+1.793566E-06
+1.709159E-06
+1.628722E-06
+5.719243E-07
+2.008306E-07
+7.052148E-08
+2.476353E-08
+8.616643E-08
+2.998222E-07
+1.043252E-06
+3.630073E-06
+4.242129E-06
+4.957382E-06
+5.793231E-06
+6.770014E-06
+9.546242E-06
+1.346094E-05
+1.898096E-05
+2.676461E-05
+3.172812E-05
+3.761210E-05
+4.458726E-05
+5.285599E-05
+3.665575E-05
+2.542085E-05
+1.762942E-05
+1.222604E-05
+7.877037E-06
+5.075046E-06
+3.269769E-06
+2.106658E-06
+1.585108E-06
+1.192679E-06
+8.974049E-07
+6.752321E-07
+8.059875E-07
+9.620630E-07
+1.148362E-06
+1.370737E-06
+1.378907E-06
+1.387126E-06
+1.395394E-06
+1.403711E-06
+1.410844E-06
+1.418013E-06
+1.425219E-06
+1.432461E-06
+1.613091E-06
+1.816500E-06
+2.045557E-06
+2.303498E-06
+1.379289E-06
+8.258914E-07
+4.945276E-07
+2.961133E-07
+4.229736E-07
+6.041830E-07
+8.630259E-07
+1.232762E-06
+1.130229E-06
+1.036224E-06
+9.500382E-07
+8.710202E-07
+5.356617E-07
+3.294222E-07
+2.025887E-07
+1.245884E-07
+2.186527E-07
+3.837358E-07
+6.734568E-07
+1.181918E-06
+4.894757E-07
+2.027099E-07
+8.394958E-08
+3.476659E-08
+9.454646E-08
+2.571156E-07
+6.992162E-07
+1.901494E-06
+1.484441E-06
+1.158860E-06
+9.046886E-07
+7.062639E-07
+6.900891E-07
+6.742847E-07
+6.588423E-07
+6.437535E-07
+4.569956E-07
+3.244176E-07
+2.303015E-07
+1.634891E-07
+1.600192E-07
+1.566229E-07
+1.532988E-07
+1.500452E-07
+4.117256E-07
+1.129780E-06
+3.100129E-06
+8.506795E-06
+1.066184E-05
+1.336283E-05
+1.674807E-05
+2.099090E-05
+1.605191E-05
+1.227502E-05
+9.386802E-06
+7.178161E-06
+7.519885E-06
+7.877875E-06
+8.252909E-06
+8.645802E-06
+7.816890E-06
+7.067450E-06
+6.389862E-06
+5.777239E-06
+4.972857E-06
+4.280471E-06
+3.684489E-06
+3.171486E-06
+3.261203E-06
+3.353458E-06
+3.448323E-06
+3.545872E-06
+6.333480E-07
+1.131258E-07
+2.020603E-08
+3.609108E-09
+1.454495E-08
+5.861710E-08
+2.362308E-07
+9.520265E-07
+1.259735E-06
+1.666898E-06
+2.205663E-06
+2.918565E-06
+2.475717E-06
+2.100064E-06
+1.781411E-06
+1.511108E-06
+1.448225E-06
+1.387958E-06
+1.330200E-06
+1.274845E-06
