Hz,real,imaginary,V^2 (rms)
9.999990,1.503009E-8,1.503009E-8,2.125576E-8
10.057721,2.108757E-8,2.108757E-8,2.982233E-8
10.115785,2.958635E-8,2.958635E-8,4.184142E-8
10.174184,4.151033E-8,4.151033E-8,5.870447E-8
10.232920,5.823996E-8,5.823996E-8,8.236374E-8
10.291995,3.130078E-8,3.130078E-8,4.426599E-8
10.351412,1.682245E-8,1.682245E-8,2.379054E-8
10.411171,9.041143E-9,9.041143E-9,1.278611E-8
10.471275,4.859117E-9,4.859117E-9,6.871829E-9
10.531727,6.631710E-9,6.631710E-9,9.378654E-9
10.592527,9.050943E-9,9.050943E-9,1.279997E-8
10.653678,1.235271E-8,1.235271E-8,1.746937E-8
10.715183,1.685895E-8,1.685895E-8,2.384216E-8
10.777042,1.926876E-8,1.926876E-8,2.725014E-8
10.839258,2.202302E-8,2.202302E-8,3.114525E-8
10.901834,2.517098E-8,2.517098E-8,3.559714E-8
10.964771,2.876889E-8,2.876889E-8,4.068535E-8
11.028071,2.816614E-8,2.816614E-8,3.983294E-8
11.091737,2.757602E-8,2.757602E-8,3.899838E-8
11.155770,2.699827E-8,2.699827E-8,3.818132E-8
11.220173,2.643262E-8,2.643262E-8,3.738137E-8
11.284948,2.817175E-8,2.817175E-8,3.984087E-8
11.350097,3.002530E-8,3.002530E-8,4.246219E-8
11.415622,3.200081E-8,3.200081E-8,4.525598E-8
11.481525,3.410630E-8,3.410630E-8,4.823359E-8
11.547808,3.876315E-8,3.876315E-8,5.481937E-8
11.614474,4.405584E-8,4.405584E-8,6.230437E-8
11.681525,5.007119E-8,5.007119E-8,7.081136E-8
11.748964,5.690788E-8,5.690788E-8,8.047990E-8
11.816791,4.670856E-8,4.670856E-8,6.605588E-8
11.885010,3.833723E-8,3.833723E-8,5.421703E-8
11.953623,3.146624E-8,3.146624E-8,4.449998E-8
12.022632,2.582670E-8,2.582670E-8,3.652447E-8
12.092039,2.606057E-8,2.606057E-8,3.685521E-8
12.161847,2.629655E-8,2.629655E-8,3.718894E-8
12.232059,2.653467E-8,2.653467E-8,3.752569E-8
12.302675,2.677495E-8,2.677495E-8,3.786550E-8
12.373699,3.101020E-8,3.101020E-8,4.385505E-8
12.445133,3.591538E-8,3.591538E-8,5.079202E-8
12.516980,4.159646E-8,4.159646E-8,5.882628E-8
12.589241,4.817618E-8,4.817618E-8,6.813141E-8
12.661919,4.803719E-8,4.803719E-8,6.793485E-8
12.735017,4.789859E-8,4.789859E-8,6.773884E-8
12.808537,4.776039E-8,4.776039E-8,6.754339E-8
12.882482,4.762260E-8,4.762260E-8,6.734853E-8
12.956853,5.187443E-8,5.187443E-8,7.336152E-8
13.031654,5.650588E-8,5.650588E-8,7.991138E-8
13.106887,6.155082E-8,6.155082E-8,8.704600E-8
13.182553,6.704616E-8,6.704616E-8,9.481759E-8
13.258657,7.271518E-8,7.271518E-8,1.028348E-7
13.335200,7.886354E-8,7.886354E-8,1.115299E-7
13.412185,8.553176E-8,8.553176E-8,1.209602E-7
13.489614,9.276383E-8,9.276383E-8,1.311879E-7
13.567491,9.021086E-8,9.021086E-8,1.275774E-7
13.645817,8.772815E-8,8.772815E-8,1.240663E-7
13.724595,8.531377E-8,8.531377E-8,1.206519E-7
13.803828,8.296584E-8,8.296584E-8,1.173314E-7
13.883518,8.459038E-8,8.459038E-8,1.196289E-7
13.963668,8.624673E-8,8.624673E-8,1.219713E-7
14.044282,8.793551E-8,8.793551E-8,1.243596E-7
14.125360,8.965736E-8,8.965736E-8,1.267947E-7
14.206907,9.392961E-8,9.392961E-8,1.328365E-7
14.288924,9.840544E-8,9.840544E-8,1.391663E-7
14.371415,1.030945E-7,1.030945E-7,1.457976E-7
14.454382,1.080071E-7,1.080071E-7,1.527451E-7
14.537828,9.972997E-8,9.972997E-8,1.410395E-7
14.621756,9.208720E-8,9.208720E-8,1.302310E-7
14.706168,8.503013E-8,8.503013E-8,1.202508E-7
14.791067,7.851389E-8,7.851389E-8,1.110354E-7
14.876457,7.884540E-8,7.884540E-8,1.115042E-7
14.962340,7.917832E-8,7.917832E-8,1.119751E-7
15.048718,7.951264E-8,7.951264E-8,1.124479E-7
15.135596,7.984839E-8,7.984839E-8,1.129227E-7
15.222974,8.284283E-8,8.284283E-8,1.171575E-7
15.310857,8.594956E-8,8.594956E-8,1.215510E-7
15.399248,8.917281E-8,8.917281E-8,1.261094E-7
15.488149,9.251693E-8,9.251693E-8,1.308387E-7
15.577563,8.524293E-8,8.524293E-8,1.205517E-7
15.667493,7.854084E-8,7.854084E-8,1.110735E-7
15.757942,7.236569E-8,7.236569E-8,1.023405E-7
15.848914,6.667604E-8,6.667604E-8,9.429416E-8
15.940411,6.802833E-8,6.802833E-8,9.620659E-8
16.032436,6.940804E-8,6.940804E-8,9.815779E-8
16.124992,7.081574E-8,7.081574E-8,1.001486E-7
16.218082,7.225198E-8,7.225198E-8,1.021797E-7
16.311710,7.200697E-8,7.200697E-8,1.018332E-7
16.405879,7.176280E-8,7.176280E-8,1.014879E-7
16.500591,7.151945E-8,7.151945E-8,1.011438E-7
16.595850,7.127693E-8,7.127693E-8,1.008008E-7
16.691659,8.131820E-8,8.131820E-8,1.150013E-7
16.788021,9.277407E-8,9.277407E-8,1.312023E-7
16.884939,1.058438E-7,1.058438E-7,1.496857E-7
16.982417,1.207547E-7,1.207547E-7,1.707729E-7
17.080457,1.253874E-7,1.253874E-7,1.773246E-7
17.179064,1.301978E-7,1.301978E-7,1.841275E-7
17.278240,1.351927E-7,1.351927E-7,1.911913E-7
17.377988,1.403792E-7,1.403792E-7,1.985262E-7
17.478312,1.423376E-7,1.423376E-7,2.012958E-7
17.579215,1.443232E-7,1.443232E-7,2.041038E-7
17.680701,1.463366E-7,1.463366E-7,2.069512E-7
17.782773,1.483780E-7,1.483780E-7,2.098382E-7
17.885434,1.571241E-7,1.571241E-7,2.222070E-7
17.988688,1.663857E-7,1.663857E-7,2.353049E-7
18.092538,1.761932E-7,1.761932E-7,2.491748E-7
18.196987,1.865788E-7,1.865788E-7,2.638623E-7
18.302039,1.933902E-7,1.933902E-7,2.734950E-7
18.407698,2.004502E-7,2.004502E-7,2.834794E-7
18.513967,2.077680E-7,2.077680E-7,2.938283E-7
18.620849,2.153528E-7,2.153528E-7,3.045549E-7
18.728348,2.284968E-7,2.284968E-7,3.231433E-7
18.836468,2.424429E-7,2.424429E-7,3.428660E-7
18.945212,2.572403E-7,2.572403E-7,3.637927E-7
19.054584,2.729409E-7,2.729409E-7,3.859967E-7
19.164587,2.947882E-7,2.947882E-7,4.168935E-7
19.275226,3.183842E-7,3.183842E-7,4.502633E-7
19.386503,3.438689E-7,3.438689E-7,4.863041E-7
19.498422,3.713933E-7,3.713933E-7,5.252294E-7
19.610988,4.758666E-7,4.758666E-7,6.729770E-7
19.724203,6.097284E-7,6.097284E-7,8.622862E-7
19.838072,7.812457E-7,7.812457E-7,1.104848E-6
19.952599,1.001011E-6,1.001011E-6,1.415643E-6
20.067786,1.073037E-6,1.073037E-6,1.517503E-6
20.183639,1.150245E-6,1.150245E-6,1.626692E-6
20.300160,1.233008E-6,1.233008E-6,1.743737E-6
20.417354,1.321727E-6,1.321727E-6,1.869204E-6
20.535225,1.430985E-6,1.430985E-6,2.023718E-6
20.653776,1.549275E-6,1.549275E-6,2.191006E-6
20.773011,1.677343E-6,1.677343E-6,2.372121E-6
20.892935,1.815998E-6,1.815998E-6,2.568209E-6
21.013551,1.855035E-6,1.855035E-6,2.623416E-6
21.134864,1.894911E-6,1.894911E-6,2.679809E-6
21.256877,1.935644E-6,1.935644E-6,2.737414E-6
21.379594,1.977253E-6,1.977253E-6,2.796258E-6
21.503020,1.949434E-6,1.949434E-6,2.756916E-6
21.627158,1.922006E-6,1.922006E-6,2.718127E-6
21.752013,1.894965E-6,1.894965E-6,2.679885E-6
21.877589,1.868303E-6,1.868303E-6,2.642179E-6
22.003889,1.994779E-6,1.994779E-6,2.821044E-6
22.130919,2.129816E-6,2.129816E-6,3.012015E-6
22.258682,2.273995E-6,2.273995E-6,3.215915E-6
22.387183,2.427934E-6,2.427934E-6,3.433617E-6
22.516425,2.817263E-6,2.817263E-6,3.984212E-6
22.646414,3.269021E-6,3.269021E-6,4.623094E-6
22.777153,3.793220E-6,3.793220E-6,5.364423E-6
22.908647,4.401476E-6,4.401476E-6,6.224627E-6
23.040900,4.564614E-6,4.564614E-6,6.455339E-6
23.173917,4.733798E-6,4.733798E-6,6.694601E-6
23.307701,4.909253E-6,4.909253E-6,6.942732E-6
23.442258,5.091212E-6,5.091212E-6,7.200061E-6
23.577591,3.472258E-6,3.472258E-6,4.910514E-6
23.713706,2.368115E-6,2.368115E-6,3.349020E-6
23.850607,1.615078E-6,1.615078E-6,2.284065E-6
23.988298,1.101499E-6,1.101499E-6,1.557755E-6
24.126784,1.118332E-6,1.118332E-6,1.581560E-6
24.266069,1.135421E-6,1.135421E-6,1.605728E-6
24.406159,1.152772E-6,1.152772E-6,1.630266E-6
24.547057,1.170388E-6,1.170388E-6,1.655179E-6
24.688769,1.050412E-6,1.050412E-6,1.485507E-6
24.831298,9.427355E-7,9.427355E-7,1.333229E-6
24.974651,8.460966E-7,8.460966E-7,1.196561E-6
25.118831,7.593640E-7,7.593640E-7,1.073903E-6
25.263844,7.957735E-7,7.957735E-7,1.125394E-6
25.409693,8.339288E-7,8.339288E-7,1.179353E-6
25.556385,8.739134E-7,8.739134E-7,1.235900E-6
25.703924,9.158156E-7,9.158156E-7,1.295159E-6
25.852314,8.813636E-7,8.813636E-7,1.246436E-6
26.001561,8.482077E-7,8.482077E-7,1.199547E-6
26.151669,8.162991E-7,8.162991E-7,1.154421E-6
26.302645,7.855907E-7,7.855907E-7,1.110993E-6
26.454491,8.079503E-7,8.079503E-7,1.142614E-6
26.607215,8.309463E-7,8.309463E-7,1.175136E-6
26.760820,8.545968E-7,8.545968E-7,1.208582E-6
26.915312,8.789204E-7,8.789204E-7,1.242981E-6
27.070695,9.256736E-7,9.256736E-7,1.309100E-6
27.226976,9.749137E-7,9.749137E-7,1.378736E-6
27.384159,1.026773E-6,1.026773E-6,1.452076E-6
27.542250,1.081391E-6,1.081391E-6,1.529318E-6
27.701253,1.153595E-6,1.153595E-6,1.631430E-6
27.861174,1.230620E-6,1.230620E-6,1.740359E-6
28.022018,1.312787E-6,1.312787E-6,1.856561E-6
28.183791,1.400442E-6,1.400442E-6,1.980524E-6
28.346497,1.303889E-6,1.303889E-6,1.843978E-6
28.510144,1.213992E-6,1.213992E-6,1.716844E-6
28.674734,1.130294E-6,1.130294E-6,1.598477E-6
28.840275,1.052366E-6,1.052366E-6,1.488270E-6
29.006772,8.969353E-7,8.969353E-7,1.268458E-6
29.174230,7.644611E-7,7.644611E-7,1.081111E-6
29.342654,6.515529E-7,6.515529E-7,9.214349E-7
29.512051,5.553206E-7,5.553206E-7,7.853419E-7
29.682426,5.745563E-7,5.745563E-7,8.125453E-7
29.853785,5.944584E-7,5.944584E-7,8.406911E-7
30.026132,6.150498E-7,6.150498E-7,8.698118E-7
30.199475,6.363546E-7,6.363546E-7,8.999413E-7
30.373818,6.121018E-7,6.121018E-7,8.656427E-7
30.549168,5.887733E-7,5.887733E-7,8.326512E-7
30.725531,5.663339E-7,5.663339E-7,8.009171E-7
30.902911,5.447499E-7,5.447499E-7,7.703927E-7
31.081315,5.273797E-7,5.273797E-7,7.458275E-7
31.260750,5.105634E-7,5.105634E-7,7.220457E-7
31.441220,4.942833E-7,4.942833E-7,6.990221E-7
31.622732,4.785222E-7,4.785222E-7,6.767326E-7
31.805292,4.560633E-7,4.560633E-7,6.449709E-7
31.988906,4.346584E-7,4.346584E-7,6.146998E-7
32.173580,4.142581E-7,4.142581E-7,5.858494E-7
32.359320,3.948153E-7,3.948153E-7,5.583532E-7
32.546132,3.964868E-7,3.964868E-7,5.607170E-7
32.734023,3.981654E-7,3.981654E-7,5.630909E-7
32.922998,3.998510E-7,3.998510E-7,5.654747E-7
33.113065,4.015437E-7,4.015437E-7,5.678685E-7
33.304228,3.985674E-7,3.985674E-7,5.636594E-7
33.496496,3.956132E-7,3.956132E-7,5.594816E-7
33.689873,3.926809E-7,3.926809E-7,5.553347E-7
33.884367,3.897703E-7,3.897703E-7,5.512184E-7
34.079983,4.584561E-7,4.584561E-7,6.483548E-7
34.276729,5.392459E-7,5.392459E-7,7.626089E-7
34.474611,6.342725E-7,6.342725E-7,8.969968E-7
34.673635,7.460450E-7,7.460450E-7,1.055067E-6
34.873808,9.393887E-7,9.393887E-7,1.328496E-6
35.075136,1.182839E-6,1.182839E-6,1.672787E-6
35.277627,1.489381E-6,1.489381E-6,2.106303E-6
35.481287,1.875367E-6,1.875367E-6,2.652169E-6
35.686123,2.209303E-6,2.209303E-6,3.124426E-6
35.892141,2.602700E-6,2.602700E-6,3.680774E-6
36.099348,3.066148E-6,3.066148E-6,4.336188E-6
36.307752,3.612120E-6,3.612120E-6,5.108309E-6
36.517359,3.654897E-6,3.654897E-6,5.168805E-6
36.728176,3.698181E-6,3.698181E-6,5.230018E-6
36.940210,3.741978E-6,3.741978E-6,5.291956E-6
37.153468,3.786292E-6,3.786292E-6,5.354625E-6
37.367957,4.169568E-6,4.169568E-6,5.896660E-6
37.583685,4.591641E-6,4.591641E-6,6.493561E-6
37.800658,5.056440E-6,5.056440E-6,7.150886E-6
38.018883,5.568291E-6,5.568291E-6,7.874753E-6
38.238368,6.089097E-6,6.089097E-6,8.611284E-6
38.459121,6.658614E-6,6.658614E-6,9.416702E-6
38.681148,7.281399E-6,7.281399E-6,1.029745E-5
38.904456,7.962431E-6,7.962431E-6,1.126058E-5
39.129054,7.212989E-6,7.212989E-6,1.020071E-5
39.354948,6.534085E-6,6.534085E-6,9.240592E-6
39.582147,5.919082E-6,5.919082E-6,8.370846E-6
39.810657,5.361964E-6,5.361964E-6,7.582962E-6
40.040486,5.356542E-6,5.356542E-6,7.575294E-6
40.271643,5.351125E-6,5.351125E-6,7.567634E-6
40.504133,5.345713E-6,5.345713E-6,7.559980E-6
40.737966,5.340309E-6,5.340309E-6,7.552337E-6
40.973149,5.612639E-6,5.612639E-6,7.937470E-6
41.209689,5.898856E-6,5.898856E-6,8.342242E-6
41.447595,6.199669E-6,6.199669E-6,8.767656E-6
41.686875,6.515820E-6,6.515820E-6,9.214761E-6
41.927536,6.774660E-6,6.774660E-6,9.580816E-6
42.169586,7.043782E-6,7.043782E-6,9.961412E-6
42.413033,7.323595E-6,7.323595E-6,1.035713E-5
42.657886,7.614521E-6,7.614521E-6,1.076856E-5
42.904153,7.445909E-6,7.445909E-6,1.053011E-5
43.151841,7.281032E-6,7.281032E-6,1.029693E-5
43.400959,7.119806E-6,7.119806E-6,1.006893E-5
43.651516,6.962150E-6,6.962150E-6,9.845967E-6
43.903519,6.268814E-6,6.268814E-6,8.865442E-6
44.156976,5.644525E-6,5.644525E-6,7.982564E-6
44.411897,5.082406E-6,5.082406E-6,7.187607E-6
44.668290,4.576266E-6,4.576266E-6,6.471817E-6
44.926163,3.923677E-6,3.923677E-6,5.548917E-6
45.185524,3.364148E-6,3.364148E-6,4.757624E-6
45.446383,2.884411E-6,2.884411E-6,4.079173E-6
45.708748,2.473084E-6,2.473084E-6,3.497469E-6
45.972627,2.741002E-6,2.741002E-6,3.876362E-6
46.238030,3.037945E-6,3.037945E-6,4.296303E-6
46.504965,3.367057E-6,3.367057E-6,4.761738E-6
46.773441,3.731823E-6,3.731823E-6,5.277595E-6
47.043467,4.132302E-6,4.132302E-6,5.843958E-6
47.315051,4.575758E-6,4.575758E-6,6.471099E-6
47.588204,5.066803E-6,5.066803E-6,7.165542E-6
47.862934,5.610545E-6,5.610545E-6,7.934509E-6
48.139249,5.780407E-6,5.780407E-6,8.174730E-6
48.417160,5.955412E-6,5.955412E-6,8.422224E-6
48.696675,6.135716E-6,6.135716E-6,8.677213E-6
48.977804,6.321477E-6,6.321477E-6,8.939919E-6
49.260556,6.815721E-6,6.815721E-6,9.638885E-6
49.544940,7.348609E-6,7.348609E-6,1.039250E-5
49.830966,7.923161E-6,7.923161E-6,1.120504E-5
50.118643,8.542638E-6,8.542638E-6,1.208111E-5
50.407981,9.755475E-6,9.755475E-6,1.379633E-5
50.698990,1.114050E-5,1.114050E-5,1.575505E-5
50.991678,1.272217E-5,1.272217E-5,1.799187E-5
51.286056,1.452839E-5,1.452839E-5,2.054625E-5
51.582133,1.637799E-5,1.637799E-5,2.316198E-5
51.879920,1.846308E-5,1.846308E-5,2.611074E-5
52.179426,2.081361E-5,2.081361E-5,2.943489E-5
52.480661,2.346339E-5,2.346339E-5,3.318224E-5
52.783635,2.401066E-5,2.401066E-5,3.395620E-5
53.088358,2.457069E-5,2.457069E-5,3.474820E-5
53.394841,2.514378E-5,2.514378E-5,3.555867E-5
53.703092,2.573023E-5,2.573023E-5,3.638804E-5
54.013124,2.504509E-5,2.504509E-5,3.541911E-5
54.324945,2.437819E-5,2.437819E-5,3.447597E-5
54.638566,2.372904E-5,2.372904E-5,3.355793E-5
54.953998,2.309719E-5,2.309719E-5,3.266436E-5
55.271250,2.014945E-5,2.014945E-5,2.849563E-5
55.590335,1.757792E-5,1.757792E-5,2.485893E-5
55.911261,1.533458E-5,1.533458E-5,2.168637E-5
56.234040,1.337753E-5,1.337753E-5,1.891868E-5
56.558683,1.020524E-5,1.020524E-5,1.443239E-5
56.885199,7.785216E-6,7.785216E-6,1.100996E-5
57.213601,5.939065E-6,5.939065E-6,8.399106E-6
57.543899,4.530701E-6,4.530701E-6,6.407379E-6
57.876103,3.820064E-6,3.820064E-6,5.402386E-6
58.210225,3.220890E-6,3.220890E-6,4.555026E-6
58.546276,2.715696E-6,2.715696E-6,3.840574E-6
58.884268,2.289741E-6,2.289741E-6,3.238183E-6
59.224210,3.852638E-6,3.852638E-6,5.448453E-6
59.566115,6.482312E-6,6.482312E-6,9.167374E-6
59.909994,1.090691E-5,1.090691E-5,1.542470E-5
60.255858,1.835159E-5,1.835159E-5,2.595307E-5
60.603719,1.376463E-5,1.376463E-5,1.946613E-5
60.953588,1.032418E-5,1.032418E-5,1.460060E-5
61.305476,7.743660E-6,7.743660E-6,1.095119E-5
61.659397,5.808140E-6,5.808140E-6,8.213950E-6
62.015360,7.254333E-6,7.254333E-6,1.025918E-5
62.373378,9.060619E-6,9.060619E-6,1.281365E-5
62.733464,1.131666E-5,1.131666E-5,1.600417E-5
63.095628,1.413444E-5,1.413444E-5,1.998912E-5
63.459883,1.415814E-5,1.415814E-5,2.002263E-5
63.826240,1.418188E-5,1.418188E-5,2.005621E-5
64.194713,1.420566E-5,1.420566E-5,2.008984E-5
64.565313,1.422948E-5,1.422948E-5,2.012352E-5
64.938053,1.325349E-5,1.325349E-5,1.874327E-5
65.312944,1.234445E-5,1.234445E-5,1.745769E-5
65.690000,1.149775E-5,1.149775E-5,1.626027E-5
66.069232,1.070913E-5,1.070913E-5,1.514500E-5
66.450654,9.922823E-6,9.922823E-6,1.403299E-5
66.834277,9.194249E-6,9.194249E-6,1.300263E-5
67.220116,8.519169E-6,8.519169E-6,1.204792E-5
67.608181,7.893657E-6,7.893657E-6,1.116332E-5
67.998488,5.940853E-6,5.940853E-6,8.401635E-6
68.391047,4.471151E-6,4.471151E-6,6.323162E-6
68.785873,3.365037E-6,3.365037E-6,4.758881E-6
69.182978,2.532563E-6,2.532563E-6,3.581585E-6
69.582375,1.863402E-6,1.863402E-6,2.635248E-6
69.984078,1.371049E-6,1.371049E-6,1.938956E-6
70.388101,1.008787E-6,1.008787E-6,1.426640E-6
70.794455,7.422425E-7,7.422425E-7,1.049689E-6
71.203156,6.530739E-7,6.530739E-7,9.235860E-7
71.614216,5.746175E-7,5.746175E-7,8.126319E-7
72.027650,5.055864E-7,5.055864E-7,7.150071E-7
72.443470,4.448482E-7,4.448482E-7,6.291104E-7
72.861690,4.164622E-7,4.164622E-7,5.889665E-7
73.282325,3.898876E-7,3.898876E-7,5.513843E-7
73.705388,3.650087E-7,3.650087E-7,5.162003E-7
74.130894,3.417173E-7,3.417173E-7,4.832612E-7
74.558856,3.166194E-7,3.166194E-7,4.477674E-7
74.989289,2.933649E-7,2.933649E-7,4.148806E-7
75.422207,2.718183E-7,2.718183E-7,3.844091E-7
75.857624,2.518543E-7,2.518543E-7,3.561758E-7
76.295554,2.309219E-7,2.309219E-7,3.265729E-7
76.736013,2.117292E-7,2.117292E-7,2.994303E-7
77.179015,1.941317E-7,1.941317E-7,2.745437E-7
77.624574,1.779968E-7,1.779968E-7,2.517255E-7
78.072705,2.123603E-7,2.123603E-7,3.003228E-7
78.523424,2.533579E-7,2.533579E-7,3.583022E-7
78.976744,3.022704E-7,3.022704E-7,4.274749E-7
79.432682,3.606259E-7,3.606259E-7,5.100020E-7
79.891252,2.582595E-7,2.582595E-7,3.652341E-7
80.352469,1.849506E-7,1.849506E-7,2.615596E-7
80.816348,1.324510E-7,1.324510E-7,1.873140E-7
81.282906,9.485380E-8,9.485380E-8,1.341435E-7
81.752157,2.351657E-8,2.351657E-8,3.325745E-8
82.224117,5.830329E-9,5.830329E-9,8.245330E-9
82.698802,1.445480E-9,1.445480E-9,2.044217E-9
83.176227,3.583696E-10,3.583696E-10,5.068111E-10
83.656409,1.307038E-9,1.307038E-9,1.848431E-9
84.139362,4.767005E-9,4.767005E-9,6.741563E-9
84.625104,1.738613E-8,1.738613E-8,2.458770E-8
85.113650,6.341042E-8,6.341042E-8,8.967588E-8
85.605016,6.600083E-8,6.600083E-8,9.333927E-8
86.099219,6.869708E-8,6.869708E-8,9.715234E-8
86.596275,7.150346E-8,7.150346E-8,1.011212E-7
87.096201,7.442451E-8,7.442451E-8,1.052522E-7
87.599012,5.541269E-8,5.541269E-8,7.836538E-8
88.104727,4.125746E-8,4.125746E-8,5.834686E-8
88.613361,3.071820E-8,3.071820E-8,4.344210E-8
89.124931,2.287121E-8,2.287121E-8,3.234478E-8
89.639454,6.378623E-8,6.378623E-8,9.020735E-8
90.156948,1.778954E-7,1.778954E-7,2.515821E-7
90.677430,4.961381E-7,4.961381E-7,7.016452E-7
91.200916,1.383698E-6,1.383698E-6,1.956844E-6
91.727425,1.983651E-6,1.983651E-6,2.805306E-6
92.256973,2.843735E-6,2.843735E-6,4.021649E-6
92.789578,4.076740E-6,4.076740E-6,5.765381E-6
93.325258,5.844363E-6,5.844363E-6,8.265177E-6
93.864030,5.932184E-6,5.932184E-6,8.389375E-6
94.405913,6.021324E-6,6.021324E-6,8.515438E-6
94.950924,6.111804E-6,6.111804E-6,8.643396E-6
95.499081,6.203644E-6,6.203644E-6,8.773277E-6
96.050403,5.443973E-6,5.443973E-6,7.698940E-6
96.604908,4.777328E-6,4.777328E-6,6.756162E-6
97.162614,4.192318E-6,4.192318E-6,5.928833E-6
97.723540,3.678944E-6,3.678944E-6,5.202813E-6
98.287704,3.734734E-6,3.734734E-6,5.281711E-6
98.855125,3.791370E-6,3.791370E-6,5.361807E-6
99.425821,3.848864E-6,3.848864E-6,5.443116E-6
99.999813,3.907232E-6,3.907232E-6,5.525660E-6
100.577118,3.974214E-6,3.974214E-6,5.620387E-6
101.157755,4.042344E-6,4.042344E-6,5.716738E-6
101.741745,4.111642E-6,4.111642E-6,5.814740E-6
102.329106,4.182128E-6,4.182128E-6,5.914422E-6
102.919859,4.507910E-6,4.507910E-6,6.375147E-6
103.514021,4.859069E-6,4.859069E-6,6.871761E-6
104.111614,5.237584E-6,5.237584E-6,7.407062E-6
104.712657,5.645581E-6,5.645581E-6,7.984057E-6
105.317169,6.444715E-6,6.444715E-6,9.114203E-6
105.925171,7.356966E-6,7.356966E-6,1.040432E-5
106.536684,8.398347E-6,8.398347E-6,1.187706E-5
107.151727,9.587133E-6,9.587133E-6,1.355825E-5
107.770320,1.039586E-5,1.039586E-5,1.470197E-5
108.392485,1.127280E-5,1.127280E-5,1.594215E-5
109.018241,1.222372E-5,1.222372E-5,1.728695E-5
109.647610,1.325485E-5,1.325485E-5,1.874519E-5
110.280612,1.276606E-5,1.276606E-5,1.805394E-5
110.917269,1.229530E-5,1.229530E-5,1.738818E-5
111.557601,1.184189E-5,1.184189E-5,1.674696E-5
112.201630,1.140521E-5,1.140521E-5,1.612940E-5
112.849377,9.819012E-6,9.819012E-6,1.388618E-5
113.500863,8.453420E-6,8.453420E-6,1.195494E-5
114.156110,7.277749E-6,7.277749E-6,1.029229E-5
114.815141,6.265586E-6,6.265586E-6,8.860877E-6
115.477975,5.241715E-6,5.241715E-6,7.412904E-6
116.144637,4.385157E-6,4.385157E-6,6.201549E-6
116.815147,3.668570E-6,3.668570E-6,5.188141E-6
117.489528,3.069083E-6,3.069083E-6,4.340339E-6
118.167802,2.661282E-6,2.661282E-6,3.763621E-6
118.849992,2.307666E-6,2.307666E-6,3.263533E-6
119.536120,2.001037E-6,2.001037E-6,2.829894E-6
120.226209,1.735152E-6,1.735152E-6,2.453875E-6
120.920282,1.467083E-6,1.467083E-6,2.074769E-6
121.618363,1.240428E-6,1.240428E-6,1.754230E-6
122.320473,1.048791E-6,1.048791E-6,1.483214E-6
123.026636,8.867597E-7,8.867597E-7,1.254068E-6
123.736876,7.763732E-7,7.763732E-7,1.097958E-6
124.451217,6.797279E-7,6.797279E-7,9.612804E-7
125.169681,5.951133E-7,5.951133E-7,8.416173E-7
125.892294,5.210318E-7,5.210318E-7,7.368502E-7
126.619077,4.789799E-7,4.789799E-7,6.773799E-7
127.350057,4.403221E-7,4.403221E-7,6.227095E-7
128.085257,4.047843E-7,4.047843E-7,5.724514E-7
128.824701,3.721146E-7,3.721146E-7,5.262495E-7
129.568413,3.446956E-7,3.446956E-7,4.874732E-7
130.316420,3.192970E-7,3.192970E-7,4.515541E-7
131.068744,2.957699E-7,2.957699E-7,4.182818E-7
131.825412,2.739763E-7,2.739763E-7,3.874610E-7
132.586448,2.503459E-7,2.503459E-7,3.540426E-7
133.351878,2.287535E-7,2.287535E-7,3.235063E-7
134.121726,2.090236E-7,2.090236E-7,2.956040E-7
134.896019,1.909953E-7,1.909953E-7,2.701081E-7
135.674782,1.539645E-7,1.539645E-7,2.177387E-7
136.458041,1.241134E-7,1.241134E-7,1.755229E-7
137.245821,1.000499E-7,1.000499E-7,1.414919E-7
138.038150,8.065183E-8,8.065183E-8,1.140589E-7
138.835052,6.717774E-8,6.717774E-8,9.500367E-8
139.636556,5.595469E-8,5.595469E-8,7.913188E-8
140.442686,4.660662E-8,4.660662E-8,6.591171E-8
141.253470,3.882027E-8,3.882027E-8,5.490015E-8
142.068935,3.465375E-8,3.465375E-8,4.900780E-8
142.889108,3.093442E-8,3.093442E-8,4.374788E-8
143.714015,2.761428E-8,2.761428E-8,3.905249E-8
144.543685,2.465049E-8,2.465049E-8,3.486106E-8
145.378144,2.768511E-8,2.768511E-8,3.915266E-8
146.217421,3.109331E-8,3.109331E-8,4.397258E-8
147.061543,3.492108E-8,3.492108E-8,4.938586E-8
147.910538,3.922009E-8,3.922009E-8,5.546558E-8
148.764435,5.101914E-8,5.101914E-8,7.215196E-8
149.623261,6.636782E-8,6.636782E-8,9.385827E-8
150.487045,8.633402E-8,8.633402E-8,1.220947E-7
151.355816,1.123069E-7,1.123069E-7,1.588259E-7
152.229602,1.064314E-7,1.064314E-7,1.505167E-7
153.108433,1.008633E-7,1.008633E-7,1.426422E-7
153.992337,9.558650E-8,9.558650E-8,1.351797E-7
154.881344,9.058573E-8,9.058573E-8,1.281076E-7
155.775484,1.097851E-7,1.097851E-7,1.552596E-7
156.674785,1.330538E-7,1.330538E-7,1.881665E-7
157.579278,1.612541E-7,1.612541E-7,2.280477E-7
158.488993,1.954315E-7,1.954315E-7,2.763819E-7
159.403960,3.064812E-7,3.064812E-7,4.334299E-7
160.324208,4.806327E-7,4.806327E-7,6.797173E-7
161.249770,7.537420E-7,7.537420E-7,1.065952E-6
162.180674,1.182040E-6,1.182040E-6,1.671657E-6
163.116953,1.301207E-6,1.301207E-6,1.840185E-6
164.058637,1.432388E-6,1.432388E-6,2.025703E-6
165.005758,1.576794E-6,1.576794E-6,2.229923E-6
165.958346,1.735757E-6,1.735757E-6,2.454731E-6
166.916434,1.511855E-6,1.511855E-6,2.138086E-6
167.880052,1.316835E-6,1.316835E-6,1.862286E-6
168.849234,1.146971E-6,1.146971E-6,1.622062E-6
169.824011,9.990190E-7,9.990190E-7,1.412826E-6
170.804415,9.297515E-7,9.297515E-7,1.314867E-6
171.790479,8.652868E-7,8.652868E-7,1.223700E-6
172.782236,8.052917E-7,8.052917E-7,1.138854E-6
173.779719,7.494563E-7,7.494563E-7,1.059891E-6
174.782960,5.821294E-7,5.821294E-7,8.232553E-7
175.791992,4.521606E-7,4.521606E-7,6.394517E-7
176.806850,3.512092E-7,3.512092E-7,4.966848E-7
177.827567,2.727966E-7,2.727966E-7,3.857927E-7
178.854176,2.599858E-7,2.599858E-7,3.676754E-7
179.886712,2.477767E-7,2.477767E-7,3.504092E-7
180.925209,2.361408E-7,2.361408E-7,3.339535E-7
181.969701,2.250514E-7,2.250514E-7,3.182707E-7
183.020223,1.596961E-7,1.596961E-7,2.258444E-7
184.076810,1.133200E-7,1.133200E-7,1.602587E-7
185.139497,8.041169E-8,8.041169E-8,1.137193E-7
186.208318,5.705999E-8,5.705999E-8,8.069501E-8
187.283310,8.784258E-8,8.784258E-8,1.242282E-7
188.364508,1.352317E-7,1.352317E-7,1.912465E-7
189.451948,2.081862E-7,2.081862E-7,2.944197E-7
190.545665,3.204981E-7,3.204981E-7,4.532528E-7
191.645697,1.947904E-7,1.947904E-7,2.754752E-7
192.752079,1.183885E-7,1.183885E-7,1.674266E-7
193.864849,7.195348E-8,7.195348E-8,1.017576E-7
194.984042,4.373145E-8,4.373145E-8,6.184561E-8
196.109697,5.360999E-8,5.360999E-8,7.581597E-8
197.241850,6.571998E-8,6.571998E-8,9.294209E-8
198.380539,8.056553E-8,8.056553E-8,1.139369E-7
199.525802,9.876456E-8,9.876456E-8,1.396742E-7
200.677677,9.333936E-8,9.333936E-8,1.320018E-7
201.836201,8.821217E-8,8.821217E-8,1.247508E-7
203.001414,8.336663E-8,8.336663E-8,1.178982E-7
204.173353,7.878725E-8,7.878725E-8,1.114220E-7
205.352059,6.183840E-8,6.183840E-8,8.745270E-8
206.537568,4.853562E-8,4.853562E-8,6.863973E-8
207.729922,3.809455E-8,3.809455E-8,5.387383E-8
208.929160,2.989959E-8,2.989959E-8,4.228441E-8
210.135321,9.587139E-8,9.587139E-8,1.355826E-7
211.348445,3.074063E-7,3.074063E-7,4.347382E-7
212.568572,9.856812E-7,9.856812E-7,1.393964E-6
213.795743,3.160536E-6,3.160536E-6,4.469673E-6
215.029999,3.862643E-6,3.862643E-6,5.462602E-6
216.271380,4.720722E-6,4.720722E-6,6.676109E-6
217.519928,5.769422E-6,5.769422E-6,8.159195E-6
218.775684,7.051090E-6,7.051090E-6,9.971747E-6
220.038689,5.642766E-6,5.642766E-6,7.980076E-6
221.308986,4.515729E-6,4.515729E-6,6.386205E-6
222.586616,3.613796E-6,3.613796E-6,5.110679E-6
223.871622,2.892007E-6,2.892007E-6,4.089916E-6
225.164046,2.805833E-6,2.805833E-6,3.968047E-6
226.463932,2.722228E-6,2.722228E-6,3.849812E-6
227.771322,2.641113E-6,2.641113E-6,3.735098E-6
229.086260,2.562416E-6,2.562416E-6,3.623803E-6
230.408789,2.588764E-6,2.588764E-6,3.661065E-6
231.738953,2.615383E-6,2.615383E-6,3.698710E-6
233.076796,2.642276E-6,2.642276E-6,3.736743E-6
234.422362,2.669446E-6,2.669446E-6,3.775167E-6
235.775697,2.039313E-6,2.039313E-6,2.884024E-6
237.136844,1.557925E-6,1.557925E-6,2.203239E-6
238.505849,1.190170E-6,1.190170E-6,1.683155E-6
239.882758,9.092256E-7,9.092256E-7,1.285839E-6
241.267616,5.646552E-7,5.646552E-7,7.985430E-7
242.660469,3.506672E-7,3.506672E-7,4.959183E-7
244.061362,2.177744E-7,2.177744E-7,3.079795E-7
245.470343,1.352442E-7,1.352442E-7,1.912642E-7
246.887458,1.892969E-7,1.892969E-7,2.677062E-7
248.312755,2.649527E-7,2.649527E-7,3.746997E-7
249.746279,3.708457E-7,3.708457E-7,5.244550E-7
251.188080,5.190607E-7,5.190607E-7,7.340627E-7
252.638204,4.515273E-7,4.515273E-7,6.385560E-7
254.096699,3.927806E-7,3.927806E-7,5.554757E-7
255.563615,3.416771E-7,3.416771E-7,4.832044E-7
257.038999,2.972226E-7,2.972226E-7,4.203362E-7
258.522901,3.122003E-7,3.122003E-7,4.415179E-7
260.015369,3.279328E-7,3.279328E-7,4.637670E-7
261.516454,3.444580E-7,3.444580E-7,4.871372E-7
263.026204,3.618161E-7,3.618161E-7,5.116852E-7
264.544671,3.277340E-7,3.277340E-7,4.634859E-7
266.071903,2.968623E-7,2.968623E-7,4.198267E-7
267.607952,2.688986E-7,2.688986E-7,3.802800E-7
269.152869,2.435690E-7,2.435690E-7,3.444586E-7
270.706705,2.303904E-7,2.303904E-7,3.258212E-7
272.269511,2.179247E-7,2.179247E-7,3.081921E-7
273.841340,2.061335E-7,2.061335E-7,2.915168E-7
275.422242,1.949804E-7,1.949804E-7,2.757439E-7
277.012272,1.824206E-7,1.824206E-7,2.579817E-7
278.611480,1.706699E-7,1.706699E-7,2.413637E-7
280.219921,1.596761E-7,1.596761E-7,2.258161E-7
281.837648,1.493906E-7,1.493906E-7,2.112702E-7
283.464714,1.272283E-7,1.272283E-7,1.799280E-7
285.101173,1.083539E-7,1.083539E-7,1.532356E-7
286.747079,9.227950E-8,9.227950E-8,1.305029E-7
288.402487,7.858975E-8,7.858975E-8,1.111427E-7
290.067453,9.255714E-8,9.255714E-8,1.308956E-7
291.742030,1.090069E-7,1.090069E-7,1.541590E-7
293.426274,1.283802E-7,1.283802E-7,1.815570E-7
295.120242,1.511966E-7,1.511966E-7,2.138243E-7
296.823989,1.185142E-7,1.185142E-7,1.676044E-7
298.537572,9.289638E-8,9.289638E-8,1.313753E-7
300.261047,7.281605E-8,7.281605E-8,1.029774E-7
301.994472,5.707625E-8,5.707625E-8,8.071801E-8
303.737905,6.625225E-8,6.625225E-8,9.369483E-8
305.491402,7.690346E-8,7.690346E-8,1.087579E-7
307.255023,8.926705E-8,8.926705E-8,1.262427E-7
309.028824,1.036183E-7,1.036183E-7,1.465384E-7
310.812867,1.331979E-7,1.331979E-7,1.883703E-7
312.607208,1.712216E-7,1.712216E-7,2.421439E-7
314.411909,2.200997E-7,2.200997E-7,3.112680E-7
316.227028,2.829310E-7,2.829310E-7,4.001249E-7
318.052625,2.380452E-7,2.380452E-7,3.366468E-7
319.888762,2.002803E-7,2.002803E-7,2.832391E-7
321.735500,1.685067E-7,1.685067E-7,2.383045E-7
323.592898,1.417738E-7,1.417738E-7,2.004984E-7
325.461020,1.476957E-7,1.476957E-7,2.088733E-7
327.339926,1.538649E-7,1.538649E-7,2.175978E-7
329.229679,1.602919E-7,1.602919E-7,2.266870E-7
331.130342,1.669873E-7,1.669873E-7,2.361557E-7
333.041978,1.938280E-7,1.938280E-7,2.741142E-7
334.964649,2.249830E-7,2.249830E-7,3.181740E-7
336.898420,2.611457E-7,2.611457E-7,3.693158E-7
338.843355,3.031209E-7,3.031209E-7,4.286777E-7
340.799519,3.799011E-7,3.799011E-7,5.372613E-7
342.766975,4.761297E-7,4.761297E-7,6.733491E-7
344.745790,5.967329E-7,5.967329E-7,8.439078E-7
346.736028,7.478850E-7,7.478850E-7,1.057669E-6
348.737756,8.729220E-7,8.729220E-7,1.234498E-6
350.751040,1.018863E-6,1.018863E-6,1.440890E-6
352.775947,1.189205E-6,1.189205E-6,1.681790E-6
354.812544,1.388026E-6,1.388026E-6,1.962965E-6
356.860899,1.520903E-6,1.520903E-6,2.150882E-6
358.921078,1.666500E-6,1.666500E-6,2.356787E-6
360.993151,1.826036E-6,1.826036E-6,2.582405E-6
363.077187,2.000845E-6,2.000845E-6,2.829622E-6
365.173253,1.956213E-6,1.956213E-6,2.766503E-6
367.281421,1.912577E-6,1.912577E-6,2.704792E-6
369.401759,1.869914E-6,1.869914E-6,2.644458E-6
371.534338,1.828203E-6,1.828203E-6,2.585469E-6
373.679228,2.027727E-6,2.027727E-6,2.867639E-6
375.836501,2.249025E-6,2.249025E-6,3.180602E-6
378.006228,2.494476E-6,2.494476E-6,3.527722E-6
380.188480,2.766714E-6,2.766714E-6,3.912724E-6
382.383332,2.459987E-6,2.459987E-6,3.478947E-6
384.590854,2.187264E-6,2.187264E-6,3.093258E-6
386.811120,1.944777E-6,1.944777E-6,2.750330E-6
389.044204,1.729172E-6,1.729172E-6,2.445418E-6
391.290180,1.938344E-6,1.938344E-6,2.741232E-6
393.549122,2.172819E-6,2.172819E-6,3.072830E-6
395.821105,2.435657E-6,2.435657E-6,3.444539E-6
398.106204,2.730289E-6,2.730289E-6,3.861212E-6
400.404495,2.221177E-6,2.221177E-6,3.141219E-6
402.716055,1.806997E-6,1.806997E-6,2.555480E-6
405.040959,1.470050E-6,1.470050E-6,2.078965E-6
407.379285,1.195932E-6,1.195932E-6,1.691303E-6
409.731111,1.430968E-6,1.430968E-6,2.023694E-6
412.096513,1.712195E-6,1.712195E-6,2.421409E-6
414.475571,2.048692E-6,2.048692E-6,2.897288E-6
416.868364,2.451321E-6,2.451321E-6,3.466691E-6
419.274970,2.648589E-6,2.648589E-6,3.745670E-6
421.695470,2.861732E-6,2.861732E-6,4.047100E-6
424.129944,3.092027E-6,3.092027E-6,4.372787E-6
426.578472,3.340855E-6,3.340855E-6,4.724682E-6
429.041135,1.526201E-6,1.526201E-6,2.158374E-6
431.518015,6.972136E-7,6.972136E-7,9.860089E-7
434.009195,3.185078E-7,3.185078E-7,4.504381E-7
436.514757,1.455036E-7,1.455036E-7,2.057732E-7
439.034783,2.298791E-7,2.298791E-7,3.250981E-7
441.569357,3.631827E-7,3.631827E-7,5.136179E-7
444.118564,5.737872E-7,5.737872E-7,8.114576E-7
446.682487,9.065184E-7,9.065184E-7,1.282011E-6
449.261212,1.116571E-6,1.116571E-6,1.579070E-6
451.854825,1.375297E-6,1.375297E-6,1.944964E-6
454.463410,1.693972E-6,1.693972E-6,2.395638E-6
457.087055,2.086489E-6,2.086489E-6,2.950741E-6
459.725846,2.798215E-6,2.798215E-6,3.957274E-6
462.379871,3.752718E-6,3.752718E-6,5.307145E-6
465.049218,5.032814E-6,5.032814E-6,7.117474E-6
467.733976,6.749563E-6,6.749563E-6,9.545324E-6
470.434232,2.772842E-6,2.772842E-6,3.921391E-6
473.150078,1.139133E-6,1.139133E-6,1.610977E-6
475.881602,4.679764E-7,4.679764E-7,6.618186E-7
478.628895,1.922532E-7,1.922532E-7,2.718871E-7
481.392049,5.975749E-7,5.975749E-7,8.450985E-7
484.171154,1.857424E-6,1.857424E-6,2.626794E-6
486.966304,5.773378E-6,5.773378E-6,8.164789E-6
489.777590,1.794523E-5,1.794523E-5,2.537839E-5
492.605106,1.535168E-5,1.535168E-5,2.171055E-5
495.448945,1.313297E-5,1.313297E-5,1.857282E-5
498.309202,1.123492E-5,1.123492E-5,1.588858E-5
501.185971,9.611187E-6,9.611187E-6,1.359227E-5
504.079348,5.404786E-6,5.404786E-6,7.643522E-6
506.989429,3.039345E-6,3.039345E-6,4.298283E-6
509.916309,1.709155E-6,1.709155E-6,2.417110E-6
512.860087,9.611317E-7,9.611317E-7,1.359245E-6
515.820860,9.668877E-7,9.668877E-7,1.367386E-6
518.798725,9.726782E-7,9.726782E-7,1.375575E-6
521.793781,9.785035E-7,9.785035E-7,1.383813E-6
524.806128,9.843638E-7,9.843638E-7,1.392101E-6
527.835866,6.400166E-7,6.400166E-7,9.051202E-7
530.883094,4.161279E-7,4.161279E-7,5.884937E-7
533.947915,2.705593E-7,2.705593E-7,3.826286E-7
537.030429,1.759129E-7,1.759129E-7,2.487784E-7
540.130738,2.409964E-7,2.409964E-7,3.408204E-7
543.248945,3.301592E-7,3.301592E-7,4.669156E-7
546.385154,4.523100E-7,4.523100E-7,6.396629E-7
549.539469,6.196536E-7,6.196536E-7,8.763225E-7
552.711994,8.143840E-7,8.143840E-7,1.151713E-6
555.902834,1.070310E-6,1.070310E-6,1.513647E-6
559.112094,1.406661E-6,1.406661E-6,1.989319E-6
562.339883,1.848714E-6,1.848714E-6,2.614476E-6
565.586305,1.691581E-6,1.691581E-6,2.392257E-6
568.851469,1.547803E-6,1.547803E-6,2.188924E-6
572.135483,1.416245E-6,1.416245E-6,2.002873E-6
575.438456,1.295869E-6,1.295869E-6,1.832636E-6
578.760497,1.237734E-6,1.237734E-6,1.750420E-6
582.101716,1.182206E-6,1.182206E-6,1.671892E-6
585.462225,1.129170E-6,1.129170E-6,1.596888E-6
588.842134,1.078513E-6,1.078513E-6,1.525248E-6
592.241555,1.176471E-6,1.176471E-6,1.663781E-6
595.660602,1.283326E-6,1.283326E-6,1.814897E-6
599.099386,1.399887E-6,1.399887E-6,1.979739E-6
602.558024,1.527034E-6,1.527034E-6,2.159552E-6
606.036628,7.977425E-7,7.977425E-7,1.128178E-6
609.535314,4.167509E-7,4.167509E-7,5.893748E-7
613.054198,2.177161E-7,2.177161E-7,3.078971E-7
616.593397,1.137377E-7,1.137377E-7,1.608494E-7
620.153028,1.832543E-7,1.832543E-7,2.591607E-7
623.733209,2.952598E-7,2.952598E-7,4.175604E-7
627.334059,4.757231E-7,4.757231E-7,6.727741E-7
630.955697,7.664863E-7,7.664863E-7,1.083975E-6
634.598242,6.881448E-7,6.881448E-7,9.731837E-7
638.261816,6.178105E-7,6.178105E-7,8.737160E-7
641.946541,5.546650E-7,5.546650E-7,7.844148E-7
645.652537,4.979732E-7,4.979732E-7,7.042405E-7
649.379928,6.501283E-7,6.501283E-7,9.194203E-7
653.128838,8.487741E-7,8.487741E-7,1.200348E-6
656.899390,1.108116E-6,1.108116E-6,1.567113E-6
660.691710,1.446700E-6,1.446700E-6,2.045943E-6
664.505924,1.001134E-6,1.001134E-6,1.415817E-6
668.342157,6.927962E-7,6.927962E-7,9.797618E-7
672.200537,4.794232E-7,4.794232E-7,6.780068E-7
676.081191,3.317666E-7,3.317666E-7,4.691888E-7
679.984249,4.398823E-7,4.398823E-7,6.220875E-7
683.909839,5.832308E-7,5.832308E-7,8.248129E-7
687.858092,7.732934E-7,7.732934E-7,1.093602E-6
691.829139,1.025294E-6,1.025294E-6,1.449985E-6
695.823110,8.853896E-7,8.853896E-7,1.252130E-6
699.840139,7.645755E-7,7.645755E-7,1.081273E-6
703.880359,6.602469E-7,6.602469E-7,9.337301E-7
707.943903,5.701540E-7,5.701540E-7,8.063195E-7
712.030906,5.243435E-7,5.243435E-7,7.415337E-7
716.141504,4.822137E-7,4.822137E-7,6.819532E-7
720.275832,4.434690E-7,4.434690E-7,6.271599E-7
724.434028,4.078373E-7,4.078373E-7,5.767690E-7
728.616230,6.799701E-7,6.799701E-7,9.616229E-7
732.822575,1.133686E-6,1.133686E-6,1.603274E-6
737.053205,1.890146E-6,1.890146E-6,2.673070E-6
741.308258,3.151362E-6,3.151362E-6,4.456699E-6
745.587875,3.180488E-6,3.180488E-6,4.497889E-6
749.892199,3.209884E-6,3.209884E-6,4.539461E-6
754.221372,3.239551E-6,3.239551E-6,4.581417E-6
758.575538,3.269494E-6,3.269494E-6,4.623763E-6
762.954841,4.442782E-6,4.442782E-6,6.283043E-6
767.359425,6.037114E-6,6.037114E-6,8.537768E-6
771.789438,8.203587E-6,8.203587E-6,1.160162E-5
776.245025,1.114752E-5,1.114752E-5,1.576497E-5
780.726335,1.062537E-5,1.062537E-5,1.502654E-5
785.233515,1.012768E-5,1.012768E-5,1.432270E-5
789.766716,9.653302E-6,9.653302E-6,1.365183E-5
794.326087,9.201145E-6,9.201145E-6,1.301238E-5
798.911780,9.495195E-6,9.495195E-6,1.342823E-5
803.523946,9.798645E-6,9.798645E-6,1.385738E-5
808.162739,1.011179E-5,1.011179E-5,1.430023E-5
812.828311,1.043495E-5,1.043495E-5,1.475725E-5
817.520818,1.809702E-5,1.809702E-5,2.559305E-5
822.240416,3.138514E-5,3.138514E-5,4.438529E-5
826.987259,5.443033E-5,5.443033E-5,7.697611E-5
831.761507,9.439693E-5,9.439693E-5,1.334974E-4
836.563317,3.250595E-5,3.250595E-5,4.597036E-5
841.392847,1.119355E-5,1.119355E-5,1.583007E-5
846.250259,3.854542E-6,3.854542E-6,5.451146E-6
851.135714,1.327325E-6,1.327325E-6,1.877121E-6
856.049372,2.018499E-6,2.018499E-6,2.854589E-6
860.991397,3.069586E-6,3.069586E-6,4.341050E-6
865.961952,4.668004E-6,4.668004E-6,6.601555E-6
870.961203,7.098762E-6,7.098762E-6,1.003917E-5
875.989315,4.800394E-6,4.800394E-6,6.788782E-6
881.046454,3.246169E-6,3.246169E-6,4.590776E-6
886.132789,2.195156E-6,2.195156E-6,3.104419E-6
891.248487,1.484430E-6,1.484430E-6,2.099301E-6
896.393719,9.706791E-7,9.706791E-7,1.372748E-6
901.568654,6.347340E-7,6.347340E-7,8.976494E-7
906.773465,4.150570E-7,4.150570E-7,5.869792E-7
912.008323,2.714086E-7,2.714086E-7,3.838297E-7
917.273403,3.705197E-7,3.705197E-7,5.239940E-7
922.568878,5.058234E-7,5.058234E-7,7.153423E-7
927.894924,6.905365E-7,6.905365E-7,9.765661E-7
933.251717,9.427014E-7,9.427014E-7,1.333181E-6
938.639436,1.281410E-6,1.281410E-6,1.812187E-6
944.058259,1.741816E-6,1.741816E-6,2.463300E-6
949.508364,2.367645E-6,2.367645E-6,3.348356E-6
954.989934,3.218331E-6,3.218331E-6,4.551407E-6
960.503149,1.787385E-6,1.787385E-6,2.527744E-6
966.048192,9.926716E-7,9.926716E-7,1.403850E-6
971.625246,5.513064E-7,5.513064E-7,7.796650E-7
977.234498,3.061822E-7,3.061822E-7,4.330070E-7
982.876132,3.745270E-7,3.745270E-7,5.296612E-7
988.550335,4.581273E-7,4.581273E-7,6.478898E-7
994.257297,5.603886E-7,5.603886E-7,7.925092E-7
999.997204,6.854762E-7,6.854762E-7,9.694097E-7
