#I+1.668000E+03
+1.000000E+00
+8.010000E+02
+8.010000E+02
+1.000000E+01
+2.000000E+00
+3.000000E+00
+0.000000E+00
+1.000000E+00
+2.000000E+00
+5.000000E+00
+1.000000E+00
+2.497000E+03
-1.092400E+04
+2.025600E+04
-1.299100E+04
-1.119200E+04
+0.000000E+00
+0.000000E+00
+0.000000E+00
+0.000000E+00
+0.000000E+00
+0.000000E+00
+0.000000E+00
+0.000000E+00
+0.000000E+00
+0.000000E+00
+0.000000E+00
+0.000000E+00
+0.000000E+00
+0.000000E+00
+0.000000E+00
+0.000000E+00
+0.000000E+00
+0.000000E+00
+0.000000E+00
+1.000000E+00
+1.000000E+00
+1.000000E+00
+0.000000E+00
+0.000000E+00
+1.000000E+00
+0.000000E+00
+1.000000E+00
+2.000000E+00
+3.000000E+00
+4.500000E+01
+4.500000E+01
+0.000000E+00
+0.000000E+00
+2.000000E+00
+0.000000E+00
+0.000000E+00
+0.000000E+00
+0.000000E+00
+0.000000E+00
+2.499999E-03
+1.000000E+00
+0.000000E+00
+0.000000E+00
+0.000000E+00
+1.000000E+00
+1.000000E+00
+0.000000E+00
+0.000000E+00
+9.9999904632568339E+00
+9.9999904632568339E+00
-1.434545E-01
+4.351467E-01
-4.984712E-01
+6.137458E-01
-1.180671E+00
+6.838683E-01
-2.323966E+00
+3.782031E-01
-3.980240E+00
-8.165635E-01
-2.082256E+00
-9.784980E-02
-1.063180E+00
+1.157360E-01
-5.296928E-01
+1.430788E-01
-2.571192E-01
+1.145785E-01
-3.212234E-01
+8.423240E-02
-3.900482E-01
+3.665114E-02
-4.610733E-01
-3.189645E-02
-5.306517E-01
-1.252722E-01
-6.053823E-01
-7.327811E-02
-6.819812E-01
-6.198562E-03
-7.587818E-01
+7.788055E-02
-8.336934E-01
+1.808795E-01
-8.983730E-01
+2.680387E-01
-9.619445E-01
+3.689621E-01
-1.023149E+00
+4.848751E-01
-1.080505E+00
+6.170143E-01
-1.126334E+00
+5.907818E-01
-1.172192E+00
+5.623082E-01
-1.217995E+00
+5.315445E-01
-1.263659E+00
+4.984431E-01
-1.336229E+00
+4.495470E-01
-1.408850E+00
+3.950143E-01
-1.481227E+00
+3.346367E-01
-1.553037E+00
+2.682137E-01
-1.402351E+00
+4.032025E-01
-1.250075E+00
+5.122703E-01
-1.098947E+00
+5.973221E-01
-9.512910E-01
+6.603850E-01
-1.064642E+00
+4.672131E-01
-1.139073E+00
+2.550250E-01
-1.171488E+00
+3.160615E-02
-1.160342E+00
-1.947754E-01
-1.248599E+00
+6.126816E-03
-1.304565E+00
+2.321704E-01
-1.322218E+00
+4.786660E-01
-1.296108E+00
+7.396203E-01
-1.290923E+00
+5.771583E-01
-1.270952E+00
+4.244339E-01
-1.237941E+00
+2.822650E-01
-1.193611E+00
+1.512607E-01
-1.313345E+00
+2.425626E-01
-1.440310E+00
+3.512653E-01
-1.574198E+00
+4.797068E-01
-1.714517E+00
+6.304577E-01
-1.735484E+00
+5.940035E-01
-1.755704E+00
+5.569316E-01
-1.775162E+00
+5.192572E-01
-1.793842E+00
+4.809951E-01
-1.801508E+00
+3.854874E-01
-1.804257E+00
+2.904819E-01
-1.802160E+00
+1.962235E-01
-1.795299E+00
+1.029506E-01
-1.843153E+00
+3.170286E-01
-1.867487E+00
+5.438677E-01
-1.866018E+00
+7.811347E-01
-1.836662E+00
+1.026149E+00
-1.788810E+00
+8.064517E-01
-1.726755E+00
+6.061369E-01
-1.653055E+00
+4.249709E-01
-1.570064E+00
+2.625306E-01
-1.631623E+00
+1.796567E-01
-1.690218E+00
+9.077974E-02
-1.745413E+00
-4.106411E-03
-1.796763E+00
-1.049830E-01
-1.954272E+00
-1.824818E-01
-2.123000E+00
-2.729126E-01
-2.303467E+00
-3.778623E-01
-2.496177E+00
-4.990798E-01
-2.240330E+00
-1.443878E-01
-1.975215E+00
+1.357423E-01
-1.710715E+00
+3.496122E-01
-1.454502E+00
+5.056342E-01
-1.550886E+00
+2.632704E-01
-1.606974E+00
+2.793829E-03
-1.619404E+00
-2.691121E-01
-1.585915E+00
-5.451440E-01
-1.684606E+00
-2.411167E-01
-1.725033E+00
+8.072190E-02
-1.703992E+00
+4.092094E-01
-1.620419E+00
+7.326099E-01
-1.594238E+00
+6.322826E-01
-1.564467E+00
+5.368200E-01
-1.531459E+00
+4.462069E-01
-1.495553E+00
+3.604121E-01
-1.651380E+00
+3.948931E-01
-1.823437E+00
+4.326482E-01
-2.013415E+00
+4.739856E-01
-2.223179E+00
+5.192409E-01
-2.056101E+00
+6.426717E-01
-1.890323E+00
+7.472464E-01
-1.727074E+00
+8.341678E-01
-1.567429E+00
+9.046517E-01
-1.662750E+00
+7.879807E-01
-1.749760E+00
+6.619152E-01
-1.827577E+00
+5.270125E-01
-1.895353E+00
+3.839096E-01
-2.042395E+00
+4.425610E-01
-2.200422E+00
+5.080872E-01
-2.370217E+00
+5.812036E-01
-2.552619E+00
+6.626929E-01
-2.619126E+00
+8.958088E-01
-2.670267E+00
+1.145061E+00
-2.704046E+00
+1.409986E+00
-2.718412E+00
+1.689937E+00
-3.011316E+00
+1.740503E+00
-3.331191E+00
+1.785198E+00
-3.680151E+00
+1.822577E+00
-4.060443E+00
+1.850997E+00
-4.107125E+00
+2.040357E+00
-4.148585E+00
+2.236454E+00
-4.184447E+00
+2.439289E+00
-4.214332E+00
+2.648853E+00
-4.208964E+00
+2.034732E+00
-4.140157E+00
+1.462049E+00
-4.016438E+00
+9.346357E-01
-3.846168E+00
+4.551834E-01
-3.526545E+00
-1.953995E-02
-3.184539E+00
-4.127138E-01
-2.831446E+00
-7.296890E-01
-2.476868E+00
-9.765664E-01
-2.345944E+00
-8.346914E-01
-2.219095E+00
-7.062088E-01
-2.096475E+00
-5.901157E-01
-1.978204E+00
-4.854695E-01
-1.953807E+00
-4.462556E-01
-1.929185E+00
-4.080643E-01
-1.904356E+00
-3.708826E-01
-1.879341E+00
-3.346973E-01
-1.857011E+00
-3.386211E-01
-1.834913E+00
-3.424101E-01
-1.813047E+00
-3.460669E-01
-1.791409E+00
-3.495943E-01
-1.801800E+00
-3.388593E-01
-1.812165E+00
-3.280049E-01
-1.822501E+00
-3.170312E-01
-1.832808E+00
-3.059371E-01
-1.835220E+00
-2.180536E-01
-1.833496E+00
-1.306291E-01
-1.827687E+00
-4.385411E-02
-1.817849E+00
+4.208384E-02
-1.810947E+00
+1.155991E-01
-1.801086E+00
+1.886245E-01
-1.788296E+00
+2.610417E-01
-1.772609E+00
+3.327342E-01
-1.660592E+00
+5.222074E-01
-1.531508E+00
+6.909376E-01
-1.388447E+00
+8.378313E-01
-1.234495E+00
+9.621945E-01
-1.225787E+00
+9.873460E-01
-1.216626E+00
+1.012495E+00
-1.207011E+00
+1.037636E+00
-1.196937E+00
+1.062758E+00
-1.154338E+00
+9.249121E-01
-1.108582E+00
+7.996815E-01
-1.060500E+00
+6.862415E-01
-1.010824E+00
+5.837916E-01
-1.011668E+00
+6.268245E-01
-1.011170E+00
+6.707040E-01
-1.009278E+00
+7.154049E-01
-1.005938E+00
+7.608970E-01
-9.230047E-01
+8.035599E-01
-8.398854E-01
+8.393293E-01
-7.570449E-01
+8.684136E-01
-6.749205E-01
+8.910454E-01
-6.818408E-01
+9.018596E-01
-6.888308E-01
+9.128040E-01
-6.958908E-01
+9.238800E-01
-7.030212E-01
+9.350901E-01
-6.601728E-01
+9.577306E-01
-6.166786E-01
+9.784704E-01
-5.726205E-01
+9.972952E-01
-5.280806E-01
+1.014195E+00
-4.758913E-01
+1.044567E+00
-4.219705E-01
+1.072262E+00
-3.664551E-01
+1.097180E+00
-3.094878E-01
+1.119232E+00
-3.346795E-01
+1.044444E+00
-3.556057E-01
+9.729057E-01
-3.726301E-01
+9.045981E-01
-3.860958E-01
+8.394872E-01
-4.356173E-01
+8.211990E-01
-4.843155E-01
+8.000098E-01
-5.320217E-01
+7.759532E-01
-5.785674E-01
+7.490734E-01
-5.671462E-01
+8.499824E-01
-5.473055E-01
+9.578086E-01
-5.178803E-01
+1.072454E+00
-4.776236E-01
+1.193729E+00
-5.964648E-01
+1.286095E+00
-7.327744E-01
+1.380766E+00
-8.884539E-01
+1.476942E+00
-1.065548E+00
+1.573631E+00
-9.763364E-01
+1.563825E+00
-8.902070E-01
+1.551109E+00
-8.071700E-01
+1.535684E+00
-7.272300E-01
+1.517742E+00
-6.296445E-01
+1.565710E+00
-5.288969E-01
+1.607403E+00
-4.253901E-01
+1.642615E+00
-3.195414E-01
+1.671162E+00
-2.201670E-01
+1.611036E+00
-1.283821E-01
+1.548615E+00
-4.395653E-02
+1.484389E+00
+3.335532E-02
+1.418813E+00
-7.551511E-03
+1.437659E+00
-4.952265E-02
+1.455551E+00
-9.254371E-02
+1.472446E+00
-1.365974E-01
+1.488301E+00
-2.794191E-01
+1.450157E+00
-4.161398E-01
+1.398726E+00
-5.455657E-01
+1.334823E+00
-6.666027E-01
+1.259368E+00
-7.561187E-01
+1.423593E+00
-8.576475E-01
+1.609228E+00
-9.728004E-01
+1.819065E+00
-1.103405E+00
+2.056260E+00
-1.448306E+00
+2.319386E+00
-1.871818E+00
+2.600516E+00
-2.388628E+00
+2.896648E+00
-3.015677E+00
+3.203145E+00
-2.999653E+00
+6.164773E+00
-1.601288E+00
+1.056320E+01
+2.520354E+00
+1.645752E+01
+1.138753E+01
+2.331330E+01
+9.587408E+00
+1.007276E+01
+6.527390E+00
+3.597648E+00
+3.917082E+00
+7.833897E-01
+2.128300E+00
-2.328133E-01
+1.953094E+00
-1.210342E-01
+1.788328E+00
-2.651684E-02
+1.633837E+00
+5.269005E-02
+1.489384E+00
+1.183606E-01
+1.349355E+00
+1.243375E-01
+1.222296E+00
+1.281597E-01
+1.107024E+00
+1.301761E-01
+1.002463E+00
+1.306892E-01
+9.479409E-01
+1.572587E-01
+8.952721E-01
+1.806967E-01
+8.444670E-01
+2.012210E-01
+7.955275E-01
+2.190391E-01
+7.576548E-01
+2.304029E-01
+7.210299E-01
+2.403410E-01
+6.856385E-01
+2.489431E-01
+6.514653E-01
+2.562947E-01
+6.249531E-01
+2.651661E-01
+5.990246E-01
+2.730858E-01
+5.736865E-01
+2.800979E-01
+5.489438E-01
+2.862452E-01
+5.047112E-01
+2.936050E-01
+4.627169E-01
+2.986116E-01
+4.229340E-01
+3.014986E-01
+3.853268E-01
+3.024849E-01
+3.456531E-01
+3.193857E-01
+3.063579E-01
+3.325090E-01
+2.677163E-01
+3.420444E-01
+2.299775E-01
+3.481947E-01
+1.853475E-01
+4.801816E-01
+9.678249E-02
+6.274606E-01
-4.875400E-02
+7.815867E-01
-2.647443E-01
+9.289476E-01
-2.142857E-01
+1.178830E+00
-1.217249E-01
+1.481192E+00
+2.916713E-02
+1.843235E+00
+2.592970E-01
+2.271887E+00
+5.930194E-01
+1.925276E+00
+8.257871E-01
+1.571001E+00
+9.698912E-01
+1.226466E+00
+1.038796E+00
+9.047462E-01
+1.099451E+00
+9.106315E-01
+1.162442E+00
+9.151701E-01
+1.227817E+00
+9.182533E-01
+1.295624E+00
+9.197670E-01
+1.380480E+00
+8.836275E-01
+1.466126E+00
+8.421932E-01
+1.552325E+00
+7.952639E-01
+1.638820E+00
+7.426458E-01
+1.636499E+00
+6.206637E-01
+1.626778E+00
+5.023807E-01
+1.610099E+00
+3.881417E-01
+1.586912E+00
+2.782546E-01
+1.580572E+00
+1.754651E-01
+1.567937E+00
+7.460065E-02
+1.549221E+00
-2.397593E-02
+1.524654E+00
-1.199208E-01
+1.460483E+00
-1.831787E-01
+1.395972E+00
-2.411384E-01
+1.331370E+00
-2.939894E-01
+1.266907E+00
-3.419246E-01
+1.225299E+00
-3.502575E-01
+1.184776E+00
-3.577501E-01
+1.145318E+00
-3.644424E-01
+1.106908E+00
-3.703732E-01
+1.030743E+00
-4.201736E-01
+9.552141E-01
-4.629079E-01
+8.807226E-01
-4.989563E-01
+8.076271E-01
-5.287055E-01
+6.998874E-01
-4.449238E-01
+6.063681E-01
-3.741862E-01
+5.252155E-01
-3.144911E-01
+4.548138E-01
-2.641405E-01
+4.309795E-01
-2.059703E-01
+4.051636E-01
-1.550478E-01
+3.780819E-01
-1.108307E-01
+3.503428E-01
-7.277633E-02
+4.196278E-01
-1.821839E-01
+4.779121E-01
-3.371502E-01
+5.105814E-01
-5.462855E-01
+4.971035E-01
-8.165685E-01
+6.544801E-01
-5.423826E-01
+7.073268E-01
-2.662961E-01
+6.717521E-01
-1.890032E-02
+5.701631E-01
+1.787567E-01
+6.221829E-01
+1.729919E-01
+6.781708E-01
+1.649311E-01
+7.383641E-01
+1.542504E-01
+8.030070E-01
+1.405912E-01
+8.109611E-01
+5.777697E-02
+8.104266E-01
-2.519176E-02
+8.014544E-01
-1.074500E-01
+7.841839E-01
-1.881448E-01
+7.553693E-01
-2.022953E-01
+7.270783E-01
-2.152802E-01
+6.993247E-01
-2.271486E-01
+6.721204E-01
-2.379481E-01
+6.438545E-01
-2.681388E-01
+6.146413E-01
-2.961256E-01
+5.846196E-01
-3.219095E-01
+5.539254E-01
-3.454986E-01
+4.857014E-01
-3.865511E-01
+4.167956E-01
-4.179164E-01
+3.482981E-01
-4.400570E-01
+2.811891E-01
-4.535285E-01
+2.133180E-01
-4.178889E-01
+1.564466E-01
-3.817127E-01
+1.092523E-01
-3.458684E-01
+7.051329E-02
-3.110204E-01
+6.772791E-02
-2.827907E-01
+6.487633E-02
-2.570834E-01
+6.199225E-02
-2.336764E-01
+5.910396E-02
-2.123671E-01
+6.321071E-02
-1.998987E-01
+6.670131E-02
-1.879114E-01
+6.962220E-02
-1.764018E-01
+7.201742E-02
-1.653652E-01
+7.410626E-02
-1.551642E-01
+7.575773E-02
-1.453755E-01
+7.700624E-02
-1.359944E-01
+7.788424E-02
-1.270148E-01
+7.032506E-02
-1.224337E-01
+6.328906E-02
-1.178886E-01
+5.674759E-02
-1.133920E-01
+5.067336E-02
-1.089547E-01
+1.140883E-01
-6.013008E-02
+1.365229E-01
+2.278403E-02
+1.018013E-01
+1.081829E-01
+1.664647E-02
+1.585599E-01
-5.367661E-02
+1.225807E-01
-9.004231E-02
+6.714152E-02
-9.355779E-02
+1.160242E-02
-7.306735E-02
-3.037294E-02
-3.835713E-02
+4.224866E-03
-1.538859E-02
+1.083253E-02
-4.023106E-03
+8.248730E-03
+2.231421E-04
+4.470085E-03
+2.545394E-03
+8.050883E-03
+8.496160E-03
+1.347481E-02
+2.195036E-02
+2.052672E-02
+4.987653E-02
+2.696044E-02
+5.239726E-02
+2.030182E-02
+5.404706E-02
+1.344089E-02
+5.481537E-02
+6.489458E-03
+5.470573E-02
-4.412439E-04
+3.802512E-02
+2.679015E-02
+1.300994E-02
+3.734779E-02
-9.506861E-03
+3.225435E-02
-2.254525E-02
+1.758204E-02
-3.946783E-02
+2.535532E-02
-6.828122E-02
+3.552482E-02
-1.168819E-01
+4.783080E-02
-1.981336E-01
+6.066752E-02
-1.998647E-01
+1.349271E-01
-1.765265E-01
+2.181603E-01
-1.222352E-01
+3.028513E-01
-3.300039E-02
+3.786340E-01
+9.429075E-02
+3.531216E-01
+2.010045E-01
+2.883282E-01
+2.762381E-01
+1.947689E-01
+3.135820E-01
+8.552356E-02
+2.864001E-01
+6.470712E-02
+2.610412E-01
+4.700232E-02
+2.374512E-01
+3.203315E-02
+2.155667E-01
+1.946245E-02
+2.078765E-01
+2.206805E-02
+2.004105E-01
+2.446750E-02
+1.931642E-01
+2.667128E-02
+1.861328E-01
+2.868941E-02
+1.791567E-01
+2.501601E-02
+1.724066E-01
+2.158313E-02
+1.658768E-01
+1.837816E-02
+1.595617E-01
+1.538906E-02
+1.549881E-01
+1.471560E-02
+1.505452E-01
+1.406814E-02
+1.462294E-01
+1.344574E-02
+1.420370E-01
+1.284749E-02
+1.391214E-01
+1.210156E-02
+1.362641E-01
+1.138098E-02
+1.334638E-01
+1.068504E-02
+1.307196E-01
+1.001304E-02
+1.278616E-01
+8.967755E-03
+1.250611E-01
+7.963790E-03
+1.223167E-01
+6.999855E-03
+1.196277E-01
+6.074705E-03
+1.174698E-01
+5.624696E-03
+1.153498E-01
+5.188995E-03
+1.132672E-01
+4.767233E-03
+1.112212E-01
+4.359049E-03
+1.107574E-01
+4.004856E-03
+1.102946E-01
+3.653581E-03
+1.098327E-01
+3.305207E-03
+1.093717E-01
+2.959721E-03
+1.083697E-01
+1.499935E-03
+1.073581E-01
+6.715506E-05
+1.063374E-01
-1.338750E-03
+1.053080E-01
-2.717916E-03
+1.027593E-01
-5.617774E-03
+1.001887E-01
-8.377822E-03
+9.760092E-02
-1.100074E-02
+9.500001E-02
-1.348924E-02
+9.290595E-02
-1.179315E-02
+9.083785E-02
-1.016815E-02
+8.879612E-02
-8.612139E-03
+8.678110E-02
-7.123078E-03
+8.622082E-02
-6.747362E-03
+8.566289E-02
-6.376305E-03
+8.510734E-02
-6.009863E-03
+8.455412E-02
-5.647999E-03
+8.490951E-02
-6.027560E-03
+8.526494E-02
-6.410315E-03
+8.562036E-02
-6.796273E-03
+8.597578E-02
-7.185451E-03
+8.524664E-02
-9.831639E-03
+8.443902E-02
-1.243949E-02
+8.355458E-02
-1.500680E-02
+8.259507E-02
-1.753138E-02
+8.058079E-02
-1.964359E-02
+7.854091E-02
-2.165820E-02
+7.647873E-02
-2.357625E-02
+7.439755E-02
-2.539881E-02
+6.784625E-02
-2.674460E-02
+6.171735E-02
-2.770917E-02
+5.599632E-02
-2.833869E-02
+5.066771E-02
-2.867532E-02
+4.955976E-02
-2.413539E-02
+4.824717E-02
-1.990983E-02
+4.675957E-02
-1.599332E-02
+4.512467E-02
-1.237913E-02
+4.450274E-02
-1.340585E-02
+4.385986E-02
-1.441003E-02
+4.319670E-02
-1.539130E-02
+4.251396E-02
-1.634932E-02
+3.974152E-02
-3.409524E-02
+2.989815E-02
-5.224586E-02
+1.224070E-02
-6.810908E-02
-1.299785E-02
-7.848276E-02
-3.794996E-02
-6.116616E-02
-5.284788E-02
-3.807218E-02
-5.734231E-02
-1.361421E-02
-5.266369E-02
+8.395368E-03
-4.836447E-02
+2.059959E-02
-4.133963E-02
+3.124574E-02
-3.207988E-02
+3.975111E-02
-2.119360E-02
+4.567557E-02
-2.665858E-02
+5.078184E-02
-3.316069E-02
+5.628634E-02
-4.086494E-02
+6.218604E-02
-4.995886E-02
+6.846826E-02
-5.111214E-02
+9.383182E-02
-4.835842E-02
+1.257208E-01
-3.964261E-02
+1.651190E-01
-2.223364E-02
+2.129157E-01
+4.340670E-02
+2.237674E-01
+1.136326E-01
+2.144569E-01
+1.822743E-01
+1.831872E-01
+2.424900E-01
+1.300421E-01
+2.514064E-01
+1.143653E-01
+2.593103E-01
+9.807865E-02
+2.661598E-01
+8.124755E-02
+2.719176E-01
+6.394021E-02
+3.057125E-01
+2.358894E-02
+3.355784E-01
-2.586847E-02
+3.596497E-01
-8.454199E-02
+3.758847E-01
-1.522371E-01
+3.023846E-01
-2.947637E-01
+1.754105E-01
-4.032088E-01
+1.031107E-02
-4.577441E-01
-1.703103E-01
-4.453008E-01
+2.516438E-02
-3.696957E-01
+1.383850E-01
-2.525781E-01
+1.800367E-01
-1.330170E-01
+1.704050E-01
-3.508558E-02
+1.946902E-01
-9.562846E-02
+2.050689E-01
-1.762911E-01
+1.923724E-01
-2.768878E-01
+1.455936E-01
-3.943275E-01
+9.423487E-02
-3.397892E-01
+5.510090E-02
-2.906185E-01
+2.581238E-02
-2.467866E-01
+4.382371E-03
-2.081039E-01
+1.837837E-02
-1.629067E-01
+2.611079E-02
-1.264525E-01
+2.955824E-02
-9.730534E-02
+3.016948E-02
-7.419689E-02
+3.530695E-02
-1.074021E-01
+3.932937E-02
-1.546584E-01
+4.042234E-02
-2.215935E-01
+3.548641E-02
-3.159567E-01
-3.407858E-02
-2.545602E-01
-7.656918E-02
-1.928187E-01
-9.777455E-02
-1.361102E-01
-1.032849E-01
-8.751531E-02
-5.271722E-02
-1.483745E-01
+3.370529E-02
-1.800215E-01
+1.391111E-01
-1.613360E-01
+2.341895E-01
-8.093975E-02
+1.071122E-01
-2.173114E-01
-7.499750E-02
-2.247055E-01
-2.066590E-01
-1.046068E-01
-2.155785E-01
+6.941287E-02
-1.920851E-01
+6.841652E-02
-1.709708E-01
+6.687130E-02
-1.520124E-01
+6.489794E-02
-1.350060E-01
+6.259866E-02
-1.259170E-01
+6.699406E-02
-1.169880E-01
+7.072343E-02
-1.082471E-01
+7.382385E-02
-9.971921E-02
+7.633214E-02
-9.159605E-02
+8.138071E-02
-8.333196E-02
+8.571462E-02
-7.498167E-02
+8.934312E-02
-6.659772E-02
+9.227900E-02
-5.646097E-02
+9.626882E-02
-4.619441E-02
+9.922390E-02
-3.589707E-02
+1.011568E-01
-2.566463E-02
+1.020889E-01
-1.575362E-02
+1.213814E-01
-1.684815E-03
+1.423123E-01
+1.740819E-02
+1.645697E-01
+4.248362E-02
+1.876759E-01
-4.178723E-02
+9.861718E-02
-5.092988E-02
+3.098688E-02
-3.308483E-02
-2.546646E-03
-1.412374E-02
-1.190184E-02
-1.680058E-02
-7.779186E-03
-1.830034E-02
-3.085711E-03
-1.851115E-02
+1.848897E-03
-1.741188E-02
+6.676289E-03
-1.662608E-02
+8.090941E-03
-1.572831E-02
+9.420833E-03
-1.472721E-02
+1.065739E-02
-1.363207E-02
+1.179286E-02
-1.470199E-02
+1.239323E-02
-1.585145E-02
+1.301903E-02
-1.708610E-02
+1.367089E-02
-1.841196E-02
+1.434937E-02
-1.756991E-02
+1.460023E-02
-1.673857E-02
+1.481981E-02
-1.591865E-02
+1.500910E-02
-1.511086E-02
+1.516913E-02
-1.461391E-02
+1.517372E-02
-1.412495E-02
+1.516998E-02
-1.364399E-02
+1.515819E-02
-1.317103E-02
+1.513862E-02
-1.368727E-02
+1.436874E-02
-1.416295E-02
+1.358513E-02
-1.459795E-02
+1.278975E-02
-1.499224E-02
+1.198457E-02
-1.630132E-02
+1.123995E-02
-1.759416E-02
+1.037828E-02
-1.886174E-02
+9.397348E-03
-2.009464E-02
+8.295519E-03
-2.560091E-02
+1.213808E-02
-3.251124E-02
+1.750686E-02
-4.114724E-02
+2.495580E-02
-5.189046E-02
+3.522737E-02
-3.570407E-02
+4.481932E-02
-1.897933E-02
+4.879264E-02
-3.310330E-03
+4.771823E-02
+1.006722E-02
+4.252697E-02
+3.248137E-03
+4.003080E-02
-2.600660E-03
+3.681744E-02
-7.468511E-03
+3.308705E-02
-1.137350E-02
+2.902304E-02
-1.781211E-02
+4.170158E-02
-2.773092E-02
+5.985410E-02
-4.295047E-02
+8.581324E-02
-6.622042E-02
+1.228910E-01
-1.098861E-02
+1.765806E-01
+8.107291E-02
+2.090576E-01
+2.042629E-01
+1.975738E-01
+3.399463E-01
+1.189746E-01
+2.832770E-01
+3.318191E-02
+2.246529E-01
-2.332319E-02
+1.695807E-01
-5.685691E-02
+1.212242E-01
-7.325222E-02
+1.065369E-01
-5.372299E-02
+9.294327E-02
-3.826521E-02
+8.053021E-02
-2.615676E-02
+6.932448E-02
-1.678559E-02
+7.884513E-02
-1.025279E-02
+8.860891E-02
-1.866750E-03
+9.841897E-02
+8.602275E-03
+1.080295E-01
+2.138518E-02
+1.229454E-01
+7.233418E-03
+1.373146E-01
-1.071807E-02
+1.504993E-01
-3.279603E-02
+1.617431E-01
-5.926528E-02
+1.538878E-01
-8.873896E-02
+1.407090E-01
-1.173004E-01
+1.222819E-01
-1.439963E-01
+9.885149E-02
-1.678710E-01
+7.662754E-02
-1.597801E-01
+5.711024E-02
-1.507309E-01
+4.012003E-02
-1.410220E-01
+2.547117E-02
-1.309105E-01
+1.012165E-02
-1.321279E-01
-5.167653E-03
-1.315685E-01
-2.019369E-02
-1.292624E-01
-3.475953E-02
-1.252626E-01
-3.343780E-02
-1.042504E-01
-3.162322E-02
-8.661209E-02
-2.950668E-02
-7.182960E-02
-2.723149E-02
-5.946042E-02
-2.570515E-02
-6.122457E-02
-2.409896E-02
-6.296532E-02
-2.241249E-02
-6.467973E-02
-2.064540E-02
-6.636481E-02
-5.509757E-03
-7.273795E-02
+1.147087E-02
-7.569723E-02
+2.953579E-02
-7.473062E-02
+4.778650E-02
-6.949340E-02
+2.172631E-02
-7.838039E-02
-4.827299E-03
-7.829197E-02
-2.900966E-02
-6.986509E-02
-4.840914E-02
-5.458113E-02
-4.420183E-02
-5.378627E-02
-4.021836E-02
-5.287721E-02
-3.645243E-02
-5.186727E-02
-3.289758E-02
-5.076896E-02
-2.166511E-02
-3.696769E-02
-1.415561E-02
-2.684550E-02
-9.163553E-03
-1.944479E-02
-5.866342E-03
-1.404968E-02
+4.375460E-04
-2.142873E-02
+1.275241E-02
-2.734502E-02
+3.197560E-02
-2.795860E-02
+5.707849E-02
-1.781434E-02
+8.793615E-02
-7.355466E-04
+1.240869E-01
+3.646142E-02
+1.591091E-01
+1.042324E-01
+1.795060E-01
+2.145562E-01
+2.984214E-01
+1.104634E-01
+3.570444E-01
-5.947896E-02
+3.189443E-01
-2.603865E-01
+1.678528E-01
-4.372392E-01
-2.260468E-02
-2.046429E-01
-5.009709E-02
-7.537933E-02
-3.476954E-02
-1.934237E-02
-1.748217E-02
-5.440932E-04
-2.583170E-02
-4.240791E-03
-3.749401E-02
-1.136549E-02
-5.339823E-02
-2.422700E-02
-7.446958E-02
-4.643340E-02
-6.590231E-02
-3.919686E-02
-5.828593E-02
-3.303242E-02
-5.151985E-02
-2.778713E-02
-4.551334E-02
-2.332914E-02
-3.107138E-02
-2.095534E-02
-2.077201E-02
-1.796461E-02
-1.354052E-02
-1.488753E-02
-8.548567E-03
-1.201607E-02
-6.506481E-03
-1.578734E-02
-3.218160E-03
-1.950859E-02
+1.462989E-03
-2.284803E-02
+7.615711E-03
-2.539308E-02
+3.776756E-03
-2.162538E-02
+9.888711E-04
-1.815157E-02
-9.635139E-04
-1.502228E-02
-2.262615E-03
-1.225807E-02
-3.478485E-03
-1.303007E-02
-4.855308E-03
-1.375981E-02
-6.402154E-03
-1.443032E-02
-8.127382E-03
-1.502256E-02
-1.335468E-02
-9.671157E-03
-1.566445E-02
-2.828733E-03
-1.481217E-02
+4.090681E-03
-1.117652E-02
+9.754499E-03
-1.444591E-02
+1.990079E-02
-1.597049E-02
+3.750593E-02
-1.191319E-02
+6.651674E-02
+5.387668E-03
+1.118893E-01
+4.646250E-03
+6.162392E-02
+3.484864E-03
+3.391474E-02
+2.429557E-03
+1.865109E-02
+1.619071E-03
+1.024931E-02
+1.854670E-04
+1.035688E-02
-1.246762E-03
+1.026526E-02
-2.650128E-03
+9.976907E-03
-3.997792E-03
+9.498039E-03
+1.162392E-03
+9.582968E-03
+5.398829E-03
+7.253994E-03
+7.762157E-03
+3.390988E-03
+7.889112E-03
-8.492196E-04
+1.321925E-02
-3.135162E-03
+2.178325E-02
-8.161908E-03
+3.525270E-02
-1.853834E-02
+5.590741E-02
-3.905488E-02
+5.247039E-02
+6.644105E-03
+2.670925E-02
+3.112940E-02
-8.458091E-04
+3.179898E-02
-1.703678E-02
+1.784229E-02
-3.054356E-02
+1.337471E-02
-4.506040E-02
+7.654877E-04
-5.659481E-02
-2.252365E-02
-5.884515E-02
-5.757800E-02
-5.535809E-02
-5.717466E-02
-5.199907E-02
-5.669383E-02
-4.876580E-02
-5.614146E-02
-4.565591E-02
-5.552330E-02
-3.757725E-02
-6.834252E-02
-2.639770E-02
-8.039613E-02
-1.206464E-02
-9.101300E-02
+5.343706E-03
-9.946690E-02
+3.436530E-02
-8.405928E-02
+5.474754E-02
-6.210651E-02
+6.573124E-02
-3.710239E-02
+6.770815E-02
-1.228288E-02
+3.640794E-02
+2.122710E-02
+8.501282E-03
+2.437063E-02
-5.740960E-03
+1.472830E-02
-8.533826E-03
+4.571733E-03
-1.214659E-02
-1.543075E-03
-1.138821E-02
-1.049354E-02
-4.046102E-03
-1.916273E-02
+9.875538E-03
-2.271634E-02
+1.573743E-03
-2.902564E-02
-1.013800E-02
-3.257097E-02
-2.447034E-02
-3.168160E-02
-3.987183E-02
-2.484260E-02
-1.569686E-02
-6.493996E-02
+4.879048E-02
-8.153094E-02
+1.307532E-01
-3.409874E-02
+1.666439E-01
+9.570663E-02
+1.224305E-01
+5.765498E-02
+8.922447E-02
+3.347304E-02
+6.453662E-02
+1.839714E-02
+4.634758E-02
+9.225978E-03
+2.425383E-02
+3.113493E-02
-1.670621E-03
+3.291855E-02
-1.902826E-02
+1.989188E-02
-2.288587E-02
+2.182565E-03
-2.281699E-02
+2.088359E-02
-7.594013E-03
+4.091724E-02
+2.498769E-02
+5.010673E-02
+6.743242E-02
+3.358535E-02
+4.666757E-02
+2.888441E-02
+3.191883E-02
+2.408225E-02
+2.154126E-02
+1.960993E-02
+1.431268E-02
+1.566990E-02
+9.627255E-03
+3.399388E-02
-1.100456E-02
+5.777923E-02
-5.944490E-02
+7.780956E-02
-1.464828E-01
+7.152452E-02
-8.177491E-02
+2.926532E-02
-4.502446E-02
+1.069056E-02
-2.447128E-02
+3.014541E-03
-1.313605E-02
+1.578564E-04
-7.566706E-03
+5.800671E-03
-1.877168E-03
+6.660114E-03
+1.803379E-03
+4.686995E-03
+3.085175E-03
+1.940563E-03
+4.735275E-03
+1.948336E-03
+7.021478E-03
+1.564320E-03
+1.009454E-02
+4.857404E-04
+1.409074E-02
-1.742616E-03
+1.621420E-02
+2.743603E-03
+1.708132E-02
+8.426586E-03
+1.615711E-02
+1.502053E-02
+1.294279E-02
+2.203071E-02
-1.064855E-03
+2.374428E-02
-1.286080E-02
+1.798409E-02
-1.914475E-02
+7.513962E-03
-1.874234E-02
-3.837847E-03
-1.573655E-02
+1.014253E-02
-4.066044E-03
+1.786445E-02
+9.382086E-03
+1.527865E-02
+1.701916E-02
+4.266188E-03
