Hz,real,imaginary,unitless (peak only)
9.999990,-1.434545E-1,4.351467E-1,4.581832E-1
10.057721,-4.984712E-1,6.137458E-1,7.906690E-1
10.115785,-1.180671E+0,6.838683E-1,1.364427E+0
10.174184,-2.323966E+0,3.782031E-1,2.354539E+0
10.232920,-3.980240E+0,-8.165635E-1,4.063138E+0
10.291995,-2.082256E+0,-9.784980E-2,2.084554E+0
10.351412,-1.063180E+0,1.157360E-1,1.069461E+0
10.411171,-5.296928E-1,1.430788E-1,5.486766E-1
10.471275,-2.571192E-1,1.145785E-1,2.814934E-1
10.531727,-3.212234E-1,8.423240E-2,3.320837E-1
10.592527,-3.900482E-1,3.665114E-2,3.917664E-1
10.653678,-4.610733E-1,-3.189645E-2,4.621753E-1
10.715183,-5.306517E-1,-1.252722E-1,5.452379E-1
10.777042,-6.053823E-1,-7.327811E-2,6.098011E-1
10.839258,-6.819812E-1,-6.198562E-3,6.820094E-1
10.901834,-7.587818E-1,7.788055E-2,7.627681E-1
10.964771,-8.336934E-1,1.808795E-1,8.530897E-1
11.028071,-8.983730E-1,2.680387E-1,9.375067E-1
11.091737,-9.619445E-1,3.689621E-1,1.030277E+0
11.155770,-1.023149E+0,4.848751E-1,1.132227E+0
11.220173,-1.080505E+0,6.170143E-1,1.244266E+0
11.284948,-1.126334E+0,5.907818E-1,1.271869E+0
11.350097,-1.172192E+0,5.623082E-1,1.300086E+0
11.415622,-1.217995E+0,5.315445E-1,1.328929E+0
11.481525,-1.263659E+0,4.984431E-1,1.358411E+0
11.547808,-1.336229E+0,4.495470E-1,1.409823E+0
11.614474,-1.408850E+0,3.950143E-1,1.463180E+0
11.681525,-1.481227E+0,3.346367E-1,1.518557E+0
11.748964,-1.553037E+0,2.682137E-1,1.576027E+0
11.816791,-1.402351E+0,4.032025E-1,1.459164E+0
11.885010,-1.250075E+0,5.122703E-1,1.350966E+0
11.953623,-1.098947E+0,5.973221E-1,1.250791E+0
12.022632,-9.512910E-1,6.603850E-1,1.158043E+0
12.092039,-1.064642E+0,4.672131E-1,1.162648E+0
12.161847,-1.139073E+0,2.550250E-1,1.167272E+0
12.232059,-1.171488E+0,3.160615E-2,1.171914E+0
12.302675,-1.160342E+0,-1.947754E-1,1.176576E+0
12.373699,-1.248599E+0,6.126816E-3,1.248614E+0
12.445133,-1.304565E+0,2.321704E-1,1.325063E+0
12.516980,-1.322218E+0,4.786660E-1,1.406194E+0
12.589241,-1.296108E+0,7.396203E-1,1.492292E+0
12.661919,-1.290923E+0,5.771583E-1,1.414070E+0
12.735017,-1.270952E+0,4.244339E-1,1.339949E+0
12.808537,-1.237941E+0,2.822650E-1,1.269713E+0
12.882482,-1.193611E+0,1.512607E-1,1.203157E+0
12.956853,-1.313345E+0,2.425626E-1,1.335557E+0
13.031654,-1.440310E+0,3.512653E-1,1.482525E+0
13.106887,-1.574198E+0,4.797068E-1,1.645666E+0
13.182553,-1.714517E+0,6.304577E-1,1.826758E+0
13.258657,-1.735484E+0,5.940035E-1,1.834324E+0
13.335200,-1.755704E+0,5.569316E-1,1.841920E+0
13.412185,-1.775162E+0,5.192572E-1,1.849548E+0
13.489614,-1.793842E+0,4.809951E-1,1.857209E+0
13.567491,-1.801508E+0,3.854874E-1,1.842290E+0
13.645817,-1.804257E+0,2.904819E-1,1.827491E+0
13.724595,-1.802160E+0,1.962235E-1,1.812811E+0
13.803828,-1.795299E+0,1.029506E-1,1.798248E+0
13.883518,-1.843153E+0,3.170286E-1,1.870219E+0
13.963668,-1.867487E+0,5.438677E-1,1.945071E+0
14.044282,-1.866018E+0,7.811347E-1,2.022917E+0
14.125360,-1.836662E+0,1.026149E+0,2.103880E+0
14.206907,-1.788810E+0,8.064517E-1,1.962194E+0
14.288924,-1.726755E+0,6.061369E-1,1.830050E+0
14.371415,-1.653055E+0,4.249709E-1,1.706807E+0
14.454382,-1.570064E+0,2.625306E-1,1.591862E+0
14.537828,-1.631623E+0,1.796567E-1,1.641484E+0
14.621756,-1.690218E+0,9.077974E-2,1.692654E+0
14.706168,-1.745413E+0,-4.106411E-3,1.745418E+0
14.791067,-1.796763E+0,-1.049830E-1,1.799827E+0
14.876457,-1.954272E+0,-1.824818E-1,1.962773E+0
14.962340,-2.123000E+0,-2.729126E-1,2.140470E+0
15.048718,-2.303467E+0,-3.778623E-1,2.334254E+0
15.135596,-2.496177E+0,-4.990798E-1,2.545581E+0
15.222974,-2.240330E+0,-1.443878E-1,2.244978E+0
15.310857,-1.975215E+0,1.357423E-1,1.979874E+0
15.399248,-1.710715E+0,3.496122E-1,1.746074E+0
15.488149,-1.454502E+0,5.056342E-1,1.539884E+0
15.577563,-1.550886E+0,2.632704E-1,1.573073E+0
15.667493,-1.606974E+0,2.793829E-3,1.606976E+0
15.757942,-1.619404E+0,-2.691121E-1,1.641612E+0
15.848914,-1.585915E+0,-5.451440E-1,1.676994E+0
15.940411,-1.684606E+0,-2.411167E-1,1.701774E+0
16.032436,-1.725033E+0,8.072190E-2,1.726921E+0
16.124992,-1.703992E+0,4.092094E-1,1.752439E+0
16.218082,-1.620419E+0,7.326099E-1,1.778335E+0
16.311710,-1.594238E+0,6.322826E-1,1.715044E+0
16.405879,-1.564467E+0,5.368200E-1,1.654005E+0
16.500591,-1.531459E+0,4.462069E-1,1.595139E+0
16.595850,-1.495553E+0,3.604121E-1,1.538368E+0
16.691659,-1.651380E+0,3.948931E-1,1.697939E+0
16.788021,-1.823437E+0,4.326482E-1,1.874062E+0
16.884939,-2.013415E+0,4.739856E-1,2.068454E+0
16.982417,-2.223179E+0,5.192409E-1,2.283010E+0
17.080457,-2.056101E+0,6.426717E-1,2.154200E+0
17.179064,-1.890323E+0,7.472464E-1,2.032658E+0
17.278240,-1.727074E+0,8.341678E-1,1.917973E+0
17.377988,-1.567429E+0,9.046517E-1,1.809759E+0
17.478312,-1.662750E+0,7.879807E-1,1.840014E+0
17.579215,-1.749760E+0,6.619152E-1,1.870773E+0
17.680701,-1.827577E+0,5.270125E-1,1.902046E+0
17.782773,-1.895353E+0,3.839096E-1,1.933843E+0
17.885434,-2.042395E+0,4.425610E-1,2.089794E+0
17.988688,-2.200422E+0,5.080872E-1,2.258320E+0
18.092538,-2.370217E+0,5.812036E-1,2.440436E+0
18.196987,-2.552619E+0,6.626929E-1,2.637238E+0
18.302039,-2.619126E+0,8.958088E-1,2.768085E+0
18.407698,-2.670267E+0,1.145061E+0,2.905424E+0
18.513967,-2.704046E+0,1.409986E+0,3.049578E+0
18.620849,-2.718412E+0,1.689937E+0,3.200883E+0
18.728348,-3.011316E+0,1.740503E+0,3.478128E+0
18.836468,-3.331191E+0,1.785198E+0,3.779387E+0
18.945212,-3.680151E+0,1.822577E+0,4.106738E+0
19.054584,-4.060443E+0,1.850997E+0,4.462442E+0
19.164587,-4.107125E+0,2.040357E+0,4.586015E+0
19.275226,-4.148585E+0,2.236454E+0,4.713012E+0
19.386503,-4.184447E+0,2.439289E+0,4.843524E+0
19.498422,-4.214332E+0,2.648853E+0,4.977652E+0
19.610988,-4.208964E+0,2.034732E+0,4.674988E+0
19.724203,-4.140157E+0,1.462049E+0,4.390727E+0
19.838072,-4.016438E+0,9.346357E-1,4.123750E+0
19.952599,-3.846168E+0,4.551834E-1,3.873009E+0
20.067786,-3.526545E+0,-1.953995E-2,3.526599E+0
20.183639,-3.184539E+0,-4.127138E-1,3.211171E+0
20.300160,-2.831446E+0,-7.296890E-1,2.923958E+0
20.417354,-2.476868E+0,-9.765664E-1,2.662434E+0
20.535225,-2.345944E+0,-8.346914E-1,2.490013E+0
20.653776,-2.219095E+0,-7.062088E-1,2.328758E+0
20.773011,-2.096475E+0,-5.901157E-1,2.177945E+0
20.892935,-1.978204E+0,-4.854695E-1,2.036902E+0
21.013551,-1.953807E+0,-4.462556E-1,2.004122E+0
21.134864,-1.929185E+0,-4.080643E-1,1.971870E+0
21.256877,-1.904356E+0,-3.708826E-1,1.940135E+0
21.379594,-1.879341E+0,-3.346973E-1,1.908912E+0
21.503020,-1.857011E+0,-3.386211E-1,1.887632E+0
21.627158,-1.834913E+0,-3.424101E-1,1.866588E+0
21.752013,-1.813047E+0,-3.460669E-1,1.845779E+0
21.877589,-1.791409E+0,-3.495943E-1,1.825202E+0
22.003889,-1.801800E+0,-3.388593E-1,1.833387E+0
22.130919,-1.812165E+0,-3.280049E-1,1.841610E+0
22.258682,-1.822501E+0,-3.170312E-1,1.849870E+0
22.387183,-1.832808E+0,-3.059371E-1,1.858166E+0
22.516425,-1.835220E+0,-2.180536E-1,1.848129E+0
22.646414,-1.833496E+0,-1.306291E-1,1.838144E+0
22.777153,-1.827687E+0,-4.385411E-2,1.828213E+0
22.908647,-1.817849E+0,4.208384E-2,1.818336E+0
23.040900,-1.810947E+0,1.155991E-1,1.814633E+0
23.173917,-1.801086E+0,1.886245E-1,1.810936E+0
23.307701,-1.788296E+0,2.610417E-1,1.807248E+0
23.442258,-1.772609E+0,3.327342E-1,1.803567E+0
23.577591,-1.660592E+0,5.222074E-1,1.740766E+0
23.713706,-1.531508E+0,6.909376E-1,1.680152E+0
23.850607,-1.388447E+0,8.378313E-1,1.621649E+0
23.988298,-1.234495E+0,9.621945E-1,1.565182E+0
24.126784,-1.225787E+0,9.873460E-1,1.573978E+0
24.266069,-1.216626E+0,1.012495E+0,1.582822E+0
24.406159,-1.207011E+0,1.037636E+0,1.591717E+0
24.547057,-1.196937E+0,1.062758E+0,1.600660E+0
24.688769,-1.154338E+0,9.249121E-1,1.479175E+0
24.831298,-1.108582E+0,7.996815E-1,1.366911E+0
24.974651,-1.060500E+0,6.862415E-1,1.263166E+0
25.118831,-1.010824E+0,5.837916E-1,1.167295E+0
25.263844,-1.011668E+0,6.268245E-1,1.190118E+0
25.409693,-1.011170E+0,6.707040E-1,1.213387E+0
25.556385,-1.009278E+0,7.154049E-1,1.237112E+0
25.703924,-1.005938E+0,7.608970E-1,1.261299E+0
25.852314,-9.230047E-1,8.035599E-1,1.223784E+0
26.001561,-8.398854E-1,8.393293E-1,1.187384E+0
26.151669,-7.570449E-1,8.684136E-1,1.152067E+0
26.302645,-6.749205E-1,8.910454E-1,1.117801E+0
26.454491,-6.818408E-1,9.018596E-1,1.130601E+0
26.607215,-6.888308E-1,9.128040E-1,1.143547E+0
26.760820,-6.958908E-1,9.238800E-1,1.156641E+0
26.915312,-7.030212E-1,9.350901E-1,1.169886E+0
27.070695,-6.601728E-1,9.577306E-1,1.163218E+0
27.226976,-6.166786E-1,9.784704E-1,1.156588E+0
27.384159,-5.726205E-1,9.972952E-1,1.149997E+0
27.542250,-5.280806E-1,1.014195E+0,1.143442E+0
27.701253,-4.758913E-1,1.044567E+0,1.147864E+0
27.861174,-4.219705E-1,1.072262E+0,1.152304E+0
28.022018,-3.664551E-1,1.097180E+0,1.156760E+0
28.183791,-3.094878E-1,1.119232E+0,1.161233E+0
28.346497,-3.346795E-1,1.044444E+0,1.096756E+0
28.510144,-3.556057E-1,9.729057E-1,1.035858E+0
28.674734,-3.726301E-1,9.045981E-1,9.783409E-1
28.840275,-3.860958E-1,8.394872E-1,9.240177E-1
29.006772,-4.356173E-1,8.211990E-1,9.295861E-1
29.174230,-4.843155E-1,8.000098E-1,9.351883E-1
29.342654,-5.320217E-1,7.759532E-1,9.408244E-1
29.512051,-5.785674E-1,7.490734E-1,9.464942E-1
29.682426,-5.671462E-1,8.499824E-1,1.021824E+0
29.853785,-5.473055E-1,9.578086E-1,1.103150E+0
30.026132,-5.178803E-1,1.072454E+0,1.190948E+0
30.199475,-4.776236E-1,1.193729E+0,1.285735E+0
30.373818,-5.964648E-1,1.286095E+0,1.417678E+0
30.549168,-7.327744E-1,1.380766E+0,1.563161E+0
30.725531,-8.884539E-1,1.476942E+0,1.723574E+0
30.902911,-1.065548E+0,1.573631E+0,1.900449E+0
31.081315,-9.763364E-1,1.563825E+0,1.843578E+0
31.260750,-8.902070E-1,1.551109E+0,1.788409E+0
31.441220,-8.071700E-1,1.535684E+0,1.734892E+0
31.622732,-7.272300E-1,1.517742E+0,1.682975E+0
31.805292,-6.296445E-1,1.565710E+0,1.687572E+0
31.988906,-5.288969E-1,1.607403E+0,1.692181E+0
32.173580,-4.253901E-1,1.642615E+0,1.696803E+0
32.359320,-3.195414E-1,1.671162E+0,1.701437E+0
32.546132,-2.201670E-1,1.611036E+0,1.626011E+0
32.734023,-1.283821E-1,1.548615E+0,1.553927E+0
32.922998,-4.395653E-2,1.484389E+0,1.485040E+0
33.113065,3.335532E-2,1.418813E+0,1.419205E+0
33.304228,-7.551511E-3,1.437659E+0,1.437679E+0
33.496496,-4.952265E-2,1.455551E+0,1.456393E+0
33.689873,-9.254371E-2,1.472446E+0,1.475351E+0
33.884367,-1.365974E-1,1.488301E+0,1.494556E+0
34.079983,-2.794191E-1,1.450157E+0,1.476831E+0
34.276729,-4.161398E-1,1.398726E+0,1.459317E+0
34.474611,-5.455657E-1,1.334823E+0,1.442011E+0
34.673635,-6.666027E-1,1.259368E+0,1.424909E+0
34.873808,-7.561187E-1,1.423593E+0,1.611934E+0
35.075136,-8.576475E-1,1.609228E+0,1.823506E+0
35.277627,-9.728004E-1,1.819065E+0,2.062847E+0
35.481287,-1.103405E+0,2.056260E+0,2.333604E+0
35.686123,-1.448306E+0,2.319386E+0,2.734436E+0
35.892141,-1.871818E+0,2.600516E+0,3.204120E+0
36.099348,-2.388628E+0,2.896648E+0,3.754479E+0
36.307752,-3.015677E+0,3.203145E+0,4.399369E+0
36.517359,-2.999653E+0,6.164773E+0,6.855826E+0
36.728176,-1.601288E+0,1.056320E+1,1.068388E+1
36.940210,2.520354E+0,1.645752E+1,1.664939E+1
37.153468,1.138753E+1,2.331330E+1,2.594582E+1
37.367957,9.587408E+0,1.007276E+1,1.390607E+1
37.583685,6.527390E+0,3.597648E+0,7.453180E+0
37.800658,3.917082E+0,7.833897E-1,3.994650E+0
38.018883,2.128300E+0,-2.328133E-1,2.140996E+0
38.238368,1.953094E+0,-1.210342E-1,1.956841E+0
38.459121,1.788328E+0,-2.651684E-2,1.788525E+0
38.681148,1.633837E+0,5.269005E-2,1.634686E+0
38.904456,1.489384E+0,1.183606E-1,1.494080E+0
39.129054,1.349355E+0,1.243375E-1,1.355071E+0
39.354948,1.222296E+0,1.281597E-1,1.228997E+0
39.582147,1.107024E+0,1.301761E-1,1.114651E+0
39.810657,1.002463E+0,1.306892E-1,1.010946E+0
40.040486,9.479409E-1,1.572587E-1,9.608966E-1
40.271643,8.952721E-1,1.806967E-1,9.133255E-1
40.504133,8.444670E-1,2.012210E-1,8.681097E-1
40.737966,7.955275E-1,2.190391E-1,8.251316E-1
40.973149,7.576548E-1,2.304029E-1,7.919131E-1
41.209689,7.210299E-1,2.403410E-1,7.600315E-1
41.447595,6.856385E-1,2.489431E-1,7.294332E-1
41.686875,6.514653E-1,2.562947E-1,7.000671E-1
41.927536,6.249531E-1,2.651661E-1,6.788810E-1
42.169586,5.990246E-1,2.730858E-1,6.583360E-1
42.413033,5.736865E-1,2.800979E-1,6.384129E-1
42.657886,5.489438E-1,2.862452E-1,6.190926E-1
42.904153,5.047112E-1,2.936050E-1,5.838984E-1
43.151841,4.627169E-1,2.986116E-1,5.507048E-1
43.400959,4.229340E-1,3.014986E-1,5.193983E-1
43.651516,3.853268E-1,3.024849E-1,4.898713E-1
43.903519,3.456531E-1,3.193857E-1,4.706201E-1
44.156976,3.063579E-1,3.325090E-1,4.521254E-1
44.411897,2.677163E-1,3.420444E-1,4.343574E-1
44.668290,2.299775E-1,3.481947E-1,4.172879E-1
44.926163,1.853475E-1,4.801816E-1,5.147116E-1
45.185524,9.678249E-2,6.274606E-1,6.348808E-1
45.446383,-4.875400E-2,7.815867E-1,7.831058E-1
45.708748,-2.647443E-1,9.289476E-1,9.659364E-1
45.972627,-2.142857E-1,1.178830E+0,1.198148E+0
46.238030,-1.217249E-1,1.481192E+0,1.486185E+0
46.504965,2.916713E-2,1.843235E+0,1.843466E+0
46.773441,2.592970E-1,2.271887E+0,2.286636E+0
47.043467,5.930194E-1,1.925276E+0,2.014537E+0
47.315051,8.257871E-1,1.571001E+0,1.774815E+0
47.588204,9.698912E-1,1.226466E+0,1.563620E+0
47.862934,1.038796E+0,9.047462E-1,1.377557E+0
48.139249,1.099451E+0,9.106315E-1,1.427600E+0
48.417160,1.162442E+0,9.151701E-1,1.479462E+0
48.696675,1.227817E+0,9.182533E-1,1.533207E+0
48.977804,1.295624E+0,9.197670E-1,1.588903E+0
49.260556,1.380480E+0,8.836275E-1,1.639061E+0
49.544940,1.466126E+0,8.421932E-1,1.690803E+0
49.830966,1.552325E+0,7.952639E-1,1.744178E+0
50.118643,1.638820E+0,7.426458E-1,1.799237E+0
50.407981,1.636499E+0,6.206637E-1,1.750244E+0
50.698990,1.626778E+0,5.023807E-1,1.702584E+0
50.991678,1.610099E+0,3.881417E-1,1.656222E+0
51.286056,1.586912E+0,2.782546E-1,1.611122E+0
51.582133,1.580572E+0,1.754651E-1,1.590282E+0
51.879920,1.567937E+0,7.460065E-2,1.569711E+0
52.179426,1.549221E+0,-2.397593E-2,1.549407E+0
52.480661,1.524654E+0,-1.199208E-1,1.529363E+0
52.783635,1.460483E+0,-1.831787E-1,1.471926E+0
53.088358,1.395972E+0,-2.411384E-1,1.416646E+0
53.394841,1.331370E+0,-2.939894E-1,1.363443E+0
53.703092,1.266907E+0,-3.419246E-1,1.312237E+0
54.013124,1.225299E+0,-3.502575E-1,1.274377E+0
54.324945,1.184776E+0,-3.577501E-1,1.237610E+0
54.638566,1.145318E+0,-3.644424E-1,1.201903E+0
54.953998,1.106908E+0,-3.703732E-1,1.167228E+0
55.271250,1.030743E+0,-4.201736E-1,1.113093E+0
55.590335,9.552141E-1,-4.629079E-1,1.061470E+0
55.911261,8.807226E-1,-4.989563E-1,1.012240E+0
56.234040,8.076271E-1,-5.287055E-1,9.652932E-1
56.558683,6.998874E-1,-4.449238E-1,8.293368E-1
56.885199,6.063681E-1,-3.741862E-1,7.125290E-1
57.213601,5.252155E-1,-3.144911E-1,6.121732E-1
57.543899,4.548138E-1,-2.641405E-1,5.259523E-1
57.876103,4.309795E-1,-2.059703E-1,4.776684E-1
58.210225,4.051636E-1,-1.550478E-1,4.338172E-1
58.546276,3.780819E-1,-1.108307E-1,3.939916E-1
58.884268,3.503428E-1,-7.277633E-2,3.578218E-1
59.224210,4.196278E-1,-1.821839E-1,4.574696E-1
59.566115,4.779121E-1,-3.371502E-1,5.848677E-1
59.909994,5.105814E-1,-5.462855E-1,7.477441E-1
60.255858,4.971035E-1,-8.165685E-1,9.559791E-1
60.603719,6.544801E-1,-5.423826E-1,8.500136E-1
60.953588,7.073268E-1,-2.662961E-1,7.557942E-1
61.305476,6.717521E-1,-1.890032E-2,6.720179E-1
61.659397,5.701631E-1,1.787567E-1,5.975282E-1
62.015360,6.221829E-1,1.729919E-1,6.457846E-1
62.373378,6.781708E-1,1.649311E-1,6.979383E-1
62.733464,7.383641E-1,1.542504E-1,7.543041E-1
63.095628,8.030070E-1,1.405912E-1,8.152215E-1
63.459883,8.109611E-1,5.777697E-2,8.130167E-1
63.826240,8.104266E-1,-2.519176E-2,8.108180E-1
64.194713,8.014544E-1,-1.074500E-1,8.086252E-1
64.565313,7.841839E-1,-1.881448E-1,8.064384E-1
64.938053,7.553693E-1,-2.022953E-1,7.819886E-1
65.312944,7.270783E-1,-2.152802E-1,7.582799E-1
65.690000,6.993247E-1,-2.271486E-1,7.352901E-1
66.069232,6.721204E-1,-2.379481E-1,7.129973E-1
66.450654,6.438545E-1,-2.681388E-1,6.974575E-1
66.834277,6.146413E-1,-2.961256E-1,6.822568E-1
67.220116,5.846196E-1,-3.219095E-1,6.673873E-1
67.608181,5.539254E-1,-3.454986E-1,6.528420E-1
67.998488,4.857014E-1,-3.865511E-1,6.207476E-1
68.391047,4.167956E-1,-4.179164E-1,5.902310E-1
68.785873,3.482981E-1,-4.400570E-1,5.612145E-1
69.182978,2.811891E-1,-4.535285E-1,5.336248E-1
69.582375,2.133180E-1,-4.178889E-1,4.691862E-1
69.984078,1.564466E-1,-3.817127E-1,4.125289E-1
70.388101,1.092523E-1,-3.458684E-1,3.627134E-1
70.794455,7.051329E-2,-3.110204E-1,3.189135E-1
71.203156,6.772791E-2,-2.827907E-1,2.907880E-1
71.614216,6.487633E-2,-2.570834E-1,2.651430E-1
72.027650,6.199225E-2,-2.336764E-1,2.417596E-1
72.443470,5.910396E-2,-2.123671E-1,2.204383E-1
72.861690,6.321071E-2,-1.998987E-1,2.096547E-1
73.282325,6.670131E-2,-1.879114E-1,1.993985E-1
73.705388,6.962220E-2,-1.764018E-1,1.896440E-1
74.130894,7.201742E-2,-1.653652E-1,1.803667E-1
74.558856,7.410626E-2,-1.551642E-1,1.719525E-1
74.989289,7.575773E-2,-1.453755E-1,1.639307E-1
75.422207,7.700624E-2,-1.359944E-1,1.562832E-1
75.857624,7.788424E-2,-1.270148E-1,1.489923E-1
76.295554,7.032506E-2,-1.224337E-1,1.411936E-1
76.736013,6.328906E-2,-1.178886E-1,1.338029E-1
77.179015,5.674759E-2,-1.133920E-1,1.267992E-1
77.624574,5.067336E-2,-1.089547E-1,1.201620E-1
78.072705,1.140883E-1,-6.013008E-2,1.289642E-1
78.523424,1.365229E-1,2.278403E-2,1.384110E-1
78.976744,1.018013E-1,1.081829E-1,1.485498E-1
79.432682,1.664647E-2,1.585599E-1,1.594313E-1
79.891252,-5.367661E-2,1.225807E-1,1.338178E-1
80.352469,-9.004231E-2,6.714152E-2,1.123192E-1
80.816348,-9.355779E-2,1.160242E-2,9.427447E-2
81.282906,-7.306735E-2,-3.037294E-2,7.912871E-2
81.752157,-3.835713E-2,4.224866E-3,3.858910E-2
82.224117,-1.538859E-2,1.083253E-2,1.881894E-2
82.698802,-4.023106E-3,8.248730E-3,9.177523E-3
83.176227,2.231421E-4,4.470085E-3,4.475651E-3
83.656409,2.545394E-3,8.050883E-3,8.443681E-3
84.139362,8.496160E-3,1.347481E-2,1.592970E-2
84.625104,2.195036E-2,2.052672E-2,3.005270E-2
85.113650,4.987653E-2,2.696044E-2,5.669686E-2
85.605016,5.239726E-2,2.030182E-2,5.619285E-2
86.099219,5.404706E-2,1.344089E-2,5.569329E-2
86.596275,5.481537E-2,6.489458E-3,5.519817E-2
87.096201,5.470573E-2,-4.412439E-4,5.470751E-2
87.599012,3.802512E-2,2.679015E-2,4.651475E-2
88.104727,1.300994E-2,3.734779E-2,3.954891E-2
88.613361,-9.506861E-3,3.225435E-2,3.362623E-2
89.124931,-2.254525E-2,1.758204E-2,2.859050E-2
89.639454,-3.946783E-2,2.535532E-2,4.691057E-2
90.156948,-6.828122E-2,3.552482E-2,7.696972E-2
90.677430,-1.168819E-1,4.783080E-2,1.262900E-1
91.200916,-1.981336E-1,6.066752E-2,2.072136E-1
91.727425,-1.998647E-1,1.349271E-1,2.411456E-1
92.256973,-1.765265E-1,2.181603E-1,2.806341E-1
92.789578,-1.222352E-1,3.028513E-1,3.265890E-1
93.325258,-3.300039E-2,3.786340E-1,3.800694E-1
93.864030,9.429075E-2,3.531216E-1,3.654937E-1
94.405913,2.010045E-1,2.883282E-1,3.514768E-1
94.950924,2.762381E-1,1.947689E-1,3.379977E-1
95.499081,3.135820E-1,8.552356E-2,3.250353E-1
96.050403,2.864001E-1,6.470712E-2,2.936188E-1
96.604908,2.610412E-1,4.700232E-2,2.652390E-1
97.162614,2.374512E-1,3.203315E-2,2.396022E-1
97.723540,2.155667E-1,1.946245E-2,2.164435E-1
98.287704,2.078765E-1,2.206805E-2,2.090446E-1
98.855125,2.004105E-1,2.446750E-2,2.018986E-1
99.425821,1.931642E-1,2.667128E-2,1.949968E-1
99.999813,1.861328E-1,2.868941E-2,1.883308E-1
100.577118,1.791567E-1,2.501601E-2,1.808948E-1
101.157755,1.724066E-1,2.158313E-2,1.737523E-1
101.741745,1.658768E-1,1.837816E-2,1.668918E-1
102.329106,1.595617E-1,1.538906E-2,1.603021E-1
102.919859,1.549881E-1,1.471560E-2,1.556851E-1
103.514021,1.505452E-1,1.406814E-2,1.512011E-1
104.111614,1.462294E-1,1.344574E-2,1.468463E-1
104.712657,1.420370E-1,1.284749E-2,1.426169E-1
105.317169,1.391214E-1,1.210156E-2,1.396467E-1
105.925171,1.362641E-1,1.138098E-2,1.367386E-1
106.536684,1.334638E-1,1.068504E-2,1.338908E-1
107.151727,1.307196E-1,1.001304E-2,1.311025E-1
107.770320,1.278616E-1,8.967755E-3,1.281757E-1
108.392485,1.250611E-1,7.963790E-3,1.253144E-1
109.018241,1.223167E-1,6.999855E-3,1.225168E-1
109.647610,1.196277E-1,6.074705E-3,1.197818E-1
110.280612,1.174698E-1,5.624696E-3,1.176044E-1
110.917269,1.153498E-1,5.188995E-3,1.154665E-1
111.557601,1.132672E-1,4.767233E-3,1.133675E-1
112.201630,1.112212E-1,4.359049E-3,1.113066E-1
112.849377,1.107574E-1,4.004856E-3,1.108298E-1
113.500863,1.102946E-1,3.653581E-3,1.103551E-1
114.156110,1.098327E-1,3.305207E-3,1.098824E-1
114.815141,1.093717E-1,2.959721E-3,1.094117E-1
115.477975,1.083697E-1,1.499935E-3,1.083801E-1
116.144637,1.073581E-1,6.715506E-5,1.073581E-1
116.815147,1.063374E-1,-1.338750E-3,1.063458E-1
117.489528,1.053080E-1,-2.717916E-3,1.053431E-1
118.167802,1.027593E-1,-5.617774E-3,1.029127E-1
118.849992,1.001887E-1,-8.377822E-3,1.005384E-1
119.536120,9.760092E-2,-1.100074E-2,9.821892E-2
120.226209,9.500001E-2,-1.348924E-2,9.595291E-2
120.920282,9.290595E-2,-1.179315E-2,9.365145E-2
121.618363,9.083785E-2,-1.016815E-2,9.140518E-2
122.320473,8.879612E-2,-8.612139E-3,8.921278E-2
123.026636,8.678110E-2,-7.123078E-3,8.707294E-2
123.736876,8.622082E-2,-6.747362E-3,8.648443E-2
124.451217,8.566289E-2,-6.376305E-3,8.589987E-2
125.169681,8.510734E-2,-6.009863E-3,8.531927E-2
125.892294,8.455412E-2,-5.647999E-3,8.474255E-2
126.619077,8.490951E-2,-6.027560E-3,8.512318E-2
127.350057,8.526494E-2,-6.410315E-3,8.550557E-2
128.085257,8.562036E-2,-6.796273E-3,8.588967E-2
128.824701,8.597578E-2,-7.185451E-3,8.627552E-2
129.568413,8.524664E-2,-9.831639E-3,8.581172E-2
130.316420,8.443902E-2,-1.243949E-2,8.535039E-2
131.068744,8.355458E-2,-1.500680E-2,8.489153E-2
131.825412,8.259507E-2,-1.753138E-2,8.443515E-2
132.586448,8.058079E-2,-1.964359E-2,8.294055E-2
133.351878,7.854091E-2,-2.165820E-2,8.147240E-2
134.121726,7.647873E-2,-2.357625E-2,8.003022E-2
134.896019,7.439755E-2,-2.539881E-2,7.861358E-2
135.674782,6.784625E-2,-2.674460E-2,7.292727E-2
136.458041,6.171735E-2,-2.770917E-2,6.765227E-2
137.245821,5.599632E-2,-2.833869E-2,6.275882E-2
138.038150,5.066771E-2,-2.867532E-2,5.821933E-2
138.835052,4.955976E-2,-2.413539E-2,5.512429E-2
139.636556,4.824717E-2,-1.990983E-2,5.219378E-2
140.442686,4.675957E-2,-1.599332E-2,4.941906E-2
141.253470,4.512467E-2,-1.237913E-2,4.679187E-2
142.068935,4.450274E-2,-1.340585E-2,4.647807E-2
142.889108,4.385986E-2,-1.441003E-2,4.616640E-2
143.714015,4.319670E-2,-1.539130E-2,4.585681E-2
144.543685,4.251396E-2,-1.634932E-2,4.554928E-2
145.378144,3.974152E-2,-3.409524E-2,5.236290E-2
146.217421,2.989815E-2,-5.224586E-2,6.019576E-2
147.061543,1.224070E-2,-6.810908E-2,6.920030E-2
147.910538,-1.299785E-2,-7.848276E-2,7.955179E-2
148.764435,-3.794996E-2,-6.116616E-2,7.198263E-2
149.623261,-5.284788E-2,-3.807218E-2,6.513363E-2
150.487045,-5.734231E-2,-1.361421E-2,5.893630E-2
151.355816,-5.266369E-2,8.395368E-3,5.332866E-2
152.229602,-4.836447E-2,2.059959E-2,5.256867E-2
153.108433,-4.133963E-2,3.124574E-2,5.181951E-2
153.992337,-3.207988E-2,3.975111E-2,5.108101E-2
154.881344,-2.119360E-2,4.567557E-2,5.035302E-2
155.775484,-2.665858E-2,5.078184E-2,5.735395E-2
156.674785,-3.316069E-2,5.628634E-2,6.532827E-2
157.579278,-4.086494E-2,6.218604E-2,7.441134E-2
158.488993,-4.995886E-2,6.846826E-2,8.475724E-2
159.403960,-5.111214E-2,9.383182E-2,1.068497E-1
160.324208,-4.835842E-2,1.257208E-1,1.347006E-1
161.249770,-3.964261E-2,1.651190E-1,1.698111E-1
162.180674,-2.223364E-2,2.129157E-1,2.140734E-1
163.116953,4.340670E-2,2.237674E-1,2.279386E-1
164.058637,1.136326E-1,2.144569E-1,2.427017E-1
165.005758,1.822743E-1,1.831872E-1,2.584211E-1
165.958346,2.424900E-1,1.300421E-1,2.751588E-1
166.916434,2.514064E-1,1.143653E-1,2.761967E-1
167.880052,2.593103E-1,9.807865E-2,2.772386E-1
168.849234,2.661598E-1,8.124755E-2,2.782844E-1
169.824011,2.719176E-1,6.394021E-2,2.793341E-1
170.804415,3.057125E-1,2.358894E-2,3.066212E-1
171.790479,3.355784E-1,-2.586847E-2,3.365740E-1
172.782236,3.596497E-1,-8.454199E-2,3.694526E-1
173.779719,3.758847E-1,-1.522371E-1,4.055434E-1
174.782960,3.023846E-1,-2.947637E-1,4.222820E-1
175.791992,1.754105E-1,-4.032088E-1,4.397115E-1
176.806850,1.031107E-2,-4.577441E-1,4.578602E-1
177.827567,-1.703103E-1,-4.453008E-1,4.767582E-1
178.854176,2.516438E-2,-3.696957E-1,3.705512E-1
179.886712,1.383850E-1,-2.525781E-1,2.880037E-1
180.925209,1.800367E-1,-1.330170E-1,2.238453E-1
181.969701,1.704050E-1,-3.508558E-2,1.739795E-1
183.020223,1.946902E-1,-9.562846E-2,2.169080E-1
184.076810,2.050689E-1,-1.762911E-1,2.704289E-1
185.139497,1.923724E-1,-2.768878E-1,3.371557E-1
186.208318,1.455936E-1,-3.943275E-1,4.203471E-1
187.283310,9.423487E-2,-3.397892E-1,3.526144E-1
188.364508,5.510090E-2,-2.906185E-1,2.957959E-1
189.451948,2.581238E-2,-2.467866E-1,2.481328E-1
190.545665,4.382371E-3,-2.081039E-1,2.081500E-1
191.645697,1.837837E-2,-1.629067E-1,1.639401E-1
192.752079,2.611079E-2,-1.264525E-1,1.291201E-1
193.864849,2.955824E-2,-9.730534E-2,1.016957E-1
194.984042,3.016948E-2,-7.419689E-2,8.009604E-2
196.109697,3.530695E-2,-1.074021E-1,1.130566E-1
197.241850,3.932937E-2,-1.546584E-1,1.595808E-1
198.380539,4.042234E-2,-2.215935E-1,2.252502E-1
199.525802,3.548641E-2,-3.159567E-1,3.179433E-1
200.677677,-3.407858E-2,-2.545602E-1,2.568312E-1
201.836201,-7.656918E-2,-1.928187E-1,2.074654E-1
203.001414,-9.777455E-2,-1.361102E-1,1.675883E-1
204.173353,-1.032849E-1,-8.751531E-2,1.353761E-1
205.352059,-5.271722E-2,-1.483745E-1,1.574614E-1
206.537568,3.370529E-2,-1.800215E-1,1.831496E-1
207.729922,1.391111E-1,-1.613360E-1,2.130286E-1
208.929160,2.341895E-1,-8.093975E-2,2.477821E-1
210.135321,1.071122E-1,-2.173114E-1,2.422752E-1
211.348445,-7.499750E-2,-2.247055E-1,2.368907E-1
212.568572,-2.066590E-1,-1.046068E-1,2.316258E-1
213.795743,-2.155785E-1,6.941287E-2,2.264779E-1
215.029999,-1.920851E-1,6.841652E-2,2.039056E-1
216.271380,-1.709708E-1,6.687130E-2,1.835832E-1
217.519928,-1.520124E-1,6.489794E-2,1.652862E-1
218.775684,-1.350060E-1,6.259866E-2,1.488127E-1
220.038689,-1.259170E-1,6.699406E-2,1.426299E-1
221.308986,-1.169880E-1,7.072343E-2,1.367040E-1
222.586616,-1.082471E-1,7.382385E-2,1.310244E-1
223.871622,-9.971921E-2,7.633214E-2,1.255807E-1
225.164046,-9.159605E-2,8.138071E-2,1.225261E-1
226.463932,-8.333196E-2,8.571462E-2,1.195459E-1
227.771322,-7.498167E-2,8.934312E-2,1.166381E-1
229.086260,-6.659772E-2,9.227900E-2,1.138010E-1
230.408789,-5.646097E-2,9.626882E-2,1.116043E-1
231.738953,-4.619441E-2,9.922390E-2,1.094500E-1
233.076796,-3.589707E-2,1.011568E-1,1.073373E-1
234.422362,-2.566463E-2,1.020889E-1,1.052655E-1
235.775697,-1.575362E-2,1.213814E-1,1.223994E-1
237.136844,-1.684815E-3,1.423123E-1,1.423223E-1
238.505849,1.740819E-2,1.645697E-1,1.654879E-1
239.882758,4.248362E-2,1.876759E-1,1.924243E-1
241.267616,-4.178723E-2,9.861718E-2,1.071052E-1
242.660469,-5.092988E-2,3.098688E-2,5.961576E-2
244.061362,-3.308483E-2,-2.546646E-3,3.318270E-2
245.470343,-1.412374E-2,-1.190184E-2,1.846981E-2
246.887458,-1.680058E-2,-7.779186E-3,1.851419E-2
248.312755,-1.830034E-2,-3.085711E-3,1.855867E-2
249.746279,-1.851115E-2,1.848897E-3,1.860325E-2
251.188080,-1.741188E-2,6.676289E-3,1.864796E-2
252.638204,-1.662608E-2,8.090941E-3,1.849026E-2
254.096699,-1.572831E-2,9.420833E-3,1.833390E-2
255.563615,-1.472721E-2,1.065739E-2,1.817885E-2
257.038999,-1.363207E-2,1.179286E-2,1.802512E-2
258.522901,-1.470199E-2,1.239323E-2,1.922864E-2
260.015369,-1.585145E-2,1.301903E-2,2.051252E-2
261.516454,-1.708610E-2,1.367089E-2,2.188214E-2
263.026204,-1.841196E-2,1.434937E-2,2.334319E-2
264.544671,-1.756991E-2,1.460023E-2,2.284444E-2
266.071903,-1.673857E-2,1.481981E-2,2.235635E-2
267.607952,-1.591865E-2,1.500910E-2,2.187868E-2
269.152869,-1.511086E-2,1.516913E-2,2.141123E-2
270.706705,-1.461391E-2,1.517372E-2,2.106675E-2
272.269511,-1.412495E-2,1.516998E-2,2.072782E-2
273.841340,-1.364399E-2,1.515819E-2,2.039434E-2
275.422242,-1.317103E-2,1.513862E-2,2.006624E-2
277.012272,-1.368727E-2,1.436874E-2,1.984445E-2
278.611480,-1.416295E-2,1.358513E-2,1.962511E-2
280.219921,-1.459795E-2,1.278975E-2,1.940819E-2
281.837648,-1.499224E-2,1.198457E-2,1.919368E-2
283.464714,-1.630132E-2,1.123995E-2,1.980075E-2
285.101173,-1.759416E-2,1.037828E-2,2.042702E-2
286.747079,-1.886174E-2,9.397348E-3,2.107310E-2
288.402487,-2.009464E-2,8.295519E-3,2.173960E-2
290.067453,-2.560091E-2,1.213808E-2,2.833266E-2
291.742030,-3.251124E-2,1.750686E-2,3.692521E-2
293.426274,-4.114724E-2,2.495580E-2,4.812367E-2
295.120242,-5.189046E-2,3.522737E-2,6.271832E-2
296.823989,-3.570407E-2,4.481932E-2,5.730229E-2
298.537572,-1.897933E-2,4.879264E-2,5.235396E-2
300.261047,-3.310330E-3,4.771823E-2,4.783292E-2
301.994472,1.006722E-2,4.252697E-2,4.370231E-2
303.737905,3.248137E-3,4.003080E-2,4.016236E-2
305.491402,-2.600660E-3,3.681744E-2,3.690918E-2
307.255023,-7.468511E-3,3.308705E-2,3.391949E-2
309.028824,-1.137350E-2,2.902304E-2,3.117200E-2
310.812867,-1.781211E-2,4.170158E-2,4.534637E-2
312.607208,-2.773092E-2,5.985410E-2,6.596603E-2
314.411909,-4.295047E-2,8.581324E-2,9.596174E-2
316.227028,-6.622042E-2,1.228910E-1,1.395971E-1
318.052625,-1.098861E-2,1.765806E-1,1.769222E-1
319.888762,8.107291E-2,2.090576E-1,2.242273E-1
321.735500,2.042629E-1,1.975738E-1,2.841808E-1
323.592898,3.399463E-1,1.189746E-1,3.601645E-1
325.461020,2.832770E-1,3.318191E-2,2.852138E-1
327.339926,2.246529E-1,-2.332319E-2,2.258603E-1
329.229679,1.695807E-1,-5.685691E-2,1.788584E-1
331.130342,1.212242E-1,-7.325222E-2,1.416375E-1
333.041978,1.065369E-1,-5.372299E-2,1.193158E-1
334.964649,9.294327E-2,-3.826521E-2,1.005121E-1
336.898420,8.053021E-2,-2.615676E-2,8.467166E-2
338.843355,6.932448E-2,-1.678559E-2,7.132769E-2
340.799519,7.884513E-2,-1.025279E-2,7.950896E-2
342.766975,8.860891E-2,-1.866750E-3,8.862857E-2
344.745790,9.841897E-2,8.602275E-3,9.879419E-2
346.736028,1.080295E-1,2.138518E-2,1.101258E-1
348.737756,1.229454E-1,7.233418E-3,1.231580E-1
350.751040,1.373146E-1,-1.071807E-2,1.377323E-1
352.775947,1.504993E-1,-3.279603E-2,1.540312E-1
354.812544,1.617431E-1,-5.926528E-2,1.722591E-1
356.860899,1.538878E-1,-8.873896E-2,1.776402E-1
358.921078,1.407090E-1,-1.173004E-1,1.831895E-1
360.993151,1.222819E-1,-1.439963E-1,1.889121E-1
363.077187,9.885149E-2,-1.678710E-1,1.948135E-1
365.173253,7.662754E-2,-1.597801E-1,1.772046E-1
367.281421,5.711024E-2,-1.507309E-1,1.611874E-1
369.401759,4.012003E-2,-1.410220E-1,1.466179E-1
371.534338,2.547117E-2,-1.309105E-1,1.333654E-1
373.679228,1.012165E-2,-1.321279E-1,1.325150E-1
375.836501,-5.167653E-3,-1.315685E-1,1.316699E-1
378.006228,-2.019369E-2,-1.292624E-1,1.308302E-1
380.188480,-3.475953E-2,-1.252626E-1,1.299959E-1
382.383332,-3.343780E-2,-1.042504E-1,1.094817E-1
384.590854,-3.162322E-2,-8.661209E-2,9.220457E-2
386.811120,-2.950668E-2,-7.182960E-2,7.765395E-2
389.044204,-2.723149E-2,-5.946042E-2,6.539951E-2
391.290180,-2.570515E-2,-6.122457E-2,6.640183E-2
393.549122,-2.409896E-2,-6.296532E-2,6.741952E-2
395.821105,-2.241249E-2,-6.467973E-2,6.845281E-2
398.106204,-2.064540E-2,-6.636481E-2,6.950195E-2
400.404495,-5.509757E-3,-7.273795E-2,7.294633E-2
402.716055,1.147087E-2,-7.569723E-2,7.656142E-2
405.040959,2.953579E-2,-7.473062E-2,8.035564E-2
407.379285,4.778650E-2,-6.949340E-2,8.433791E-2
409.731111,2.172631E-2,-7.838039E-2,8.133584E-2
412.096513,-4.827299E-3,-7.829197E-2,7.844065E-2
414.475571,-2.900966E-2,-6.986509E-2,7.564847E-2
416.868364,-4.840914E-2,-5.458113E-2,7.295577E-2
419.274970,-4.420183E-2,-5.378627E-2,6.961871E-2
421.695470,-4.021836E-2,-5.287721E-2,6.643430E-2
424.129944,-3.645243E-2,-5.186727E-2,6.339553E-2
426.578472,-3.289758E-2,-5.076896E-2,6.049577E-2
429.041135,-2.166511E-2,-3.696769E-2,4.284842E-2
431.518015,-1.415561E-2,-2.684550E-2,3.034901E-2
434.009195,-9.163553E-3,-1.944479E-2,2.149583E-2
436.514757,-5.866342E-3,-1.404968E-2,1.522523E-2
439.034783,4.375460E-4,-2.142873E-2,2.143320E-2
441.569357,1.275241E-2,-2.734502E-2,3.017241E-2
444.118564,3.197560E-2,-2.795860E-2,4.247496E-2
446.682487,5.707849E-2,-1.781434E-2,5.979385E-2
449.261212,8.793615E-2,-7.355466E-4,8.793923E-2
451.854825,1.240869E-1,3.646142E-2,1.293329E-1
454.463410,1.591091E-1,1.042324E-1,1.902107E-1
457.087055,1.795060E-1,2.145562E-1,2.797441E-1
459.725846,2.984214E-1,1.104634E-1,3.182098E-1
462.379871,3.570444E-1,-5.947896E-2,3.619647E-1
465.049218,3.189443E-1,-2.603865E-1,4.117361E-1
467.733976,1.678528E-1,-4.372392E-1,4.683510E-1
470.434232,-2.260468E-2,-2.046429E-1,2.058876E-1
473.150078,-5.009709E-2,-7.537933E-2,9.050835E-2
475.881602,-3.476954E-2,-1.934237E-2,3.978754E-2
478.628895,-1.748217E-2,-5.440932E-4,1.749063E-2
481.392049,-2.583170E-2,-4.240791E-3,2.617749E-2
484.171154,-3.749401E-2,-1.136549E-2,3.917876E-2
486.966304,-5.339823E-2,-2.422700E-2,5.863718E-2
489.777590,-7.446958E-2,-4.643340E-2,8.775978E-2
492.605106,-6.590231E-2,-3.919686E-2,7.667795E-2
495.448945,-5.828593E-2,-3.303242E-2,6.699545E-2
498.309202,-5.151985E-2,-2.778713E-2,5.853563E-2
501.185971,-4.551334E-2,-2.332914E-2,5.114404E-2
504.079348,-3.107138E-2,-2.095534E-2,3.747742E-2
506.989429,-2.077201E-2,-1.796461E-2,2.746277E-2
509.916309,-1.354052E-2,-1.488753E-2,2.012422E-2
512.860087,-8.548567E-3,-1.201607E-2,1.474666E-2
515.820860,-6.506481E-3,-1.578734E-2,1.707555E-2
518.798725,-3.218160E-3,-1.950859E-2,1.977224E-2
521.793781,1.462989E-3,-2.284803E-2,2.289482E-2
524.806128,7.615711E-3,-2.539308E-2,2.651052E-2
527.835866,3.776756E-3,-2.162538E-2,2.195270E-2
530.883094,9.888711E-4,-1.815157E-2,1.817849E-2
533.947915,-9.635139E-4,-1.502228E-2,1.505315E-2
537.030429,-2.262615E-3,-1.225807E-2,1.246514E-2
540.130738,-3.478485E-3,-1.303007E-2,1.348639E-2
543.248945,-4.855308E-3,-1.375981E-2,1.459131E-2
546.385154,-6.402154E-3,-1.443032E-2,1.578676E-2
549.539469,-8.127382E-3,-1.502256E-2,1.708015E-2
552.711994,-1.335468E-2,-9.671157E-3,1.648875E-2
555.902834,-1.566445E-2,-2.828733E-3,1.591781E-2
559.112094,-1.481217E-2,4.090681E-3,1.536665E-2
562.339883,-1.117652E-2,9.754499E-3,1.483458E-2
565.586305,-1.444591E-2,1.990079E-2,2.459117E-2
568.851469,-1.597049E-2,3.750593E-2,4.076458E-2
572.135483,-1.191319E-2,6.651674E-2,6.757515E-2
575.438456,5.387668E-3,1.118893E-1,1.120189E-1
578.760497,4.646250E-3,6.162392E-2,6.179883E-2
582.101716,3.484864E-3,3.391474E-2,3.409331E-2
585.462225,2.429557E-3,1.865109E-2,1.880867E-2
588.842134,1.619071E-3,1.024931E-2,1.037640E-2
592.241555,1.854670E-4,1.035688E-2,1.035854E-2
595.660602,-1.246762E-3,1.026526E-2,1.034070E-2
599.099386,-2.650128E-3,9.976907E-3,1.032288E-2
602.558024,-3.997792E-3,9.498039E-3,1.030510E-2
606.036628,1.162392E-3,9.582968E-3,9.653208E-3
609.535314,5.398829E-3,7.253994E-3,9.042554E-3
613.054198,7.762157E-3,3.390988E-3,8.470530E-3
616.593397,7.889112E-3,-8.492196E-4,7.934687E-3
620.153028,1.321925E-2,-3.135162E-3,1.358594E-2
623.733209,2.178325E-2,-8.161908E-3,2.326213E-2
627.334059,3.525270E-2,-1.853834E-2,3.982992E-2
630.955697,5.590741E-2,-3.905488E-2,6.819767E-2
634.598242,5.247039E-2,6.644105E-3,5.288937E-2
638.261816,2.670925E-2,3.112940E-2,4.101736E-2
641.946541,-8.458091E-4,3.179898E-2,3.181023E-2
645.652537,-1.703678E-2,1.784229E-2,2.466980E-2
649.379928,-3.054356E-2,1.337471E-2,3.334354E-2
653.128838,-4.506040E-2,7.654877E-4,4.506690E-2
656.899390,-5.659481E-2,-2.252365E-2,6.091213E-2
660.691710,-5.884515E-2,-5.757800E-2,8.232847E-2
664.505924,-5.535809E-2,-5.717466E-2,7.958304E-2
668.342157,-5.199907E-2,-5.669383E-2,7.692915E-2
672.200537,-4.876580E-2,-5.614146E-2,7.436375E-2
676.081191,-4.565591E-2,-5.552330E-2,7.188393E-2
679.984249,-3.757725E-2,-6.834252E-2,7.799199E-2
683.909839,-2.639770E-2,-8.039613E-2,8.461901E-2
687.858092,-1.206464E-2,-9.101300E-2,9.180916E-2
691.829139,5.343706E-3,-9.946690E-2,9.961034E-2
695.823110,3.436530E-2,-8.405928E-2,9.081264E-2
699.840139,5.474754E-2,-6.210651E-2,8.279198E-2
703.880359,6.573124E-2,-3.710239E-2,7.547969E-2
707.943903,6.770815E-2,-1.228288E-2,6.881325E-2
712.030906,3.640794E-2,2.122710E-2,4.214413E-2
716.141504,8.501282E-3,2.437063E-2,2.581084E-2
720.275832,-5.740960E-3,1.472830E-2,1.580764E-2
724.434028,-8.533826E-3,4.571733E-3,9.681267E-3
728.616230,-1.214659E-2,-1.543075E-3,1.224421E-2
732.822575,-1.138821E-2,-1.049354E-2,1.548566E-2
737.053205,-4.046102E-3,-1.916273E-2,1.958523E-2
741.308258,9.875538E-3,-2.271634E-2,2.477011E-2
745.587875,1.573743E-3,-2.902564E-2,2.906827E-2
749.892199,-1.013800E-2,-3.257097E-2,3.411227E-2
754.221372,-2.447034E-2,-3.168160E-2,4.003150E-2
758.575538,-3.987183E-2,-2.484260E-2,4.697784E-2
762.954841,-1.569686E-2,-6.493996E-2,6.681010E-2
767.359425,4.879048E-2,-8.153094E-2,9.501476E-2
771.789438,1.307532E-1,-3.409874E-2,1.351263E-1
776.245025,1.666439E-1,9.570663E-2,1.921717E-1
780.726335,1.224305E-1,5.765498E-2,1.353267E-1
785.233515,8.922447E-2,3.347304E-2,9.529664E-2
789.766716,6.453662E-2,1.839714E-2,6.710760E-2
794.326087,4.634758E-2,9.225978E-3,4.725692E-2
798.911780,2.425383E-2,3.113493E-2,3.946685E-2
803.523946,-1.670621E-3,3.291855E-2,3.296091E-2
808.162739,-1.902826E-2,1.989188E-2,2.752747E-2
812.828311,-2.288587E-2,2.182565E-3,2.298971E-2
817.520818,-2.281699E-2,2.088359E-2,3.093120E-2
822.240416,-7.594013E-3,4.091724E-2,4.161598E-2
826.987259,2.498769E-2,5.010673E-2,5.599169E-2
831.761507,6.743242E-2,3.358535E-2,7.533331E-2
836.563317,4.666757E-2,2.888441E-2,5.488325E-2
841.392847,3.191883E-2,2.408225E-2,3.998458E-2
846.250259,2.154126E-2,1.960993E-2,2.913031E-2
851.135714,1.431268E-2,1.566990E-2,2.122260E-2
856.049372,9.627255E-3,3.399388E-2,3.533084E-2
860.991397,-1.100456E-2,5.777923E-2,5.881785E-2
865.961952,-5.944490E-2,7.780956E-2,9.791845E-2
870.961203,-1.464828E-1,7.152452E-2,1.630122E-1
875.989315,-8.177491E-2,2.926532E-2,8.685387E-2
881.046454,-4.502446E-2,1.069056E-2,4.627624E-2
886.132789,-2.447128E-2,3.014541E-3,2.465626E-2
891.248487,-1.313605E-2,1.578564E-4,1.313700E-2
896.393719,-7.566706E-3,5.800671E-3,9.534297E-3
901.568654,-1.877168E-3,6.660114E-3,6.919601E-3
906.773465,1.803379E-3,4.686995E-3,5.021962E-3
912.008323,3.085175E-3,1.940563E-3,3.644734E-3
917.273403,4.735275E-3,1.948336E-3,5.120434E-3
922.568878,7.021478E-3,1.564320E-3,7.193626E-3
927.894924,1.009454E-2,4.857404E-4,1.010622E-2
933.251717,1.409074E-2,-1.742616E-3,1.419809E-2
938.639436,1.621420E-2,2.743603E-3,1.644468E-2
944.058259,1.708132E-2,8.426586E-3,1.904675E-2
949.508364,1.615711E-2,1.502053E-2,2.206056E-2
954.989934,1.294279E-2,2.203071E-2,2.555128E-2
960.503149,-1.064855E-3,2.374428E-2,2.376815E-2
966.048192,-1.286080E-2,1.798409E-2,2.210945E-2
971.625246,-1.914475E-2,7.513962E-3,2.056650E-2
977.234498,-1.874234E-2,-3.837847E-3,1.913124E-2
982.876132,-1.573655E-2,1.014253E-2,1.872191E-2
988.550335,-4.066044E-3,1.786445E-2,1.832133E-2
994.257297,9.382086E-3,1.527865E-2,1.792932E-2
999.997204,1.701916E-2,4.266188E-3,1.754572E-2
