Hz,real,imaginary,V^2 (rms)
9.999990,2.140414E-8,2.140414E-8,3.027003E-8
10.057721,2.244920E-8,2.244920E-8,3.174796E-8
10.115785,2.354528E-8,2.354528E-8,3.329805E-8
10.174184,2.469488E-8,2.469488E-8,3.492383E-8
10.232920,2.590060E-8,2.590060E-8,3.662898E-8
10.291995,2.636129E-8,2.636129E-8,3.728049E-8
10.351412,2.683017E-8,2.683017E-8,3.794359E-8
10.411171,2.730739E-8,2.730739E-8,3.861848E-8
10.471275,2.779311E-8,2.779311E-8,3.930539E-8
10.531727,3.068578E-8,3.068578E-8,4.339625E-8
10.592527,3.387952E-8,3.387952E-8,4.791288E-8
10.653678,3.740566E-8,3.740566E-8,5.289959E-8
10.715183,4.129880E-8,4.129880E-8,5.840532E-8
10.777042,3.104586E-8,3.104586E-8,4.390548E-8
10.839258,2.333834E-8,2.333834E-8,3.300540E-8
10.901834,1.754431E-8,1.754431E-8,2.481140E-8
10.964771,1.318872E-8,1.318872E-8,1.865167E-8
11.028071,1.692556E-8,1.692556E-8,2.393636E-8
11.091737,2.172120E-8,2.172120E-8,3.071842E-8
11.155770,2.787562E-8,2.787562E-8,3.942208E-8
11.220173,3.577382E-8,3.577382E-8,5.059182E-8
11.284948,3.244733E-8,3.244733E-8,4.588745E-8
11.350097,2.943017E-8,2.943017E-8,4.162055E-8
11.415622,2.669356E-8,2.669356E-8,3.775039E-8
11.481525,2.421142E-8,2.421142E-8,3.424012E-8
11.547808,2.087928E-8,2.087928E-8,2.952776E-8
11.614474,1.800574E-8,1.800574E-8,2.546396E-8
11.681525,1.552767E-8,1.552767E-8,2.195944E-8
11.748964,1.339065E-8,1.339065E-8,1.893724E-8
11.816791,1.318146E-8,1.318146E-8,1.864140E-8
11.885010,1.297553E-8,1.297553E-8,1.835017E-8
11.953623,1.277282E-8,1.277282E-8,1.806350E-8
12.022632,1.257329E-8,1.257329E-8,1.778132E-8
12.092039,1.389665E-8,1.389665E-8,1.965283E-8
12.161847,1.535929E-8,1.535929E-8,2.172132E-8
12.232059,1.697589E-8,1.697589E-8,2.400753E-8
12.302675,1.876264E-8,1.876264E-8,2.653438E-8
12.373699,2.097633E-8,2.097633E-8,2.966501E-8
12.445133,2.345121E-8,2.345121E-8,3.316502E-8
12.516980,2.621809E-8,2.621809E-8,3.707798E-8
12.589241,2.931141E-8,2.931141E-8,4.145259E-8
12.661919,3.017024E-8,3.017024E-8,4.266716E-8
12.735017,3.105423E-8,3.105423E-8,4.391731E-8
12.808537,3.196413E-8,3.196413E-8,4.520411E-8
12.882482,3.290069E-8,3.290069E-8,4.652860E-8
12.956853,2.825255E-8,2.825255E-8,3.995514E-8
13.031654,2.426109E-8,2.426109E-8,3.431036E-8
13.106887,2.083353E-8,2.083353E-8,2.946306E-8
13.182553,1.789022E-8,1.789022E-8,2.530059E-8
13.258657,2.033378E-8,2.033378E-8,2.875631E-8
13.335200,2.311110E-8,2.311110E-8,3.268403E-8
13.412185,2.626777E-8,2.626777E-8,3.714824E-8
13.489614,2.985561E-8,2.985561E-8,4.222221E-8
13.567491,3.088316E-8,3.088316E-8,4.367538E-8
13.645817,3.194609E-8,3.194609E-8,4.517859E-8
13.724595,3.304559E-8,3.304559E-8,4.673352E-8
13.803828,3.418294E-8,3.418294E-8,4.834198E-8
13.883518,2.768981E-8,2.768981E-8,3.915930E-8
13.963668,2.243006E-8,2.243006E-8,3.172090E-8
14.044282,1.816942E-8,1.816942E-8,2.569544E-8
14.125360,1.471810E-8,1.471810E-8,2.081454E-8
14.206907,1.416455E-8,1.416455E-8,2.003170E-8
14.288924,1.363182E-8,1.363182E-8,1.927830E-8
14.371415,1.311912E-8,1.311912E-8,1.855324E-8
14.454382,1.262571E-8,1.262571E-8,1.785545E-8
14.537828,1.076370E-8,1.076370E-8,1.522217E-8
14.621756,9.176306E-9,9.176306E-9,1.297726E-8
14.706168,7.823011E-9,7.823011E-9,1.106341E-8
14.791067,6.669297E-9,6.669297E-9,9.431810E-9
14.876457,4.198778E-9,4.198778E-9,5.937969E-9
14.962340,2.643418E-9,2.643418E-9,3.738358E-9
15.048718,1.664212E-9,1.664212E-9,2.353551E-9
15.135596,1.047735E-9,1.047735E-9,1.481721E-9
15.222974,1.146841E-9,1.146841E-9,1.621878E-9
15.310857,1.255321E-9,1.255321E-9,1.775292E-9
15.399248,1.374063E-9,1.374063E-9,1.943219E-9
15.488149,1.504036E-9,1.504036E-9,2.127028E-9
15.577563,1.740404E-9,1.740404E-9,2.461303E-9
15.667493,2.013920E-9,2.013920E-9,2.848113E-9
15.757942,2.330420E-9,2.330420E-9,3.295712E-9
15.848914,2.696659E-9,2.696659E-9,3.813652E-9
15.940411,2.148859E-9,2.148859E-9,3.038946E-9
16.032436,1.712339E-9,1.712339E-9,2.421613E-9
16.124992,1.364494E-9,1.364494E-9,1.929686E-9
16.218082,1.087310E-9,1.087310E-9,1.537689E-9
16.311710,1.395098E-9,1.395098E-9,1.972967E-9
16.405879,1.790013E-9,1.790013E-9,2.531461E-9
16.500591,2.296717E-9,2.296717E-9,3.248048E-9
16.595850,2.946855E-9,2.946855E-9,4.167482E-9
16.691659,3.304657E-9,3.304657E-9,4.673491E-9
16.788021,3.705904E-9,3.705904E-9,5.240940E-9
16.884939,4.155869E-9,4.155869E-9,5.877286E-9
16.982417,4.660469E-9,4.660469E-9,6.590898E-9
17.080457,5.351942E-9,5.351942E-9,7.568789E-9
17.179064,6.146008E-9,6.146008E-9,8.691768E-9
17.278240,7.057890E-9,7.057890E-9,9.981364E-9
17.377988,8.105072E-9,8.105072E-9,1.146230E-8
17.478312,1.064707E-8,1.064707E-8,1.505723E-8
17.579215,1.398631E-8,1.398631E-8,1.977963E-8
17.680701,1.837283E-8,1.837283E-8,2.598311E-8
17.782773,2.413512E-8,2.413512E-8,3.413221E-8
17.885434,2.146919E-8,2.146919E-8,3.036202E-8
17.988688,1.909773E-8,1.909773E-8,2.700827E-8
18.092538,1.698822E-8,1.698822E-8,2.402497E-8
18.196987,1.511172E-8,1.511172E-8,2.137120E-8
18.302039,1.530620E-8,1.530620E-8,2.164624E-8
18.407698,1.550319E-8,1.550319E-8,2.192482E-8
18.513967,1.570271E-8,1.570271E-8,2.220699E-8
18.620849,1.590481E-8,1.590481E-8,2.249280E-8
18.728348,1.906205E-8,1.906205E-8,2.695781E-8
18.836468,2.284604E-8,2.284604E-8,3.230918E-8
18.945212,2.738119E-8,2.738119E-8,3.872285E-8
19.054584,3.281661E-8,3.281661E-8,4.640969E-8
19.164587,3.710930E-8,3.710930E-8,5.248048E-8
19.275226,4.196352E-8,4.196352E-8,5.934538E-8
19.386503,4.745271E-8,4.745271E-8,6.710827E-8
19.498422,5.365994E-8,5.365994E-8,7.588661E-8
19.610988,8.189151E-8,8.189151E-8,1.158121E-7
19.724203,1.249763E-7,1.249763E-7,1.767432E-7
19.838072,1.907288E-7,1.907288E-7,2.697313E-7
19.952599,2.910753E-7,2.910753E-7,4.116426E-7
20.067786,3.505576E-7,3.505576E-7,4.957633E-7
20.183639,4.221953E-7,4.221953E-7,5.970743E-7
20.300160,5.084726E-7,5.084726E-7,7.190888E-7
20.417354,6.123812E-7,6.123812E-7,8.660378E-7
20.535225,6.552681E-7,6.552681E-7,9.266890E-7
20.653776,7.011586E-7,7.011586E-7,9.915880E-7
20.773011,7.502629E-7,7.502629E-7,1.061032E-6
20.892935,8.028063E-7,8.028063E-7,1.135340E-6
21.013551,7.991370E-7,7.991370E-7,1.130150E-6
21.134864,7.954844E-7,7.954844E-7,1.124985E-6
21.256877,7.918486E-7,7.918486E-7,1.119843E-6
21.379594,7.882293E-7,7.882293E-7,1.114725E-6
21.503020,7.999714E-7,7.999714E-7,1.131330E-6
21.627158,8.118885E-7,8.118885E-7,1.148184E-6
21.752013,8.239831E-7,8.239831E-7,1.165288E-6
21.877589,8.362582E-7,8.362582E-7,1.182648E-6
22.003889,8.382000E-7,8.382000E-7,1.185394E-6
22.130919,8.401463E-7,8.401463E-7,1.188146E-6
22.258682,8.420971E-7,8.420971E-7,1.190905E-6
22.387183,8.440527E-7,8.440527E-7,1.193671E-6
22.516425,8.602582E-7,8.602582E-7,1.216589E-6
22.646414,8.767748E-7,8.767748E-7,1.239947E-6
22.777153,8.936086E-7,8.936086E-7,1.263753E-6
22.908647,9.107656E-7,9.107656E-7,1.288017E-6
23.040900,8.392083E-7,8.392083E-7,1.186820E-6
23.173917,7.732731E-7,7.732731E-7,1.093573E-6
23.307701,7.125183E-7,7.125183E-7,1.007653E-6
23.442258,6.565369E-7,6.565369E-7,9.284834E-7
23.577591,5.022943E-7,5.022943E-7,7.103514E-7
23.713706,3.842884E-7,3.842884E-7,5.434659E-7
23.850607,2.940061E-7,2.940061E-7,4.157874E-7
23.988298,2.249342E-7,2.249342E-7,3.181050E-7
24.126784,2.105357E-7,2.105357E-7,2.977424E-7
24.266069,1.970589E-7,1.970589E-7,2.786834E-7
24.406159,1.844448E-7,1.844448E-7,2.608443E-7
24.547057,1.726381E-7,1.726381E-7,2.441471E-7
24.688769,1.484697E-7,1.484697E-7,2.099679E-7
24.831298,1.276848E-7,1.276848E-7,1.805736E-7
24.974651,1.098096E-7,1.098096E-7,1.552942E-7
25.118831,9.443688E-8,9.443688E-8,1.335539E-7
25.263844,1.031590E-7,1.031590E-7,1.458889E-7
25.409693,1.126866E-7,1.126866E-7,1.593629E-7
25.556385,1.230942E-7,1.230942E-7,1.740815E-7
25.703924,1.344630E-7,1.344630E-7,1.901594E-7
25.852314,1.403307E-7,1.403307E-7,1.984576E-7
26.001561,1.464545E-7,1.464545E-7,2.071179E-7
26.151669,1.528454E-7,1.528454E-7,2.161560E-7
26.302645,1.595153E-7,1.595153E-7,2.255887E-7
26.454491,1.691245E-7,1.691245E-7,2.391782E-7
26.607215,1.793126E-7,1.793126E-7,2.535863E-7
26.760820,1.901145E-7,1.901145E-7,2.688625E-7
26.915312,2.015670E-7,2.015670E-7,2.850588E-7
27.070695,2.390835E-7,2.390835E-7,3.381151E-7
27.226976,2.835828E-7,2.835828E-7,4.010466E-7
27.384159,3.363644E-7,3.363644E-7,4.756911E-7
27.542250,3.989701E-7,3.989701E-7,5.642289E-7
27.701253,4.345140E-7,4.345140E-7,6.144956E-7
27.861174,4.732245E-7,4.732245E-7,6.692405E-7
28.022018,5.153837E-7,5.153837E-7,7.288626E-7
28.183791,5.612986E-7,5.612986E-7,7.937961E-7
28.346497,6.814490E-7,6.814490E-7,9.637144E-7
28.510144,8.273186E-7,8.273186E-7,1.170005E-6
28.674734,1.004413E-6,1.004413E-6,1.420454E-6
28.840275,1.219416E-6,1.219416E-6,1.724515E-6
29.006772,1.098846E-6,1.098846E-6,1.554003E-6
29.174230,9.901985E-7,9.901985E-7,1.400352E-6
29.342654,8.922931E-7,8.922931E-7,1.261893E-6
29.512051,8.040681E-7,8.040681E-7,1.137124E-6
29.682426,7.199567E-7,7.199567E-7,1.018173E-6
29.853785,6.446439E-7,6.446439E-7,9.116641E-7
30.026132,5.772094E-7,5.772094E-7,8.162974E-7
30.199475,5.168291E-7,5.168291E-7,7.309067E-7
30.373818,5.015170E-7,5.015170E-7,7.092521E-7
30.549168,4.866585E-7,4.866585E-7,6.882391E-7
30.725531,4.722402E-7,4.722402E-7,6.678485E-7
30.902911,4.582491E-7,4.582491E-7,6.480621E-7
31.081315,4.218304E-7,4.218304E-7,5.965583E-7
31.260750,3.883061E-7,3.883061E-7,5.491478E-7
31.441220,3.574460E-7,3.574460E-7,5.055050E-7
31.622732,3.290386E-7,3.290386E-7,4.653309E-7
31.805292,3.291310E-7,3.291310E-7,4.654615E-7
31.988906,3.292234E-7,3.292234E-7,4.655922E-7
32.173580,3.293159E-7,3.293159E-7,4.657230E-7
32.359320,3.294083E-7,3.294083E-7,4.658537E-7
32.546132,2.815431E-7,2.815431E-7,3.981621E-7
32.734023,2.406330E-7,2.406330E-7,3.403065E-7
32.922998,2.056675E-7,2.056675E-7,2.908578E-7
33.113065,1.757826E-7,1.757826E-7,2.485941E-7
33.304228,1.601204E-7,1.601204E-7,2.264444E-7
33.496496,1.458537E-7,1.458537E-7,2.062683E-7
33.689873,1.328581E-7,1.328581E-7,1.878897E-7
33.884367,1.210205E-7,1.210205E-7,1.711488E-7
34.079983,1.432350E-7,1.432350E-7,2.025649E-7
34.276729,1.695273E-7,1.695273E-7,2.397478E-7
34.474611,2.006459E-7,2.006459E-7,2.837562E-7
34.673635,2.374766E-7,2.374766E-7,3.358426E-7
34.873808,3.119912E-7,3.119912E-7,4.412222E-7
35.075136,4.098867E-7,4.098867E-7,5.796673E-7
35.277627,5.384995E-7,5.384995E-7,7.615533E-7
35.481287,7.074681E-7,7.074681E-7,1.000511E-6
35.686123,7.009274E-7,7.009274E-7,9.912610E-7
35.892141,6.944473E-7,6.944473E-7,9.820968E-7
36.099348,6.880271E-7,6.880271E-7,9.730173E-7
36.307752,6.816661E-7,6.816661E-7,9.640214E-7
36.517359,8.875097E-7,8.875097E-7,1.255128E-6
36.728176,1.155512E-6,1.155512E-6,1.634141E-6
36.940210,1.504444E-6,1.504444E-6,2.127605E-6
37.153468,1.958744E-6,1.958744E-6,2.770082E-6
37.367957,2.879434E-6,2.879434E-6,4.072135E-6
37.583685,4.232886E-6,4.232886E-6,5.986205E-6
37.800658,6.222515E-6,6.222515E-6,8.799965E-6
38.018883,9.147356E-6,9.147356E-6,1.293631E-5
38.238368,9.391890E-6,9.391890E-6,1.328214E-5
38.459121,9.642959E-6,9.642959E-6,1.363720E-5
38.681148,9.900741E-6,9.900741E-6,1.400176E-5
38.904456,1.016541E-5,1.016541E-5,1.437606E-5
39.129054,9.061889E-6,9.061889E-6,1.281545E-5
39.354948,8.078159E-6,8.078159E-6,1.142424E-5
39.582147,7.201221E-6,7.201221E-6,1.018406E-5
39.810657,6.419478E-6,6.419478E-6,9.078513E-6
40.040486,6.635233E-6,6.635233E-6,9.383636E-6
40.271643,6.858239E-6,6.858239E-6,9.699015E-6
40.504133,7.088741E-6,7.088741E-6,1.002499E-5
40.737966,7.326987E-6,7.326987E-6,1.036192E-5
40.973149,8.586103E-6,8.586103E-6,1.214258E-5
41.209689,1.006159E-5,1.006159E-5,1.422924E-5
41.447595,1.179064E-5,1.179064E-5,1.667448E-5
41.686875,1.381682E-5,1.381682E-5,1.953993E-5
41.927536,1.535153E-5,1.535153E-5,2.171034E-5
42.169586,1.705671E-5,1.705671E-5,2.412183E-5
42.413033,1.895129E-5,1.895129E-5,2.680117E-5
42.657886,2.105631E-5,2.105631E-5,2.977812E-5
42.904153,2.408701E-5,2.408701E-5,3.406418E-5
43.151841,2.755392E-5,2.755392E-5,3.896713E-5
43.400959,3.151984E-5,3.151984E-5,4.457579E-5
43.651516,3.605660E-5,3.605660E-5,5.099173E-5
43.903519,3.791936E-5,3.791936E-5,5.362607E-5
44.156976,3.987836E-5,3.987836E-5,5.639652E-5
44.411897,4.193856E-5,4.193856E-5,5.931008E-5
44.668290,4.410520E-5,4.410520E-5,6.237417E-5
44.926163,2.937941E-5,2.937941E-5,4.154876E-5
45.185524,1.957024E-5,1.957024E-5,2.767650E-5
45.446383,1.303615E-5,1.303615E-5,1.843590E-5
45.708748,8.683655E-6,8.683655E-6,1.228054E-5
45.972627,7.632123E-6,7.632123E-6,1.079345E-5
46.238030,6.707924E-6,6.707924E-6,9.486437E-6
46.504965,5.895640E-6,5.895640E-6,8.337694E-6
46.773441,5.181716E-6,5.181716E-6,7.328053E-6
47.043467,6.425085E-6,6.425085E-6,9.086442E-6
47.315051,7.966806E-6,7.966806E-6,1.126677E-5
47.588204,9.878467E-6,9.878467E-6,1.397026E-5
47.862934,1.224884E-5,1.224884E-5,1.732248E-5
48.139249,1.235935E-5,1.235935E-5,1.747876E-5
48.417160,1.247085E-5,1.247085E-5,1.763645E-5
48.696675,1.258335E-5,1.258335E-5,1.779554E-5
48.977804,1.269687E-5,1.269687E-5,1.795609E-5
49.260556,1.197825E-5,1.197825E-5,1.693980E-5
49.544940,1.130030E-5,1.130030E-5,1.598104E-5
49.830966,1.066071E-5,1.066071E-5,1.507652E-5
50.118643,1.005733E-5,1.005733E-5,1.422321E-5
50.407981,9.491217E-6,9.491217E-6,1.342261E-5
50.698990,8.956973E-6,8.956973E-6,1.266707E-5
50.991678,8.452800E-6,8.452800E-6,1.195406E-5
51.286056,7.977007E-6,7.977007E-6,1.128119E-5
51.582133,7.568010E-6,7.568010E-6,1.070278E-5
51.879920,7.179983E-6,7.179983E-6,1.015403E-5
52.179426,6.811851E-6,6.811851E-6,9.633412E-6
52.480661,6.462592E-6,6.462592E-6,9.139485E-6
52.783635,6.352593E-6,6.352593E-6,8.983923E-6
53.088358,6.244467E-6,6.244467E-6,8.831010E-6
53.394841,6.138181E-6,6.138181E-6,8.680699E-6
53.703092,6.033703E-6,6.033703E-6,8.532945E-6
54.013124,6.018317E-6,6.018317E-6,8.511186E-6
54.324945,6.002969E-6,6.002969E-6,8.489480E-6
54.638566,5.987660E-6,5.987660E-6,8.467830E-6
54.953998,5.972391E-6,5.972391E-6,8.446236E-6
55.271250,5.776479E-6,5.776479E-6,8.169175E-6
55.590335,5.586994E-6,5.586994E-6,7.901203E-6
55.911261,5.403725E-6,5.403725E-6,7.642021E-6
56.234040,5.226467E-6,5.226467E-6,7.391341E-6
56.558683,5.008524E-6,5.008524E-6,7.083123E-6
56.885199,4.799669E-6,4.799669E-6,6.787757E-6
57.213601,4.599524E-6,4.599524E-6,6.504709E-6
57.543899,4.407724E-6,4.407724E-6,6.233463E-6
57.876103,4.471856E-6,4.471856E-6,6.324159E-6
58.210225,4.536922E-6,4.536922E-6,6.416177E-6
58.546276,4.602934E-6,4.602934E-6,6.509532E-6
58.884268,4.669905E-6,4.669905E-6,6.604243E-6
59.224210,5.270003E-6,5.270003E-6,7.452910E-6
59.566115,5.947217E-6,5.947217E-6,8.410635E-6
59.909994,6.711454E-6,6.711454E-6,9.491429E-6
60.255858,7.573896E-6,7.573896E-6,1.071111E-5
60.603719,6.059103E-6,6.059103E-6,8.568866E-6
60.953588,4.847271E-6,4.847271E-6,6.855076E-6
61.305476,3.877808E-6,3.877808E-6,5.484049E-6
61.659397,3.102240E-6,3.102240E-6,4.387230E-6
62.015360,3.472255E-6,3.472255E-6,4.910510E-6
62.373378,3.886403E-6,3.886403E-6,5.496204E-6
62.733464,4.349948E-6,4.349948E-6,6.151755E-6
63.095628,4.868781E-6,4.868781E-6,6.885496E-6
63.459883,5.486934E-6,5.486934E-6,7.759696E-6
63.826240,6.183570E-6,6.183570E-6,8.744889E-6
64.194713,6.968652E-6,6.968652E-6,9.855162E-6
64.565313,7.853414E-6,7.853414E-6,1.110640E-5
64.938053,8.247229E-6,8.247229E-6,1.166334E-5
65.312944,8.660790E-6,8.660790E-6,1.224821E-5
65.690000,9.095091E-6,9.095091E-6,1.286240E-5
66.069232,9.551173E-6,9.551173E-6,1.350740E-5
66.450654,9.951831E-6,9.951831E-6,1.407401E-5
66.834277,1.036930E-5,1.036930E-5,1.466440E-5
67.220116,1.080427E-5,1.080427E-5,1.527955E-5
67.608181,1.125750E-5,1.125750E-5,1.592051E-5
67.998488,1.034208E-5,1.034208E-5,1.462591E-5
68.391047,9.501098E-6,9.501098E-6,1.343658E-5
68.785873,8.728504E-6,8.728504E-6,1.234397E-5
69.182978,8.018733E-6,8.018733E-6,1.134020E-5
69.582375,7.409156E-6,7.409156E-6,1.047813E-5
69.984078,6.845918E-6,6.845918E-6,9.681590E-6
70.388101,6.325497E-6,6.325497E-6,8.945604E-6
70.794455,5.844638E-6,5.844638E-6,8.265566E-6
71.203156,6.113498E-6,6.113498E-6,8.645792E-6
71.614216,6.394725E-6,6.394725E-6,9.043507E-6
72.027650,6.688888E-6,6.688888E-6,9.459516E-6
72.443470,6.996584E-6,6.996584E-6,9.894664E-6
72.861690,7.341766E-6,7.341766E-6,1.038283E-5
73.282325,7.703977E-6,7.703977E-6,1.089507E-5
73.705388,8.084058E-6,8.084058E-6,1.143258E-5
74.130894,8.482888E-6,8.482888E-6,1.199662E-5
74.558856,8.799814E-6,8.799814E-6,1.244482E-5
74.989289,9.128582E-6,9.128582E-6,1.290976E-5
75.422207,9.469631E-6,9.469631E-6,1.339208E-5
75.857624,9.823427E-6,9.823427E-6,1.389242E-5
76.295554,1.021947E-5,1.021947E-5,1.445251E-5
76.736013,1.063148E-5,1.063148E-5,1.503518E-5
77.179015,1.106010E-5,1.106010E-5,1.564134E-5
77.624574,1.150600E-5,1.150600E-5,1.627194E-5
78.072705,1.179387E-5,1.179387E-5,1.667905E-5
78.523424,1.208895E-5,1.208895E-5,1.709636E-5
78.976744,1.239140E-5,1.239140E-5,1.752409E-5
79.432682,1.270143E-5,1.270143E-5,1.796253E-5
79.891252,1.347389E-5,1.347389E-5,1.905496E-5
80.352469,1.429332E-5,1.429332E-5,2.021381E-5
80.816348,1.516259E-5,1.516259E-5,2.144314E-5
81.282906,1.608472E-5,1.608472E-5,2.274723E-5
81.752157,1.688237E-5,1.688237E-5,2.387528E-5
82.224117,1.771958E-5,1.771958E-5,2.505927E-5
82.698802,1.859830E-5,1.859830E-5,2.630197E-5
83.176227,1.952059E-5,1.952059E-5,2.760628E-5
83.656409,1.993996E-5,1.993996E-5,2.819936E-5
84.139362,2.036834E-5,2.036834E-5,2.880518E-5
84.625104,2.080592E-5,2.080592E-5,2.942401E-5
85.113650,2.125290E-5,2.125290E-5,3.005614E-5
85.605016,2.289087E-5,2.289087E-5,3.237258E-5
86.099219,2.465508E-5,2.465508E-5,3.486755E-5
86.596275,2.655526E-5,2.655526E-5,3.755481E-5
87.096201,2.860188E-5,2.860188E-5,4.044917E-5
87.599012,3.033410E-5,3.033410E-5,4.289890E-5
88.104727,3.217124E-5,3.217124E-5,4.549700E-5
88.613361,3.411964E-5,3.411964E-5,4.825246E-5
89.124931,3.618603E-5,3.618603E-5,5.117477E-5
89.639454,3.827308E-5,3.827308E-5,5.412631E-5
90.156948,4.048050E-5,4.048050E-5,5.724807E-5
90.677430,4.281524E-5,4.281524E-5,6.054989E-5
91.200916,4.528464E-5,4.528464E-5,6.404215E-5
91.727425,4.760347E-5,4.760347E-5,6.732147E-5
92.256973,5.004104E-5,5.004104E-5,7.076872E-5
92.789578,5.260342E-5,5.260342E-5,7.439247E-5
93.325258,5.529700E-5,5.529700E-5,7.820177E-5
93.864030,6.049919E-5,6.049919E-5,8.555878E-5
94.405913,6.619080E-5,6.619080E-5,9.360793E-5
94.950924,7.241785E-5,7.241785E-5,1.024143E-4
95.499081,7.923074E-5,7.923074E-5,1.120492E-4
96.050403,8.763246E-5,8.763246E-5,1.239310E-4
96.604908,9.692511E-5,9.692511E-5,1.370728E-4
97.162614,1.072032E-4,1.072032E-4,1.516082E-4
97.723540,1.185711E-4,1.185711E-4,1.676849E-4
98.287704,1.269059E-4,1.269059E-4,1.794720E-4
98.855125,1.358266E-4,1.358266E-4,1.920878E-4
99.425821,1.453744E-4,1.453744E-4,2.055904E-4
99.999813,1.555933E-4,1.555933E-4,2.200422E-4
100.577118,1.674401E-4,1.674401E-4,2.367961E-4
101.157755,1.801889E-4,1.801889E-4,2.548256E-4
101.741745,1.939085E-4,1.939085E-4,2.742280E-4
102.329106,2.086726E-4,2.086726E-4,2.951076E-4
102.919859,2.351407E-4,2.351407E-4,3.325392E-4
103.514021,2.649660E-4,2.649660E-4,3.747185E-4
104.111614,2.985743E-4,2.985743E-4,4.222478E-4
104.712657,3.364456E-4,3.364456E-4,4.758059E-4
105.317169,3.936694E-4,3.936694E-4,5.567326E-4
105.925171,4.606259E-4,4.606259E-4,6.514234E-4
106.536684,5.389707E-4,5.389707E-4,7.622197E-4
107.151727,6.306408E-4,6.306408E-4,8.918608E-4
107.770320,6.730234E-4,6.730234E-4,9.517988E-4
108.392485,7.182544E-4,7.182544E-4,1.015765E-3
109.018241,7.665252E-4,7.665252E-4,1.084030E-3
109.647610,8.180399E-4,8.180399E-4,1.156883E-3
110.280612,7.349214E-4,7.349214E-4,1.039336E-3
110.917269,6.602483E-4,6.602483E-4,9.337321E-4
111.557601,5.931626E-4,5.931626E-4,8.388586E-4
112.201630,5.328933E-4,5.328933E-4,7.536249E-4
112.849377,4.632044E-4,4.632044E-4,6.550699E-4
113.500863,4.026290E-4,4.026290E-4,5.694034E-4
114.156110,3.499754E-4,3.499754E-4,4.949400E-4
114.815141,3.042075E-4,3.042075E-4,4.302144E-4
115.477975,2.659424E-4,2.659424E-4,3.760993E-4
116.144637,2.324905E-4,2.324905E-4,3.287912E-4
116.815147,2.032464E-4,2.032464E-4,2.874338E-4
117.489528,1.776809E-4,1.776809E-4,2.512787E-4
118.167802,1.557126E-4,1.557126E-4,2.202109E-4
118.849992,1.364605E-4,1.364605E-4,1.929843E-4
119.536120,1.195887E-4,1.195887E-4,1.691240E-4
120.226209,1.048028E-4,1.048028E-4,1.482135E-4
120.920282,9.207894E-5,9.207894E-5,1.302193E-4
121.618363,8.089984E-5,8.089984E-5,1.144097E-4
122.320473,7.107797E-5,7.107797E-5,1.005194E-4
123.026636,6.244855E-5,6.244855E-5,8.831559E-5
123.736876,5.586032E-5,5.586032E-5,7.899842E-5
124.451217,4.996714E-5,4.996714E-5,7.066421E-5
125.169681,4.469568E-5,4.469568E-5,6.320924E-5
125.892294,3.998034E-5,3.998034E-5,5.654074E-5
126.619077,3.654011E-5,3.654011E-5,5.167552E-5
127.350057,3.339591E-5,3.339591E-5,4.722895E-5
128.085257,3.052226E-5,3.052226E-5,4.316499E-5
128.824701,2.789588E-5,2.789588E-5,3.945073E-5
129.568413,2.598055E-5,2.598055E-5,3.674205E-5
130.316420,2.419674E-5,2.419674E-5,3.421936E-5
131.068744,2.253539E-5,2.253539E-5,3.186985E-5
131.825412,2.098812E-5,2.098812E-5,2.968168E-5
132.586448,2.003539E-5,2.003539E-5,2.833432E-5
133.351878,1.912591E-5,1.912591E-5,2.704812E-5
134.121726,1.825772E-5,1.825772E-5,2.582032E-5
134.896019,1.742893E-5,1.742893E-5,2.464823E-5
135.674782,1.691344E-5,1.691344E-5,2.391922E-5
136.458041,1.641318E-5,1.641318E-5,2.321174E-5
137.245821,1.592773E-5,1.592773E-5,2.252521E-5
138.038150,1.545664E-5,1.545664E-5,2.185899E-5
138.835052,1.437499E-5,1.437499E-5,2.032931E-5
139.636556,1.336904E-5,1.336904E-5,1.890668E-5
140.442686,1.243348E-5,1.243348E-5,1.758360E-5
141.253470,1.156340E-5,1.156340E-5,1.635312E-5
142.068935,1.031052E-5,1.031052E-5,1.458128E-5
142.889108,9.193385E-6,9.193385E-6,1.300141E-5
143.714015,8.197292E-6,8.197292E-6,1.159272E-5
144.543685,7.309126E-6,7.309126E-6,1.033667E-5
145.378144,8.102381E-6,8.102381E-6,1.145850E-5
146.217421,8.981727E-6,8.981727E-6,1.270208E-5
147.061543,9.956507E-6,9.956507E-6,1.408063E-5
147.910538,1.103708E-5,1.103708E-5,1.560879E-5
148.764435,1.407265E-5,1.407265E-5,1.990173E-5
149.623261,1.794310E-5,1.794310E-5,2.537538E-5
150.487045,2.287806E-5,2.287806E-5,3.235446E-5
151.355816,2.917030E-5,2.917030E-5,4.125303E-5
152.229602,2.206214E-5,2.206214E-5,3.120058E-5
153.108433,1.668608E-5,1.668608E-5,2.359768E-5
153.992337,1.262005E-5,1.262005E-5,1.784745E-5
154.881344,9.544821E-6,9.544821E-6,1.349842E-5
155.775484,8.395332E-6,8.395332E-6,1.187279E-5
156.674785,7.384278E-6,7.384278E-6,1.044295E-5
157.579278,6.494985E-6,6.494985E-6,9.185296E-6
158.488993,5.712789E-6,5.712789E-6,8.079104E-6
159.403960,5.521720E-6,5.521720E-6,7.808891E-6
160.324208,5.337040E-6,5.337040E-6,7.547714E-6
161.249770,5.158538E-6,5.158538E-6,7.295274E-6
162.180674,4.986005E-6,4.986005E-6,7.051276E-6
163.116953,4.985417E-6,4.985417E-6,7.050444E-6
164.058637,4.984829E-6,4.984829E-6,7.049613E-6
165.005758,4.984242E-6,4.984242E-6,7.048783E-6
165.958346,4.983657E-6,4.983657E-6,7.047955E-6
166.916434,4.556820E-6,4.556820E-6,6.444317E-6
167.880052,4.166541E-6,4.166541E-6,5.892379E-6
168.849234,3.809688E-6,3.809688E-6,5.387712E-6
169.824011,3.483397E-6,3.483397E-6,4.926267E-6
170.804415,3.850411E-6,3.850411E-6,5.445303E-6
171.790479,4.256094E-6,4.256094E-6,6.019026E-6
172.782236,4.704520E-6,4.704520E-6,6.653196E-6
173.779719,5.200192E-6,5.200192E-6,7.354182E-6
174.782960,4.800401E-6,4.800401E-6,6.788792E-6
175.791992,4.431346E-6,4.431346E-6,6.266870E-6
176.806850,4.090663E-6,4.090663E-6,5.785071E-6
177.827567,3.776172E-6,3.776172E-6,5.340314E-6
178.854176,4.939646E-6,4.939646E-6,6.985714E-6
179.886712,6.461597E-6,6.461597E-6,9.138078E-6
180.925209,8.452474E-6,8.452474E-6,1.195360E-5
181.969701,1.105676E-5,1.105676E-5,1.563662E-5
183.020223,6.641480E-6,6.641480E-6,9.392471E-6
184.076810,3.989348E-6,3.989348E-6,5.641790E-6
185.139497,2.396287E-6,2.396287E-6,3.388862E-6
186.208318,1.439381E-6,1.439381E-6,2.035592E-6
187.283310,2.425568E-6,2.425568E-6,3.430271E-6
188.364508,4.087437E-6,4.087437E-6,5.780509E-6
189.451948,6.887929E-6,6.887929E-6,9.741003E-6
190.545665,1.160717E-5,1.160717E-5,1.641502E-5
191.645697,1.043006E-5,1.043006E-5,1.475033E-5
192.752079,9.372323E-6,9.372323E-6,1.325447E-5
193.864849,8.421854E-6,8.421854E-6,1.191030E-5
194.984042,7.567774E-6,7.567774E-6,1.070245E-5
196.109697,6.639903E-6,6.639903E-6,9.390241E-6
197.241850,5.825796E-6,5.825796E-6,8.238920E-6
198.380539,5.111506E-6,5.111506E-6,7.228761E-6
199.525802,4.484793E-6,4.484793E-6,6.342455E-6
200.677677,6.011706E-6,6.011706E-6,8.501836E-6
201.836201,8.058479E-6,8.058479E-6,1.139641E-5
203.001414,1.080211E-5,1.080211E-5,1.527649E-5
204.173353,1.447984E-5,1.447984E-5,2.047759E-5
205.352059,1.294856E-5,1.294856E-5,1.831203E-5
206.537568,1.157921E-5,1.157921E-5,1.637548E-5
207.729922,1.035468E-5,1.035468E-5,1.464373E-5
208.929160,9.259642E-6,9.259642E-6,1.309511E-5
210.135321,1.736010E-5,1.736010E-5,2.455089E-5
211.348445,3.254694E-5,3.254694E-5,4.602832E-5
212.568572,6.101945E-5,6.101945E-5,8.629453E-5
213.795743,1.144001E-4,1.144001E-4,1.617862E-4
215.029999,1.394245E-4,1.394245E-4,1.971760E-4
216.271380,1.699227E-4,1.699227E-4,2.403070E-4
217.519928,2.070923E-4,2.070923E-4,2.928727E-4
218.775684,2.523925E-4,2.523925E-4,3.569369E-4
220.038689,2.001343E-4,2.001343E-4,2.830326E-4
221.308986,1.586963E-4,1.586963E-4,2.244305E-4
222.586616,1.258380E-4,1.258380E-4,1.779618E-4
223.871622,9.978309E-5,9.978309E-5,1.411146E-4
225.164046,1.306524E-4,1.306524E-4,1.847704E-4
226.463932,1.710716E-4,1.710716E-4,2.419318E-4
227.771322,2.239950E-4,2.239950E-4,3.167768E-4
229.086260,2.932908E-4,2.932908E-4,4.147758E-4
230.408789,3.809015E-4,3.809015E-4,5.386761E-4
231.738953,4.946829E-4,4.946829E-4,6.995873E-4
233.076796,6.424526E-4,6.424526E-4,9.085652E-4
234.422362,8.343636E-4,8.343636E-4,1.179968E-3
235.775697,2.758331E-4,2.758331E-4,3.900869E-4
237.136844,9.118792E-5,9.118792E-5,1.289592E-4
238.505849,3.014590E-5,3.014590E-5,4.263274E-5
239.882758,9.965948E-6,9.965948E-6,1.409398E-5
241.267616,2.780350E-5,2.780350E-5,3.932009E-5
242.660469,7.756757E-5,7.756757E-5,1.096971E-4
244.061362,2.164019E-4,2.164019E-4,3.060385E-4
245.470343,6.037293E-4,6.037293E-4,8.538022E-4
246.887458,8.393385E-4,8.393385E-4,1.187004E-3
248.312755,1.166896E-3,1.166896E-3,1.650240E-3
249.746279,1.622284E-3,1.622284E-3,2.294256E-3
251.188080,2.255392E-3,2.255392E-3,3.189606E-3
252.638204,2.299162E-3,2.299162E-3,3.251506E-3
254.096699,2.343781E-3,2.343781E-3,3.314607E-3
255.563615,2.389267E-3,2.389267E-3,3.378934E-3
257.038999,2.435634E-3,2.435634E-3,3.444507E-3
258.522901,1.932128E-3,1.932128E-3,2.732442E-3
260.015369,1.532709E-3,1.532709E-3,2.167578E-3
261.516454,1.215860E-3,1.215860E-3,1.719486E-3
263.026204,9.645111E-4,9.645111E-4,1.364025E-3
264.544671,8.466151E-4,8.466151E-4,1.197295E-3
266.071903,7.431299E-4,7.431299E-4,1.050944E-3
267.607952,6.522941E-4,6.522941E-4,9.224832E-4
269.152869,5.725616E-4,5.725616E-4,8.097244E-4
270.706705,5.333916E-4,5.333916E-4,7.543296E-4
272.269511,4.969013E-4,4.969013E-4,7.027246E-4
273.841340,4.629074E-4,4.629074E-4,6.546499E-4
275.422242,4.312391E-4,4.312391E-4,6.098642E-4
277.012272,4.223882E-4,4.223882E-4,5.973471E-4
278.611480,4.137189E-4,4.137189E-4,5.850869E-4
280.219921,4.052275E-4,4.052275E-4,5.730782E-4
281.837648,3.969105E-4,3.969105E-4,5.613162E-4
283.464714,3.947830E-4,3.947830E-4,5.583075E-4
285.101173,3.926670E-4,3.926670E-4,5.553150E-4
286.747079,3.905623E-4,3.905623E-4,5.523385E-4
288.402487,3.884688E-4,3.884688E-4,5.493778E-4
290.067453,3.965155E-4,3.965155E-4,5.607576E-4
291.742030,4.047289E-4,4.047289E-4,5.723731E-4
293.426274,4.131123E-4,4.131123E-4,5.842290E-4
295.120242,4.216696E-4,4.216696E-4,5.963309E-4
296.823989,3.882585E-4,3.882585E-4,5.490804E-4
298.537572,3.574947E-4,3.574947E-4,5.055739E-4
300.261047,3.291685E-4,3.291685E-4,4.655146E-4
301.994472,3.030866E-4,3.030866E-4,4.286292E-4
303.737905,2.729731E-4,2.729731E-4,3.860423E-4
305.491402,2.458515E-4,2.458515E-4,3.476865E-4
307.255023,2.214246E-4,2.214246E-4,3.131417E-4
309.028824,1.994247E-4,1.994247E-4,2.820291E-4
310.812867,1.994984E-4,1.994984E-4,2.821333E-4
312.607208,1.995722E-4,1.995722E-4,2.822377E-4
314.411909,1.996460E-4,1.996460E-4,2.823421E-4
316.227028,1.997198E-4,1.997198E-4,2.824464E-4
318.052625,1.777725E-4,1.777725E-4,2.514083E-4
319.888762,1.582370E-4,1.582370E-4,2.237809E-4
321.735500,1.408482E-4,1.408482E-4,1.991894E-4
323.592898,1.253703E-4,1.253703E-4,1.773004E-4
325.461020,1.048064E-4,1.048064E-4,1.482186E-4
327.339926,8.761545E-5,8.761545E-5,1.239070E-4
329.229679,7.324427E-5,7.324427E-5,1.035830E-4
331.130342,6.123031E-5,6.123031E-5,8.659273E-5
333.041978,5.259013E-5,5.259013E-5,7.437368E-5
334.964649,4.516917E-5,4.516917E-5,6.387885E-5
336.898420,3.879537E-5,3.879537E-5,5.486494E-5
338.843355,3.332098E-5,3.332098E-5,4.712298E-5
340.799519,2.828762E-5,2.828762E-5,4.000474E-5
342.766975,2.401458E-5,2.401458E-5,3.396174E-5
344.745790,2.038701E-5,2.038701E-5,2.883159E-5
346.736028,1.730741E-5,1.730741E-5,2.447637E-5
348.737756,2.615131E-5,2.615131E-5,3.698354E-5
350.751040,3.951435E-5,3.951435E-5,5.588173E-5
352.775947,5.970576E-5,5.970576E-5,8.443670E-5
354.812544,9.021477E-5,9.021477E-5,1.275830E-4
356.860899,1.193100E-4,1.193100E-4,1.687298E-4
358.921078,1.577887E-4,1.577887E-4,2.231469E-4
360.993151,2.086772E-4,2.086772E-4,2.951141E-4
363.077187,2.759778E-4,2.759778E-4,3.902915E-4
365.173253,2.637213E-4,2.637213E-4,3.729582E-4
367.281421,2.520092E-4,2.520092E-4,3.563948E-4
369.401759,2.408172E-4,2.408172E-4,3.405670E-4
371.534338,2.301222E-4,2.301222E-4,3.254419E-4
373.679228,2.171528E-4,2.171528E-4,3.071004E-4
375.836501,2.049144E-4,2.049144E-4,2.897927E-4
378.006228,1.933656E-4,1.933656E-4,2.734603E-4
380.188480,1.824679E-4,1.824679E-4,2.580486E-4
382.383332,2.259737E-4,2.259737E-4,3.195751E-4
384.590854,2.798526E-4,2.798526E-4,3.957713E-4
386.811120,3.465778E-4,3.465778E-4,4.901350E-4
389.044204,4.292124E-4,4.292124E-4,6.069980E-4
391.290180,4.431900E-4,4.431900E-4,6.267653E-4
393.549122,4.576227E-4,4.576227E-4,6.471762E-4
395.821105,4.725255E-4,4.725255E-4,6.682520E-4
398.106204,4.879137E-4,4.879137E-4,6.900142E-4
400.404495,2.845228E-4,2.845228E-4,4.023760E-4
402.716055,1.659171E-4,1.659171E-4,2.346422E-4
405.040959,9.675319E-5,9.675319E-5,1.368297E-4
407.379285,5.642081E-5,5.642081E-5,7.979107E-5
409.731111,8.804840E-5,8.804840E-5,1.245192E-4
412.096513,1.374054E-4,1.374054E-4,1.943206E-4
414.475571,2.144302E-4,2.144302E-4,3.032501E-4
416.868364,3.346325E-4,3.346325E-4,4.732418E-4
419.274970,3.983969E-4,3.983969E-4,5.634183E-4
421.695470,4.743115E-4,4.743115E-4,6.707778E-4
424.129944,5.646917E-4,5.646917E-4,7.985947E-4
426.578472,6.722938E-4,6.722938E-4,9.507670E-4
429.041135,7.046369E-4,7.046369E-4,9.965071E-4
431.518015,7.385360E-4,7.385360E-4,1.044448E-3
434.009195,7.740660E-4,7.740660E-4,1.094695E-3
436.514757,8.113049E-4,8.113049E-4,1.147358E-3
439.034783,7.844260E-4,7.844260E-4,1.109346E-3
441.569357,7.584377E-4,7.584377E-4,1.072593E-3
444.118564,7.333104E-4,7.333104E-4,1.037058E-3
446.682487,7.090155E-4,7.090155E-4,1.002699E-3
449.261212,4.328164E-4,4.328164E-4,6.120948E-4
451.854825,2.642115E-4,2.642115E-4,3.736515E-4
454.463410,1.612871E-4,1.612871E-4,2.280944E-4
457.087055,9.845727E-5,9.845727E-5,1.392396E-4
459.725846,4.763862E-5,4.763862E-5,6.737118E-5
462.379871,2.304998E-5,2.304998E-5,3.259759E-5
465.049218,1.115275E-5,1.115275E-5,1.577237E-5
467.733976,5.396262E-6,5.396262E-6,7.631467E-6
470.434232,1.127282E-5,1.127282E-5,1.594217E-5
473.150078,2.354899E-5,2.354899E-5,3.330330E-5
475.881602,4.919399E-5,4.919399E-5,6.957081E-5
478.628895,1.027666E-4,1.027666E-4,1.453339E-4
481.392049,1.774977E-4,1.774977E-4,2.510197E-4
484.171154,3.065728E-4,3.065728E-4,4.335594E-4
486.966304,5.295103E-4,5.295103E-4,7.488406E-4
489.777590,9.145669E-4,9.145669E-4,1.293393E-3
492.605106,1.238220E-3,1.238220E-3,1.751108E-3
495.448945,1.676409E-3,1.676409E-3,2.370800E-3
498.309202,2.269667E-3,2.269667E-3,3.209794E-3
501.185971,3.072872E-3,3.072872E-3,4.345697E-3
504.079348,2.602395E-3,2.602395E-3,3.680342E-3
506.989429,2.203951E-3,2.203951E-3,3.116857E-3
509.916309,1.866512E-3,1.866512E-3,2.639647E-3
512.860087,1.580737E-3,1.580737E-3,2.235500E-3
515.820860,1.426391E-3,1.426391E-3,2.017221E-3
518.798725,1.287116E-3,1.287116E-3,1.820257E-3
521.793781,1.161440E-3,1.161440E-3,1.642524E-3
524.806128,1.048035E-3,1.048035E-3,1.482145E-3
527.835866,6.223992E-4,6.223992E-4,8.802054E-4
530.883094,3.696257E-4,3.696257E-4,5.227297E-4
533.947915,2.195106E-4,2.195106E-4,3.104349E-4
537.030429,1.303613E-4,1.303613E-4,1.843587E-4
540.130738,2.917925E-4,2.917925E-4,4.126569E-4
543.248945,6.531301E-4,6.531301E-4,9.236654E-4
546.385154,1.461926E-3,1.461926E-3,2.067476E-3
549.539469,3.272285E-3,3.272285E-3,4.627710E-3
552.711994,3.258377E-3,3.258377E-3,4.608041E-3
555.902834,3.244528E-3,3.244528E-3,4.588456E-3
559.112094,3.230738E-3,3.230738E-3,4.568953E-3
562.339883,3.217008E-3,3.217008E-3,4.549536E-3
565.586305,1.843483E-3,1.843483E-3,2.607079E-3
568.851469,1.056395E-3,1.056395E-3,1.493968E-3
572.135483,6.053597E-4,6.053597E-4,8.561079E-4
575.438456,3.468969E-4,3.468969E-4,4.905863E-4
578.760497,7.997748E-4,7.997748E-4,1.131052E-3
582.101716,1.843890E-3,1.843890E-3,2.607654E-3
585.462225,4.251109E-3,4.251109E-3,6.011976E-3
588.842134,9.800984E-3,9.800984E-3,1.386068E-2
592.241555,1.065958E-2,1.065958E-2,1.507492E-2
595.660602,1.159340E-2,1.159340E-2,1.639554E-2
599.099386,1.260902E-2,1.260902E-2,1.783185E-2
602.558024,1.371361E-2,1.371361E-2,1.939397E-2
606.036628,7.537469E-3,7.537469E-3,1.065959E-2
609.535314,4.142850E-3,4.142850E-3,5.858875E-3
613.054198,2.277052E-3,2.277052E-3,3.220238E-3
616.593397,1.251545E-3,1.251545E-3,1.769952E-3
620.153028,1.406605E-3,1.406605E-3,1.989240E-3
623.733209,1.580877E-3,1.580877E-3,2.235698E-3
627.334059,1.776739E-3,1.776739E-3,2.512688E-3
630.955697,1.996869E-3,1.996869E-3,2.823999E-3
634.598242,1.472955E-3,1.472955E-3,2.083073E-3
638.261816,1.086500E-3,1.086500E-3,1.536543E-3
641.946541,8.014375E-4,8.014375E-4,1.133404E-3
645.652537,5.911664E-4,5.911664E-4,8.360355E-4
649.379928,4.591044E-4,4.591044E-4,6.492717E-4
653.128838,3.565440E-4,3.565440E-4,5.042294E-4
656.899390,2.768948E-4,2.768948E-4,3.915884E-4
660.691710,2.150386E-4,2.150386E-4,3.041105E-4
664.505924,1.542476E-4,1.542476E-4,2.181390E-4
668.342157,1.106421E-4,1.106421E-4,1.564716E-4
672.200537,7.936383E-5,7.936383E-5,1.122374E-4
676.081191,5.692782E-5,5.692782E-5,8.050810E-5
679.984249,6.344251E-5,6.344251E-5,8.972126E-5
683.909839,7.070274E-5,7.070274E-5,9.998877E-5
687.858092,7.879380E-5,7.879380E-5,1.114313E-4
691.829139,8.781081E-5,8.781081E-5,1.241832E-4
695.823110,8.965575E-5,8.965575E-5,1.267924E-4
699.840139,9.153945E-5,9.153945E-5,1.294563E-4
703.880359,9.346273E-5,9.346273E-5,1.321763E-4
707.943903,9.542638E-5,9.542638E-5,1.349533E-4
712.030906,2.339212E-4,2.339212E-4,3.308145E-4
716.141504,5.734172E-4,5.734172E-4,8.109344E-4
720.275832,1.405633E-3,1.405633E-3,1.987865E-3
724.434028,3.445666E-3,3.445666E-3,4.872908E-3
728.616230,3.049225E-3,3.049225E-3,4.312255E-3
732.822575,2.698396E-3,2.698396E-3,3.816108E-3
737.053205,2.387932E-3,2.387932E-3,3.377046E-3
741.308258,2.113188E-3,2.113188E-3,2.988499E-3
745.587875,1.608164E-3,1.608164E-3,2.274287E-3
749.892199,1.223835E-3,1.223835E-3,1.730764E-3
754.221372,9.313547E-4,9.313547E-4,1.317134E-3
758.575538,7.087731E-4,7.087731E-4,1.002357E-3
762.954841,7.769760E-4,7.769760E-4,1.098810E-3
767.359425,8.517419E-4,8.517419E-4,1.204545E-3
771.789438,9.337022E-4,9.337022E-4,1.320454E-3
776.245025,1.023549E-3,1.023549E-3,1.447517E-3
780.726335,1.560363E-3,1.560363E-3,2.206687E-3
785.233515,2.378715E-3,2.378715E-3,3.364011E-3
789.766716,3.626262E-3,3.626262E-3,5.128309E-3
794.326087,5.528103E-3,5.528103E-3,7.817918E-3
798.911780,1.138795E-2,1.138795E-2,1.610499E-2
803.523946,2.345932E-2,2.345932E-2,3.317649E-2
808.162739,4.832646E-2,4.832646E-2,6.834394E-2
812.828311,9.955306E-2,9.955306E-2,1.407893E-1
817.520818,5.858176E-2,5.858176E-2,8.284712E-2
822.240416,3.447229E-2,3.447229E-2,4.875118E-2
826.987259,2.028514E-2,2.028514E-2,2.868752E-2
831.761507,1.193674E-2,1.193674E-2,1.688110E-2
836.563317,4.338348E-3,4.338348E-3,6.135351E-3
841.392847,1.576751E-3,1.576751E-3,2.229863E-3
846.250259,5.730625E-4,5.730625E-4,8.104328E-4
851.135714,2.082767E-4,2.082767E-4,2.945477E-4
856.049372,2.571414E-4,2.571414E-4,3.636529E-4
860.991397,3.174705E-4,3.174705E-4,4.489711E-4
865.961952,3.919535E-4,3.919535E-4,5.543060E-4
870.961203,4.839112E-4,4.839112E-4,6.843538E-4
875.989315,9.478973E-4,9.478973E-4,1.340529E-3
881.046454,1.856765E-3,1.856765E-3,2.625862E-3
886.132789,3.637077E-3,3.637077E-3,5.143604E-3
891.248487,7.124398E-3,7.124398E-3,1.007542E-2
896.393719,8.903580E-3,8.903580E-3,1.259156E-2
901.568654,1.112708E-2,1.112708E-2,1.573607E-2
906.773465,1.390585E-2,1.390585E-2,1.966584E-2
912.008323,1.737858E-2,1.737858E-2,2.457702E-2
917.273403,1.263053E-2,1.263053E-2,1.786227E-2
922.568878,9.179711E-3,9.179711E-3,1.298207E-2
927.894924,6.671699E-3,6.671699E-3,9.435207E-3
933.251717,4.848907E-3,4.848907E-3,6.857390E-3
938.639436,3.918134E-3,3.918134E-3,5.541078E-3
944.058259,3.166027E-3,3.166027E-3,4.477438E-3
949.508364,2.558291E-3,2.558291E-3,3.617970E-3
954.989934,2.067214E-3,2.067214E-3,2.923482E-3
960.503149,2.231427E-3,2.231427E-3,3.155714E-3
966.048192,2.408685E-3,2.408685E-3,3.406395E-3
971.625246,2.600024E-3,2.600024E-3,3.676989E-3
977.234498,2.806562E-3,2.806562E-3,3.969078E-3
982.876132,2.301913E-3,2.301913E-3,3.255397E-3
988.550335,1.888006E-3,1.888006E-3,2.670044E-3
994.257297,1.548523E-3,1.548523E-3,2.189942E-3
999.997204,1.270082E-3,1.270082E-3,1.796167E-3
