Hz,real,imaginary,unitless (peak only)
9.999990,-2.384339E+0,8.448251E-1,2.529585E+0
10.057721,-2.246604E+0,8.923148E-1,2.417324E+0
10.115785,-2.113372E+0,9.327231E-1,2.310046E+0
10.174184,-1.984692E+0,9.665304E-1,2.207529E+0
10.232920,-1.860597E+0,9.941972E-1,2.109561E+0
10.291995,-1.738927E+0,1.021309E+0,2.016665E+0
10.351412,-1.621666E+0,1.042520E+0,1.927861E+0
10.411171,-1.508842E+0,1.058263E+0,1.842966E+0
10.471275,-1.400467E+0,1.068956E+0,1.761810E+0
10.531727,-1.389632E+0,8.060502E-1,1.606485E+0
10.592527,-1.349627E+0,5.694788E-1,1.464855E+0
10.653678,-1.286259E+0,3.600791E-1,1.335709E+0
10.715183,-1.204882E+0,1.779425E-1,1.217951E+0
10.777042,-1.385255E+0,2.982895E-1,1.417007E+0
10.839258,-1.585498E+0,4.517344E-1,1.648596E+0
10.901834,-1.806289E+0,6.451162E-1,1.918034E+0
10.964771,-2.047895E+0,8.864275E-1,2.231508E+0
11.028071,-1.788132E+0,8.492440E-1,1.979553E+0
11.091737,-1.558989E+0,8.082395E-1,1.756046E+0
11.155770,-1.357110E+0,7.647952E-1,1.557774E+0
11.220173,-1.179481E+0,7.200306E-1,1.381890E+0
11.284948,-1.268055E+0,7.785472E-1,1.487985E+0
11.350097,-1.363268E+0,8.417989E-1,1.602225E+0
11.415622,-1.465616E+0,9.101678E-1,1.725235E+0
11.481525,-1.575634E+0,9.840666E-1,1.857689E+0
11.547808,-1.531669E+0,1.247643E+0,1.975506E+0
11.614474,-1.450259E+0,1.519898E+0,2.100795E+0
11.681525,-1.328188E+0,1.796332E+0,2.234030E+0
11.748964,-1.162660E+0,2.071774E+0,2.375716E+0
11.816791,-1.692687E+0,1.855931E+0,2.511905E+0
11.885010,-2.186999E+0,1.506933E+0,2.655901E+0
11.953623,-2.612699E+0,1.029330E+0,2.808152E+0
12.022632,-2.936991E+0,4.356698E-1,2.969129E+0
12.092039,-2.604044E+0,6.275292E-1,2.678589E+0
12.161847,-2.289454E+0,7.731663E-1,2.416482E+0
12.232059,-1.995068E+0,8.787452E-1,2.180021E+0
12.302675,-1.722060E+0,9.499529E-1,1.966698E+0
12.373699,-1.661931E+0,8.792928E-1,1.880205E+0
12.445133,-1.603277E+0,8.127543E-1,1.797517E+0
12.516980,-1.546100E+0,7.501305E-1,1.718465E+0
12.589241,-1.490401E+0,6.912259E-1,1.642890E+0
12.661919,-1.521956E+0,6.482278E-1,1.654252E+0
12.735017,-1.552346E+0,6.039499E-1,1.665693E+0
12.808537,-1.581522E+0,5.584208E-1,1.677214E+0
12.882482,-1.609437E+0,5.116704E-1,1.688814E+0
12.956853,-1.750041E+0,6.093713E-1,1.853099E+0
13.031654,-1.901343E+0,7.207419E-1,2.033365E+0
13.106887,-2.063972E+0,8.474260E-1,2.231168E+0
13.182553,-2.238566E+0,9.912473E-1,2.448213E+0
13.258657,-2.151047E+0,7.971207E-1,2.293993E+0
13.335200,-2.057934E+0,6.206502E-1,2.149488E+0
13.412185,-1.960614E+0,4.610170E-1,2.014086E+0
13.489614,-1.860335E+0,3.173738E-1,1.887213E+0
13.567491,-1.850621E+0,2.683019E-1,1.869969E+0
13.645817,-1.839783E+0,2.199341E-1,1.852882E+0
13.724595,-1.827850E+0,1.722917E-1,1.835952E+0
13.803828,-1.814849E+0,1.253943E-1,1.819176E+0
13.883518,-2.021546E+0,1.815484E-1,2.029682E+0
13.963668,-2.250823E+0,2.489335E-1,2.264547E+0
14.044282,-2.505028E+0,3.293647E-1,2.526588E+0
14.125360,-2.786741E+0,4.249218E-1,2.818951E+0
14.206907,-2.831280E+0,3.195667E-1,2.849258E+0
14.288924,-2.872120E+0,2.114079E-1,2.879890E+0
14.371415,-2.909114E+0,1.005630E-1,2.910852E+0
14.454382,-2.942120E+0,-1.284433E-2,2.942148E+0
14.537828,-3.018624E+0,-1.563377E-1,3.022670E+0
14.621756,-3.090151E+0,-3.073153E-1,3.105395E+0
14.706168,-3.156209E+0,-4.657311E-1,3.190386E+0
14.791067,-3.216288E+0,-6.315140E-1,3.277700E+0
14.876457,-3.550000E+0,-1.356355E+0,3.800289E+0
14.962340,-3.788198E+0,-2.250366E+0,4.406199E+0
15.048718,-3.883879E+0,-3.318800E+0,5.108713E+0
15.135596,-3.782306E+0,-4.558385E+0,5.923235E+0
15.222974,-4.481080E+0,-3.673503E+0,5.794368E+0
15.310857,-4.987409E+0,-2.693598E+0,5.668308E+0
15.399248,-5.291224E+0,-1.658263E+0,5.544988E+0
15.488149,-5.390239E+0,-6.074025E-1,5.424354E+0
15.577563,-4.674331E+0,-1.120438E+0,4.806740E+0
15.667493,-3.988935E+0,-1.493759E+0,4.259450E+0
15.757942,-3.345564E+0,-1.747525E+0,3.774472E+0
15.848914,-2.752161E+0,-1.900723E+0,3.344718E+0
15.940411,-3.476814E+0,-1.621825E+0,3.836476E+0
16.032436,-4.242841E+0,-1.167482E+0,4.400536E+0
16.124992,-5.022019E+0,-5.067991E-1,5.047526E+0
16.218082,-5.776507E+0,3.897513E-1,5.789641E+0
16.311710,-5.480538E+0,2.282977E-1,5.485291E+0
16.405879,-5.196282E+0,8.259852E-2,5.196938E+0
16.500591,-4.923509E+0,-4.846514E-2,4.923748E+0
16.595850,-4.661965E+0,-1.659490E-1,4.664918E+0
16.691659,-4.188260E+0,-1.281406E+0,4.379900E+0
16.788021,-3.488014E+0,-2.178243E+0,4.112297E+0
16.884939,-2.635321E+0,-2.821832E+0,3.861043E+0
16.982417,-1.705789E+0,-3.198737E+0,3.625139E+0
17.080457,-2.371511E+0,-2.887307E+0,3.736389E+0
17.179064,-2.981241E+0,-2.437789E+0,3.851054E+0
17.278240,-3.506427E+0,-1.860056E+0,3.969237E+0
17.377988,-3.920213E+0,-1.169864E+0,4.091045E+0
17.478312,-3.572681E+0,-1.055169E+0,3.725242E+0
17.579215,-3.255931E+0,-9.516248E-1,3.392149E+0
17.680701,-2.967238E+0,-8.581542E-1,3.088840E+0
17.782773,-2.704117E+0,-7.737841E-1,2.812648E+0
17.885434,-3.003830E+0,-5.870201E-1,3.060651E+0
17.988688,-3.311375E+0,-3.566149E-1,3.330522E+0
18.092538,-3.623345E+0,-7.816504E-2,3.624188E+0
18.196987,-3.935640E+0,2.527859E-1,3.943750E+0
18.302039,-4.081151E+0,1.173504E-1,4.082838E+0
18.407698,-4.226741E+0,-2.810492E-2,4.226834E+0
18.513967,-4.372041E+0,-1.839297E-1,4.375908E+0
18.620849,-4.516660E+0,-3.504719E-1,4.530237E+0
18.728348,-4.211499E+0,-3.735191E-1,4.228030E+0
18.836468,-3.926475E+0,-3.918894E-1,3.945983E+0
18.945212,-3.660292E+0,-4.061021E-1,3.682751E+0
19.054584,-3.411734E+0,-4.166287E-1,3.437078E+0
19.164587,-3.342962E+0,-5.791155E-1,3.392753E+0
19.275226,-3.267143E+0,-7.359122E-1,3.348998E+0
19.386503,-3.184657E+0,-8.867516E-1,3.305808E+0
19.498422,-3.095891E+0,-1.031389E+0,3.263174E+0
19.610988,-2.934618E+0,-9.036731E-1,3.070604E+0
19.724203,-2.780154E+0,-7.869951E-1,2.889397E+0
19.838072,-2.632333E+0,-6.805538E-1,2.718884E+0
19.952599,-2.490981E+0,-5.836007E-1,2.558432E+0
20.067786,-2.434715E+0,-5.107144E-1,2.487703E+0
20.183639,-2.378362E+0,-4.411411E-1,2.418928E+0
20.300160,-2.322004E+0,-3.747899E-1,2.352057E+0
20.417354,-2.265708E+0,-3.115706E-1,2.287031E+0
20.535225,-2.221688E+0,-2.900082E-1,2.240536E+0
20.653776,-2.178417E+0,-2.691804E-1,2.194985E+0
20.773011,-2.135887E+0,-2.490672E-1,2.150360E+0
20.892935,-2.094085E+0,-2.296492E-1,2.106640E+0
21.013551,-2.127513E+0,-2.049551E-1,2.137362E+0
21.134864,-2.161097E+0,-1.794557E-1,2.168535E+0
21.256877,-2.194826E+0,-1.531372E-1,2.200162E+0
21.379594,-2.228693E+0,-1.259862E-1,2.232251E+0
21.503020,-2.227154E+0,-6.080204E-2,2.227984E+0
21.627158,-2.223722E+0,4.185033E-3,2.223726E+0
21.752013,-2.218406E+0,6.892033E-2,2.219476E+0
21.877589,-2.211215E+0,1.333502E-1,2.215232E+0
22.003889,-2.225374E+0,1.724145E-1,2.232043E+0
22.130919,-2.238966E+0,2.120132E-1,2.248982E+0
22.258682,-2.251977E+0,2.521406E-1,2.266048E+0
22.387183,-2.264394E+0,2.927900E-1,2.283245E+0
22.516425,-2.270074E+0,3.774480E-1,2.301239E+0
22.646414,-2.272708E+0,4.629247E-1,2.319375E+0
22.777153,-2.272246E+0,5.491146E-1,2.337655E+0
22.908647,-2.268638E+0,6.359099E-1,2.356077E+0
23.040900,-2.322817E+0,6.893896E-1,2.422960E+0
23.173917,-2.377691E+0,7.452286E-1,2.491742E+0
23.307701,-2.433240E+0,8.035050E-1,2.562475E+0
23.442258,-2.489449E+0,8.642977E-1,2.635217E+0
23.577591,-2.456334E+0,1.087243E+0,2.686201E+0
23.713706,-2.403956E+0,1.310946E+0,2.738172E+0
23.850607,-2.331945E+0,1.533797E+0,2.791147E+0
23.988298,-2.240060E+0,1.754134E+0,2.845146E+0
24.126784,-2.067196E+0,1.876261E+0,2.791712E+0
24.266069,-1.889325E+0,1.983461E+0,2.739282E+0
24.406159,-1.707616E+0,2.075696E+0,2.687837E+0
24.547057,-1.523219E+0,2.153009E+0,2.637355E+0
24.688769,-1.330526E+0,2.117788E+0,2.501065E+0
24.831298,-1.149894E+0,2.074430E+0,2.371817E+0
24.974651,-9.811040E-1,2.023994E+0,2.249248E+0
25.118831,-8.238956E-1,1.967469E+0,2.133012E+0
25.263844,-7.716271E-1,1.843909E+0,1.998852E+0
25.409693,-7.226743E-1,1.728109E+0,1.873131E+0
25.556385,-6.768268E-1,1.619581E+0,1.755317E+0
25.703924,-6.338891E-1,1.517870E+0,1.644915E+0
25.852314,-4.894119E-1,1.494738E+0,1.572821E+0
26.001561,-3.534494E-1,1.461762E+0,1.503887E+0
26.151669,-2.263472E-1,1.420048E+0,1.437974E+0
26.302645,-1.083518E-1,1.370674E+0,1.374950E+0
26.454491,-1.368906E-1,1.219711E+0,1.227369E+0
26.607215,-1.579225E-1,1.084186E+0,1.095627E+0
26.760820,-1.727100E-1,9.626564E-1,9.780266E-1
26.915312,-1.823367E-1,8.537961E-1,8.730489E-1
27.070695,-2.405024E-1,8.390814E-1,8.728683E-1
27.226976,-2.975082E-1,8.204101E-1,8.726877E-1
27.384159,-3.530853E-1,7.978719E-1,8.725072E-1
27.542250,-4.069718E-1,7.715751E-1,8.723269E-1
27.701253,-3.851250E-1,7.922293E-1,8.808794E-1
27.861174,-3.623902E-1,8.123494E-1,8.895157E-1
28.022018,-3.387772E-1,8.319009E-1,8.982367E-1
28.183791,-3.142963E-1,8.508495E-1,9.070430E-1
28.346497,-2.685080E-1,8.188904E-1,8.617877E-1
28.510144,-2.261571E-1,7.869373E-1,8.187902E-1
28.674734,-1.870697E-1,7.551106E-1,7.779377E-1
28.840275,-1.510763E-1,7.235190E-1,7.391237E-1
29.006772,-1.080701E-1,6.154221E-1,6.248388E-1
29.174230,-7.465769E-2,5.229226E-1,5.282252E-1
29.342654,-4.892943E-2,4.438614E-1,4.465501E-1
29.512051,-2.933041E-2,3.763629E-1,3.775040E-1
29.682426,-1.171953E-1,2.604182E-1,2.855738E-1
29.853785,-1.500728E-1,1.553942E-1,2.160306E-1
30.026132,-1.466006E-1,7.221623E-2,1.634225E-1
30.199475,-1.228426E-1,1.389235E-2,1.236257E-1
30.373818,-1.713838E-1,-1.646179E-2,1.721726E-1
30.549168,-2.287794E-1,-7.180612E-2,2.397835E-1
30.725531,-2.910400E-1,-1.637523E-1,3.339448E-1
30.902911,-3.493848E-1,-3.069723E-1,4.650825E-1
31.081315,-3.092224E-1,-3.268701E-1,4.499584E-1
31.260750,-2.687575E-1,-3.424590E-1,4.353260E-1
31.441220,-2.283855E-1,-3.538699E-1,4.211696E-1
31.622732,-1.884753E-1,-3.612637E-1,4.074732E-1
31.805292,-1.686293E-1,-4.517209E-1,4.821697E-1
31.988906,-1.321299E-1,-5.550493E-1,5.705594E-1
32.173580,-7.419692E-2,-6.710628E-1,6.751522E-1
32.359320,1.075513E-2,-7.988471E-1,7.989195E-1
32.546132,2.246944E-2,-9.928299E-1,9.930841E-1
32.734023,3.924011E-2,-1.233814E+0,1.234438E+0
32.922998,6.283121E-2,-1.533161E+0,1.534448E+0
33.113065,9.556507E-2,-1.904975E+0,1.907371E+0
33.304228,5.487576E-1,-2.270484E+0,2.335858E+0
33.496496,1.177308E+0,-2.607105E+0,2.860603E+0
33.689873,2.010288E+0,-2.869037E+0,3.503232E+0
33.884367,3.072247E+0,-2.994549E+0,4.290224E+0
34.079983,3.805109E+0,-2.432311E+0,4.516081E+0
34.276729,4.440780E+0,-1.696567E+0,4.753827E+0
34.474611,4.939292E+0,-8.026768E-1,5.004088E+0
34.673635,5.262721E+0,2.250126E-1,5.267529E+0
34.873808,4.865222E+0,5.068217E-1,4.891549E+0
35.075136,4.480813E+0,7.455007E-1,4.542406E+0
35.277627,4.110978E+0,9.449440E-1,4.218182E+0
35.481287,3.756881E+0,1.108846E+0,3.917103E+0
35.686123,3.714436E+0,1.124484E+0,3.880915E+0
35.892141,3.672277E+0,1.139683E+0,3.845061E+0
36.099348,3.630404E+0,1.154452E+0,3.809540E+0
36.307752,3.588815E+0,1.168794E+0,3.774344E+0
36.517359,3.245172E+0,8.625866E-1,3.357856E+0
36.728176,2.924924E+0,6.074010E-1,2.987326E+0
36.940210,2.627956E+0,3.963934E-1,2.657683E+0
37.153468,2.353828E+0,2.234892E-1,2.364414E+0
37.367957,2.124811E+0,2.761310E-1,2.142678E+0
37.583685,1.915747E+0,3.166347E-1,1.941737E+0
37.800658,1.725134E+0,3.467703E-1,1.759641E+0
38.018883,1.551555E+0,3.680934E-1,1.594621E+0
38.238368,1.510390E+0,3.512011E-1,1.550684E+0
38.459121,1.470285E+0,3.349537E-1,1.507956E+0
38.681148,1.431216E+0,3.193284E-1,1.466407E+0
38.904456,1.393155E+0,3.043037E-1,1.426002E+0
39.129054,1.340506E+0,2.643800E-1,1.366328E+0
39.354948,1.289293E+0,2.271603E-1,1.309152E+0
39.582147,1.239507E+0,1.925027E-1,1.254366E+0
39.810657,1.191141E+0,1.602717E-1,1.201875E+0
40.040486,1.121123E+0,1.668054E-1,1.133464E+0
40.271643,1.055010E+0,1.720453E-1,1.068946E+0
40.504133,9.925970E-1,1.761167E-1,1.008100E+0
40.737966,9.336890E-1,1.791349E-1,9.507179E-1
40.973149,8.960346E-1,1.927429E-1,9.165303E-1
41.209689,8.594502E-1,2.050480E-1,8.835719E-1
41.447595,8.239254E-1,2.161203E-1,8.517987E-1
41.686875,7.894484E-1,2.260273E-1,8.211681E-1
41.927536,7.649718E-1,2.223303E-1,7.966258E-1
42.169586,7.412413E-1,2.186489E-1,7.728169E-1
42.413033,7.182349E-1,2.149855E-1,7.497200E-1
42.657886,6.959303E-1,2.113425E-1,7.273133E-1
42.904153,6.706403E-1,2.044059E-1,7.010993E-1
43.151841,6.462689E-1,1.976946E-1,6.758303E-1
43.400959,6.227821E-1,1.912014E-1,6.514718E-1
43.651516,6.001478E-1,1.849191E-1,6.279908E-1
43.903519,5.836245E-1,1.884485E-1,6.132947E-1
44.156976,5.674430E-1,1.916782E-1,5.989425E-1
44.411897,5.515994E-1,1.946197E-1,5.849263E-1
44.668290,5.360893E-1,1.972843E-1,5.712380E-1
44.926163,5.053757E-1,2.436736E-1,5.610538E-1
45.185524,4.709540E-1,2.861122E-1,5.510516E-1
45.446383,4.332812E-1,3.243372E-1,5.412275E-1
45.708748,3.928298E-1,3.581348E-1,5.315786E-1
45.972627,4.243782E-1,3.958134E-1,5.803147E-1
46.238030,4.583500E-1,4.373350E-1,6.335192E-1
46.504965,4.949191E-1,4.830815E-1,6.916015E-1
46.773441,5.342713E-1,5.334724E-1,7.550090E-1
47.043467,5.922943E-1,4.870531E-1,7.668333E-1
47.315051,6.464120E-1,4.344507E-1,7.788427E-1
47.588204,6.959768E-1,3.759796E-1,7.910401E-1
47.862934,7.403649E-1,3.120212E-1,8.034285E-1
48.139249,7.356301E-1,2.961803E-1,7.930160E-1
48.417160,7.307058E-1,2.806222E-1,7.827386E-1
48.696675,7.255989E-1,2.653456E-1,7.725944E-1
48.977804,7.203165E-1,2.503503E-1,7.625819E-1
49.260556,7.100304E-1,2.352059E-1,7.479739E-1
49.544940,6.997257E-1,2.205006E-1,7.336461E-1
49.830966,6.894086E-1,2.062263E-1,7.195926E-1
50.118643,6.790851E-1,1.923746E-1,7.058077E-1
50.407981,6.810730E-1,1.742100E-1,7.030004E-1
50.698990,6.825882E-1,1.560730E-1,7.002039E-1
50.991678,6.836341E-1,1.379753E-1,6.974186E-1
51.286056,6.842137E-1,1.199288E-1,6.946447E-1
51.582133,6.815017E-1,1.017806E-1,6.890601E-1
51.879920,6.783574E-1,8.385195E-2,6.835202E-1
52.179426,6.747903E-1,6.615190E-2,6.780251E-1
52.480661,6.708094E-1,4.868922E-2,6.725741E-1
52.783635,6.644593E-1,1.754892E-2,6.646910E-1
53.088358,6.567739E-1,-1.290488E-2,6.569007E-1
53.394841,6.478008E-1,-4.262017E-2,6.492013E-1
53.703092,6.375905E-1,-7.154782E-2,6.415923E-1
54.013124,6.311966E-1,-9.818886E-2,6.387881E-1
54.324945,6.237074E-1,-1.244185E-1,6.359960E-1
54.638566,6.151465E-1,-1.501925E-1,6.332164E-1
54.953998,6.055380E-1,-1.754677E-1,6.304484E-1
55.271250,5.779868E-1,-2.224925E-1,6.193316E-1
55.590335,5.470790E-1,-2.662107E-1,6.084107E-1
55.911261,5.131632E-1,-3.064112E-1,5.976824E-1
56.234040,4.765978E-1,-3.429163E-1,5.871431E-1
56.558683,4.126746E-1,-4.037073E-1,5.773040E-1
56.885199,3.415605E-1,-4.533651E-1,5.676297E-1
57.213601,2.650998E-1,-4.911388E-1,5.581176E-1
57.543899,1.851965E-1,-5.165707E-1,5.487650E-1
57.876103,8.830880E-2,-5.522620E-1,5.592779E-1
58.210225,-1.545295E-2,-5.697829E-1,5.699924E-1
58.546276,-1.226814E-1,-5.678099E-1,5.809120E-1
58.884268,-2.297144E-1,-5.456590E-1,5.920409E-1
59.224210,-4.117000E-1,-3.490135E-1,5.397289E-1
59.566115,-4.786263E-1,-1.141023E-1,4.920391E-1
59.909994,-4.362211E-1,1.044992E-1,4.485632E-1
60.255858,-3.116367E-1,2.647741E-1,4.089288E-1
60.603719,-6.063062E-1,3.100211E-1,6.809701E-1
60.953588,-1.101198E+0,2.707204E-1,1.133987E+0
61.305476,-1.888292E+0,1.785183E-2,1.888376E+0
61.659397,-3.067346E+0,-6.928588E-1,3.144625E+0
62.015360,-2.468553E+0,3.547159E-1,2.493908E+0
62.373378,-1.728475E+0,9.613713E-1,1.977842E+0
62.733464,-1.008503E+0,1.201385E+0,1.568568E+0
63.095628,-4.071823E-1,1.175456E+0,1.243983E+0
63.459883,-1.940137E-1,1.292670E+0,1.307148E+0
63.826240,4.877181E-2,1.372655E+0,1.373521E+0
64.194713,3.149739E-1,1.408475E+0,1.443264E+0
64.565313,5.968505E-1,1.394161E+0,1.516547E+0
64.938053,8.143490E-1,1.192277E+0,1.443845E+0
65.312944,9.803134E-1,9.636348E-1,1.374630E+0
65.690000,1.093211E+0,7.194914E-1,1.308732E+0
66.069232,1.153685E+0,4.706467E-1,1.245993E+0
66.450654,1.078423E+0,3.024743E-1,1.120039E+0
66.834277,9.940282E-1,1.599698E-1,1.006818E+0
67.220116,9.040981E-1,4.132197E-2,9.050419E-1
67.608181,8.116618E-1,-5.545440E-2,8.135540E-1
67.998488,7.198618E-1,-4.970998E-2,7.215761E-1
68.391047,6.384445E-1,-4.455561E-2,6.399973E-1
68.785873,5.662349E-1,-3.993130E-2,5.676411E-1
69.182978,5.021926E-1,-3.578313E-2,5.034658E-1
69.582375,4.516886E-1,-3.931993E-2,4.533968E-1
69.984078,4.061629E-1,-4.179064E-2,4.083072E-1
70.388101,3.651348E-1,-4.337177E-2,3.677017E-1
70.794455,3.281689E-1,-4.421549E-2,3.311342E-1
71.203156,3.206459E-1,-4.285846E-2,3.234975E-1
71.614216,3.132949E-1,-4.154045E-2,3.160369E-1
72.027650,3.061122E-1,-4.026040E-2,3.087484E-1
72.443470,2.990940E-1,-3.901728E-2,3.016282E-1
72.861690,2.966867E-1,-3.148758E-2,2.983529E-1
73.282325,2.941275E-1,-2.409889E-2,2.951131E-1
73.705388,2.914216E-1,-1.685325E-2,2.919085E-1
74.130894,2.885738E-1,-9.752532E-3,2.887385E-1
74.558856,2.792655E-1,-5.060145E-3,2.793113E-1
74.989289,2.701909E-1,-6.625707E-4,2.701917E-1
75.422207,2.613472E-1,3.453391E-3,2.613700E-1
75.857624,2.527307E-1,7.300464E-3,2.528361E-1
76.295554,2.515388E-1,5.336941E-3,2.515954E-1
76.736013,2.503379E-1,3.392201E-3,2.503609E-1
77.179015,2.491281E-1,1.466219E-3,2.491324E-1
77.624574,2.479093E-1,-4.410303E-4,2.479097E-1
78.072705,1.094153E-1,2.487421E-2,1.122071E-1
78.523424,4.575574E-2,2.203799E-2,5.078642E-2
78.976744,1.795768E-2,1.434941E-2,2.298660E-2
79.432682,6.471411E-3,8.146456E-3,1.040403E-2
79.891252,1.773381E-2,1.557979E-2,2.360546E-2
80.352469,4.587721E-2,2.763562E-2,5.355787E-2
80.816348,1.135757E-1,4.320586E-2,1.215162E-1
81.282906,2.710083E-1,5.067430E-2,2.757052E-1
81.752157,2.517543E-1,3.372272E-2,2.540029E-1
82.224117,2.332329E-1,1.904287E-2,2.340090E-1
82.698802,2.154932E-1,6.418259E-3,2.155888E-1
83.176227,1.985710E-1,-4.352634E-3,1.986187E-1
83.656409,2.073577E-1,-4.986241E-3,2.074176E-1
84.139362,2.165324E-1,-5.667423E-3,2.166066E-1
84.625104,2.261119E-1,-6.399144E-3,2.262024E-1
85.113650,2.361144E-1,-7.184551E-3,2.362237E-1
85.605016,2.427861E-1,-5.747304E-3,2.428541E-1
86.099219,2.496350E-1,-4.223446E-3,2.496707E-1
86.596275,2.566653E-1,-2.609315E-3,2.566786E-1
87.096201,2.638817E-1,-9.011220E-4,2.638832E-1
87.599012,2.628347E-1,-2.639740E-2,2.641570E-1
88.104727,2.593276E-1,-5.169974E-2,2.644308E-1
88.613361,2.533882E-1,-7.657112E-2,2.647050E-1
89.124931,2.450674E-1,-1.007781E-1,2.649797E-1
89.639454,2.261581E-1,-1.495992E-1,2.711594E-1
90.156948,1.975276E-1,-1.948839E-1,2.774831E-1
90.677430,1.598350E-1,-2.346973E-1,2.839543E-1
91.200916,1.141241E-1,-2.672270E-1,2.905763E-1
91.727425,-2.342963E-3,-2.457185E-1,2.457297E-1
92.256973,-8.524470E-2,-1.895153E-1,2.078045E-1
92.789578,-1.303698E-1,-1.178375E-1,1.757326E-1
93.325258,-1.409825E-1,-4.700107E-2,1.486108E-1
93.864030,-1.272356E-1,2.999479E-2,1.307233E-1
94.405913,-8.135603E-2,8.126281E-2,1.149889E-1
94.950924,-2.332162E-2,9.842299E-2,1.011483E-1
95.499081,2.804279E-2,8.443882E-2,8.897366E-2
96.050403,5.213354E-2,8.780982E-2,1.021199E-1
96.604908,7.997234E-2,8.568697E-2,1.172085E-1
97.162614,1.106678E-1,7.648550E-2,1.345266E-1
97.723540,1.428317E-1,5.864700E-2,1.544033E-1
98.287704,1.409644E-1,4.376062E-2,1.476007E-1
98.855125,1.379270E-1,2.974391E-2,1.410977E-1
99.425821,1.338491E-1,1.665425E-2,1.348812E-1
99.999813,1.288588E-1,4.535339E-3,1.289386E-1
100.577118,1.258917E-1,9.804961E-4,1.258955E-1
101.157755,1.229008E-1,-2.409802E-3,1.229244E-1
101.741745,1.198908E-1,-5.638857E-3,1.200233E-1
102.329106,1.168665E-1,-8.710017E-3,1.171906E-1
102.919859,1.139662E-1,-8.117134E-3,1.142549E-1
103.514021,1.111367E-1,-7.548406E-3,1.113927E-1
104.111614,1.083763E-1,-7.002999E-3,1.086023E-1
104.712657,1.056833E-1,-6.480102E-3,1.058818E-1
105.317169,1.033500E-1,-4.688297E-3,1.034563E-1
105.925171,1.010426E-1,-2.974022E-3,1.010864E-1
106.536684,9.876172E-2,-1.335090E-3,9.877074E-2
107.151727,9.650795E-2,2.306445E-4,9.650823E-2
107.770320,9.624507E-2,-7.224426E-4,9.624778E-2
108.392485,9.597351E-2,-1.670317E-3,9.598804E-2
109.018241,9.569333E-2,-2.612907E-3,9.572900E-2
109.647610,9.540467E-2,-3.550143E-3,9.547070E-2
110.280612,9.487440E-2,-3.875561E-3,9.495352E-2
110.917269,9.434582E-2,-4.197299E-3,9.443914E-2
111.557601,9.381895E-2,-4.515381E-3,9.392755E-2
112.201630,9.329374E-2,-4.829830E-3,9.341868E-2
112.849377,9.384297E-2,-3.956861E-3,9.392635E-2
113.500863,9.438674E-2,-3.073895E-3,9.443678E-2
114.156110,9.492494E-2,-2.180932E-3,9.494999E-2
114.815141,9.545736E-2,-1.277970E-3,9.546591E-2
115.477975,9.513770E-2,-2.819571E-3,9.517947E-2
116.144637,9.479414E-2,-4.351168E-3,9.489395E-2
116.815147,9.442683E-2,-5.872407E-3,9.460926E-2
117.489528,9.403606E-2,-7.382934E-3,9.432544E-2
118.167802,9.425183E-2,-8.902593E-3,9.467135E-2
118.849992,9.444423E-2,-1.043106E-2,9.501852E-2
119.536120,9.461303E-2,-1.196800E-2,9.536697E-2
120.226209,9.475805E-2,-1.351306E-2,9.571672E-2
120.920282,9.381230E-2,-1.532547E-2,9.505587E-2
121.618363,9.283675E-2,-1.710595E-2,9.439955E-2
122.320473,9.183230E-2,-1.885412E-2,9.374780E-2
123.026636,9.079973E-2,-2.056963E-2,9.310049E-2
123.736876,9.065311E-2,-2.153642E-2,9.317620E-2
124.451217,9.049623E-2,-2.250241E-2,9.325195E-2
125.169681,9.032910E-2,-2.346750E-2,9.332776E-2
125.892294,9.015183E-2,-2.443159E-2,9.340372E-2
126.619077,9.169020E-2,-2.562366E-2,9.520328E-2
127.350057,9.324859E-2,-2.685099E-2,9.703749E-2
128.085257,9.482716E-2,-2.811440E-2,9.890708E-2
128.824701,9.642597E-2,-2.941475E-2,1.008127E-1
129.568413,9.747706E-2,-3.413125E-2,1.032798E-1
130.316420,9.835626E-2,-3.900301E-2,1.058073E-1
131.068744,9.905307E-2,-4.402652E-2,1.083967E-1
131.825412,9.955682E-2,-4.919782E-2,1.110495E-1
132.586448,9.742473E-2,-5.589411E-2,1.123198E-1
133.351878,9.485348E-2,-6.252064E-2,1.136046E-1
134.121726,9.184314E-2,-6.904925E-2,1.149041E-1
134.896019,8.839582E-2,-7.545148E-2,1.162185E-1
135.674782,8.138265E-2,-8.243074E-2,1.158359E-1
136.458041,7.382573E-2,-8.876671E-2,1.154546E-1
137.245821,6.578340E-2,-9.441765E-2,1.150745E-1
138.038150,5.731710E-2,-9.934707E-2,1.146956E-1
138.835052,5.260696E-2,-1.073072E-1,1.195087E-1
139.636556,4.715111E-2,-1.152514E-1,1.245235E-1
140.442686,4.092113E-2,-1.231270E-1,1.297490E-1
141.253470,3.389127E-2,-1.308766E-1,1.351936E-1
142.068935,1.278123E-2,-1.393557E-1,1.399406E-1
142.889108,-1.019920E-2,-1.444948E-1,1.448543E-1
143.714015,-3.453299E-2,-1.459098E-1,1.499406E-1
144.543685,-5.962779E-2,-1.432943E-1,1.552054E-1
145.378144,-8.168600E-2,-1.116696E-1,1.383572E-1
146.217421,-9.417368E-2,-7.964645E-2,1.233379E-1
147.061543,-9.828524E-2,-4.928287E-2,1.099490E-1
147.910538,-9.548675E-2,-2.211211E-2,9.801360E-2
148.764435,-8.498006E-2,-3.469809E-3,8.505087E-2
149.623261,-7.301791E-2,1.073291E-2,7.380251E-2
150.487045,-6.053004E-2,2.091571E-2,6.404180E-2
151.355816,-4.824162E-2,2.758617E-2,5.557203E-2
152.229602,-5.117091E-2,3.817829E-2,6.384390E-2
153.108433,-5.303597E-2,5.066528E-2,7.334702E-2
153.992337,-5.342347E-2,6.516491E-2,8.426466E-2
154.881344,-5.184575E-2,8.175389E-2,9.680744E-2
155.775484,-6.475292E-2,9.270065E-2,1.130767E-1
156.674785,-8.038385E-2,1.048027E-1,1.320802E-1
157.579278,-9.925334E-2,1.181113E-1,1.542774E-1
158.488993,-1.219646E-1,1.326590E-1,1.802048E-1
159.403960,-1.034178E-1,2.105033E-1,2.345355E-1
160.324208,-5.160820E-2,3.008521E-1,3.052464E-1
161.249770,4.632834E-2,3.945656E-1,3.972761E-1
162.180674,2.030858E-1,4.754996E-1,5.170529E-1
163.116953,4.084647E-1,4.437295E-1,6.031080E-1
164.058637,6.219083E-1,3.288190E-1,7.034855E-1
165.005758,8.118430E-1,1.193540E-1,8.205696E-1
165.958346,9.391071E-1,-1.849187E-1,9.571400E-1
166.916434,8.662125E-1,-4.246376E-1,9.646975E-1
167.880052,7.328030E-1,-6.390578E-1,9.723143E-1
168.849234,5.470620E-1,-8.130847E-1,9.799916E-1
169.824011,3.208879E-1,-9.341525E-1,9.877297E-1
170.804415,1.195021E-1,-9.192275E-1,9.269628E-1
171.790479,-6.286179E-2,-8.676604E-1,8.699346E-1
172.782236,-2.208497E-1,-7.859758E-1,8.164144E-1
173.779719,-3.507646E-1,-6.811804E-1,7.661870E-1
174.782960,-5.218102E-1,-5.198611E-1,7.365741E-1
175.791992,-6.307522E-1,-3.218166E-1,7.081061E-1
176.806850,-6.720389E-1,-1.084801E-1,6.807380E-1
177.827567,-6.469115E-1,9.889959E-2,6.544277E-1
178.854176,-4.275782E-1,1.569504E-1,4.554740E-1
179.886712,-2.699400E-1,1.662053E-1,3.170044E-1
180.925209,-1.611344E-1,1.507111E-1,2.206312E-1
181.969701,-8.906136E-2,1.250907E-1,1.535565E-1
183.020223,-8.780570E-2,1.298591E-1,1.567585E-1
184.076810,-8.640663E-2,1.346943E-1,1.600271E-1
185.139497,-8.485951E-2,1.395945E-1,1.633639E-1
186.208318,-8.315961E-2,1.445571E-1,1.667701E-1
187.283310,2.935972E-2,1.307330E-1,1.339892E-1
188.364508,8.842535E-2,6.139936E-2,1.076519E-1
189.451948,8.569260E-2,-1.172809E-2,8.649144E-2
190.545665,4.433108E-2,-5.351318E-2,6.949032E-2
191.645697,4.700670E-2,-6.826721E-2,8.288572E-2
192.752079,4.862461E-2,-8.607902E-2,9.886329E-2
193.864849,4.866236E-2,-1.074118E-1,1.179208E-1
194.984042,4.645034E-2,-1.327606E-1,1.406521E-1
196.109697,2.309071E-2,-1.695154E-1,1.710808E-1
197.241850,-1.368323E-2,-2.076422E-1,2.080926E-1
198.380539,-6.677793E-2,-2.441437E-1,2.531115E-1
199.525802,-1.389286E-1,-2.747410E-1,3.078697E-1
200.677677,-1.681610E-1,-2.204899E-1,2.772975E-1
201.836201,-1.851383E-1,-1.676441E-1,2.497614E-1
203.001414,-1.914932E-1,-1.180555E-1,2.249594E-1
204.173353,-1.889762E-1,-7.309650E-2,2.026206E-1
205.352059,-1.615727E-1,-8.892490E-2,1.844272E-1
206.537568,-1.349280E-1,-9.986924E-2,1.678673E-1
207.729922,-1.095620E-1,-1.065002E-1,1.527944E-1
208.929160,-8.587407E-2,-1.093958E-1,1.390748E-1
210.135321,-1.115909E-1,-6.078490E-2,1.270722E-1
211.348445,-1.156114E-1,-1.069790E-2,1.161053E-1
212.568572,-1.008904E-1,3.278955E-2,1.060850E-1
213.795743,-7.282506E-2,6.396748E-2,9.692950E-2
215.029999,-8.325429E-2,7.744427E-2,1.137053E-1
216.271380,-9.503265E-2,9.359600E-2,1.333845E-1
217.519928,-1.083036E-1,1.129295E-1,1.564696E-1
218.775684,-1.232182E-1,1.360438E-1,1.835501E-1
220.038689,-8.543529E-2,1.682242E-1,1.886758E-1
221.308986,-3.926650E-2,1.899280E-1,1.939446E-1
222.586616,1.238761E-2,1.989754E-1,1.993606E-1
223.871622,6.606115E-2,1.939879E-1,2.049277E-1
225.164046,8.299510E-2,1.718898E-1,1.908777E-1
226.463932,9.615482E-2,1.495455E-1,1.777909E-1
227.771322,1.057972E-1,1.274000E-1,1.656014E-1
229.086260,1.122103E-1,1.058359E-1,1.542478E-1
230.408789,1.159404E-1,8.911555E-2,1.462319E-1
231.738953,1.178628E-1,7.298861E-2,1.386325E-1
233.076796,1.181368E-1,5.759398E-2,1.314282E-1
234.422362,1.169256E-1,4.304736E-2,1.245980E-1
235.775697,1.803719E-1,-5.258328E-2,1.878803E-1
237.136844,1.716101E-1,-2.254120E-1,2.833030E-1
238.505849,6.099603E-3,-4.271465E-1,4.271900E-1
239.882758,-3.754025E-1,-5.234603E-1,6.441566E-1
241.267616,-1.717350E-1,-3.092845E-1,3.537652E-1
242.660469,-7.415341E-2,-1.795770E-1,1.942849E-1
244.061362,-2.911111E-2,-1.026516E-1,1.066996E-1
245.470343,-9.397453E-3,-5.783997E-2,5.859842E-2
246.887458,-1.113866E-2,-4.376868E-2,4.516378E-2
248.312755,-1.152088E-2,-3.284744E-2,3.480927E-2
249.746279,-1.107342E-2,-2.443681E-2,2.682868E-2
251.188080,-1.015931E-2,-1.800996E-2,2.067777E-2
252.638204,-9.466605E-3,-1.622257E-2,1.878266E-2
254.096699,-8.813692E-3,-1.460838E-2,1.706124E-2
255.563615,-8.199228E-3,-1.315097E-2,1.549759E-2
257.038999,-7.621772E-3,-1.183543E-2,1.407724E-2
258.522901,-1.001227E-2,-1.036328E-2,1.440983E-2
260.015369,-1.211883E-2,-8.408574E-3,1.475026E-2
261.516454,-1.384412E-2,-6.025984E-3,1.509875E-2
263.026204,-1.510127E-2,-3.289824E-3,1.545546E-2
264.544671,-1.613081E-2,-1.127619E-3,1.617017E-2
266.071903,-1.687049E-2,1.266259E-3,1.691794E-2
267.607952,-1.727511E-2,3.856258E-3,1.770029E-2
269.152869,-1.730326E-2,6.598744E-3,1.851881E-2
270.706705,-1.549912E-2,9.858044E-3,1.836855E-2
272.269511,-1.309693E-2,1.266575E-2,1.821952E-2
273.841340,-1.020357E-2,1.491553E-2,1.807169E-2
275.422242,-6.944076E-3,1.652535E-2,1.792505E-2
277.012272,-5.863494E-3,1.650985E-2,1.752015E-2
278.611480,-4.809865E-3,1.643502E-2,1.712439E-2
280.219921,-3.785817E-3,1.630380E-2,1.673757E-2
281.837648,-2.793750E-3,1.611916E-2,1.635947E-2
283.464714,-3.110917E-3,1.619297E-2,1.648909E-2
285.101173,-3.431895E-3,1.626154E-2,1.661973E-2
286.747079,-3.756620E-3,1.632475E-2,1.675141E-2
288.402487,-4.085022E-3,1.638250E-2,1.688413E-2
290.067453,-6.099927E-3,1.872078E-2,1.968951E-2
291.742030,-8.636171E-3,2.127499E-2,2.296102E-2
293.426274,-1.179663E-2,2.403748E-2,2.677613E-2
295.120242,-1.570033E-2,2.699087E-2,3.122511E-2
296.823989,-1.520126E-2,3.074108E-2,3.429420E-2
298.537572,-1.437610E-2,3.481346E-2,3.766496E-2
300.261047,-1.316972E-2,3.921465E-2,4.136702E-2
301.994472,-1.152119E-2,4.394790E-2,4.543298E-2
303.737905,-1.197922E-2,5.453802E-2,5.583814E-2
305.491402,-1.201900E-2,6.756563E-2,6.862631E-2
307.255023,-1.142484E-2,8.356594E-2,8.434331E-2
309.028824,-9.905493E-3,1.031854E-1,1.036598E-1
310.812867,2.526598E-3,1.049456E-1,1.049760E-1
312.607208,1.523935E-2,1.052111E-1,1.063090E-1
314.411909,2.805341E-2,1.039396E-1,1.076589E-1
316.227028,4.078329E-2,1.011107E-1,1.090259E-1
318.052625,4.345129E-2,9.779544E-2,1.070138E-1
319.888762,4.595553E-2,9.445243E-2,1.050389E-1
321.735500,4.829816E-2,9.108771E-2,1.031004E-1
323.592898,5.048154E-2,8.770736E-2,1.011977E-1
325.461020,4.747234E-2,8.859555E-2,1.005127E-1
327.339926,4.445810E-2,8.938663E-2,9.983232E-2
329.229679,4.144179E-2,9.008108E-2,9.915656E-2
331.130342,3.842639E-2,9.067960E-2,9.848542E-2
333.041978,2.530703E-2,9.464787E-2,9.797278E-2
334.964649,1.183374E-2,9.674172E-2,9.746280E-2
336.898420,-1.728854E-3,9.694006E-2,9.695548E-2
338.843355,-1.511707E-2,9.525870E-2,9.645074E-2
340.799519,-1.089906E-2,1.160974E-1,1.166079E-1
342.766975,-4.204187E-3,1.409148E-1,1.409775E-1
344.745790,5.785684E-3,1.703419E-1,1.704401E-1
346.736028,2.010618E-2,2.050768E-1,2.060601E-1
348.737756,3.606964E-2,1.661578E-1,1.700277E-1
350.751040,4.543518E-2,1.327351E-1,1.402960E-1
352.775947,4.991821E-2,1.044476E-1,1.157632E-1
354.812544,5.089017E-2,8.083545E-2,9.552057E-2
356.860899,3.408322E-2,7.276307E-2,8.035005E-2
358.921078,2.089230E-2,6.427886E-2,6.758890E-2
360.993151,1.076259E-2,5.582651E-2,5.685449E-2
363.077187,3.184895E-3,4.771870E-2,4.782487E-2
365.173253,-9.977289E-4,4.942378E-2,4.943385E-2
367.281421,-5.457618E-3,5.080464E-2,5.109694E-2
369.401759,-1.017396E-2,5.182684E-2,5.281601E-2
371.534338,-1.512228E-2,5.245665E-2,5.459289E-2
373.679228,-3.897604E-4,4.571456E-2,4.571622E-2
375.836501,9.975640E-3,3.696033E-2,3.828289E-2
378.006228,1.636569E-2,2.756613E-2,3.205819E-2
380.188480,1.940522E-2,1.855058E-2,2.684561E-2
382.383332,2.446621E-2,5.892784E-4,2.447331E-2
384.590854,1.685064E-2,-1.462257E-2,2.231062E-2
386.811120,2.379663E-3,-2.019937E-2,2.033906E-2
389.044204,-1.079654E-2,-1.507414E-2,1.854171E-2
391.290180,-2.049206E-2,-1.441858E-2,2.505634E-2
393.549122,-3.256879E-2,-9.260962E-3,3.385988E-2
395.821105,-4.567673E-2,2.701390E-3,4.575654E-2
398.106204,-5.706734E-2,2.380435E-2,6.183307E-2
400.404495,-6.742592E-2,4.679874E-2,8.207543E-2
402.716055,-7.445996E-2,7.952754E-2,1.089446E-1
405.040959,-7.446630E-2,1.239628E-1,1.446098E-1
407.379285,-6.208947E-2,1.816317E-1,1.919510E-1
409.731111,-2.223383E-2,1.327882E-1,1.346367E-1
412.096513,-2.275436E-4,9.443550E-2,9.443577E-2
414.475571,1.062362E-2,6.538089E-2,6.623837E-2
416.868364,1.481627E-2,4.403459E-2,4.646038E-2
419.274970,1.740391E-2,4.739394E-2,5.048843E-2
421.695470,2.031472E-2,5.096624E-2,5.486570E-2
424.129944,2.358291E-2,5.476028E-2,5.962249E-2
426.578472,2.724593E-2,5.878454E-2,6.479169E-2
429.041135,1.943919E-2,5.397717E-2,5.737087E-2
431.518015,1.292909E-2,4.912715E-2,5.079998E-2
434.009195,7.565954E-3,4.434083E-2,4.498169E-2
436.514757,3.209477E-3,3.970026E-2,3.982978E-2
439.034783,2.289210E-3,3.991099E-2,3.997659E-2
441.569357,1.360860E-3,4.010085E-2,4.012393E-2
444.118564,4.248896E-4,4.026958E-2,4.027182E-2
446.682487,-5.182013E-4,4.041693E-2,4.042025E-2
449.261212,-2.267739E-2,3.646017E-2,4.293726E-2
451.854825,-4.064935E-2,2.068797E-2,4.561098E-2
454.463410,-4.832276E-2,-3.525588E-3,4.845120E-2
457.087055,-4.199537E-2,-2.975522E-2,5.146828E-2
459.725846,-9.706946E-2,-1.634777E-2,9.843642E-2
462.379871,-1.807911E-1,5.252338E-2,1.882661E-1
465.049218,-2.677576E-1,2.407425E-1,3.600709E-1
467.733976,-2.611144E-1,6.372369E-1,6.886593E-1
470.434232,7.219173E-2,3.225659E-1,3.305456E-1
473.150078,1.169968E-1,1.071620E-1,1.586567E-1
475.881602,7.548536E-2,1.005949E-2,7.615269E-2
478.628895,3.247897E-2,-1.676812E-2,3.655206E-2
481.392049,4.317529E-2,8.728122E-3,4.404868E-2
484.171154,3.400477E-2,4.076099E-2,5.308279E-2
486.966304,1.229874E-3,6.395788E-2,6.396970E-2
489.777590,-4.707109E-2,6.105004E-2,7.708953E-2
492.605106,-3.787445E-2,5.281296E-2,6.498987E-2
495.448945,-3.036673E-2,4.560406E-2,5.478931E-2
498.309202,-2.425194E-2,3.931082E-2,4.618980E-2
501.185971,-1.928397E-2,3.382979E-2,3.894003E-2
504.079348,-2.124639E-2,2.534576E-2,3.307290E-2
506.989429,-2.159950E-2,1.795821E-2,2.808978E-2
509.916309,-2.077403E-2,1.173106E-2,2.385745E-2
512.860087,-1.913970E-2,6.652380E-3,2.026283E-2
515.820860,-1.391304E-2,1.277815E-2,1.889057E-2
518.798725,-7.173064E-3,1.608425E-2,1.761124E-2
521.793781,-1.822388E-4,1.641755E-2,1.641856E-2
524.806128,5.922549E-3,1.411443E-2,1.530666E-2
527.835866,-4.197621E-3,2.043374E-2,2.086044E-2
530.883094,-2.044361E-2,1.975564E-2,2.842932E-2
533.947915,-3.819653E-2,6.493104E-3,3.874449E-2
537.030429,-4.796193E-2,-2.208469E-2,5.280228E-2
540.130738,-3.291074E-2,4.580361E-3,3.322795E-2
543.248945,-1.588329E-2,1.359961E-2,2.091000E-2
546.385154,-3.799163E-3,1.259807E-2,1.315846E-2
549.539469,2.263782E-3,7.965030E-3,8.280484E-3
552.711994,4.903014E-3,7.055192E-3,8.591582E-3
555.902834,7.187002E-3,5.273803E-3,8.914370E-3
559.112094,8.828947E-3,2.756618E-3,9.249284E-3
562.339883,9.593079E-3,-2.665752E-4,9.596782E-3
565.586305,8.087305E-3,5.230294E-3,9.631224E-3
568.851469,3.718324E-3,8.921975E-3,9.665794E-3
572.135483,-1.993526E-3,9.493431E-3,9.700483E-3
575.438456,-7.043337E-3,6.720684E-3,9.735306E-3
578.760497,-3.655822E-3,6.873486E-3,7.785232E-3
582.101716,-1.045950E-3,6.137286E-3,6.225776E-3
585.462225,7.499742E-4,4.921882E-3,4.978693E-3
588.842134,1.807485E-3,3.547487E-3,3.981415E-3
592.241555,2.554929E-3,4.514457E-3,5.187291E-3
595.660602,3.582955E-3,5.730477E-3,6.758397E-3
599.099386,4.990391E-3,7.254670E-3,8.805353E-3
602.558024,6.909250E-3,9.158364E-3,1.147229E-2
606.036628,8.232502E-3,1.210083E-2,1.463572E-2
609.535314,9.735035E-3,1.593273E-2,1.867144E-2
613.054198,1.141051E-2,2.090915E-2,2.382000E-2
616.593397,1.323500E-2,2.735477E-2,3.038830E-2
620.153028,2.824333E-3,2.208987E-2,2.226969E-2
623.733209,-3.182990E-3,1.600667E-2,1.632008E-2
627.334059,-5.940110E-3,1.038056E-2,1.195997E-2
630.955697,-6.545353E-3,5.829123E-3,8.764720E-3
634.598242,-6.121839E-3,7.916192E-3,1.000715E-2
638.261816,-5.208337E-3,1.016955E-2,1.142570E-2
641.946541,-3.710011E-3,1.250665E-2,1.304532E-2
645.652537,-1.537774E-3,1.481494E-2,1.489454E-2
649.379928,-4.975357E-3,1.308819E-2,1.400196E-2
653.128838,-7.681391E-3,1.068912E-2,1.316287E-2
656.899390,-9.560419E-3,7.855942E-3,1.237406E-2
660.691710,-1.058324E-2,4.828117E-3,1.163253E-2
664.505924,-1.421042E-2,3.200425E-3,1.456636E-2
668.342157,-1.823808E-2,2.743264E-4,1.824014E-2
672.200537,-2.242322E-2,-4.345928E-3,2.284049E-2
676.081191,-2.636645E-2,-1.108299E-2,2.860109E-2
679.984249,-2.604688E-2,-1.254147E-2,2.890897E-2
683.909839,-2.564940E-2,-1.399734E-2,2.922015E-2
687.858092,-2.517341E-2,-1.544658E-2,2.953468E-2
691.829139,-2.461854E-2,-1.688511E-2,2.985263E-2
695.823110,-3.047715E-2,-7.225399E-3,3.132193E-2
699.840139,-3.256179E-2,4.443391E-3,3.286356E-2
703.880359,-3.019322E-2,1.665271E-2,3.448106E-2
707.943903,-2.326157E-2,2.770852E-2,3.617821E-2
712.030906,-1.396680E-2,2.519575E-2,2.880794E-2
716.141504,-7.084099E-3,2.181788E-2,2.293914E-2
720.275832,-2.218285E-3,1.813076E-2,1.826596E-2
724.434028,1.024042E-3,1.450870E-2,1.454479E-2
728.616230,1.498536E-3,1.093348E-2,1.103570E-2
732.822575,1.679557E-3,8.203031E-3,8.373209E-3
737.053205,1.680499E-3,6.126787E-3,6.353078E-3
741.308258,1.577716E-3,4.554817E-3,4.820326E-3
745.587875,-2.491842E-3,6.623910E-3,7.077108E-3
749.892199,-9.028794E-3,5.142258E-3,1.039047E-2
754.221372,-1.502065E-2,-2.664167E-3,1.525509E-2
758.575538,-1.446280E-2,-1.710154E-2,2.239722E-2
762.954841,-2.384846E-2,-1.684626E-2,2.919838E-2
767.359425,-3.560863E-2,-1.345189E-2,3.806479E-2
771.789438,-4.933768E-2,-5.319065E-3,4.962357E-2
776.245025,-6.400017E-2,9.437671E-3,6.469228E-2
780.726335,-3.885461E-2,-1.142009E-2,4.049814E-2
785.233515,-1.909099E-2,-1.668153E-2,2.535230E-2
789.766716,-6.476940E-3,-1.448905E-2,1.587083E-2
794.326087,1.182271E-4,-9.934625E-3,9.935328E-3
798.911780,-6.579085E-3,-1.074970E-2,1.260319E-2
803.523946,-1.432227E-2,-7.104292E-3,1.598744E-2
808.162739,-2.017781E-2,2.037717E-3,2.028044E-2
812.828311,-2.029571E-2,1.580892E-2,2.572621E-2
817.520818,-1.526971E-2,2.122569E-2,2.614754E-2
822.240416,-8.817984E-3,2.507022E-2,2.657579E-2
826.987259,-1.425699E-3,2.697340E-2,2.701105E-2
831.761507,6.328330E-3,2.671411E-2,2.745344E-2
836.563317,2.211216E-2,2.757516E-2,3.534596E-2
841.392847,4.094500E-2,1.986051E-2,4.550750E-2
846.250259,5.858832E-2,4.881598E-4,5.859035E-2
851.135714,6.841059E-2,-3.178572E-2,7.543435E-2
856.049372,5.478310E-2,-5.901884E-2,8.052584E-2
860.991397,3.032599E-2,-8.043401E-2,8.596101E-2
865.961952,-2.486264E-3,-9.172936E-2,9.176305E-2
870.961203,-3.947219E-2,-8.965184E-2,9.795665E-2
875.989315,-3.594796E-2,-4.530839E-2,5.783689E-2
881.046454,-2.730627E-2,-2.050636E-2,3.414884E-2
886.132789,-1.866264E-2,-7.631305E-3,2.016261E-2
891.248487,-1.180080E-2,-1.569206E-3,1.190468E-2
896.393719,-1.026195E-2,7.084624E-3,1.246994E-2
901.568654,-2.979366E-3,1.271773E-2,1.306205E-2
906.773465,6.635378E-3,1.196563E-2,1.368227E-2
912.008323,1.356771E-2,4.617576E-3,1.433195E-2
917.273403,1.373396E-2,1.402689E-3,1.380540E-2
922.568878,1.319531E-2,-1.651084E-3,1.329821E-2
927.894924,1.202978E-2,-4.401292E-3,1.280964E-2
933.251717,1.034139E-2,-6.731070E-3,1.233903E-2
938.639436,1.547808E-2,-2.967823E-3,1.576004E-2
944.058259,1.973583E-2,3.961829E-3,2.012956E-2
949.508364,2.142574E-2,1.421156E-2,2.571052E-2
954.989934,1.847650E-2,2.714785E-2,3.283880E-2
960.503149,1.579284E-2,2.119399E-2,2.643102E-2
966.048192,1.342971E-2,1.649875E-2,2.127360E-2
971.625246,1.136768E-2,1.280455E-2,1.712252E-2
977.234498,9.582264E-3,9.904953E-3,1.378143E-2
982.876132,1.305684E-2,1.182512E-2,1.761575E-2
988.550335,1.765037E-2,1.398119E-2,2.251687E-2
994.257297,2.369096E-2,1.634376E-2,2.878159E-2
999.997204,3.159457E-2,1.884770E-2,3.678930E-2
