#I+8.670000E+02
+3.000000E+00
+8.010000E+02
+8.010000E+02
+1.000000E+01
+1.000000E+00
+3.000000E+00
+0.000000E+00
+1.000000E+00
+1.000000E+00
+1.000000E+00
+1.000000E+00
+2.497000E+03
-1.092400E+04
+2.025600E+04
-1.299100E+04
-1.119200E+04
+0.000000E+00
+0.000000E+00
+0.000000E+00
+0.000000E+00
+0.000000E+00
+0.000000E+00
+0.000000E+00
+0.000000E+00
+0.000000E+00
+0.000000E+00
+0.000000E+00
+0.000000E+00
+0.000000E+00
+0.000000E+00
+0.000000E+00
+0.000000E+00
+0.000000E+00
+0.000000E+00
+0.000000E+00
+1.000000E+00
+0.000000E+00
+1.000000E+00
+0.000000E+00
+0.000000E+00
+1.000000E+00
+0.000000E+00
+1.000000E+00
+2.000000E+00
+3.000000E+00
+4.500000E+01
+4.500000E+01
+0.000000E+00
+0.000000E+00
+2.000000E+00
+0.000000E+00
+0.000000E+00
+0.000000E+00
+0.000000E+00
+0.000000E+00
+2.499999E-03
+3.990503E+00
+0.000000E+00
+0.000000E+00
+0.000000E+00
+1.000000E+00
+1.000000E+00
+0.000000E+00
+0.000000E+00
+9.9999904632568339E+00
+9.9999904632568339E+00
+1.364356E-06
+1.141633E-06
+9.552675E-07
+7.993254E-07
+6.688399E-07
+9.696559E-07
+1.405766E-06
+2.038021E-06
+2.954638E-06
+2.550185E-06
+2.201097E-06
+1.899795E-06
+1.639737E-06
+1.692657E-06
+1.747286E-06
+1.803677E-06
+1.861889E-06
+1.896683E-06
+1.932127E-06
+1.968233E-06
+2.005014E-06
+2.128629E-06
+2.259866E-06
+2.399193E-06
+2.547112E-06
+2.620935E-06
+2.696898E-06
+2.775063E-06
+2.855492E-06
+2.942710E-06
+3.032592E-06
+3.125219E-06
+3.220675E-06
+3.359733E-06
+3.504796E-06
+3.656123E-06
+3.813984E-06
+4.026748E-06
+4.251380E-06
+4.488545E-06
+4.738938E-06
+4.896404E-06
+5.059102E-06
+5.227207E-06
+5.400896E-06
+5.605790E-06
+5.818456E-06
+6.039190E-06
+6.268300E-06
+6.566816E-06
+6.879549E-06
+7.207174E-06
+7.550405E-06
+7.908997E-06
+8.284618E-06
+8.678080E-06
+9.090230E-06
+9.559835E-06
+1.005370E-05
+1.057308E-05
+1.111929E-05
+1.159911E-05
+1.209963E-05
+1.262176E-05
+1.316641E-05
+1.399624E-05
+1.487837E-05
+1.581611E-05
+1.681294E-05
+1.757331E-05
+1.836807E-05
+1.919878E-05
+2.006707E-05
+2.126641E-05
+2.253742E-05
+2.388440E-05
+2.531187E-05
+2.664365E-05
+2.804551E-05
+2.952112E-05
+3.107438E-05
+3.283098E-05
+3.468687E-05
+3.664767E-05
+3.871934E-05
+4.144557E-05
+4.436375E-05
+4.748741E-05
+5.083102E-05
+5.371550E-05
+5.676367E-05
+5.998481E-05
+6.338872E-05
+6.918305E-05
+7.550703E-05
+8.240910E-05
+8.994204E-05
+9.431556E-05
+9.890174E-05
+1.037109E-04
+1.087539E-04
+1.173758E-04
+1.266812E-04
+1.367243E-04
+1.475635E-04
+1.546560E-04
+1.620894E-04
+1.698800E-04
+1.780452E-04
+1.873331E-04
+1.971054E-04
+2.073876E-04
+2.182061E-04
+2.248748E-04
+2.317472E-04
+2.388297E-04
+2.461286E-04
+2.476309E-04
+2.491425E-04
+2.506633E-04
+2.521933E-04
+2.517813E-04
+2.513700E-04
+2.509594E-04
+2.505494E-04
+2.483802E-04
+2.462298E-04
+2.440980E-04
+2.419846E-04
+2.375861E-04
+2.332676E-04
+2.290275E-04
+2.248645E-04
+2.166699E-04
+2.087739E-04
+2.011656E-04
+1.938346E-04
+1.887401E-04
+1.837795E-04
+1.789492E-04
+1.742460E-04
+1.690077E-04
+1.639269E-04
+1.589989E-04
+1.542190E-04
+1.494947E-04
+1.449152E-04
+1.404759E-04
+1.361726E-04
+1.307050E-04
+1.254568E-04
+1.204194E-04
+1.155843E-04
+1.107960E-04
+1.062061E-04
+1.018064E-04
+9.758891E-05
+9.407302E-05
+9.068381E-05
+8.741670E-05
+8.426726E-05
+8.224045E-05
+8.026240E-05
+7.833191E-05
+7.644787E-05
+7.509072E-05
+7.375766E-05
+7.244826E-05
+7.116211E-05
+7.065643E-05
+7.015435E-05
+6.965582E-05
+6.916086E-05
+6.815536E-05
+6.716450E-05
+6.618803E-05
+6.522577E-05
+6.876315E-05
+7.249237E-05
+7.642384E-05
+8.056853E-05
+9.631665E-05
+1.151429E-04
+1.376491E-04
+1.645542E-04
+1.624075E-04
+1.602888E-04
+1.581977E-04
+1.561339E-04
+1.439090E-04
+1.326413E-04
+1.222558E-04
+1.126835E-04
+1.129134E-04
+1.131438E-04
+1.133747E-04
+1.136060E-04
+1.096572E-04
+1.058457E-04
+1.021666E-04
+9.861545E-05
+9.859755E-05
+9.857965E-05
+9.856175E-05
+9.854386E-05
+9.954392E-05
+1.005541E-04
+1.015746E-04
+1.026054E-04
+1.035775E-04
+1.045589E-04
+1.055496E-04
+1.065496E-04
+1.062099E-04
+1.058714E-04
+1.055339E-04
+1.051975E-04
+1.039227E-04
+1.026633E-04
+1.014192E-04
+1.001902E-04
+1.014785E-04
+1.027833E-04
+1.041050E-04
+1.054436E-04
+1.043957E-04
+1.033583E-04
+1.023311E-04
+1.013142E-04
+1.037560E-04
+1.062566E-04
+1.088174E-04
+1.114400E-04
+1.105917E-04
+1.097498E-04
+1.089143E-04
+1.080852E-04
+1.058550E-04
+1.036708E-04
+1.015317E-04
+9.943670E-05
+9.950693E-05
+9.957720E-05
+9.964751E-05
+9.971787E-05
+9.999998E-05
+1.002829E-04
+1.005666E-04
+1.008511E-04
+9.957496E-05
+9.831498E-05
+9.707094E-05
+9.584264E-05
+9.145676E-05
+8.727159E-05
+8.327793E-05
+7.946702E-05
+7.799771E-05
+7.655556E-05
+7.514008E-05
+7.375075E-05
+8.006752E-05
+8.692531E-05
+9.437048E-05
+1.024534E-04
+1.064865E-04
+1.106783E-04
+1.150352E-04
+1.195636E-04
+1.198543E-04
+1.201457E-04
+1.204377E-04
+1.207306E-04
+1.228275E-04
+1.249609E-04
+1.271313E-04
+1.293394E-04
+1.316152E-04
+1.339310E-04
+1.362876E-04
+1.386855E-04
+1.428064E-04
+1.470498E-04
+1.514193E-04
+1.559186E-04
+1.615366E-04
+1.673572E-04
+1.733874E-04
+1.796349E-04
+1.879364E-04
+1.966215E-04
+2.057080E-04
+2.152145E-04
+2.246511E-04
+2.345015E-04
+2.447838E-04
+2.555169E-04
+2.691686E-04
+2.835497E-04
+2.986991E-04
+3.146579E-04
+3.302183E-04
+3.465481E-04
+3.636855E-04
+3.816703E-04
+3.918312E-04
+4.022625E-04
+4.129715E-04
+4.239657E-04
+4.132614E-04
+4.028273E-04
+3.926567E-04
+3.827427E-04
+3.998747E-04
+4.177736E-04
+4.364736E-04
+4.560107E-04
+4.556258E-04
+4.552411E-04
+4.548568E-04
+4.544727E-04
+4.288679E-04
+4.047057E-04
+3.819048E-04
+3.603884E-04
+3.481625E-04
+3.363513E-04
+3.249408E-04
+3.139174E-04
+3.127203E-04
+3.115278E-04
+3.103398E-04
+3.091564E-04
+3.205375E-04
+3.323376E-04
+3.445721E-04
+3.572569E-04
+3.502318E-04
+3.433449E-04
+3.365935E-04
+3.299747E-04
+3.057512E-04
+2.833059E-04
+2.625083E-04
+2.432374E-04
+2.267096E-04
+2.113047E-04
+1.969466E-04
+1.835642E-04
+1.725210E-04
+1.621421E-04
+1.523876E-04
+1.432200E-04
+1.335196E-04
+1.244763E-04
+1.160455E-04
+1.081856E-04
+9.993184E-05
+9.230776E-05
+8.526533E-05
+7.876020E-05
+7.555394E-05
+7.247820E-05
+6.952767E-05
+6.669728E-05
+6.224110E-05
+5.808265E-05
+5.420204E-05
+5.058070E-05
+4.650169E-05
+4.275162E-05
+3.930397E-05
+3.613436E-05
+3.412228E-05
+3.222225E-05
+3.042802E-05
+2.873369E-05
+2.729935E-05
+2.593661E-05
+2.464189E-05
+2.341180E-05
+2.332692E-05
+2.324235E-05
+2.315809E-05
+2.307413E-05
+2.329036E-05
+2.350861E-05
+2.372891E-05
+2.395128E-05
+2.162797E-05
+1.953003E-05
+1.763558E-05
+1.592490E-05
+1.475667E-05
+1.367413E-05
+1.267101E-05
+1.174148E-05
+1.108901E-05
+1.047281E-05
+9.890844E-06
+9.341218E-06
+9.011386E-06
+8.693199E-06
+8.386249E-06
+8.090135E-06
+7.743501E-06
+7.411719E-06
+7.094152E-06
+6.790193E-06
+6.606659E-06
+6.428086E-06
+6.254339E-06
+6.085289E-06
+5.278635E-06
+4.578910E-06
+3.971939E-06
+3.445426E-06
+3.047893E-06
+2.696228E-06
+2.385138E-06
+2.109940E-06
+2.013626E-06
+1.921708E-06
+1.833985E-06
+1.750267E-06
+1.651893E-06
+1.559048E-06
+1.471421E-06
+1.388719E-06
+1.354111E-06
+1.320366E-06
+1.287461E-06
+1.255376E-06
+1.162238E-06
+1.076010E-06
+9.961800E-07
+9.222720E-07
+8.470413E-07
+7.779473E-07
+7.144894E-07
+6.562079E-07
+5.743279E-07
+5.026648E-07
+4.399436E-07
+3.850486E-07
+3.415090E-07
+3.028927E-07
+2.686429E-07
+2.382660E-07
+2.855350E-07
+3.421817E-07
+4.100664E-07
+4.914187E-07
+6.010857E-07
+7.352264E-07
+8.993026E-07
+1.099995E-06
+1.067280E-06
+1.035537E-06
+1.004739E-06
+9.748558E-07
+1.157288E-06
+1.373861E-06
+1.630963E-06
+1.936178E-06
+1.905924E-06
+1.876142E-06
+1.846825E-06
+1.817967E-06
+1.571604E-06
+1.358627E-06
+1.174513E-06
+1.015348E-06
+8.234476E-07
+6.678166E-07
+5.415998E-07
+4.392378E-07
+4.335131E-07
+4.278631E-07
+4.222867E-07
+4.167829E-07
+5.181712E-07
+6.442237E-07
+8.009404E-07
+9.957807E-07
+1.089166E-06
+1.191308E-06
+1.303030E-06
+1.425228E-06
+1.779976E-06
+2.223022E-06
+2.776346E-06
+3.467396E-06
+4.451455E-06
+5.714793E-06
+7.336671E-06
+9.418841E-06
+6.031576E-06
+3.862461E-06
+2.473418E-06
+1.583911E-06
+5.589500E-07
+1.972491E-07
+6.960769E-08
+2.456399E-08
+6.677879E-08
+1.815424E-07
+4.935347E-07
+1.341707E-06
+2.189878E-06
+3.574227E-06
+5.833704E-06
+9.521525E-06
+1.125105E-05
+1.329472E-05
+1.570962E-05
+1.856317E-05
+1.686107E-05
+1.531505E-05
+1.391078E-05
+1.263527E-05
+8.398912E-06
+5.582923E-06
+3.711080E-06
+2.466828E-06
+1.712437E-06
+1.188749E-06
+8.252125E-07
+5.728507E-07
+8.408896E-07
+1.234345E-06
+1.811899E-06
+2.659694E-06
+4.005205E-06
+6.031394E-06
+9.082611E-06
+1.367741E-05
+1.323826E-05
+1.281321E-05
+1.240181E-05
+1.200362E-05
+1.268532E-05
+1.340574E-05
+1.416706E-05
+1.497163E-05
+1.334295E-05
+1.189145E-05
+1.059784E-05
+9.444964E-06
+2.170815E-06
+4.989364E-07
+1.146747E-07
+2.635663E-08
+3.508221E-08
+4.669646E-08
+6.215572E-08
+8.273289E-08
+1.480208E-07
+2.648301E-07
+4.738183E-07
+8.477277E-07
+8.074377E-07
+7.690626E-07
+7.325112E-07
+6.976971E-07
+7.240405E-07
+7.513786E-07
+7.797489E-07
+8.091903E-07
+8.299260E-07
+8.511930E-07
+8.730051E-07
+8.953756E-07
+8.034178E-07
+7.209044E-07
+6.468654E-07
+5.804303E-07
+5.949900E-07
+6.099149E-07
+6.252142E-07
+6.408969E-07
+6.406486E-07
+6.404005E-07
+6.401524E-07
+6.399044E-07
+6.284921E-07
+6.172833E-07
+6.062744E-07
+5.954618E-07
+6.593432E-07
+7.300779E-07
+8.084010E-07
+8.951270E-07
+8.835965E-07
+8.722145E-07
+8.609792E-07
+8.498884E-07
+8.853227E-07
+9.222344E-07
+9.606851E-07
+1.000739E-06
+9.314480E-07
+8.669546E-07
+8.069267E-07
+7.510550E-07
+6.307133E-07
+5.296539E-07
+4.447873E-07
+3.735190E-07
+5.611507E-07
+8.430366E-07
+1.266524E-06
+1.902744E-06
+2.189876E-06
+2.520337E-06
+2.900666E-06
+3.338388E-06
+3.322240E-06
+3.306171E-06
+3.290179E-06
+3.274265E-06
+3.162687E-06
+3.054911E-06
+2.950807E-06
+2.850251E-06
+3.166018E-06
+3.516767E-06
+3.906375E-06
+4.339146E-06
+5.092570E-06
+5.976814E-06
+7.014592E-06
+8.232567E-06
+5.951138E-06
+4.301944E-06
+3.109778E-06
+2.247988E-06
+4.029552E-06
+7.223031E-06
+1.294739E-05
+2.320839E-05
+2.051209E-05
+1.812904E-05
+1.602284E-05
+1.416135E-05
+1.052789E-05
+7.826691E-06
+5.818553E-06
+4.325653E-06
+3.590369E-06
+2.980070E-06
+2.473511E-06
+2.053058E-06
+1.822722E-06
+1.618228E-06
+1.436676E-06
+1.275493E-06
+9.004057E-07
+6.356209E-07
+4.487022E-07
+3.167511E-07
+3.161616E-07
+3.155732E-07
+3.149860E-07
+3.143998E-07
+6.283919E-07
+1.255969E-06
+2.510309E-06
+5.017366E-06
+4.212125E-06
+3.536117E-06
+2.968603E-06
+2.492168E-06
+3.803603E-06
+5.805146E-06
+8.859944E-06
+1.352225E-05
+9.900605E-06
+7.248938E-06
+5.307465E-06
+3.885972E-06
+3.097500E-06
+2.469011E-06
+1.968043E-06
+1.568723E-06
+9.091997E-07
+5.269535E-07
+3.054114E-07
+1.770102E-07
+2.697391E-07
+4.110453E-07
+6.263765E-07
+9.545117E-07
+8.754680E-07
+8.029699E-07
+7.364755E-07
+6.754874E-07
+5.297472E-07
+4.154513E-07
+3.258154E-07
+2.555188E-07
+2.930311E-07
+3.360505E-07
+3.853855E-07
+4.419634E-07
+3.497547E-07
+2.767838E-07
+2.190372E-07
+1.733386E-07
+8.926170E-08
+4.596583E-08
+2.367037E-08
+1.218919E-08
+1.347025E-08
+1.488595E-08
+1.645044E-08
+1.817934E-08
+3.166538E-08
+5.515580E-08
+9.607220E-08
+1.673418E-07
+1.115665E-07
+7.438125E-08
+4.958987E-08
+3.306149E-08
+5.072302E-08
+7.781936E-08
+1.193906E-07
+1.831695E-07
+1.521262E-07
+1.263441E-07
+1.049315E-07
+8.714791E-08
+1.687418E-07
+3.267294E-07
+6.326359E-07
+1.224952E-06
+5.590285E-07
+2.551225E-07
+1.164296E-07
+5.313466E-08
+9.454889E-08
+1.682422E-07
+2.993737E-07
+5.327118E-07
+7.404328E-07
+1.029151E-06
+1.430449E-06
+1.988226E-06
+1.453295E-06
+1.062286E-06
+7.764785E-07
+5.675670E-07
+7.834685E-07
+1.081499E-06
+1.492899E-06
+2.060795E-06
+2.745218E-06
+3.656948E-06
+4.871477E-06
+6.489371E-06
+7.231097E-06
+8.057601E-06
+8.978573E-06
+1.000481E-05
+8.963085E-06
+8.029823E-06
+7.193736E-06
+6.444705E-06
+2.785587E-06
+1.204011E-06
+5.204080E-07
+2.249352E-07
+3.419079E-07
+5.197097E-07
+7.899737E-07
+1.200783E-06
+7.250782E-07
+4.378296E-07
+2.643780E-07
+1.596413E-07
+2.644912E-07
+4.382048E-07
+7.260109E-07
+1.202843E-06
+9.173305E-07
+6.995883E-07
+5.335305E-07
+4.068889E-07
+5.325945E-07
+6.971360E-07
+9.125115E-07
+1.194426E-06
+6.854659E-07
+3.933803E-07
+2.257560E-07
+1.295585E-07
+2.403536E-07
+4.458979E-07
+8.272182E-07
+1.534634E-06
