Hz,real,imaginary,V^2 (rms)
9.999990,1.364356E-6,1.364356E-6,1.929491E-6
10.057721,1.141633E-6,1.141633E-6,1.614513E-6
10.115785,9.552675E-7,9.552675E-7,1.350952E-6
10.174184,7.993254E-7,7.993254E-7,1.130417E-6
10.232920,6.688399E-7,6.688399E-7,9.458825E-7
10.291995,9.696559E-7,9.696559E-7,1.371301E-6
10.351412,1.405766E-6,1.405766E-6,1.988053E-6
10.411171,2.038021E-6,2.038021E-6,2.882197E-6
10.471275,2.954638E-6,2.954638E-6,4.178489E-6
10.531727,2.550185E-6,2.550185E-6,3.606506E-6
10.592527,2.201097E-6,2.201097E-6,3.112821E-6
10.653678,1.899795E-6,1.899795E-6,2.686716E-6
10.715183,1.639737E-6,1.639737E-6,2.318938E-6
10.777042,1.692657E-6,1.692657E-6,2.393778E-6
10.839258,1.747286E-6,1.747286E-6,2.471036E-6
10.901834,1.803677E-6,1.803677E-6,2.550784E-6
10.964771,1.861889E-6,1.861889E-6,2.633109E-6
11.028071,1.896683E-6,1.896683E-6,2.682315E-6
11.091737,1.932127E-6,1.932127E-6,2.732440E-6
11.155770,1.968233E-6,1.968233E-6,2.783502E-6
11.220173,2.005014E-6,2.005014E-6,2.835518E-6
11.284948,2.128629E-6,2.128629E-6,3.010336E-6
11.350097,2.259866E-6,2.259866E-6,3.195933E-6
11.415622,2.399193E-6,2.399193E-6,3.392971E-6
11.481525,2.547112E-6,2.547112E-6,3.602160E-6
11.547808,2.620935E-6,2.620935E-6,3.706562E-6
11.614474,2.696898E-6,2.696898E-6,3.813990E-6
11.681525,2.775063E-6,2.775063E-6,3.924532E-6
11.748964,2.855492E-6,2.855492E-6,4.038276E-6
11.816791,2.942710E-6,2.942710E-6,4.161620E-6
11.885010,3.032592E-6,3.032592E-6,4.288733E-6
11.953623,3.125219E-6,3.125219E-6,4.419727E-6
12.022632,3.220675E-6,3.220675E-6,4.554722E-6
12.092039,3.359733E-6,3.359733E-6,4.751380E-6
12.161847,3.504796E-6,3.504796E-6,4.956530E-6
12.232059,3.656123E-6,3.656123E-6,5.170539E-6
12.302675,3.813984E-6,3.813984E-6,5.393788E-6
12.373699,4.026748E-6,4.026748E-6,5.694682E-6
12.445133,4.251380E-6,4.251380E-6,6.012359E-6
12.516980,4.488545E-6,4.488545E-6,6.347761E-6
12.589241,4.738938E-6,4.738938E-6,6.701870E-6
12.661919,4.896404E-6,4.896404E-6,6.924561E-6
12.735017,5.059102E-6,5.059102E-6,7.154651E-6
12.808537,5.227207E-6,5.227207E-6,7.392387E-6
12.882482,5.400896E-6,5.400896E-6,7.638020E-6
12.956853,5.605790E-6,5.605790E-6,7.927784E-6
13.031654,5.818456E-6,5.818456E-6,8.228539E-6
13.106887,6.039190E-6,6.039190E-6,8.540704E-6
13.182553,6.268300E-6,6.268300E-6,8.864715E-6
13.258657,6.566816E-6,6.566816E-6,9.286880E-6
13.335200,6.879549E-6,6.879549E-6,9.729151E-6
13.412185,7.207174E-6,7.207174E-6,1.019248E-5
13.489614,7.550405E-6,7.550405E-6,1.067789E-5
13.567491,7.908997E-6,7.908997E-6,1.118501E-5
13.645817,8.284618E-6,8.284618E-6,1.171622E-5
13.724595,8.678080E-6,8.678080E-6,1.227266E-5
13.803828,9.090230E-6,9.090230E-6,1.285553E-5
13.883518,9.559835E-6,9.559835E-6,1.351965E-5
13.963668,1.005370E-5,1.005370E-5,1.421808E-5
14.044282,1.057308E-5,1.057308E-5,1.495259E-5
14.125360,1.111929E-5,1.111929E-5,1.572505E-5
14.206907,1.159911E-5,1.159911E-5,1.640362E-5
14.288924,1.209963E-5,1.209963E-5,1.711146E-5
14.371415,1.262176E-5,1.262176E-5,1.784986E-5
14.454382,1.316641E-5,1.316641E-5,1.862012E-5
14.537828,1.399624E-5,1.399624E-5,1.979367E-5
14.621756,1.487837E-5,1.487837E-5,2.104119E-5
14.706168,1.581611E-5,1.581611E-5,2.236736E-5
14.791067,1.681294E-5,1.681294E-5,2.377709E-5
14.876457,1.757331E-5,1.757331E-5,2.485241E-5
14.962340,1.836807E-5,1.836807E-5,2.597637E-5
15.048718,1.919878E-5,1.919878E-5,2.715118E-5
15.135596,2.006707E-5,2.006707E-5,2.837912E-5
15.222974,2.126641E-5,2.126641E-5,3.007525E-5
15.310857,2.253742E-5,2.253742E-5,3.187273E-5
15.399248,2.388440E-5,2.388440E-5,3.377764E-5
15.488149,2.531187E-5,2.531187E-5,3.579639E-5
15.577563,2.664365E-5,2.664365E-5,3.767981E-5
15.667493,2.804551E-5,2.804551E-5,3.966234E-5
15.757942,2.952112E-5,2.952112E-5,4.174917E-5
15.848914,3.107438E-5,3.107438E-5,4.394581E-5
15.940411,3.283098E-5,3.283098E-5,4.643002E-5
16.032436,3.468687E-5,3.468687E-5,4.905464E-5
16.124992,3.664767E-5,3.664767E-5,5.182763E-5
16.218082,3.871934E-5,3.871934E-5,5.475742E-5
16.311710,4.144557E-5,4.144557E-5,5.861289E-5
16.405879,4.436375E-5,4.436375E-5,6.273982E-5
16.500591,4.748741E-5,4.748741E-5,6.715734E-5
16.595850,5.083102E-5,5.083102E-5,7.188592E-5
16.691659,5.371550E-5,5.371550E-5,7.596519E-5
16.788021,5.676367E-5,5.676367E-5,8.027595E-5
16.884939,5.998481E-5,5.998481E-5,8.483133E-5
16.982417,6.338872E-5,6.338872E-5,8.964519E-5
17.080457,6.918305E-5,6.918305E-5,9.783961E-5
17.179064,7.550703E-5,7.550703E-5,1.067831E-4
17.278240,8.240910E-5,8.240910E-5,1.165441E-4
17.377988,8.994204E-5,8.994204E-5,1.271973E-4
17.478312,9.431556E-5,9.431556E-5,1.333823E-4
17.579215,9.890174E-5,9.890174E-5,1.398682E-4
17.680701,1.037109E-4,1.037109E-4,1.466694E-4
17.782773,1.087539E-4,1.087539E-4,1.538012E-4
17.885434,1.173758E-4,1.173758E-4,1.659944E-4
17.988688,1.266812E-4,1.266812E-4,1.791543E-4
18.092538,1.367243E-4,1.367243E-4,1.933574E-4
18.196987,1.475635E-4,1.475635E-4,2.086863E-4
18.302039,1.546560E-4,1.546560E-4,2.187166E-4
18.407698,1.620894E-4,1.620894E-4,2.292290E-4
18.513967,1.698800E-4,1.698800E-4,2.402466E-4
18.620849,1.780452E-4,1.780452E-4,2.517939E-4
18.728348,1.873331E-4,1.873331E-4,2.649290E-4
18.836468,1.971054E-4,1.971054E-4,2.787491E-4
18.945212,2.073876E-4,2.073876E-4,2.932904E-4
19.054584,2.182061E-4,2.182061E-4,3.085900E-4
19.164587,2.248748E-4,2.248748E-4,3.180210E-4
19.275226,2.317472E-4,2.317472E-4,3.277400E-4
19.386503,2.388297E-4,2.388297E-4,3.377562E-4
19.498422,2.461286E-4,2.461286E-4,3.480784E-4
19.610988,2.476309E-4,2.476309E-4,3.502030E-4
19.724203,2.491425E-4,2.491425E-4,3.523407E-4
19.838072,2.506633E-4,2.506633E-4,3.544914E-4
19.952599,2.521933E-4,2.521933E-4,3.566552E-4
20.067786,2.517813E-4,2.517813E-4,3.560725E-4
20.183639,2.513700E-4,2.513700E-4,3.554909E-4
20.300160,2.509594E-4,2.509594E-4,3.549102E-4
20.417354,2.505494E-4,2.505494E-4,3.543304E-4
20.535225,2.483802E-4,2.483802E-4,3.512626E-4
20.653776,2.462298E-4,2.462298E-4,3.482215E-4
20.773011,2.440980E-4,2.440980E-4,3.452067E-4
20.892935,2.419846E-4,2.419846E-4,3.422179E-4
21.013551,2.375861E-4,2.375861E-4,3.359975E-4
21.134864,2.332676E-4,2.332676E-4,3.298902E-4
21.256877,2.290275E-4,2.290275E-4,3.238938E-4
21.379594,2.248645E-4,2.248645E-4,3.180064E-4
21.503020,2.166699E-4,2.166699E-4,3.064175E-4
21.627158,2.087739E-4,2.087739E-4,2.952509E-4
21.752013,2.011656E-4,2.011656E-4,2.844911E-4
21.877589,1.938346E-4,1.938346E-4,2.741235E-4
22.003889,1.887401E-4,1.887401E-4,2.669188E-4
22.130919,1.837795E-4,1.837795E-4,2.599035E-4
22.258682,1.789492E-4,1.789492E-4,2.530724E-4
22.387183,1.742460E-4,1.742460E-4,2.464211E-4
22.516425,1.690077E-4,1.690077E-4,2.390130E-4
22.646414,1.639269E-4,1.639269E-4,2.318276E-4
22.777153,1.589989E-4,1.589989E-4,2.248584E-4
22.908647,1.542190E-4,1.542190E-4,2.180986E-4
23.040900,1.494947E-4,1.494947E-4,2.114174E-4
23.173917,1.449152E-4,1.449152E-4,2.049410E-4
23.307701,1.404759E-4,1.404759E-4,1.986629E-4
23.442258,1.361726E-4,1.361726E-4,1.925771E-4
23.577591,1.307050E-4,1.307050E-4,1.848448E-4
23.713706,1.254568E-4,1.254568E-4,1.774227E-4
23.850607,1.204194E-4,1.204194E-4,1.702987E-4
23.988298,1.155843E-4,1.155843E-4,1.634609E-4
24.126784,1.107960E-4,1.107960E-4,1.566892E-4
24.266069,1.062061E-4,1.062061E-4,1.501981E-4
24.406159,1.018064E-4,1.018064E-4,1.439760E-4
24.547057,9.758891E-5,9.758891E-5,1.380116E-4
24.688769,9.407302E-5,9.407302E-5,1.330393E-4
24.831298,9.068381E-5,9.068381E-5,1.282463E-4
24.974651,8.741670E-5,8.741670E-5,1.236259E-4
25.118831,8.426726E-5,8.426726E-5,1.191719E-4
25.263844,8.224045E-5,8.224045E-5,1.163056E-4
25.409693,8.026240E-5,8.026240E-5,1.135082E-4
25.556385,7.833191E-5,7.833191E-5,1.107780E-4
25.703924,7.644787E-5,7.644787E-5,1.081136E-4
25.852314,7.509072E-5,7.509072E-5,1.061943E-4
26.001561,7.375766E-5,7.375766E-5,1.043091E-4
26.151669,7.244826E-5,7.244826E-5,1.024573E-4
26.302645,7.116211E-5,7.116211E-5,1.006384E-4
26.454491,7.065643E-5,7.065643E-5,9.992328E-5
26.607215,7.015435E-5,7.015435E-5,9.921323E-5
26.760820,6.965582E-5,6.965582E-5,9.850821E-5
26.915312,6.916086E-5,6.916086E-5,9.780823E-5
27.070695,6.815536E-5,6.815536E-5,9.638623E-5
27.226976,6.716450E-5,6.716450E-5,9.498495E-5
27.384159,6.618803E-5,6.618803E-5,9.360401E-5
27.542250,6.522577E-5,6.522577E-5,9.224317E-5
27.701253,6.876315E-5,6.876315E-5,9.724578E-5
27.861174,7.249237E-5,7.249237E-5,1.025197E-4
28.022018,7.642384E-5,7.642384E-5,1.080796E-4
28.183791,8.056853E-5,8.056853E-5,1.139411E-4
28.346497,9.631665E-5,9.631665E-5,1.362123E-4
28.510144,1.151429E-4,1.151429E-4,1.628367E-4
28.674734,1.376491E-4,1.376491E-4,1.946652E-4
28.840275,1.645542E-4,1.645542E-4,2.327148E-4
29.006772,1.624075E-4,1.624075E-4,2.296789E-4
29.174230,1.602888E-4,1.602888E-4,2.266826E-4
29.342654,1.581977E-4,1.581977E-4,2.237253E-4
29.512051,1.561339E-4,1.561339E-4,2.208067E-4
29.682426,1.439090E-4,1.439090E-4,2.035181E-4
29.853785,1.326413E-4,1.326413E-4,1.875831E-4
30.026132,1.222558E-4,1.222558E-4,1.728958E-4
30.199475,1.126835E-4,1.126835E-4,1.593585E-4
30.373818,1.129134E-4,1.129134E-4,1.596837E-4
30.549168,1.131438E-4,1.131438E-4,1.600095E-4
30.725531,1.133747E-4,1.133747E-4,1.603360E-4
30.902911,1.136060E-4,1.136060E-4,1.606631E-4
31.081315,1.096572E-4,1.096572E-4,1.550787E-4
31.260750,1.058457E-4,1.058457E-4,1.496884E-4
31.441220,1.021666E-4,1.021666E-4,1.444854E-4
31.622732,9.861545E-5,9.861545E-5,1.394633E-4
31.805292,9.859755E-5,9.859755E-5,1.394380E-4
31.988906,9.857965E-5,9.857965E-5,1.394127E-4
32.173580,9.856175E-5,9.856175E-5,1.393874E-4
32.359320,9.854386E-5,9.854386E-5,1.393621E-4
32.546132,9.954392E-5,9.954392E-5,1.407764E-4
32.734023,1.005541E-4,1.005541E-4,1.422050E-4
32.922998,1.015746E-4,1.015746E-4,1.436482E-4
33.113065,1.026054E-4,1.026054E-4,1.451059E-4
33.304228,1.035775E-4,1.035775E-4,1.464807E-4
33.496496,1.045589E-4,1.045589E-4,1.478686E-4
33.689873,1.055496E-4,1.055496E-4,1.492697E-4
33.884367,1.065496E-4,1.065496E-4,1.506839E-4
34.079983,1.062099E-4,1.062099E-4,1.502035E-4
34.276729,1.058714E-4,1.058714E-4,1.497248E-4
34.474611,1.055339E-4,1.055339E-4,1.492475E-4
34.673635,1.051975E-4,1.051975E-4,1.487717E-4
34.873808,1.039227E-4,1.039227E-4,1.469689E-4
35.075136,1.026633E-4,1.026633E-4,1.451878E-4
35.277627,1.014192E-4,1.014192E-4,1.434284E-4
35.481287,1.001902E-4,1.001902E-4,1.416903E-4
35.686123,1.014785E-4,1.014785E-4,1.435123E-4
35.892141,1.027833E-4,1.027833E-4,1.453575E-4
36.099348,1.041050E-4,1.041050E-4,1.472267E-4
36.307752,1.054436E-4,1.054436E-4,1.491198E-4
36.517359,1.043957E-4,1.043957E-4,1.476378E-4
36.728176,1.033583E-4,1.033583E-4,1.461707E-4
36.940210,1.023311E-4,1.023311E-4,1.447180E-4
37.153468,1.013142E-4,1.013142E-4,1.432799E-4
37.367957,1.037560E-4,1.037560E-4,1.467331E-4
37.583685,1.062566E-4,1.062566E-4,1.502695E-4
37.800658,1.088174E-4,1.088174E-4,1.538910E-4
38.018883,1.114400E-4,1.114400E-4,1.576000E-4
38.238368,1.105917E-4,1.105917E-4,1.564003E-4
38.459121,1.097498E-4,1.097498E-4,1.552097E-4
38.681148,1.089143E-4,1.089143E-4,1.540281E-4
38.904456,1.080852E-4,1.080852E-4,1.528556E-4
39.129054,1.058550E-4,1.058550E-4,1.497016E-4
39.354948,1.036708E-4,1.036708E-4,1.466127E-4
39.582147,1.015317E-4,1.015317E-4,1.435875E-4
39.810657,9.943670E-5,9.943670E-5,1.406247E-4
40.040486,9.950693E-5,9.950693E-5,1.407240E-4
40.271643,9.957720E-5,9.957720E-5,1.408234E-4
40.504133,9.964751E-5,9.964751E-5,1.409229E-4
40.737966,9.971787E-5,9.971787E-5,1.410224E-4
40.973149,9.999998E-5,9.999998E-5,1.414213E-4
41.209689,1.002829E-4,1.002829E-4,1.418214E-4
41.447595,1.005666E-4,1.005666E-4,1.422226E-4
41.686875,1.008511E-4,1.008511E-4,1.426250E-4
41.927536,9.957496E-5,9.957496E-5,1.408203E-4
42.169586,9.831498E-5,9.831498E-5,1.390384E-4
42.413033,9.707094E-5,9.707094E-5,1.372790E-4
42.657886,9.584264E-5,9.584264E-5,1.355420E-4
42.904153,9.145676E-5,9.145676E-5,1.293394E-4
43.151841,8.727159E-5,8.727159E-5,1.234207E-4
43.400959,8.327793E-5,8.327793E-5,1.177728E-4
43.651516,7.946702E-5,7.946702E-5,1.123833E-4
43.903519,7.799771E-5,7.799771E-5,1.103054E-4
44.156976,7.655556E-5,7.655556E-5,1.082659E-4
44.411897,7.514008E-5,7.514008E-5,1.062641E-4
44.668290,7.375075E-5,7.375075E-5,1.042993E-4
44.926163,8.006752E-5,8.006752E-5,1.132326E-4
45.185524,8.692531E-5,8.692531E-5,1.229310E-4
45.446383,9.437048E-5,9.437048E-5,1.334600E-4
45.708748,1.024534E-4,1.024534E-4,1.448910E-4
45.972627,1.064865E-4,1.064865E-4,1.505947E-4
46.238030,1.106783E-4,1.106783E-4,1.565228E-4
46.504965,1.150352E-4,1.150352E-4,1.626843E-4
46.773441,1.195636E-4,1.195636E-4,1.690885E-4
47.043467,1.198543E-4,1.198543E-4,1.694996E-4
47.315051,1.201457E-4,1.201457E-4,1.699117E-4
47.588204,1.204377E-4,1.204377E-4,1.703246E-4
47.862934,1.207306E-4,1.207306E-4,1.707389E-4
48.139249,1.228275E-4,1.228275E-4,1.737043E-4
48.417160,1.249609E-4,1.249609E-4,1.767214E-4
48.696675,1.271313E-4,1.271313E-4,1.797908E-4
48.977804,1.293394E-4,1.293394E-4,1.829135E-4
49.260556,1.316152E-4,1.316152E-4,1.861320E-4
49.544940,1.339310E-4,1.339310E-4,1.894070E-4
49.830966,1.362876E-4,1.362876E-4,1.927398E-4
50.118643,1.386855E-4,1.386855E-4,1.961309E-4
50.407981,1.428064E-4,1.428064E-4,2.019587E-4
50.698990,1.470498E-4,1.470498E-4,2.079598E-4
50.991678,1.514193E-4,1.514193E-4,2.141392E-4
51.286056,1.559186E-4,1.559186E-4,2.205022E-4
51.582133,1.615366E-4,1.615366E-4,2.284473E-4
51.879920,1.673572E-4,1.673572E-4,2.366788E-4
52.179426,1.733874E-4,1.733874E-4,2.452068E-4
52.480661,1.796349E-4,1.796349E-4,2.540421E-4
52.783635,1.879364E-4,1.879364E-4,2.657822E-4
53.088358,1.966215E-4,1.966215E-4,2.780648E-4
53.394841,2.057080E-4,2.057080E-4,2.909150E-4
53.703092,2.152145E-4,2.152145E-4,3.043593E-4
54.013124,2.246511E-4,2.246511E-4,3.177046E-4
54.324945,2.345015E-4,2.345015E-4,3.316352E-4
54.638566,2.447838E-4,2.447838E-4,3.461766E-4
54.953998,2.555169E-4,2.555169E-4,3.613555E-4
55.271250,2.691686E-4,2.691686E-4,3.806619E-4
55.590335,2.835497E-4,2.835497E-4,4.009998E-4
55.911261,2.986991E-4,2.986991E-4,4.224243E-4
56.234040,3.146579E-4,3.146579E-4,4.449935E-4
56.558683,3.302183E-4,3.302183E-4,4.669992E-4
56.885199,3.465481E-4,3.465481E-4,4.900930E-4
57.213601,3.636855E-4,3.636855E-4,5.143290E-4
57.543899,3.816703E-4,3.816703E-4,5.397633E-4
57.876103,3.918312E-4,3.918312E-4,5.541330E-4
58.210225,4.022625E-4,4.022625E-4,5.688851E-4
58.546276,4.129715E-4,4.129715E-4,5.840299E-4
58.884268,4.239657E-4,4.239657E-4,5.995780E-4
59.224210,4.132614E-4,4.132614E-4,5.844399E-4
59.566115,4.028273E-4,4.028273E-4,5.696838E-4
59.909994,3.926567E-4,3.926567E-4,5.553004E-4
60.255858,3.827427E-4,3.827427E-4,5.412799E-4
60.603719,3.998747E-4,3.998747E-4,5.655082E-4
60.953588,4.177736E-4,4.177736E-4,5.908211E-4
61.305476,4.364736E-4,4.364736E-4,6.172669E-4
61.659397,4.560107E-4,4.560107E-4,6.448965E-4
62.015360,4.556258E-4,4.556258E-4,6.443522E-4
62.373378,4.552411E-4,4.552411E-4,6.438081E-4
62.733464,4.548568E-4,4.548568E-4,6.432647E-4
63.095628,4.544727E-4,4.544727E-4,6.427215E-4
63.459883,4.288679E-4,4.288679E-4,6.065108E-4
63.826240,4.047057E-4,4.047057E-4,5.723403E-4
64.194713,3.819048E-4,3.819048E-4,5.400949E-4
64.565313,3.603884E-4,3.603884E-4,5.096662E-4
64.938053,3.481625E-4,3.481625E-4,4.923761E-4
65.312944,3.363513E-4,3.363513E-4,4.756726E-4
65.690000,3.249408E-4,3.249408E-4,4.595357E-4
66.069232,3.139174E-4,3.139174E-4,4.439462E-4
66.450654,3.127203E-4,3.127203E-4,4.422533E-4
66.834277,3.115278E-4,3.115278E-4,4.405668E-4
67.220116,3.103398E-4,3.103398E-4,4.388868E-4
67.608181,3.091564E-4,3.091564E-4,4.372132E-4
67.998488,3.205375E-4,3.205375E-4,4.533085E-4
68.391047,3.323376E-4,3.323376E-4,4.699963E-4
68.785873,3.445721E-4,3.445721E-4,4.872985E-4
69.182978,3.572569E-4,3.572569E-4,5.052376E-4
69.582375,3.502318E-4,3.502318E-4,4.953026E-4
69.984078,3.433449E-4,3.433449E-4,4.855630E-4
70.388101,3.365935E-4,3.365935E-4,4.760151E-4
70.794455,3.299747E-4,3.299747E-4,4.666547E-4
71.203156,3.057512E-4,3.057512E-4,4.323975E-4
71.614216,2.833059E-4,2.833059E-4,4.006550E-4
72.027650,2.625083E-4,2.625083E-4,3.712428E-4
72.443470,2.432374E-4,2.432374E-4,3.439896E-4
72.861690,2.267096E-4,2.267096E-4,3.206158E-4
73.282325,2.113047E-4,2.113047E-4,2.988300E-4
73.705388,1.969466E-4,1.969466E-4,2.785246E-4
74.130894,1.835642E-4,1.835642E-4,2.595990E-4
74.558856,1.725210E-4,1.725210E-4,2.439815E-4
74.989289,1.621421E-4,1.621421E-4,2.293036E-4
75.422207,1.523876E-4,1.523876E-4,2.155086E-4
75.857624,1.432200E-4,1.432200E-4,2.025437E-4
76.295554,1.335196E-4,1.335196E-4,1.888252E-4
76.736013,1.244763E-4,1.244763E-4,1.760361E-4
77.179015,1.160455E-4,1.160455E-4,1.641131E-4
77.624574,1.081856E-4,1.081856E-4,1.529975E-4
78.072705,9.993184E-5,9.993184E-5,1.413250E-4
78.523424,9.230776E-5,9.230776E-5,1.305429E-4
78.976744,8.526533E-5,8.526533E-5,1.205834E-4
79.432682,7.876020E-5,7.876020E-5,1.113837E-4
79.891252,7.555394E-5,7.555394E-5,1.068494E-4
80.352469,7.247820E-5,7.247820E-5,1.024997E-4
80.816348,6.952767E-5,6.952767E-5,9.832697E-5
81.282906,6.669728E-5,6.669728E-5,9.432420E-5
81.752157,6.224110E-5,6.224110E-5,8.802221E-5
82.224117,5.808265E-5,5.808265E-5,8.214127E-5
82.698802,5.420204E-5,5.420204E-5,7.665326E-5
83.176227,5.058070E-5,5.058070E-5,7.153191E-5
83.656409,4.650169E-5,4.650169E-5,6.576332E-5
84.139362,4.275162E-5,4.275162E-5,6.045992E-5
84.625104,3.930397E-5,3.930397E-5,5.558421E-5
85.113650,3.613436E-5,3.613436E-5,5.110170E-5
85.605016,3.412228E-5,3.412228E-5,4.825619E-5
86.099219,3.222225E-5,3.222225E-5,4.556914E-5
86.596275,3.042802E-5,3.042802E-5,4.303172E-5
87.096201,2.873369E-5,2.873369E-5,4.063557E-5
87.599012,2.729935E-5,2.729935E-5,3.860711E-5
88.104727,2.593661E-5,2.593661E-5,3.667991E-5
88.613361,2.464189E-5,2.464189E-5,3.484890E-5
89.124931,2.341180E-5,2.341180E-5,3.310929E-5
89.639454,2.332692E-5,2.332692E-5,3.298925E-5
90.156948,2.324235E-5,2.324235E-5,3.286965E-5
90.677430,2.315809E-5,2.315809E-5,3.275048E-5
91.200916,2.307413E-5,2.307413E-5,3.263175E-5
91.727425,2.329036E-5,2.329036E-5,3.293754E-5
92.256973,2.350861E-5,2.350861E-5,3.324620E-5
92.789578,2.372891E-5,2.372891E-5,3.355775E-5
93.325258,2.395128E-5,2.395128E-5,3.387223E-5
93.864030,2.162797E-5,2.162797E-5,3.058657E-5
94.405913,1.953003E-5,1.953003E-5,2.761963E-5
94.950924,1.763558E-5,1.763558E-5,2.494048E-5
95.499081,1.592490E-5,1.592490E-5,2.252121E-5
96.050403,1.475667E-5,1.475667E-5,2.086908E-5
96.604908,1.367413E-5,1.367413E-5,1.933814E-5
97.162614,1.267101E-5,1.267101E-5,1.791951E-5
97.723540,1.174148E-5,1.174148E-5,1.660496E-5
98.287704,1.108901E-5,1.108901E-5,1.568223E-5
98.855125,1.047281E-5,1.047281E-5,1.481079E-5
99.425821,9.890844E-6,9.890844E-6,1.398777E-5
99.999813,9.341218E-6,9.341218E-6,1.321048E-5
100.577118,9.011386E-6,9.011386E-6,1.274402E-5
101.157755,8.693199E-6,8.693199E-6,1.229404E-5
101.741745,8.386249E-6,8.386249E-6,1.185995E-5
102.329106,8.090135E-6,8.090135E-6,1.144118E-5
102.919859,7.743501E-6,7.743501E-6,1.095096E-5
103.514021,7.411719E-6,7.411719E-6,1.048175E-5
104.111614,7.094152E-6,7.094152E-6,1.003265E-5
104.712657,6.790193E-6,6.790193E-6,9.602783E-6
105.317169,6.606659E-6,6.606659E-6,9.343227E-6
105.925171,6.428086E-6,6.428086E-6,9.090686E-6
106.536684,6.254339E-6,6.254339E-6,8.844971E-6
107.151727,6.085289E-6,6.085289E-6,8.605898E-6
107.770320,5.278635E-6,5.278635E-6,7.465117E-6
108.392485,4.578910E-6,4.578910E-6,6.475557E-6
109.018241,3.971939E-6,3.971939E-6,5.617170E-6
109.647610,3.445426E-6,3.445426E-6,4.872568E-6
110.280612,3.047893E-6,3.047893E-6,4.310372E-6
110.917269,2.696228E-6,2.696228E-6,3.813042E-6
111.557601,2.385138E-6,2.385138E-6,3.373095E-6
112.201630,2.109940E-6,2.109940E-6,2.983906E-6
112.849377,2.013626E-6,2.013626E-6,2.847697E-6
113.500863,1.921708E-6,1.921708E-6,2.717706E-6
114.156110,1.833985E-6,1.833985E-6,2.593646E-6
114.815141,1.750267E-6,1.750267E-6,2.475251E-6
115.477975,1.651893E-6,1.651893E-6,2.336129E-6
116.144637,1.559048E-6,1.559048E-6,2.204827E-6
116.815147,1.471421E-6,1.471421E-6,2.080904E-6
117.489528,1.388719E-6,1.388719E-6,1.963945E-6
118.167802,1.354111E-6,1.354111E-6,1.915002E-6
118.849992,1.320366E-6,1.320366E-6,1.867280E-6
119.536120,1.287461E-6,1.287461E-6,1.820745E-6
120.226209,1.255376E-6,1.255376E-6,1.775370E-6
120.920282,1.162238E-6,1.162238E-6,1.643653E-6
121.618363,1.076010E-6,1.076010E-6,1.521708E-6
122.320473,9.961800E-7,9.961800E-7,1.408811E-6
123.026636,9.222720E-7,9.222720E-7,1.304290E-6
123.736876,8.470413E-7,8.470413E-7,1.197897E-6
124.451217,7.779473E-7,7.779473E-7,1.100184E-6
125.169681,7.144894E-7,7.144894E-7,1.010441E-6
125.892294,6.562079E-7,6.562079E-7,9.280181E-7
126.619077,5.743279E-7,5.743279E-7,8.122223E-7
127.350057,5.026648E-7,5.026648E-7,7.108754E-7
128.085257,4.399436E-7,4.399436E-7,6.221742E-7
128.824701,3.850486E-7,3.850486E-7,5.445410E-7
129.568413,3.415090E-7,3.415090E-7,4.829667E-7
130.316420,3.028927E-7,3.028927E-7,4.283550E-7
131.068744,2.686429E-7,2.686429E-7,3.799184E-7
131.825412,2.382660E-7,2.382660E-7,3.369590E-7
132.586448,2.855350E-7,2.855350E-7,4.038075E-7
133.351878,3.421817E-7,3.421817E-7,4.839180E-7
134.121726,4.100664E-7,4.100664E-7,5.799215E-7
134.896019,4.914187E-7,4.914187E-7,6.949710E-7
135.674782,6.010857E-7,6.010857E-7,8.500635E-7
136.458041,7.352264E-7,7.352264E-7,1.039767E-6
137.245821,8.993026E-7,8.993026E-7,1.271806E-6
138.038150,1.099995E-6,1.099995E-6,1.555628E-6
138.835052,1.067280E-6,1.067280E-6,1.509362E-6
139.636556,1.035537E-6,1.035537E-6,1.464470E-6
140.442686,1.004739E-6,1.004739E-6,1.420916E-6
141.253470,9.748558E-7,9.748558E-7,1.378654E-6
142.068935,1.157288E-6,1.157288E-6,1.636652E-6
142.889108,1.373861E-6,1.373861E-6,1.942933E-6
143.714015,1.630963E-6,1.630963E-6,2.306530E-6
144.543685,1.936178E-6,1.936178E-6,2.738169E-6
145.378144,1.905924E-6,1.905924E-6,2.695384E-6
146.217421,1.876142E-6,1.876142E-6,2.653265E-6
147.061543,1.846825E-6,1.846825E-6,2.611805E-6
147.910538,1.817967E-6,1.817967E-6,2.570994E-6
148.764435,1.571604E-6,1.571604E-6,2.222584E-6
149.623261,1.358627E-6,1.358627E-6,1.921389E-6
150.487045,1.174513E-6,1.174513E-6,1.661012E-6
151.355816,1.015348E-6,1.015348E-6,1.435919E-6
152.229602,8.234476E-7,8.234476E-7,1.164531E-6
153.108433,6.678166E-7,6.678166E-7,9.444353E-7
153.992337,5.415998E-7,5.415998E-7,7.659378E-7
154.881344,4.392378E-7,4.392378E-7,6.211761E-7
155.775484,4.335131E-7,4.335131E-7,6.130801E-7
156.674785,4.278631E-7,4.278631E-7,6.050898E-7
157.579278,4.222867E-7,4.222867E-7,5.972036E-7
158.488993,4.167829E-7,4.167829E-7,5.894200E-7
159.403960,5.181712E-7,5.181712E-7,7.328047E-7
160.324208,6.442237E-7,6.442237E-7,9.110699E-7
161.249770,8.009404E-7,8.009404E-7,1.132701E-6
162.180674,9.957807E-7,9.957807E-7,1.408247E-6
163.116953,1.089166E-6,1.089166E-6,1.540313E-6
164.058637,1.191308E-6,1.191308E-6,1.684764E-6
165.005758,1.303030E-6,1.303030E-6,1.842763E-6
165.958346,1.425228E-6,1.425228E-6,2.015577E-6
166.916434,1.779976E-6,1.779976E-6,2.517266E-6
167.880052,2.223022E-6,2.223022E-6,3.143828E-6
168.849234,2.776346E-6,2.776346E-6,3.926346E-6
169.824011,3.467396E-6,3.467396E-6,4.903638E-6
170.804415,4.451455E-6,4.451455E-6,6.295308E-6
171.790479,5.714793E-6,5.714793E-6,8.081938E-6
172.782236,7.336671E-6,7.336671E-6,1.037562E-5
173.779719,9.418841E-6,9.418841E-6,1.332025E-5
174.782960,6.031576E-6,6.031576E-6,8.529937E-6
175.791992,3.862461E-6,3.862461E-6,5.462345E-6
176.806850,2.473418E-6,2.473418E-6,3.497941E-6
177.827567,1.583911E-6,1.583911E-6,2.239988E-6
178.854176,5.589500E-7,5.589500E-7,7.904747E-7
179.886712,1.972491E-7,1.972491E-7,2.789524E-7
180.925209,6.960769E-8,6.960769E-8,9.844014E-8
181.969701,2.456399E-8,2.456399E-8,3.473873E-8
183.020223,6.677879E-8,6.677879E-8,9.443947E-8
184.076810,1.815424E-7,1.815424E-7,2.567397E-7
185.139497,4.935347E-7,4.935347E-7,6.979635E-7
186.208318,1.341707E-6,1.341707E-6,1.897460E-6
187.283310,2.189878E-6,2.189878E-6,3.096955E-6
188.364508,3.574227E-6,3.574227E-6,5.054720E-6
189.451948,5.833704E-6,5.833704E-6,8.250103E-6
190.545665,9.521525E-6,9.521525E-6,1.346547E-5
191.645697,1.125105E-5,1.125105E-5,1.591139E-5
192.752079,1.329472E-5,1.329472E-5,1.880157E-5
193.864849,1.570962E-5,1.570962E-5,2.221676E-5
194.984042,1.856317E-5,1.856317E-5,2.625229E-5
196.109697,1.686107E-5,1.686107E-5,2.384515E-5
197.241850,1.531505E-5,1.531505E-5,2.165875E-5
198.380539,1.391078E-5,1.391078E-5,1.967281E-5
199.525802,1.263527E-5,1.263527E-5,1.786897E-5
200.677677,8.398912E-6,8.398912E-6,1.187786E-5
201.836201,5.582923E-6,5.582923E-6,7.895445E-6
203.001414,3.711080E-6,3.711080E-6,5.248260E-6
204.173353,2.466828E-6,2.466828E-6,3.488622E-6
205.352059,1.712437E-6,1.712437E-6,2.421752E-6
206.537568,1.188749E-6,1.188749E-6,1.681145E-6
207.729922,8.252125E-7,8.252125E-7,1.167027E-6
208.929160,5.728507E-7,5.728507E-7,8.101332E-7
210.135321,8.408896E-7,8.408896E-7,1.189197E-6
211.348445,1.234345E-6,1.234345E-6,1.745627E-6
212.568572,1.811899E-6,1.811899E-6,2.562412E-6
213.795743,2.659694E-6,2.659694E-6,3.761375E-6
215.029999,4.005205E-6,4.005205E-6,5.664215E-6
216.271380,6.031394E-6,6.031394E-6,8.529679E-6
217.519928,9.082611E-6,9.082611E-6,1.284475E-5
218.775684,1.367741E-5,1.367741E-5,1.934278E-5
220.038689,1.323826E-5,1.323826E-5,1.872173E-5
221.308986,1.281321E-5,1.281321E-5,1.812062E-5
222.586616,1.240181E-5,1.240181E-5,1.753881E-5
223.871622,1.200362E-5,1.200362E-5,1.697568E-5
225.164046,1.268532E-5,1.268532E-5,1.793975E-5
226.463932,1.340574E-5,1.340574E-5,1.895858E-5
227.771322,1.416706E-5,1.416706E-5,2.003525E-5
229.086260,1.497163E-5,1.497163E-5,2.117308E-5
230.408789,1.334295E-5,1.334295E-5,1.886978E-5
231.738953,1.189145E-5,1.189145E-5,1.681705E-5
233.076796,1.059784E-5,1.059784E-5,1.498761E-5
234.422362,9.444964E-6,9.444964E-6,1.335720E-5
235.775697,2.170815E-6,2.170815E-6,3.069996E-6
237.136844,4.989364E-7,4.989364E-7,7.056026E-7
238.505849,1.146747E-7,1.146747E-7,1.621745E-7
239.882758,2.635663E-8,2.635663E-8,3.727390E-8
241.267616,3.508221E-8,3.508221E-8,4.961374E-8
242.660469,4.669646E-8,4.669646E-8,6.603877E-8
244.061362,6.215572E-8,6.215572E-8,8.790146E-8
245.470343,8.273289E-8,8.273289E-8,1.170020E-7
246.887458,1.480208E-7,1.480208E-7,2.093330E-7
248.312755,2.648301E-7,2.648301E-7,3.745263E-7
249.746279,4.738183E-7,4.738183E-7,6.700803E-7
251.188080,8.477277E-7,8.477277E-7,1.198868E-6
252.638204,8.074377E-7,8.074377E-7,1.141889E-6
254.096699,7.690626E-7,7.690626E-7,1.087619E-6
255.563615,7.325112E-7,7.325112E-7,1.035927E-6
257.038999,6.976971E-7,6.976971E-7,9.866927E-7
258.522901,7.240405E-7,7.240405E-7,1.023948E-6
260.015369,7.513786E-7,7.513786E-7,1.062610E-6
261.516454,7.797489E-7,7.797489E-7,1.102731E-6
263.026204,8.091903E-7,8.091903E-7,1.144368E-6
264.544671,8.299260E-7,8.299260E-7,1.173693E-6
266.071903,8.511930E-7,8.511930E-7,1.203769E-6
267.607952,8.730051E-7,8.730051E-7,1.234616E-6
269.152869,8.953756E-7,8.953756E-7,1.266252E-6
270.706705,8.034178E-7,8.034178E-7,1.136204E-6
272.269511,7.209044E-7,7.209044E-7,1.019513E-6
273.841340,6.468654E-7,6.468654E-7,9.148058E-7
275.422242,5.804303E-7,5.804303E-7,8.208524E-7
277.012272,5.949900E-7,5.949900E-7,8.414429E-7
278.611480,6.099149E-7,6.099149E-7,8.625499E-7
280.219921,6.252142E-7,6.252142E-7,8.841864E-7
281.837648,6.408969E-7,6.408969E-7,9.063651E-7
283.464714,6.406486E-7,6.406486E-7,9.060139E-7
285.101173,6.404005E-7,6.404005E-7,9.056631E-7
286.747079,6.401524E-7,6.401524E-7,9.053122E-7
288.402487,6.399044E-7,6.399044E-7,9.049615E-7
290.067453,6.284921E-7,6.284921E-7,8.888221E-7
291.742030,6.172833E-7,6.172833E-7,8.729704E-7
293.426274,6.062744E-7,6.062744E-7,8.574015E-7
295.120242,5.954618E-7,5.954618E-7,8.421102E-7
296.823989,6.593432E-7,6.593432E-7,9.324521E-7
298.537572,7.300779E-7,7.300779E-7,1.032486E-6
300.261047,8.084010E-7,8.084010E-7,1.143252E-6
301.994472,8.951270E-7,8.951270E-7,1.265901E-6
303.737905,8.835965E-7,8.835965E-7,1.249594E-6
305.491402,8.722145E-7,8.722145E-7,1.233498E-6
307.255023,8.609792E-7,8.609792E-7,1.217608E-6
309.028824,8.498884E-7,8.498884E-7,1.201924E-6
310.812867,8.853227E-7,8.853227E-7,1.252035E-6
312.607208,9.222344E-7,9.222344E-7,1.304236E-6
314.411909,9.606851E-7,9.606851E-7,1.358614E-6
316.227028,1.000739E-6,1.000739E-6,1.415259E-6
318.052625,9.314480E-7,9.314480E-7,1.317266E-6
319.888762,8.669546E-7,8.669546E-7,1.226059E-6
321.735500,8.069267E-7,8.069267E-7,1.141167E-6
323.592898,7.510550E-7,7.510550E-7,1.062152E-6
325.461020,6.307133E-7,6.307133E-7,8.919633E-7
327.339926,5.296539E-7,5.296539E-7,7.490437E-7
329.229679,4.447873E-7,4.447873E-7,6.290242E-7
331.130342,3.735190E-7,3.735190E-7,5.282356E-7
333.041978,5.611507E-7,5.611507E-7,7.935869E-7
334.964649,8.430366E-7,8.430366E-7,1.192234E-6
336.898420,1.266524E-6,1.266524E-6,1.791135E-6
338.843355,1.902744E-6,1.902744E-6,2.690886E-6
340.799519,2.189876E-6,2.189876E-6,3.096952E-6
342.766975,2.520337E-6,2.520337E-6,3.564295E-6
344.745790,2.900666E-6,2.900666E-6,4.102161E-6
346.736028,3.338388E-6,3.338388E-6,4.721194E-6
348.737756,3.322240E-6,3.322240E-6,4.698357E-6
350.751040,3.306171E-6,3.306171E-6,4.675632E-6
352.775947,3.290179E-6,3.290179E-6,4.653016E-6
354.812544,3.274265E-6,3.274265E-6,4.630510E-6
356.860899,3.162687E-6,3.162687E-6,4.472715E-6
358.921078,3.054911E-6,3.054911E-6,4.320297E-6
360.993151,2.950807E-6,2.950807E-6,4.173071E-6
363.077187,2.850251E-6,2.850251E-6,4.030864E-6
365.173253,3.166018E-6,3.166018E-6,4.477426E-6
367.281421,3.516767E-6,3.516767E-6,4.973460E-6
369.401759,3.906375E-6,3.906375E-6,5.524449E-6
371.534338,4.339146E-6,4.339146E-6,6.136479E-6
373.679228,5.092570E-6,5.092570E-6,7.201982E-6
375.836501,5.976814E-6,5.976814E-6,8.452491E-6
378.006228,7.014592E-6,7.014592E-6,9.920131E-6
380.188480,8.232567E-6,8.232567E-6,1.164261E-5
382.383332,5.951138E-6,5.951138E-6,8.416180E-6
384.590854,4.301944E-6,4.301944E-6,6.083868E-6
386.811120,3.109778E-6,3.109778E-6,4.397890E-6
389.044204,2.247988E-6,2.247988E-6,3.179135E-6
391.290180,4.029552E-6,4.029552E-6,5.698647E-6
393.549122,7.223031E-6,7.223031E-6,1.021491E-5
395.821105,1.294739E-5,1.294739E-5,1.831037E-5
398.106204,2.320839E-5,2.320839E-5,3.282162E-5
400.404495,2.051209E-5,2.051209E-5,2.900848E-5
402.716055,1.812904E-5,1.812904E-5,2.563833E-5
405.040959,1.602284E-5,1.602284E-5,2.265972E-5
407.379285,1.416135E-5,1.416135E-5,2.002717E-5
409.731111,1.052789E-5,1.052789E-5,1.488868E-5
412.096513,7.826691E-6,7.826691E-6,1.106861E-5
414.475571,5.818553E-6,5.818553E-6,8.228677E-6
416.868364,4.325653E-6,4.325653E-6,6.117397E-6
419.274970,3.590369E-6,3.590369E-6,5.077549E-6
421.695470,2.980070E-6,2.980070E-6,4.214455E-6
424.129944,2.473511E-6,2.473511E-6,3.498073E-6
426.578472,2.053058E-6,2.053058E-6,2.903462E-6
429.041135,1.822722E-6,1.822722E-6,2.577718E-6
431.518015,1.618228E-6,1.618228E-6,2.288520E-6
434.009195,1.436676E-6,1.436676E-6,2.031767E-6
436.514757,1.275493E-6,1.275493E-6,1.803819E-6
439.034783,9.004057E-7,9.004057E-7,1.273366E-6
441.569357,6.356209E-7,6.356209E-7,8.989037E-7
444.118564,4.487022E-7,4.487022E-7,6.345607E-7
446.682487,3.167511E-7,3.167511E-7,4.479537E-7
449.261212,3.161616E-7,3.161616E-7,4.471200E-7
451.854825,3.155732E-7,3.155732E-7,4.462879E-7
454.463410,3.149860E-7,3.149860E-7,4.454575E-7
457.087055,3.143998E-7,3.143998E-7,4.446285E-7
459.725846,6.283919E-7,6.283919E-7,8.886803E-7
462.379871,1.255969E-6,1.255969E-6,1.776208E-6
465.049218,2.510309E-6,2.510309E-6,3.550113E-6
467.733976,5.017366E-6,5.017366E-6,7.095627E-6
470.434232,4.212125E-6,4.212125E-6,5.956844E-6
473.150078,3.536117E-6,3.536117E-6,5.000825E-6
475.881602,2.968603E-6,2.968603E-6,4.198239E-6
478.628895,2.492168E-6,2.492168E-6,3.524458E-6
481.392049,3.803603E-6,3.803603E-6,5.379107E-6
484.171154,5.805146E-6,5.805146E-6,8.209716E-6
486.966304,8.859944E-6,8.859944E-6,1.252985E-5
489.777590,1.352225E-5,1.352225E-5,1.912335E-5
492.605106,9.900605E-6,9.900605E-6,1.400157E-5
495.448945,7.248938E-6,7.248938E-6,1.025155E-5
498.309202,5.307465E-6,5.307465E-6,7.505889E-6
501.185971,3.885972E-6,3.885972E-6,5.495594E-6
504.079348,3.097500E-6,3.097500E-6,4.380527E-6
506.989429,2.469011E-6,2.469011E-6,3.491709E-6
509.916309,1.968043E-6,1.968043E-6,2.783233E-6
512.860087,1.568723E-6,1.568723E-6,2.218509E-6
515.820860,9.091997E-7,9.091997E-7,1.285803E-6
518.798725,5.269535E-7,5.269535E-7,7.452248E-7
521.793781,3.054114E-7,3.054114E-7,4.319169E-7
524.806128,1.770102E-7,1.770102E-7,2.503302E-7
527.835866,2.697391E-7,2.697391E-7,3.814687E-7
530.883094,4.110453E-7,4.110453E-7,5.813058E-7
533.947915,6.263765E-7,6.263765E-7,8.858301E-7
537.030429,9.545117E-7,9.545117E-7,1.349883E-6
540.130738,8.754680E-7,8.754680E-7,1.238099E-6
543.248945,8.029699E-7,8.029699E-7,1.135571E-6
546.385154,7.364755E-7,7.364755E-7,1.041534E-6
549.539469,6.754874E-7,6.754874E-7,9.552834E-7
552.711994,5.297472E-7,5.297472E-7,7.491757E-7
555.902834,4.154513E-7,4.154513E-7,5.875369E-7
559.112094,3.258154E-7,3.258154E-7,4.607726E-7
562.339883,2.555188E-7,2.555188E-7,3.613582E-7
565.586305,2.930311E-7,2.930311E-7,4.144086E-7
568.851469,3.360505E-7,3.360505E-7,4.752472E-7
572.135483,3.853855E-7,3.853855E-7,5.450174E-7
575.438456,4.419634E-7,4.419634E-7,6.250306E-7
578.760497,3.497547E-7,3.497547E-7,4.946278E-7
582.101716,2.767838E-7,2.767838E-7,3.914314E-7
585.462225,2.190372E-7,2.190372E-7,3.097654E-7
588.842134,1.733386E-7,1.733386E-7,2.451378E-7
592.241555,8.926170E-8,8.926170E-8,1.262351E-7
595.660602,4.596583E-8,4.596583E-8,6.500550E-8
599.099386,2.367037E-8,2.367037E-8,3.347496E-8
602.558024,1.218919E-8,1.218919E-8,1.723812E-8
606.036628,1.347025E-8,1.347025E-8,1.904981E-8
609.535314,1.488595E-8,1.488595E-8,2.105191E-8
613.054198,1.645044E-8,1.645044E-8,2.326444E-8
616.593397,1.817934E-8,1.817934E-8,2.570947E-8
620.153028,3.166538E-8,3.166538E-8,4.478161E-8
623.733209,5.515580E-8,5.515580E-8,7.800208E-8
627.334059,9.607220E-8,9.607220E-8,1.358666E-7
630.955697,1.673418E-7,1.673418E-7,2.366570E-7
634.598242,1.115665E-7,1.115665E-7,1.577789E-7
638.261816,7.438125E-8,7.438125E-8,1.051910E-7
641.946541,4.958987E-8,4.958987E-8,7.013067E-8
645.652537,3.306149E-8,3.306149E-8,4.675601E-8
649.379928,5.072302E-8,5.072302E-8,7.173318E-8
653.128838,7.781936E-8,7.781936E-8,1.100532E-7
656.899390,1.193906E-7,1.193906E-7,1.688438E-7
660.691710,1.831695E-7,1.831695E-7,2.590408E-7
664.505924,1.521262E-7,1.521262E-7,2.151389E-7
668.342157,1.263441E-7,1.263441E-7,1.786775E-7
672.200537,1.049315E-7,1.049315E-7,1.483956E-7
676.081191,8.714791E-8,8.714791E-8,1.232458E-7
679.984249,1.687418E-7,1.687418E-7,2.386369E-7
683.909839,3.267294E-7,3.267294E-7,4.620651E-7
687.858092,6.326359E-7,6.326359E-7,8.946823E-7
691.829139,1.224952E-6,1.224952E-6,1.732344E-6
695.823110,5.590285E-7,5.590285E-7,7.905857E-7
699.840139,2.551225E-7,2.551225E-7,3.607977E-7
703.880359,1.164296E-7,1.164296E-7,1.646563E-7
707.943903,5.313466E-8,5.313466E-8,7.514376E-8
712.030906,9.454889E-8,9.454889E-8,1.337123E-7
716.141504,1.682422E-7,1.682422E-7,2.379304E-7
720.275832,2.993737E-7,2.993737E-7,4.233783E-7
724.434028,5.327118E-7,5.327118E-7,7.533683E-7
728.616230,7.404328E-7,7.404328E-7,1.047130E-6
732.822575,1.029151E-6,1.029151E-6,1.455439E-6
737.053205,1.430449E-6,1.430449E-6,2.022960E-6
741.308258,1.988226E-6,1.988226E-6,2.811776E-6
745.587875,1.453295E-6,1.453295E-6,2.055269E-6
749.892199,1.062286E-6,1.062286E-6,1.502299E-6
754.221372,7.764785E-7,7.764785E-7,1.098106E-6
758.575538,5.675670E-7,5.675670E-7,8.026609E-7
762.954841,7.834685E-7,7.834685E-7,1.107992E-6
767.359425,1.081499E-6,1.081499E-6,1.529471E-6
771.789438,1.492899E-6,1.492899E-6,2.111278E-6
776.245025,2.060795E-6,2.060795E-6,2.914404E-6
780.726335,2.745218E-6,2.745218E-6,3.882325E-6
785.233515,3.656948E-6,3.656948E-6,5.171705E-6
789.766716,4.871477E-6,4.871477E-6,6.889309E-6
794.326087,6.489371E-6,6.489371E-6,9.177356E-6
798.911780,7.231097E-6,7.231097E-6,1.022632E-5
803.523946,8.057601E-6,8.057601E-6,1.139517E-5
808.162739,8.978573E-6,8.978573E-6,1.269762E-5
812.828311,1.000481E-5,1.000481E-5,1.414894E-5
817.520818,8.963085E-6,8.963085E-6,1.267572E-5
822.240416,8.029823E-6,8.029823E-6,1.135588E-5
826.987259,7.193736E-6,7.193736E-6,1.017348E-5
831.761507,6.444705E-6,6.444705E-6,9.114189E-6
836.563317,2.785587E-6,2.785587E-6,3.939415E-6
841.392847,1.204011E-6,1.204011E-6,1.702729E-6
846.250259,5.204080E-7,5.204080E-7,7.359681E-7
851.135714,2.249352E-7,2.249352E-7,3.181064E-7
856.049372,3.419079E-7,3.419079E-7,4.835308E-7
860.991397,5.197097E-7,5.197097E-7,7.349805E-7
865.961952,7.899737E-7,7.899737E-7,1.117192E-6
870.961203,1.200783E-6,1.200783E-6,1.698164E-6
875.989315,7.250782E-7,7.250782E-7,1.025415E-6
881.046454,4.378296E-7,4.378296E-7,6.191846E-7
886.132789,2.643780E-7,2.643780E-7,3.738870E-7
891.248487,1.596413E-7,1.596413E-7,2.257669E-7
896.393719,2.644912E-7,2.644912E-7,3.740470E-7
901.568654,4.382048E-7,4.382048E-7,6.197152E-7
906.773465,7.260109E-7,7.260109E-7,1.026734E-6
912.008323,1.202843E-6,1.202843E-6,1.701077E-6
917.273403,9.173305E-7,9.173305E-7,1.297301E-6
922.568878,6.995883E-7,6.995883E-7,9.893673E-7
927.894924,5.335305E-7,5.335305E-7,7.545261E-7
933.251717,4.068889E-7,4.068889E-7,5.754278E-7
938.639436,5.325945E-7,5.325945E-7,7.532024E-7
944.058259,6.971360E-7,6.971360E-7,9.858992E-7
949.508364,9.125115E-7,9.125115E-7,1.290486E-6
954.989934,1.194426E-6,1.194426E-6,1.689173E-6
960.503149,6.854659E-7,6.854659E-7,9.693952E-7
966.048192,3.933803E-7,3.933803E-7,5.563238E-7
971.625246,2.257560E-7,2.257560E-7,3.192672E-7
977.234498,1.295585E-7,1.295585E-7,1.832234E-7
982.876132,2.403536E-7,2.403536E-7,3.399113E-7
988.550335,4.458979E-7,4.458979E-7,6.305949E-7
994.257297,8.272182E-7,8.272182E-7,1.169863E-6
999.997204,1.534634E-6,1.534634E-6,2.170300E-6
