Hz,real,imaginary,V^2 (rms)
9.999990,8.514457E-10,8.514457E-10,1.204126E-9
10.057721,1.038634E-9,1.038634E-9,1.468850E-9
10.115785,1.266975E-9,1.266975E-9,1.791773E-9
10.174184,1.545517E-9,1.545517E-9,2.185691E-9
10.232920,1.885296E-9,1.885296E-9,2.666211E-9
10.291995,2.160819E-9,2.160819E-9,3.055860E-9
10.351412,2.476607E-9,2.476607E-9,3.502451E-9
10.411171,2.838545E-9,2.838545E-9,4.014309E-9
10.471275,3.253381E-9,3.253381E-9,4.600976E-9
10.531727,2.873077E-9,2.873077E-9,4.063144E-9
10.592527,2.537230E-9,2.537230E-9,3.588185E-9
10.653678,2.240641E-9,2.240641E-9,3.168745E-9
10.715183,1.978721E-9,1.978721E-9,2.798334E-9
10.777042,1.719708E-9,1.719708E-9,2.432034E-9
10.839258,1.494599E-9,1.494599E-9,2.113682E-9
10.901834,1.298957E-9,1.298957E-9,1.837003E-9
10.964771,1.128924E-9,1.128924E-9,1.596540E-9
11.028071,8.468712E-10,8.468712E-10,1.197657E-9
11.091737,6.352870E-10,6.352870E-10,8.984315E-10
11.155770,4.765656E-10,4.765656E-10,6.739655E-10
11.220173,3.574992E-10,3.574992E-10,5.055802E-10
11.284948,4.949876E-10,4.949876E-10,7.000182E-10
11.350097,6.853518E-10,6.853518E-10,9.692338E-10
11.415622,9.489269E-10,9.489269E-10,1.341985E-9
11.481525,1.313869E-9,1.313869E-9,1.858091E-9
11.547808,1.445271E-9,1.445271E-9,2.043922E-9
11.614474,1.589814E-9,1.589814E-9,2.248337E-9
11.681525,1.748813E-9,1.748813E-9,2.473195E-9
11.748964,1.923713E-9,1.923713E-9,2.720541E-9
11.816791,1.798251E-9,1.798251E-9,2.543111E-9
11.885010,1.680972E-9,1.680972E-9,2.377253E-9
11.953623,1.571341E-9,1.571341E-9,2.222212E-9
12.022632,1.468860E-9,1.468860E-9,2.077282E-9
12.092039,1.328618E-9,1.328618E-9,1.878950E-9
12.161847,1.201766E-9,1.201766E-9,1.699554E-9
12.232059,1.087026E-9,1.087026E-9,1.537287E-9
12.302675,9.832401E-10,9.832401E-10,1.390511E-9
12.373699,1.385176E-9,1.385176E-9,1.958935E-9
12.445133,1.951419E-9,1.951419E-9,2.759723E-9
12.516980,2.749135E-9,2.749135E-9,3.887864E-9
12.589241,3.872948E-9,3.872948E-9,5.477176E-9
12.661919,3.005832E-9,3.005832E-9,4.250888E-9
12.735017,2.332854E-9,2.332854E-9,3.299154E-9
12.808537,1.810550E-9,1.810550E-9,2.560504E-9
12.882482,1.405185E-9,1.405185E-9,1.987232E-9
12.956853,1.984340E-9,1.984340E-9,2.806281E-9
13.031654,2.802196E-9,2.802196E-9,3.962904E-9
13.106887,3.957137E-9,3.957137E-9,5.596237E-9
13.182553,5.588093E-9,5.588093E-9,7.902757E-9
13.258657,4.129072E-9,4.129072E-9,5.839390E-9
13.335200,3.050994E-9,3.050994E-9,4.314757E-9
13.412185,2.254396E-9,2.254396E-9,3.188197E-9
13.489614,1.665785E-9,1.665785E-9,2.355776E-9
13.567491,1.621208E-9,1.621208E-9,2.292734E-9
13.645817,1.577825E-9,1.577825E-9,2.231382E-9
13.724595,1.535602E-9,1.535602E-9,2.171669E-9
13.803828,1.494509E-9,1.494509E-9,2.113555E-9
13.883518,1.818666E-9,1.818666E-9,2.571982E-9
13.963668,2.213133E-9,2.213133E-9,3.129843E-9
14.044282,2.693159E-9,2.693159E-9,3.808702E-9
14.125360,3.277302E-9,3.277302E-9,4.634805E-9
14.206907,3.236625E-9,3.236625E-9,4.577279E-9
14.288924,3.196453E-9,3.196453E-9,4.520467E-9
14.371415,3.156780E-9,3.156780E-9,4.464361E-9
14.454382,3.117600E-9,3.117600E-9,4.408952E-9
14.537828,3.769185E-9,3.769185E-9,5.330433E-9
14.621756,4.556952E-9,4.556952E-9,6.444503E-9
14.706168,5.509364E-9,5.509364E-9,7.791417E-9
14.791067,6.660834E-9,6.660834E-9,9.419842E-9
14.876457,6.501477E-9,6.501477E-9,9.194477E-9
14.962340,6.345933E-9,6.345933E-9,8.974505E-9
15.048718,6.194109E-9,6.194109E-9,8.759793E-9
15.135596,6.045918E-9,6.045918E-9,8.550219E-9
15.222974,5.225181E-9,5.225181E-9,7.389522E-9
15.310857,4.515860E-9,4.515860E-9,6.386390E-9
15.399248,3.902829E-9,3.902829E-9,5.519434E-9
15.488149,3.373016E-9,3.373016E-9,4.770165E-9
15.577563,3.508831E-9,3.508831E-9,4.962236E-9
15.667493,3.650114E-9,3.650114E-9,5.162041E-9
15.757942,3.797086E-9,3.797086E-9,5.369891E-9
15.848914,3.949975E-9,3.949975E-9,5.586108E-9
15.940411,4.049815E-9,4.049815E-9,5.727303E-9
16.032436,4.152177E-9,4.152177E-9,5.872065E-9
16.124992,4.257127E-9,4.257127E-9,6.020487E-9
16.218082,4.364733E-9,4.364733E-9,6.172665E-9
16.311710,4.697887E-9,4.697887E-9,6.643816E-9
16.405879,5.056472E-9,5.056472E-9,7.150931E-9
16.500591,5.442426E-9,5.442426E-9,7.696753E-9
16.595850,5.857837E-9,5.857837E-9,8.284233E-9
16.691659,5.192338E-9,5.192338E-9,7.343075E-9
16.788021,4.602446E-9,4.602446E-9,6.508842E-9
16.884939,4.079570E-9,4.079570E-9,5.769383E-9
16.982417,3.616097E-9,3.616097E-9,5.113933E-9
17.080457,4.679487E-9,4.679487E-9,6.617794E-9
17.179064,6.055590E-9,6.055590E-9,8.563898E-9
17.278240,7.836364E-9,7.836364E-9,1.108229E-8
17.377988,1.014081E-8,1.014081E-8,1.434127E-8
17.478312,7.158928E-9,7.158928E-9,1.012425E-8
17.579215,5.053860E-9,5.053860E-9,7.147237E-9
17.680701,3.567784E-9,3.567784E-9,5.045609E-9
17.782773,2.518684E-9,2.518684E-9,3.561957E-9
17.885434,2.958738E-9,2.958738E-9,4.184287E-9
17.988688,3.475676E-9,3.475676E-9,4.915348E-9
18.092538,4.082931E-9,4.082931E-9,5.774136E-9
18.196987,4.796283E-9,4.796283E-9,6.782968E-9
18.302039,5.444178E-9,5.444178E-9,7.699230E-9
18.407698,6.179593E-9,6.179593E-9,8.739264E-9
18.513967,7.014349E-9,7.014349E-9,9.919787E-9
18.620849,7.961867E-9,7.961867E-9,1.125978E-8
18.728348,1.104768E-8,1.104768E-8,1.562378E-8
18.836468,1.532947E-8,1.532947E-8,2.167914E-8
18.945212,2.127078E-8,2.127078E-8,3.008143E-8
19.054584,2.951477E-8,2.951477E-8,4.174019E-8
19.164587,3.323296E-8,3.323296E-8,4.699850E-8
19.275226,3.741956E-8,3.741956E-8,5.291925E-8
19.386503,4.213358E-8,4.213358E-8,5.958588E-8
19.498422,4.744145E-8,4.744145E-8,6.709234E-8
19.610988,7.674906E-8,7.674906E-8,1.085396E-7
19.724203,1.241619E-7,1.241619E-7,1.755914E-7
19.838072,2.008645E-7,2.008645E-7,2.840653E-7
19.952599,3.249513E-7,3.249513E-7,4.595505E-7
20.067786,4.621144E-7,4.621144E-7,6.535285E-7
20.183639,6.571744E-7,6.571744E-7,9.293849E-7
20.300160,9.345699E-7,9.345699E-7,1.321681E-6
20.417354,1.329055E-6,1.329055E-6,1.879568E-6
20.535225,1.208384E-6,1.208384E-6,1.708913E-6
20.653776,1.098670E-6,1.098670E-6,1.553754E-6
20.773011,9.989164E-7,9.989164E-7,1.412681E-6
20.892935,9.082200E-7,9.082200E-7,1.284417E-6
21.013551,9.142149E-7,9.142149E-7,1.292895E-6
21.134864,9.202492E-7,9.202492E-7,1.301429E-6
21.256877,9.263234E-7,9.263234E-7,1.310019E-6
21.379594,9.324378E-7,9.324378E-7,1.318666E-6
21.503020,9.407514E-7,9.407514E-7,1.330423E-6
21.627158,9.491391E-7,9.491391E-7,1.342285E-6
21.752013,9.576015E-7,9.576015E-7,1.354253E-6
21.877589,9.661391E-7,9.661391E-7,1.366327E-6
22.003889,9.578985E-7,9.578985E-7,1.354673E-6
22.130919,9.497281E-7,9.497281E-7,1.343118E-6
22.258682,9.416275E-7,9.416275E-7,1.331662E-6
22.387183,9.335959E-7,9.335959E-7,1.320304E-6
22.516425,1.012058E-6,1.012058E-6,1.431266E-6
22.646414,1.097114E-6,1.097114E-6,1.551553E-6
22.777153,1.189318E-6,1.189318E-6,1.681950E-6
22.908647,1.289271E-6,1.289271E-6,1.823305E-6
23.040900,1.394524E-6,1.394524E-6,1.972155E-6
23.173917,1.508370E-6,1.508370E-6,2.133157E-6
23.307701,1.631510E-6,1.631510E-6,2.307304E-6
23.442258,1.764703E-6,1.764703E-6,2.495667E-6
23.577591,1.328025E-6,1.328025E-6,1.878111E-6
23.713706,9.994039E-7,9.994039E-7,1.413371E-6
23.850607,7.521004E-7,7.521004E-7,1.063631E-6
23.988298,5.659921E-7,5.659921E-7,8.004337E-7
24.126784,4.626666E-7,4.626666E-7,6.543094E-7
24.266069,3.782039E-7,3.782039E-7,5.348611E-7
24.406159,3.091603E-7,3.091603E-7,4.372187E-7
24.547057,2.527211E-7,2.527211E-7,3.574016E-7
24.688769,2.012865E-7,2.012865E-7,2.846621E-7
24.831298,1.603200E-7,1.603200E-7,2.267267E-7
24.974651,1.276911E-7,1.276911E-7,1.805825E-7
25.118831,1.017030E-7,1.017030E-7,1.438298E-7
25.263844,1.064457E-7,1.064457E-7,1.505370E-7
25.409693,1.114094E-7,1.114094E-7,1.575567E-7
25.556385,1.166047E-7,1.166047E-7,1.649039E-7
25.703924,1.220422E-7,1.220422E-7,1.725937E-7
25.852314,1.752961E-7,1.752961E-7,2.479061E-7
26.001561,2.517876E-7,2.517876E-7,3.560814E-7
26.151669,3.616566E-7,3.616566E-7,5.114597E-7
26.302645,5.194677E-7,5.194677E-7,7.346383E-7
26.454491,5.401120E-7,5.401120E-7,7.638337E-7
26.607215,5.615767E-7,5.615767E-7,7.941894E-7
26.760820,5.838945E-7,5.838945E-7,8.257515E-7
26.915312,6.070990E-7,6.070990E-7,8.585676E-7
27.070695,6.812655E-7,6.812655E-7,9.634549E-7
27.226976,7.644926E-7,7.644926E-7,1.081156E-6
27.384159,8.578871E-7,8.578871E-7,1.213236E-6
27.542250,9.626915E-7,9.626915E-7,1.361451E-6
27.701253,1.008915E-6,1.008915E-6,1.426821E-6
27.861174,1.057358E-6,1.057358E-6,1.495330E-6
28.022018,1.108127E-6,1.108127E-6,1.567128E-6
28.183791,1.161333E-6,1.161333E-6,1.642373E-6
28.346497,1.169365E-6,1.169365E-6,1.653732E-6
28.510144,1.177452E-6,1.177452E-6,1.665169E-6
28.674734,1.185595E-6,1.185595E-6,1.676685E-6
28.840275,1.193795E-6,1.193795E-6,1.688281E-6
29.006772,1.091669E-6,1.091669E-6,1.543853E-6
29.174230,9.982807E-7,9.982807E-7,1.411782E-6
29.342654,9.128811E-7,9.128811E-7,1.291009E-6
29.512051,8.347871E-7,8.347871E-7,1.180567E-6
29.682426,3.734489E-7,3.734489E-7,5.281365E-7
29.853785,1.670654E-7,1.670654E-7,2.362662E-7
30.026132,7.473810E-8,7.473810E-8,1.056956E-7
30.199475,3.343469E-8,3.343469E-8,4.728379E-8
30.373818,3.806546E-8,3.806546E-8,5.383269E-8
30.549168,4.333759E-8,4.333759E-8,6.128861E-8
30.725531,4.933993E-8,4.933993E-8,6.977720E-8
30.902911,5.617363E-8,5.617363E-8,7.944151E-8
31.081315,2.198133E-8,2.198133E-8,3.108630E-8
31.260750,8.601525E-9,8.601525E-9,1.216439E-8
31.441220,3.365867E-9,3.365867E-9,4.760055E-9
31.622732,1.317098E-9,1.317098E-9,1.862658E-9
31.805292,2.124566E-9,2.124566E-9,3.004590E-9
31.988906,3.427066E-9,3.427066E-9,4.846603E-9
32.173580,5.528085E-9,5.528085E-9,7.817893E-9
32.359320,8.917169E-9,8.917169E-9,1.261078E-8
32.546132,8.388625E-9,8.388625E-9,1.186331E-8
32.734023,7.891408E-9,7.891408E-9,1.116014E-8
32.922998,7.423663E-9,7.423663E-9,1.049864E-8
33.113065,6.983646E-9,6.983646E-9,9.876367E-9
33.304228,8.204273E-9,8.204273E-9,1.160259E-8
33.496496,9.638245E-9,9.638245E-9,1.363054E-8
33.689873,1.132285E-8,1.132285E-8,1.601293E-8
33.884367,1.330191E-8,1.330191E-8,1.881174E-8
34.079983,1.586176E-8,1.586176E-8,2.243192E-8
34.276729,1.891423E-8,1.891423E-8,2.674876E-8
34.474611,2.255413E-8,2.255413E-8,3.189636E-8
34.673635,2.689450E-8,2.689450E-8,3.803457E-8
34.873808,3.851724E-8,3.851724E-8,5.447160E-8
35.075136,5.516286E-8,5.516286E-8,7.801206E-8
35.277627,7.900206E-8,7.900206E-8,1.117258E-7
35.481287,1.131436E-7,1.131436E-7,1.600092E-7
35.686123,1.450823E-7,1.450823E-7,2.051774E-7
35.892141,1.860368E-7,1.860368E-7,2.630958E-7
36.099348,2.385520E-7,2.385520E-7,3.373635E-7
36.307752,3.058915E-7,3.058915E-7,4.325959E-7
36.517359,4.779118E-7,4.779118E-7,6.758693E-7
36.728176,7.466689E-7,7.466689E-7,1.055949E-6
36.940210,1.166563E-6,1.166563E-6,1.649769E-6
37.153468,1.822588E-6,1.822588E-6,2.577529E-6
37.367957,2.268045E-6,2.268045E-6,3.207500E-6
37.583685,2.822374E-6,2.822374E-6,3.991440E-6
37.800658,3.512187E-6,3.512187E-6,4.966982E-6
38.018883,4.370595E-6,4.370595E-6,6.180955E-6
38.238368,4.260874E-6,4.260874E-6,6.025786E-6
38.459121,4.153906E-6,4.153906E-6,5.874510E-6
38.681148,4.049624E-6,4.049624E-6,5.727033E-6
38.904456,3.947961E-6,3.947961E-6,5.583260E-6
39.129054,3.420227E-6,3.420227E-6,4.836931E-6
39.354948,2.963037E-6,2.963037E-6,4.190367E-6
39.582147,2.566961E-6,2.566961E-6,3.630231E-6
39.810657,2.223829E-6,2.223829E-6,3.144969E-6
40.040486,2.108958E-6,2.108958E-6,2.982517E-6
40.271643,2.000021E-6,2.000021E-6,2.828457E-6
40.504133,1.896711E-6,1.896711E-6,2.682354E-6
40.737966,1.798739E-6,1.798739E-6,2.543801E-6
40.973149,1.706231E-6,1.706231E-6,2.412975E-6
41.209689,1.618482E-6,1.618482E-6,2.288879E-6
41.447595,1.535245E-6,1.535245E-6,2.171164E-6
41.686875,1.456289E-6,1.456289E-6,2.059504E-6
41.927536,1.545313E-6,1.545313E-6,2.185403E-6
42.169586,1.639779E-6,1.639779E-6,2.318998E-6
42.413033,1.740019E-6,1.740019E-6,2.460758E-6
42.657886,1.846387E-6,1.846387E-6,2.611186E-6
42.904153,2.103509E-6,2.103509E-6,2.974811E-6
43.151841,2.396437E-6,2.396437E-6,3.389074E-6
43.400959,2.730157E-6,2.730157E-6,3.861025E-6
43.651516,3.110348E-6,3.110348E-6,4.398696E-6
43.903519,3.246959E-6,3.246959E-6,4.591893E-6
44.156976,3.389570E-6,3.389570E-6,4.793576E-6
44.411897,3.538445E-6,3.538445E-6,5.004117E-6
44.668290,3.693859E-6,3.693859E-6,5.223905E-6
44.926163,3.012507E-6,3.012507E-6,4.260328E-6
45.185524,2.456833E-6,2.456833E-6,3.474487E-6
45.446383,2.003657E-6,2.003657E-6,2.833599E-6
45.708748,1.634071E-6,1.634071E-6,2.310925E-6
45.972627,1.551593E-6,1.551593E-6,2.194284E-6
46.238030,1.473277E-6,1.473277E-6,2.083528E-6
46.504965,1.398915E-6,1.398915E-6,1.978365E-6
46.773441,1.328306E-6,1.328306E-6,1.878508E-6
47.043467,1.309391E-6,1.309391E-6,1.851759E-6
47.315051,1.290745E-6,1.290745E-6,1.825389E-6
47.588204,1.272365E-6,1.272365E-6,1.799396E-6
47.862934,1.254247E-6,1.254247E-6,1.773773E-6
48.139249,1.217737E-6,1.217737E-6,1.722140E-6
48.417160,1.182290E-6,1.182290E-6,1.672011E-6
48.696675,1.147874E-6,1.147874E-6,1.623339E-6
48.977804,1.114461E-6,1.114461E-6,1.576086E-6
49.260556,1.066257E-6,1.066257E-6,1.507915E-6
49.544940,1.020138E-6,1.020138E-6,1.442693E-6
49.830966,9.760140E-7,9.760140E-7,1.380292E-6
50.118643,9.337984E-7,9.337984E-7,1.320590E-6
50.407981,8.298030E-7,8.298030E-7,1.173519E-6
50.698990,7.373893E-7,7.373893E-7,1.042826E-6
50.991678,6.552676E-7,6.552676E-7,9.266883E-7
51.286056,5.822917E-7,5.822917E-7,8.234848E-7
51.582133,5.514644E-7,5.514644E-7,7.798884E-7
51.879920,5.222691E-7,5.222691E-7,7.386000E-7
52.179426,4.946195E-7,4.946195E-7,6.994976E-7
52.480661,4.684337E-7,4.684337E-7,6.624653E-7
52.783635,4.581057E-7,4.581057E-7,6.478593E-7
53.088358,4.480054E-7,4.480054E-7,6.335753E-7
53.394841,4.381278E-7,4.381278E-7,6.196063E-7
53.703092,4.284681E-7,4.284681E-7,6.059454E-7
54.013124,4.398694E-7,4.398694E-7,6.220693E-7
54.324945,4.515741E-7,4.515741E-7,6.386222E-7
54.638566,4.635903E-7,4.635903E-7,6.556157E-7
54.953998,4.759262E-7,4.759262E-7,6.730613E-7
55.271250,3.916189E-7,3.916189E-7,5.538328E-7
55.590335,3.222461E-7,3.222461E-7,4.557248E-7
55.911261,2.651622E-7,2.651622E-7,3.749960E-7
56.234040,2.181903E-7,2.181903E-7,3.085677E-7
56.558683,2.348832E-7,2.348832E-7,3.321750E-7
56.885199,2.528532E-7,2.528532E-7,3.575884E-7
57.213601,2.721980E-7,2.721980E-7,3.849461E-7
57.543899,2.930229E-7,2.930229E-7,4.143970E-7
57.876103,2.846729E-7,2.846729E-7,4.025883E-7
58.210225,2.765608E-7,2.765608E-7,3.911160E-7
58.546276,2.686799E-7,2.686799E-7,3.799708E-7
58.884268,2.610236E-7,2.610236E-7,3.691431E-7
59.224210,3.539807E-7,3.539807E-7,5.006043E-7
59.566115,4.800423E-7,4.800423E-7,6.788823E-7
59.909994,6.509977E-7,6.509977E-7,9.206498E-7
60.255858,8.828345E-7,8.828345E-7,1.248517E-6
60.603719,1.630872E-6,1.630872E-6,2.306401E-6
60.953588,3.012731E-6,3.012731E-6,4.260645E-6
61.305476,5.565457E-6,5.565457E-6,7.870745E-6
61.659397,1.028115E-5,1.028115E-5,1.453974E-5
62.015360,9.539781E-6,9.539781E-6,1.349129E-5
62.373378,8.851872E-6,8.851872E-6,1.251844E-5
62.733464,8.213568E-6,8.213568E-6,1.161574E-5
63.095628,7.621293E-6,7.621293E-6,1.077814E-5
63.459883,9.603129E-6,9.603129E-6,1.358088E-5
63.826240,1.210032E-5,1.210032E-5,1.711244E-5
64.194713,1.524688E-5,1.524688E-5,2.156234E-5
64.565313,1.921166E-5,1.921166E-5,2.716939E-5
64.938053,2.051934E-5,2.051934E-5,2.901873E-5
65.312944,2.191603E-5,2.191603E-5,3.099395E-5
65.690000,2.340778E-5,2.340778E-5,3.310360E-5
66.069232,2.500107E-5,2.500107E-5,3.535685E-5
66.450654,2.375755E-5,2.375755E-5,3.359825E-5
66.834277,2.257588E-5,2.257588E-5,3.192712E-5
67.220116,2.145299E-5,2.145299E-5,3.033911E-5
67.608181,2.038595E-5,2.038595E-5,2.883009E-5
67.998488,1.303655E-5,1.303655E-5,1.843647E-5
68.391047,8.336701E-6,8.336701E-6,1.178988E-5
68.785873,5.331211E-6,5.331211E-6,7.539471E-6
69.182978,3.409239E-6,3.409239E-6,4.821392E-6
69.582375,2.916885E-6,2.916885E-6,4.125098E-6
69.984078,2.495635E-6,2.495635E-6,3.529361E-6
70.388101,2.135221E-6,2.135221E-6,3.019658E-6
70.794455,1.826857E-6,1.826857E-6,2.583566E-6
71.203156,1.534718E-6,1.534718E-6,2.170419E-6
71.614216,1.289296E-6,1.289296E-6,1.823340E-6
72.027650,1.083120E-6,1.083120E-6,1.531763E-6
72.443470,9.099147E-7,9.099147E-7,1.286814E-6
72.861690,7.367770E-7,7.367770E-7,1.041960E-6
73.282325,5.965838E-7,5.965838E-7,8.436969E-7
73.705388,4.830665E-7,4.830665E-7,6.831592E-7
74.130894,3.911490E-7,3.911490E-7,5.531682E-7
74.558856,3.668892E-7,3.668892E-7,5.188597E-7
74.989289,3.441340E-7,3.441340E-7,4.866790E-7
75.422207,3.227901E-7,3.227901E-7,4.564941E-7
75.857624,3.027700E-7,3.027700E-7,4.281814E-7
76.295554,3.191251E-7,3.191251E-7,4.513110E-7
76.736013,3.363638E-7,3.363638E-7,4.756902E-7
77.179015,3.545337E-7,3.545337E-7,5.013864E-7
77.624574,3.736849E-7,3.736849E-7,5.284703E-7
78.072705,5.841433E-7,5.841433E-7,8.261034E-7
78.523424,9.131313E-7,9.131313E-7,1.291363E-6
78.976744,1.427404E-6,1.427404E-6,2.018654E-6
79.432682,2.231316E-6,2.231316E-6,3.155557E-6
79.891252,1.705352E-6,1.705352E-6,2.411732E-6
80.352469,1.303368E-6,1.303368E-6,1.843241E-6
80.816348,9.961388E-7,9.961388E-7,1.408753E-6
81.282906,7.613297E-7,7.613297E-7,1.076683E-6
81.752157,6.728427E-7,6.728427E-7,9.515433E-7
82.224117,5.946403E-7,5.946403E-7,8.409484E-7
82.698802,5.255271E-7,5.255271E-7,7.432076E-7
83.176227,4.644468E-7,4.644468E-7,6.568270E-7
83.656409,4.448939E-7,4.448939E-7,6.291750E-7
84.139362,4.261643E-7,4.261643E-7,6.026873E-7
84.625104,4.082231E-7,4.082231E-7,5.773146E-7
85.113650,3.910371E-7,3.910371E-7,5.530100E-7
85.605016,3.967714E-7,3.967714E-7,5.611195E-7
86.099219,4.025899E-7,4.025899E-7,5.693481E-7
86.596275,4.084936E-7,4.084936E-7,5.776972E-7
87.096201,4.144840E-7,4.144840E-7,5.861689E-7
87.599012,3.594754E-7,3.594754E-7,5.083750E-7
88.104727,3.117673E-7,3.117673E-7,4.409055E-7
88.613361,2.703908E-7,2.703908E-7,3.823903E-7
89.124931,2.345056E-7,2.345056E-7,3.316410E-7
89.639454,3.001901E-7,3.001901E-7,4.245329E-7
90.156948,3.842726E-7,3.842726E-7,5.434435E-7
90.677430,4.919066E-7,4.919066E-7,6.956610E-7
91.200916,6.296885E-7,6.296885E-7,8.905140E-7
91.727425,8.123808E-7,8.123808E-7,1.148880E-6
92.256973,1.048078E-6,1.048078E-6,1.482206E-6
92.789578,1.352158E-6,1.352158E-6,1.912240E-6
93.325258,1.744461E-6,1.744461E-6,2.467040E-6
93.864030,1.805305E-6,1.805305E-6,2.553087E-6
94.405913,1.868272E-6,1.868272E-6,2.642136E-6
94.950924,1.933435E-6,1.933435E-6,2.734290E-6
95.499081,2.000871E-6,2.000871E-6,2.829659E-6
96.050403,2.172166E-6,2.172166E-6,3.071907E-6
96.604908,2.358126E-6,2.358126E-6,3.334894E-6
97.162614,2.560005E-6,2.560005E-6,3.620394E-6
97.723540,2.779168E-6,2.779168E-6,3.930337E-6
98.287704,2.531799E-6,2.531799E-6,3.580504E-6
98.855125,2.306447E-6,2.306447E-6,3.261809E-6
99.425821,2.101153E-6,2.101153E-6,2.971479E-6
99.999813,1.914133E-6,1.914133E-6,2.706993E-6
100.577118,1.703316E-6,1.703316E-6,2.408853E-6
101.157755,1.515718E-6,1.515718E-6,2.143549E-6
101.741745,1.348781E-6,1.348781E-6,1.907464E-6
102.329106,1.200231E-6,1.200231E-6,1.697383E-6
102.919859,1.287184E-6,1.287184E-6,1.820353E-6
103.514021,1.380438E-6,1.380438E-6,1.952234E-6
104.111614,1.480447E-6,1.480447E-6,2.093668E-6
104.712657,1.587702E-6,1.587702E-6,2.245350E-6
105.317169,1.638481E-6,1.638481E-6,2.317162E-6
105.925171,1.690884E-6,1.690884E-6,2.391271E-6
106.536684,1.744962E-6,1.744962E-6,2.467749E-6
107.151727,1.800770E-6,1.800770E-6,2.546673E-6
107.770320,2.025066E-6,2.025066E-6,2.863876E-6
108.392485,2.277300E-6,2.277300E-6,3.220589E-6
109.018241,2.560951E-6,2.560951E-6,3.621732E-6
109.647610,2.879933E-6,2.879933E-6,4.072840E-6
110.280612,3.252751E-6,3.252751E-6,4.600085E-6
110.917269,3.673833E-6,3.673833E-6,5.195584E-6
111.557601,4.149425E-6,4.149425E-6,5.868173E-6
112.201630,4.686583E-6,4.686583E-6,6.627829E-6
112.849377,4.595795E-6,4.595795E-6,6.499436E-6
113.500863,4.506765E-6,4.506765E-6,6.373528E-6
114.156110,4.419460E-6,4.419460E-6,6.250060E-6
114.815141,4.333846E-6,4.333846E-6,6.128984E-6
115.477975,4.704108E-6,4.704108E-6,6.652613E-6
116.144637,5.106005E-6,5.106005E-6,7.220982E-6
116.815147,5.542238E-6,5.542238E-6,7.837908E-6
117.489528,6.015742E-6,6.015742E-6,8.507544E-6
118.167802,4.723604E-6,4.723604E-6,6.680185E-6
118.849992,3.709007E-6,3.709007E-6,5.245328E-6
119.536120,2.912339E-6,2.912339E-6,4.118669E-6
120.226209,2.286790E-6,2.286790E-6,3.234009E-6
120.920282,1.232016E-6,1.232016E-6,1.742334E-6
121.618363,6.637528E-7,6.637528E-7,9.386882E-7
122.320473,3.575990E-7,3.575990E-7,5.057214E-7
123.026636,1.926576E-7,1.926576E-7,2.724590E-7
123.736876,2.610994E-7,2.610994E-7,3.692503E-7
124.451217,3.538553E-7,3.538553E-7,5.004270E-7
125.169681,4.795628E-7,4.795628E-7,6.782042E-7
125.892294,6.499279E-7,6.499279E-7,9.191369E-7
126.619077,6.093694E-7,6.093694E-7,8.617785E-7
127.350057,5.713420E-7,5.713420E-7,8.079996E-7
128.085257,5.356876E-7,5.356876E-7,7.575767E-7
128.824701,5.022582E-7,5.022582E-7,7.103004E-7
129.568413,4.623637E-7,4.623637E-7,6.538810E-7
130.316420,4.256380E-7,4.256380E-7,6.019430E-7
131.068744,3.918294E-7,3.918294E-7,5.541305E-7
131.825412,3.607062E-7,3.607062E-7,5.101156E-7
132.586448,3.417579E-7,3.417579E-7,4.833187E-7
133.351878,3.238049E-7,3.238049E-7,4.579293E-7
134.121726,3.067950E-7,3.067950E-7,4.338736E-7
134.896019,2.906787E-7,2.906787E-7,4.110818E-7
135.674782,3.270361E-7,3.270361E-7,4.624989E-7
136.458041,3.679410E-7,3.679410E-7,5.203472E-7
137.245821,4.139623E-7,4.139623E-7,5.854311E-7
138.038150,4.657396E-7,4.657396E-7,6.586553E-7
138.835052,4.756544E-7,4.756544E-7,6.726769E-7
139.636556,4.857802E-7,4.857802E-7,6.869969E-7
140.442686,4.961216E-7,4.961216E-7,7.016219E-7
141.253470,5.066831E-7,5.066831E-7,7.165581E-7
142.068935,5.468274E-7,5.468274E-7,7.733307E-7
142.889108,5.901524E-7,5.901524E-7,8.346015E-7
143.714015,6.369099E-7,6.369099E-7,9.007266E-7
144.543685,6.873718E-7,6.873718E-7,9.720905E-7
145.378144,6.932344E-7,6.932344E-7,9.803815E-7
146.217421,6.991469E-7,6.991469E-7,9.887430E-7
147.061543,7.051099E-7,7.051099E-7,9.971760E-7
147.910538,7.111234E-7,7.111234E-7,1.005680E-6
148.764435,6.885684E-7,6.885684E-7,9.737828E-7
149.623261,6.667289E-7,6.667289E-7,9.428971E-7
150.487045,6.455820E-7,6.455820E-7,9.129908E-7
151.355816,6.251057E-7,6.251057E-7,8.840330E-7
152.229602,8.124068E-7,8.124068E-7,1.148917E-6
153.108433,1.055829E-6,1.055829E-6,1.493168E-6
153.992337,1.372189E-6,1.372189E-6,1.940568E-6
154.881344,1.783339E-6,1.783339E-6,2.522022E-6
155.775484,2.184631E-6,2.184631E-6,3.089535E-6
156.674785,2.676223E-6,2.676223E-6,3.784751E-6
157.579278,3.278433E-6,3.278433E-6,4.636404E-6
158.488993,4.016155E-6,4.016155E-6,5.679701E-6
159.403960,7.703133E-6,7.703133E-6,1.089388E-5
160.324208,1.477489E-5,1.477489E-5,2.089485E-5
161.249770,2.833879E-5,2.833879E-5,4.007710E-5
162.180674,5.435487E-5,5.435487E-5,7.686939E-5
163.116953,5.279663E-5,5.279663E-5,7.466571E-5
164.058637,5.128306E-5,5.128306E-5,7.252520E-5
165.005758,4.981288E-5,4.981288E-5,7.044605E-5
165.958346,4.838483E-5,4.838483E-5,6.842648E-5
166.916434,5.661071E-5,5.661071E-5,8.005963E-5
167.880052,6.623506E-5,6.623506E-5,9.367052E-5
168.849234,7.749564E-5,7.749564E-5,1.095954E-4
169.824011,9.067062E-5,9.067062E-5,1.282276E-4
170.804415,2.095501E-4,2.095501E-4,2.963486E-4
171.790479,4.842942E-4,4.842942E-4,6.848954E-4
172.782236,1.119259E-3,1.119259E-3,1.582871E-3
173.779719,2.586737E-3,2.586737E-3,3.658199E-3
174.782960,2.096904E-3,2.096904E-3,2.965470E-3
175.791992,1.699827E-3,1.699827E-3,2.403918E-3
176.806850,1.377942E-3,1.377942E-3,1.948704E-3
177.827567,1.117011E-3,1.117011E-3,1.579692E-3
178.854176,6.003267E-4,6.003267E-4,8.489902E-4
179.886712,3.226398E-4,3.226398E-4,4.562816E-4
180.925209,1.733997E-4,1.733997E-4,2.452242E-4
181.969701,9.319196E-5,9.319196E-5,1.317933E-4
183.020223,8.626514E-5,8.626514E-5,1.219973E-4
184.076810,7.985317E-5,7.985317E-5,1.129294E-4
185.139497,7.391779E-5,7.391779E-5,1.045355E-4
186.208318,6.842358E-5,6.842358E-5,9.676555E-5
187.283310,7.298631E-5,7.298631E-5,1.032182E-4
188.364508,7.785330E-5,7.785330E-5,1.101012E-4
189.451948,8.304482E-5,8.304482E-5,1.174431E-4
190.545665,8.858253E-5,8.858253E-5,1.252746E-4
191.645697,6.317001E-5,6.317001E-5,8.933588E-5
192.752079,4.504782E-5,4.504782E-5,6.370724E-5
193.864849,3.212452E-5,3.212452E-5,4.543093E-5
194.984042,2.290864E-5,2.290864E-5,3.239771E-5
196.109697,2.325584E-5,2.325584E-5,3.288872E-5
197.241850,2.360829E-5,2.360829E-5,3.338716E-5
198.380539,2.396609E-5,2.396609E-5,3.389317E-5
199.525802,2.432931E-5,2.432931E-5,3.440684E-5
200.677677,2.032706E-5,2.032706E-5,2.874680E-5
201.836201,1.698319E-5,1.698319E-5,2.401786E-5
203.001414,1.418940E-5,1.418940E-5,2.006684E-5
204.173353,1.185520E-5,1.185520E-5,1.676578E-5
205.352059,8.203253E-6,8.203253E-6,1.160115E-5
206.537568,5.676274E-6,5.676274E-6,8.027464E-6
207.729922,3.927720E-6,3.927720E-6,5.554635E-6
208.929160,2.717802E-6,2.717802E-6,3.843552E-6
210.135321,4.121169E-6,4.121169E-6,5.828213E-6
211.348445,6.249179E-6,6.249179E-6,8.837674E-6
212.568572,9.476011E-6,9.476011E-6,1.340110E-5
213.795743,1.436906E-5,1.436906E-5,2.032092E-5
215.029999,1.130108E-5,1.130108E-5,1.598214E-5
216.271380,8.888157E-6,8.888157E-6,1.256975E-5
217.519928,6.990423E-6,6.990423E-6,9.885951E-6
218.775684,5.497877E-6,5.497877E-6,7.775172E-6
220.038689,6.857565E-6,6.857565E-6,9.698061E-6
221.308986,8.553517E-6,8.553517E-6,1.209650E-5
222.586616,1.066890E-5,1.066890E-5,1.508810E-5
223.871622,1.330745E-5,1.330745E-5,1.881958E-5
225.164046,1.120298E-5,1.120298E-5,1.584341E-5
226.463932,9.431314E-6,9.431314E-6,1.333789E-5
227.771322,7.939825E-6,7.939825E-6,1.122861E-5
229.086260,6.684202E-6,6.684202E-6,9.452889E-6
230.408789,4.994254E-6,4.994254E-6,7.062942E-6
231.738953,3.731570E-6,3.731570E-6,5.277237E-6
233.076796,2.788127E-6,2.788127E-6,3.943007E-6
234.422362,2.083212E-6,2.083212E-6,2.946107E-6
235.775697,1.248808E-6,1.248808E-6,1.766081E-6
237.136844,7.486140E-7,7.486140E-7,1.058700E-6
238.505849,4.487662E-7,4.487662E-7,6.346512E-7
239.882758,2.690184E-7,2.690184E-7,3.804495E-7
241.267616,2.608971E-7,2.608971E-7,3.689642E-7
242.660469,2.530209E-7,2.530209E-7,3.578256E-7
244.061362,2.453825E-7,2.453825E-7,3.470233E-7
245.470343,2.379747E-7,2.379747E-7,3.365470E-7
246.887458,3.067126E-7,3.067126E-7,4.337571E-7
248.312755,3.953051E-7,3.953051E-7,5.590458E-7
249.746279,5.094871E-7,5.094871E-7,7.205236E-7
251.188080,6.566503E-7,6.566503E-7,9.286438E-7
252.638204,6.157381E-7,6.157381E-7,8.707852E-7
254.096699,5.773750E-7,5.773750E-7,8.165316E-7
255.563615,5.414020E-7,5.414020E-7,7.656581E-7
257.038999,5.076702E-7,5.076702E-7,7.179541E-7
258.522901,4.770709E-7,4.770709E-7,6.746801E-7
260.015369,4.483159E-7,4.483159E-7,6.340144E-7
261.516454,4.212941E-7,4.212941E-7,5.957998E-7
263.026204,3.959009E-7,3.959009E-7,5.598884E-7
264.544671,3.749151E-7,3.749151E-7,5.302100E-7
266.071903,3.550417E-7,3.550417E-7,5.021048E-7
267.607952,3.362217E-7,3.362217E-7,4.754893E-7
269.152869,3.183992E-7,3.183992E-7,4.502845E-7
270.706705,1.745858E-7,1.745858E-7,2.469016E-7
272.269511,9.572949E-8,9.572949E-8,1.353819E-7
273.841340,5.249073E-8,5.249073E-8,7.423310E-8
275.422242,2.878189E-8,2.878189E-8,4.070374E-8
277.012272,4.162095E-8,4.162095E-8,5.886091E-8
278.611480,6.018727E-8,6.018727E-8,8.511765E-8
280.219921,8.703570E-8,8.703570E-8,1.230871E-7
281.837648,1.258608E-7,1.258608E-7,1.779941E-7
283.464714,1.468694E-7,1.468694E-7,2.077047E-7
285.101173,1.713848E-7,1.713848E-7,2.423747E-7
286.747079,1.999922E-7,1.999922E-7,2.828317E-7
288.402487,2.333747E-7,2.333747E-7,3.300417E-7
290.067453,2.120783E-7,2.120783E-7,2.999240E-7
291.742030,1.927252E-7,1.927252E-7,2.725546E-7
293.426274,1.751382E-7,1.751382E-7,2.476828E-7
295.120242,1.591561E-7,1.591561E-7,2.250807E-7
296.823989,1.736816E-7,1.736816E-7,2.456229E-7
298.537572,1.895328E-7,1.895328E-7,2.680399E-7
300.261047,2.068307E-7,2.068307E-7,2.925028E-7
301.994472,2.257073E-7,2.257073E-7,3.191983E-7
303.737905,2.332510E-7,2.332510E-7,3.298667E-7
305.491402,2.410467E-7,2.410467E-7,3.408915E-7
307.255023,2.491030E-7,2.491030E-7,3.522848E-7
309.028824,2.574287E-7,2.574287E-7,3.640592E-7
310.812867,2.864978E-7,2.864978E-7,4.051691E-7
312.607208,3.188494E-7,3.188494E-7,4.509211E-7
314.411909,3.548542E-7,3.548542E-7,5.018396E-7
316.227028,3.949246E-7,3.949246E-7,5.585077E-7
318.052625,4.363529E-7,4.363529E-7,6.170962E-7
319.888762,4.821271E-7,4.821271E-7,6.818307E-7
321.735500,5.327031E-7,5.327031E-7,7.533559E-7
323.592898,5.885847E-7,5.885847E-7,8.323845E-7
325.461020,5.697769E-7,5.697769E-7,8.057862E-7
327.339926,5.515701E-7,5.515701E-7,7.800379E-7
329.229679,5.339451E-7,5.339451E-7,7.551124E-7
331.130342,5.168833E-7,5.168833E-7,7.309834E-7
333.041978,4.722819E-7,4.722819E-7,6.679075E-7
334.964649,4.315291E-7,4.315291E-7,6.102743E-7
336.898420,3.942928E-7,3.942928E-7,5.576142E-7
338.843355,3.602696E-7,3.602696E-7,5.094982E-7
340.799519,2.639993E-7,2.639993E-7,3.733514E-7
342.766975,1.934541E-7,1.934541E-7,2.735854E-7
344.745790,1.417598E-7,1.417598E-7,2.004786E-7
346.736028,1.038791E-7,1.038791E-7,1.469072E-7
348.737756,1.248469E-7,1.248469E-7,1.765602E-7
350.751040,1.500471E-7,1.500471E-7,2.121986E-7
352.775947,1.803339E-7,1.803339E-7,2.550306E-7
354.812544,2.167341E-7,2.167341E-7,3.065083E-7
356.860899,2.041534E-7,2.041534E-7,2.887165E-7
358.921078,1.923031E-7,1.923031E-7,2.719577E-7
360.993151,1.811406E-7,1.811406E-7,2.561715E-7
363.077187,1.706260E-7,1.706260E-7,2.413016E-7
365.173253,2.193713E-7,2.193713E-7,3.102379E-7
367.281421,2.820425E-7,2.820425E-7,3.988683E-7
369.401759,3.626179E-7,3.626179E-7,5.128192E-7
371.534338,4.662125E-7,4.662125E-7,6.593240E-7
373.679228,5.416711E-7,5.416711E-7,7.660386E-7
375.836501,6.293429E-7,6.293429E-7,8.900253E-7
378.006228,7.312050E-7,7.312050E-7,1.034080E-6
380.188480,8.495540E-7,8.495540E-7,1.201451E-6
382.383332,8.683655E-7,8.683655E-7,1.228054E-6
384.590854,8.875936E-7,8.875936E-7,1.255247E-6
386.811120,9.072475E-7,9.072475E-7,1.283042E-6
389.044204,9.273363E-7,9.273363E-7,1.311452E-6
391.290180,1.471725E-6,1.471725E-6,2.081333E-6
393.549122,2.335694E-6,2.335694E-6,3.303170E-6
395.821105,3.706853E-6,3.706853E-6,5.242282E-6
398.106204,5.882945E-6,5.882945E-6,8.319741E-6
400.404495,5.068665E-6,5.068665E-6,7.168175E-6
402.716055,4.367093E-6,4.367093E-6,6.176002E-6
405.040959,3.762627E-6,3.762627E-6,5.321158E-6
407.379285,3.241828E-6,3.241828E-6,4.584637E-6
409.731111,3.510653E-6,3.510653E-6,4.964813E-6
412.096513,3.801769E-6,3.801769E-6,5.376513E-6
414.475571,4.117025E-6,4.117025E-6,5.822353E-6
416.868364,4.458424E-6,4.458424E-6,6.305164E-6
419.274970,4.590618E-6,4.590618E-6,6.492114E-6
421.695470,4.726732E-6,4.726732E-6,6.684609E-6
424.129944,4.866882E-6,4.866882E-6,6.882811E-6
426.578472,5.011185E-6,5.011185E-6,7.086886E-6
429.041135,3.284453E-6,3.284453E-6,4.644918E-6
431.518015,2.152711E-6,2.152711E-6,3.044393E-6
434.009195,1.410940E-6,1.410940E-6,1.995370E-6
436.514757,9.247643E-7,9.247643E-7,1.307814E-6
439.034783,1.101614E-6,1.101614E-6,1.557917E-6
441.569357,1.312285E-6,1.312285E-6,1.855851E-6
444.118564,1.563243E-6,1.563243E-6,2.210759E-6
446.682487,1.862195E-6,1.862195E-6,2.633541E-6
449.261212,1.547433E-6,1.547433E-6,2.188401E-6
451.854825,1.285875E-6,1.285875E-6,1.818502E-6
454.463410,1.068526E-6,1.068526E-6,1.511124E-6
457.087055,8.879160E-7,8.879160E-7,1.255703E-6
459.725846,1.703853E-6,1.703853E-6,2.409612E-6
462.379871,3.269582E-6,3.269582E-6,4.623887E-6
465.049218,6.274114E-6,6.274114E-6,8.872937E-6
467.733976,1.203961E-5,1.203961E-5,1.702658E-5
470.434232,1.414624E-5,1.414624E-5,2.000580E-5
473.150078,1.662148E-5,1.662148E-5,2.350632E-5
475.881602,1.952982E-5,1.952982E-5,2.761934E-5
478.628895,2.294703E-5,2.294703E-5,3.245200E-5
481.392049,1.357250E-5,1.357250E-5,1.919441E-5
484.171154,8.027733E-6,8.027733E-6,1.135293E-5
486.966304,4.748168E-6,4.748168E-6,6.714924E-6
489.777590,2.808402E-6,2.808402E-6,3.971680E-6
492.605106,1.998569E-6,1.998569E-6,2.826403E-6
495.448945,1.422260E-6,1.422260E-6,2.011379E-6
498.309202,1.012136E-6,1.012136E-6,1.431376E-6
501.185971,7.202753E-7,7.202753E-7,1.018623E-6
504.079348,6.464098E-7,6.464098E-7,9.141615E-7
506.989429,5.801194E-7,5.801194E-7,8.204127E-7
509.916309,5.206271E-7,5.206271E-7,7.362779E-7
512.860087,4.672358E-7,4.672358E-7,6.607712E-7
515.820860,4.728824E-7,4.728824E-7,6.687567E-7
518.798725,4.785974E-7,4.785974E-7,6.768389E-7
521.793781,4.843813E-7,4.843813E-7,6.850186E-7
524.806128,4.902353E-7,4.902353E-7,6.932974E-7
527.835866,4.854710E-7,4.854710E-7,6.865597E-7
530.883094,4.807530E-7,4.807530E-7,6.798874E-7
533.947915,4.760809E-7,4.760809E-7,6.732801E-7
537.030429,4.714540E-7,4.714540E-7,6.667366E-7
540.130738,4.626837E-7,4.626837E-7,6.543336E-7
543.248945,4.540764E-7,4.540764E-7,6.421610E-7
546.385154,4.456293E-7,4.456293E-7,6.302150E-7
549.539469,4.373393E-7,4.373393E-7,6.184912E-7
552.711994,4.506479E-7,4.506479E-7,6.373124E-7
555.902834,4.643614E-7,4.643614E-7,6.567062E-7
559.112094,4.784923E-7,4.784923E-7,6.766903E-7
562.339883,4.930532E-7,4.930532E-7,6.972825E-7
565.586305,4.829077E-7,4.829077E-7,6.829346E-7
568.851469,4.729710E-7,4.729710E-7,6.688820E-7
572.135483,4.632387E-7,4.632387E-7,6.551185E-7
575.438456,4.537066E-7,4.537066E-7,6.416380E-7
578.760497,3.976155E-7,3.976155E-7,5.623132E-7
582.101716,3.484587E-7,3.484587E-7,4.927950E-7
585.462225,3.053792E-7,3.053792E-7,4.318714E-7
588.842134,2.676255E-7,2.676255E-7,3.784796E-7
592.241555,3.955928E-7,3.955928E-7,5.594527E-7
595.660602,5.847487E-7,5.847487E-7,8.269595E-7
599.099386,8.643510E-7,8.643510E-7,1.222377E-6
602.558024,1.277648E-6,1.277648E-6,1.806867E-6
606.036628,1.005268E-6,1.005268E-6,1.421664E-6
609.535314,7.909563E-7,7.909563E-7,1.118581E-6
613.054198,6.223335E-7,6.223335E-7,8.801125E-7
616.593397,4.896592E-7,4.896592E-7,6.924827E-7
620.153028,4.685558E-7,4.685558E-7,6.626380E-7
623.733209,4.483620E-7,4.483620E-7,6.340796E-7
627.334059,4.290384E-7,4.290384E-7,6.067519E-7
630.955697,4.105477E-7,4.105477E-7,5.806021E-7
634.598242,4.142078E-7,4.142078E-7,5.857783E-7
638.261816,4.179004E-7,4.179004E-7,5.910004E-7
641.946541,4.216260E-7,4.216260E-7,5.962692E-7
645.652537,4.253847E-7,4.253847E-7,6.015848E-7
649.379928,4.279847E-7,4.279847E-7,6.052618E-7
653.128838,4.306006E-7,4.306006E-7,6.089612E-7
656.899390,4.332325E-7,4.332325E-7,6.126833E-7
660.691710,4.358803E-7,4.358803E-7,6.164278E-7
664.505924,4.409207E-7,4.409207E-7,6.235560E-7
668.342157,4.460194E-7,4.460194E-7,6.307667E-7
672.200537,4.511771E-7,4.511771E-7,6.380608E-7
676.081191,4.563943E-7,4.563943E-7,6.454390E-7
679.984249,4.580391E-7,4.580391E-7,6.477651E-7
683.909839,4.596898E-7,4.596898E-7,6.500995E-7
687.858092,4.613465E-7,4.613465E-7,6.524425E-7
691.829139,4.630090E-7,4.630090E-7,6.547936E-7
695.823110,4.519713E-7,4.519713E-7,6.391839E-7
699.840139,4.411967E-7,4.411967E-7,6.239464E-7
703.880359,4.306790E-7,4.306790E-7,6.090721E-7
707.943903,4.204120E-7,4.204120E-7,5.945524E-7
712.030906,4.275394E-7,4.275394E-7,6.046320E-7
716.141504,4.347876E-7,4.347876E-7,6.148825E-7
720.275832,4.421586E-7,4.421586E-7,6.253067E-7
724.434028,4.496545E-7,4.496545E-7,6.359075E-7
728.616230,4.626452E-7,4.626452E-7,6.542791E-7
732.822575,4.760113E-7,4.760113E-7,6.731816E-7
737.053205,4.897636E-7,4.897636E-7,6.926303E-7
741.308258,5.039134E-7,5.039134E-7,7.126412E-7
745.587875,4.734766E-7,4.734766E-7,6.695970E-7
749.892199,4.448782E-7,4.448782E-7,6.291528E-7
754.221372,4.180072E-7,4.180072E-7,5.911515E-7
758.575538,3.927593E-7,3.927593E-7,5.554455E-7
762.954841,4.112278E-7,4.112278E-7,5.815639E-7
767.359425,4.305648E-7,4.305648E-7,6.089106E-7
771.789438,4.508111E-7,4.508111E-7,6.375432E-7
776.245025,4.720096E-7,4.720096E-7,6.675224E-7
780.726335,4.828919E-7,4.828919E-7,6.829123E-7
785.233515,4.940251E-7,4.940251E-7,6.986570E-7
789.766716,5.054151E-7,5.054151E-7,7.147649E-7
794.326087,5.170674E-7,5.170674E-7,7.312437E-7
798.911780,4.639267E-7,4.639267E-7,6.560914E-7
803.523946,4.162474E-7,4.162474E-7,5.886627E-7
808.162739,3.734682E-7,3.734682E-7,5.281638E-7
812.828311,3.350856E-7,3.350856E-7,4.738826E-7
817.520818,3.617757E-7,3.617757E-7,5.116281E-7
822.240416,3.905918E-7,3.905918E-7,5.523802E-7
826.987259,4.217030E-7,4.217030E-7,5.963781E-7
831.761507,4.552922E-7,4.552922E-7,6.438804E-7
836.563317,4.492756E-7,4.492756E-7,6.353716E-7
841.392847,4.433385E-7,4.433385E-7,6.269753E-7
846.250259,4.374799E-7,4.374799E-7,6.186900E-7
851.135714,4.316987E-7,4.316987E-7,6.105142E-7
856.049372,4.386962E-7,4.386962E-7,6.204101E-7
860.991397,4.458071E-7,4.458071E-7,6.304664E-7
865.961952,4.530332E-7,4.530332E-7,6.406857E-7
870.961203,4.603764E-7,4.603764E-7,6.510705E-7
875.989315,4.670040E-7,4.670040E-7,6.604434E-7
881.046454,4.737271E-7,4.737271E-7,6.699513E-7
886.132789,4.805470E-7,4.805470E-7,6.795961E-7
891.248487,4.874652E-7,4.874652E-7,6.893799E-7
896.393719,4.808345E-7,4.808345E-7,6.800027E-7
901.568654,4.742940E-7,4.742940E-7,6.707530E-7
906.773465,4.678425E-7,4.678425E-7,6.616292E-7
912.008323,4.614787E-7,4.614787E-7,6.526294E-7
917.273403,4.520899E-7,4.520899E-7,6.393517E-7
922.568878,4.428920E-7,4.428920E-7,6.263439E-7
927.894924,4.338813E-7,4.338813E-7,6.136008E-7
933.251717,4.250541E-7,4.250541E-7,6.011173E-7
938.639436,4.272641E-7,4.272641E-7,6.042427E-7
944.058259,4.294856E-7,4.294856E-7,6.073844E-7
949.508364,4.317187E-7,4.317187E-7,6.105424E-7
954.989934,4.339635E-7,4.339635E-7,6.137171E-7
960.503149,4.382584E-7,4.382584E-7,6.197910E-7
966.048192,4.425959E-7,4.425959E-7,6.259251E-7
971.625246,4.469762E-7,4.469762E-7,6.321198E-7
977.234498,4.514000E-7,4.514000E-7,6.383760E-7
982.876132,4.459597E-7,4.459597E-7,6.306823E-7
988.550335,4.405850E-7,4.405850E-7,6.230813E-7
994.257297,4.352751E-7,4.352751E-7,6.155719E-7
999.997204,4.300292E-7,4.300292E-7,6.081531E-7
