Hz,real,imaginary,V^2 (rms)
9.999990,3.099210E-6,3.099210E-6,4.382945E-6
10.057721,3.044678E-6,3.044678E-6,4.305825E-6
10.115785,2.991104E-6,2.991104E-6,4.230060E-6
10.174184,2.938474E-6,2.938474E-6,4.155630E-6
10.232920,2.886768E-6,2.886768E-6,4.082506E-6
10.291995,2.899058E-6,2.899058E-6,4.099887E-6
10.351412,2.911399E-6,2.911399E-6,4.117340E-6
10.411171,2.923794E-6,2.923794E-6,4.134869E-6
10.471275,2.936241E-6,2.936241E-6,4.152472E-6
10.531727,2.866833E-6,2.866833E-6,4.054314E-6
10.592527,2.799066E-6,2.799066E-6,3.958477E-6
10.653678,2.732901E-6,2.732901E-6,3.864906E-6
10.715183,2.668301E-6,2.668301E-6,3.773547E-6
10.777042,2.623754E-6,2.623754E-6,3.710548E-6
10.839258,2.579951E-6,2.579951E-6,3.648602E-6
10.901834,2.536879E-6,2.536879E-6,3.587689E-6
10.964771,2.494527E-6,2.494527E-6,3.527794E-6
11.028071,2.496638E-6,2.496638E-6,3.530779E-6
11.091737,2.498750E-6,2.498750E-6,3.533766E-6
11.155770,2.500864E-6,2.500864E-6,3.536756E-6
11.220173,2.502980E-6,2.502980E-6,3.539748E-6
11.284948,2.480800E-6,2.480800E-6,3.508381E-6
11.350097,2.458817E-6,2.458817E-6,3.477292E-6
11.415622,2.437028E-6,2.437028E-6,3.446478E-6
11.481525,2.415433E-6,2.415433E-6,3.415938E-6
11.547808,2.392969E-6,2.392969E-6,3.384169E-6
11.614474,2.370713E-6,2.370713E-6,3.352694E-6
11.681525,2.348665E-6,2.348665E-6,3.321514E-6
11.748964,2.326821E-6,2.326821E-6,3.290622E-6
11.816791,2.291686E-6,2.291686E-6,3.240933E-6
11.885010,2.257081E-6,2.257081E-6,3.191995E-6
11.953623,2.222999E-6,2.222999E-6,3.143795E-6
12.022632,2.189431E-6,2.189431E-6,3.096323E-6
12.092039,2.158896E-6,2.158896E-6,3.053140E-6
12.161847,2.128786E-6,2.128786E-6,3.010558E-6
12.232059,2.099097E-6,2.099097E-6,2.968571E-6
12.302675,2.069821E-6,2.069821E-6,2.927169E-6
12.373699,2.126233E-6,2.126233E-6,3.006948E-6
12.445133,2.184182E-6,2.184182E-6,3.088900E-6
12.516980,2.243710E-6,2.243710E-6,3.173085E-6
12.589241,2.304861E-6,2.304861E-6,3.259566E-6
12.661919,2.285724E-6,2.285724E-6,3.232502E-6
12.735017,2.266746E-6,2.266746E-6,3.205663E-6
12.808537,2.247925E-6,2.247925E-6,3.179046E-6
12.882482,2.229262E-6,2.229262E-6,3.152653E-6
12.956853,2.163781E-6,2.163781E-6,3.060048E-6
13.031654,2.100223E-6,2.100223E-6,2.970164E-6
13.106887,2.038532E-6,2.038532E-6,2.882920E-6
13.182553,1.978653E-6,1.978653E-6,2.798238E-6
13.258657,2.013241E-6,2.013241E-6,2.847153E-6
13.335200,2.048433E-6,2.048433E-6,2.896922E-6
13.412185,2.084240E-6,2.084240E-6,2.947560E-6
13.489614,2.120675E-6,2.120675E-6,2.999087E-6
13.567491,2.114023E-6,2.114023E-6,2.989680E-6
13.645817,2.107392E-6,2.107392E-6,2.980302E-6
13.724595,2.100783E-6,2.100783E-6,2.970956E-6
13.803828,2.094193E-6,2.094193E-6,2.961636E-6
13.883518,2.144488E-6,2.144488E-6,3.032764E-6
13.963668,2.195991E-6,2.195991E-6,3.105600E-6
14.044282,2.248731E-6,2.248731E-6,3.180186E-6
14.125360,2.302736E-6,2.302736E-6,3.256560E-6
14.206907,2.315859E-6,2.315859E-6,3.275119E-6
14.288924,2.329056E-6,2.329056E-6,3.293783E-6
14.371415,2.342329E-6,2.342329E-6,3.312553E-6
14.454382,2.355678E-6,2.355678E-6,3.331432E-6
14.537828,2.302901E-6,2.302901E-6,3.256794E-6
14.621756,2.251305E-6,2.251305E-6,3.183826E-6
14.706168,2.200866E-6,2.200866E-6,3.112495E-6
14.791067,2.151557E-6,2.151557E-6,3.042761E-6
14.876457,2.215538E-6,2.215538E-6,3.133244E-6
14.962340,2.281421E-6,2.281421E-6,3.226417E-6
15.048718,2.349263E-6,2.349263E-6,3.322360E-6
15.135596,2.419124E-6,2.419124E-6,3.421158E-6
15.222974,2.395584E-6,2.395584E-6,3.387867E-6
15.310857,2.372274E-6,2.372274E-6,3.354902E-6
15.399248,2.349189E-6,2.349189E-6,3.322255E-6
15.488149,2.326329E-6,2.326329E-6,3.289926E-6
15.577563,2.310727E-6,2.310727E-6,3.267861E-6
15.667493,2.295230E-6,2.295230E-6,3.245945E-6
15.757942,2.279836E-6,2.279836E-6,3.224175E-6
15.848914,2.264546E-6,2.264546E-6,3.202552E-6
15.940411,2.249394E-6,2.249394E-6,3.181124E-6
16.032436,2.234343E-6,2.234343E-6,3.159838E-6
16.124992,2.219393E-6,2.219393E-6,3.138696E-6
16.218082,2.204544E-6,2.204544E-6,3.117696E-6
16.311710,2.199091E-6,2.199091E-6,3.109984E-6
16.405879,2.193652E-6,2.193652E-6,3.102292E-6
16.500591,2.188226E-6,2.188226E-6,3.094619E-6
16.595850,2.182813E-6,2.182813E-6,3.086964E-6
16.691659,2.160421E-6,2.160421E-6,3.055297E-6
16.788021,2.138260E-6,2.138260E-6,3.023956E-6
16.884939,2.116325E-6,2.116325E-6,2.992936E-6
16.982417,2.094616E-6,2.094616E-6,2.962234E-6
17.080457,2.156411E-6,2.156411E-6,3.049626E-6
17.179064,2.220030E-6,2.220030E-6,3.139597E-6
17.278240,2.285526E-6,2.285526E-6,3.232222E-6
17.377988,2.352953E-6,2.352953E-6,3.327578E-6
17.478312,2.269722E-6,2.269722E-6,3.209872E-6
17.579215,2.189435E-6,2.189435E-6,3.096329E-6
17.680701,2.111988E-6,2.111988E-6,2.986802E-6
17.782773,2.037280E-6,2.037280E-6,2.881149E-6
17.885434,2.040384E-6,2.040384E-6,2.885539E-6
17.988688,2.043492E-6,2.043492E-6,2.889934E-6
18.092538,2.046605E-6,2.046605E-6,2.894337E-6
18.196987,2.049723E-6,2.049723E-6,2.898746E-6
18.302039,1.960813E-6,1.960813E-6,2.773008E-6
18.407698,1.875760E-6,1.875760E-6,2.652725E-6
18.513967,1.794396E-6,1.794396E-6,2.537659E-6
18.620849,1.716562E-6,1.716562E-6,2.427585E-6
18.728348,1.660590E-6,1.660590E-6,2.348429E-6
18.836468,1.606444E-6,1.606444E-6,2.271855E-6
18.945212,1.554063E-6,1.554063E-6,2.197777E-6
19.054584,1.503390E-6,1.503390E-6,2.126115E-6
19.164587,1.328431E-6,1.328431E-6,1.878685E-6
19.275226,1.173832E-6,1.173832E-6,1.660049E-6
19.386503,1.037226E-6,1.037226E-6,1.466859E-6
19.498422,9.165169E-7,9.165169E-7,1.296151E-6
19.610988,3.442200E-7,3.442200E-7,4.868006E-7
19.724203,1.292801E-7,1.292801E-7,1.828297E-7
19.838072,4.855425E-8,4.855425E-8,6.866608E-8
19.952599,1.823571E-8,1.823571E-8,2.578919E-8
20.067786,7.334134E-8,7.334134E-8,1.037203E-7
20.183639,2.949681E-7,2.949681E-7,4.171479E-7
20.300160,1.186318E-6,1.186318E-6,1.677707E-6
20.417354,4.771204E-6,4.771204E-6,6.747501E-6
20.535225,4.807557E-6,4.807557E-6,6.798912E-6
20.653776,4.844188E-6,4.844188E-6,6.850716E-6
20.773011,4.881098E-6,4.881098E-6,6.902915E-6
20.892935,4.918287E-6,4.918287E-6,6.955508E-6
21.013551,5.005242E-6,5.005242E-6,7.078481E-6
21.134864,5.093734E-6,5.093734E-6,7.203628E-6
21.256877,5.183791E-6,5.183791E-6,7.330988E-6
21.379594,5.275441E-6,5.275441E-6,7.460600E-6
21.503020,5.334374E-6,5.334374E-6,7.543944E-6
21.627158,5.393965E-6,5.393965E-6,7.628218E-6
21.752013,5.454222E-6,5.454222E-6,7.713435E-6
21.877589,5.515150E-6,5.515150E-6,7.799600E-6
22.003889,5.463859E-6,5.463859E-6,7.727064E-6
22.130919,5.413044E-6,5.413044E-6,7.655200E-6
22.258682,5.362702E-6,5.362702E-6,7.584006E-6
22.387183,5.312830E-6,5.312830E-6,7.513476E-6
22.516425,5.105197E-6,5.105197E-6,7.219839E-6
22.646414,4.905680E-6,4.905680E-6,6.937679E-6
22.777153,4.713960E-6,4.713960E-6,6.666546E-6
22.908647,4.529734E-6,4.529734E-6,6.406011E-6
23.040900,4.723009E-6,4.723009E-6,6.679343E-6
23.173917,4.924531E-6,4.924531E-6,6.964339E-6
23.307701,5.134651E-6,5.134651E-6,7.261493E-6
23.442258,5.353735E-6,5.353735E-6,7.571325E-6
23.577591,5.683615E-6,5.683615E-6,8.037845E-6
23.713706,6.033822E-6,6.033822E-6,8.533113E-6
23.850607,6.405607E-6,6.405607E-6,9.058896E-6
23.988298,6.800299E-6,6.800299E-6,9.617075E-6
24.126784,6.931118E-6,6.931118E-6,9.802081E-6
24.266069,7.064454E-6,7.064454E-6,9.990647E-6
24.406159,7.200355E-6,7.200355E-6,1.018284E-5
24.547057,7.338874E-6,7.338874E-6,1.037874E-5
24.688769,7.156103E-6,7.156103E-6,1.012026E-5
24.831298,6.977885E-6,6.977885E-6,9.868220E-6
24.974651,6.804105E-6,6.804105E-6,9.622458E-6
25.118831,6.634654E-6,6.634654E-6,9.382818E-6
25.263844,6.881422E-6,6.881422E-6,9.731800E-6
25.409693,7.137368E-6,7.137368E-6,1.009376E-5
25.556385,7.402834E-6,7.402834E-6,1.046919E-5
25.703924,7.678172E-6,7.678172E-6,1.085857E-5
25.852314,8.951822E-6,8.951822E-6,1.265979E-5
26.001561,1.043674E-5,1.043674E-5,1.475978E-5
26.151669,1.216798E-5,1.216798E-5,1.720812E-5
26.302645,1.418640E-5,1.418640E-5,2.006260E-5
26.454491,1.456922E-5,1.456922E-5,2.060399E-5
26.607215,1.496236E-5,1.496236E-5,2.115997E-5
26.760820,1.536612E-5,1.536612E-5,2.173098E-5
26.915312,1.578077E-5,1.578077E-5,2.231738E-5
27.070695,1.664305E-5,1.664305E-5,2.353683E-5
27.226976,1.755244E-5,1.755244E-5,2.482290E-5
27.384159,1.851153E-5,1.851153E-5,2.617926E-5
27.542250,1.952302E-5,1.952302E-5,2.760972E-5
27.701253,1.978572E-5,1.978572E-5,2.798123E-5
27.861174,2.005195E-5,2.005195E-5,2.835774E-5
28.022018,2.032177E-5,2.032177E-5,2.873932E-5
28.183791,2.059522E-5,2.059522E-5,2.912604E-5
28.346497,2.151866E-5,2.151866E-5,3.043198E-5
28.510144,2.248351E-5,2.248351E-5,3.179648E-5
28.674734,2.349162E-5,2.349162E-5,3.322217E-5
28.840275,2.454492E-5,2.454492E-5,3.471176E-5
29.006772,2.536872E-5,2.536872E-5,3.587679E-5
29.174230,2.622017E-5,2.622017E-5,3.708092E-5
29.342654,2.710019E-5,2.710019E-5,3.832546E-5
29.512051,2.800975E-5,2.800975E-5,3.961177E-5
29.682426,2.489287E-5,2.489287E-5,3.520383E-5
29.853785,2.212283E-5,2.212283E-5,3.128641E-5
30.026132,1.966103E-5,1.966103E-5,2.780490E-5
30.199475,1.747318E-5,1.747318E-5,2.471081E-5
30.373818,1.682931E-5,1.682931E-5,2.380024E-5
30.549168,1.620917E-5,1.620917E-5,2.292323E-5
30.725531,1.561188E-5,1.561188E-5,2.207853E-5
30.902911,1.503660E-5,1.503660E-5,2.126496E-5
31.081315,1.367678E-5,1.367678E-5,1.934189E-5
31.260750,1.243994E-5,1.243994E-5,1.759273E-5
31.441220,1.131495E-5,1.131495E-5,1.600176E-5
31.622732,1.029169E-5,1.029169E-5,1.455465E-5
31.805292,9.986475E-6,9.986475E-6,1.412301E-5
31.988906,9.690309E-6,9.690309E-6,1.370417E-5
32.173580,9.402927E-6,9.402927E-6,1.329775E-5
32.359320,9.124067E-6,9.124067E-6,1.290338E-5
32.546132,9.268831E-6,9.268831E-6,1.310811E-5
32.734023,9.415893E-6,9.415893E-6,1.331608E-5
32.922998,9.565288E-6,9.565288E-6,1.352736E-5
33.113065,9.717054E-6,9.717054E-6,1.374199E-5
33.304228,9.730049E-6,9.730049E-6,1.376037E-5
33.496496,9.743060E-6,9.743060E-6,1.377877E-5
33.689873,9.756089E-6,9.756089E-6,1.379719E-5
33.884367,9.769141E-6,9.769141E-6,1.381565E-5
34.079983,1.063330E-5,1.063330E-5,1.503776E-5
34.276729,1.157389E-5,1.157389E-5,1.636795E-5
34.474611,1.259770E-5,1.259770E-5,1.781584E-5
34.673635,1.371206E-5,1.371206E-5,1.939178E-5
34.873808,1.575143E-5,1.575143E-5,2.227589E-5
35.075136,1.809410E-5,1.809410E-5,2.558892E-5
35.277627,2.078520E-5,2.078520E-5,2.939471E-5
35.481287,2.387654E-5,2.387654E-5,3.376653E-5
35.686123,2.569935E-5,2.569935E-5,3.634437E-5
35.892141,2.766132E-5,2.766132E-5,3.911901E-5
36.099348,2.977308E-5,2.977308E-5,4.210549E-5
36.307752,3.204605E-5,3.204605E-5,4.531996E-5
36.517359,3.047160E-5,3.047160E-5,4.309335E-5
36.728176,2.897451E-5,2.897451E-5,4.097615E-5
36.940210,2.755097E-5,2.755097E-5,3.896296E-5
37.153468,2.619737E-5,2.619737E-5,3.704868E-5
37.367957,2.683785E-5,2.683785E-5,3.795445E-5
37.583685,2.749400E-5,2.749400E-5,3.888239E-5
37.800658,2.816618E-5,2.816618E-5,3.983299E-5
38.018883,2.885479E-5,2.885479E-5,4.080684E-5
38.238368,2.574383E-5,2.574383E-5,3.640727E-5
38.459121,2.296828E-5,2.296828E-5,3.248205E-5
38.681148,2.049197E-5,2.049197E-5,2.898002E-5
38.904456,1.828264E-5,1.828264E-5,2.585556E-5
39.129054,1.639711E-5,1.639711E-5,2.318902E-5
39.354948,1.470604E-5,1.470604E-5,2.079748E-5
39.582147,1.318937E-5,1.318937E-5,1.865259E-5
39.810657,1.182912E-5,1.182912E-5,1.672890E-5
40.040486,9.943431E-6,9.943431E-6,1.406213E-5
40.271643,8.358340E-6,8.358340E-6,1.182048E-5
40.504133,7.025930E-6,7.025930E-6,9.936165E-6
40.737966,5.905919E-6,5.905919E-6,8.352231E-6
40.973149,5.837857E-6,5.837857E-6,8.255977E-6
41.209689,5.770580E-6,5.770580E-6,8.160832E-6
41.447595,5.704078E-6,5.704078E-6,8.066784E-6
41.686875,5.638342E-6,5.638342E-6,7.973820E-6
41.927536,6.046857E-6,6.046857E-6,8.551547E-6
42.169586,6.484970E-6,6.484970E-6,9.171133E-6
42.413033,6.954826E-6,6.954826E-6,9.835609E-6
42.657886,7.458728E-6,7.458728E-6,1.054823E-5
42.904153,8.966188E-6,8.966188E-6,1.268010E-5
43.151841,1.077832E-5,1.077832E-5,1.524285E-5
43.400959,1.295669E-5,1.295669E-5,1.832353E-5
43.651516,1.557533E-5,1.557533E-5,2.202684E-5
43.903519,1.972374E-5,1.972374E-5,2.789358E-5
44.156976,2.497706E-5,2.497706E-5,3.532290E-5
44.411897,3.162958E-5,3.162958E-5,4.473098E-5
44.668290,4.005395E-5,4.005395E-5,5.664484E-5
44.926163,5.300047E-5,5.300047E-5,7.495398E-5
45.185524,7.013164E-5,7.013164E-5,9.918112E-5
45.446383,9.280008E-5,9.280008E-5,1.312391E-4
45.708748,1.227956E-4,1.227956E-4,1.736592E-4
45.972627,1.386213E-4,1.386213E-4,1.960401E-4
46.238030,1.564867E-4,1.564867E-4,2.213056E-4
46.504965,1.766545E-4,1.766545E-4,2.498272E-4
46.773441,1.994214E-4,1.994214E-4,2.820244E-4
47.043467,2.014785E-4,2.014785E-4,2.849336E-4
47.315051,2.035569E-4,2.035569E-4,2.878729E-4
47.588204,2.056567E-4,2.056567E-4,2.908425E-4
47.862934,2.077782E-4,2.077782E-4,2.938427E-4
48.139249,2.067354E-4,2.067354E-4,2.923680E-4
48.417160,2.056979E-4,2.056979E-4,2.909008E-4
48.696675,2.046656E-4,2.046656E-4,2.894409E-4
48.977804,2.036385E-4,2.036385E-4,2.879883E-4
49.260556,1.957744E-4,1.957744E-4,2.768668E-4
49.544940,1.882139E-4,1.882139E-4,2.661747E-4
49.830966,1.809455E-4,1.809455E-4,2.558956E-4
50.118643,1.739577E-4,1.739577E-4,2.460133E-4
50.407981,1.696066E-4,1.696066E-4,2.398600E-4
50.698990,1.653644E-4,1.653644E-4,2.338606E-4
50.991678,1.612282E-4,1.612282E-4,2.280111E-4
51.286056,1.571955E-4,1.571955E-4,2.223080E-4
51.582133,1.548861E-4,1.548861E-4,2.190420E-4
51.879920,1.526107E-4,1.526107E-4,2.158241E-4
52.179426,1.503687E-4,1.503687E-4,2.126535E-4
52.480661,1.481596E-4,1.481596E-4,2.095293E-4
52.783635,1.430232E-4,1.430232E-4,2.022653E-4
53.088358,1.380649E-4,1.380649E-4,1.952533E-4
53.394841,1.332785E-4,1.332785E-4,1.884843E-4
53.703092,1.286581E-4,1.286581E-4,1.819500E-4
54.013124,1.282962E-4,1.282962E-4,1.814382E-4
54.324945,1.279353E-4,1.279353E-4,1.809278E-4
54.638566,1.275754E-4,1.275754E-4,1.804189E-4
54.953998,1.272166E-4,1.272166E-4,1.799114E-4
55.271250,1.258274E-4,1.258274E-4,1.779468E-4
55.590335,1.244533E-4,1.244533E-4,1.760035E-4
55.911261,1.230942E-4,1.230942E-4,1.740815E-4
56.234040,1.217500E-4,1.217500E-4,1.721805E-4
56.558683,1.226657E-4,1.226657E-4,1.734755E-4
56.885199,1.235882E-4,1.235882E-4,1.747801E-4
57.213601,1.245176E-4,1.245176E-4,1.760945E-4
57.543899,1.254540E-4,1.254540E-4,1.774187E-4
57.876103,1.271553E-4,1.271553E-4,1.798247E-4
58.210225,1.288797E-4,1.288797E-4,1.822634E-4
58.546276,1.306274E-4,1.306274E-4,1.847350E-4
58.884268,1.323989E-4,1.323989E-4,1.872403E-4
59.224210,1.316088E-4,1.316088E-4,1.861229E-4
59.566115,1.308234E-4,1.308234E-4,1.850122E-4
59.909994,1.300428E-4,1.300428E-4,1.839083E-4
60.255858,1.292668E-4,1.292668E-4,1.828109E-4
60.603719,1.359226E-4,1.359226E-4,1.922236E-4
60.953588,1.429211E-4,1.429211E-4,2.021210E-4
61.305476,1.502799E-4,1.502799E-4,2.125279E-4
61.659397,1.580176E-4,1.580176E-4,2.234706E-4
62.015360,1.558821E-4,1.558821E-4,2.204506E-4
62.373378,1.537755E-4,1.537755E-4,2.174714E-4
62.733464,1.516974E-4,1.516974E-4,2.145325E-4
63.095628,1.496474E-4,1.496474E-4,2.116334E-4
63.459883,1.473994E-4,1.473994E-4,2.084542E-4
63.826240,1.451852E-4,1.451852E-4,2.053229E-4
64.194713,1.430042E-4,1.430042E-4,2.022385E-4
64.565313,1.408560E-4,1.408560E-4,1.992005E-4
64.938053,1.435782E-4,1.435782E-4,2.030502E-4
65.312944,1.463529E-4,1.463529E-4,2.069743E-4
65.690000,1.491813E-4,1.491813E-4,2.109742E-4
66.069232,1.520644E-4,1.520644E-4,2.150515E-4
66.450654,1.605681E-4,1.605681E-4,2.270776E-4
66.834277,1.695474E-4,1.695474E-4,2.397762E-4
67.220116,1.790287E-4,1.790287E-4,2.531848E-4
67.608181,1.890403E-4,1.890403E-4,2.673434E-4
67.998488,1.890648E-4,1.890648E-4,2.673780E-4
68.391047,1.890893E-4,1.890893E-4,2.674127E-4
68.785873,1.891139E-4,1.891139E-4,2.674474E-4
69.182978,1.891383E-4,1.891383E-4,2.674819E-4
69.582375,1.823919E-4,1.823919E-4,2.579411E-4
69.984078,1.758861E-4,1.758861E-4,2.487405E-4
70.388101,1.696124E-4,1.696124E-4,2.398682E-4
70.794455,1.635625E-4,1.635625E-4,2.313123E-4
71.203156,1.558745E-4,1.558745E-4,2.204398E-4
71.614216,1.485479E-4,1.485479E-4,2.100785E-4
72.027650,1.415657E-4,1.415657E-4,2.002041E-4
72.443470,1.349116E-4,1.349116E-4,1.907938E-4
72.861690,1.249959E-4,1.249959E-4,1.767709E-4
73.282325,1.158090E-4,1.158090E-4,1.637787E-4
73.705388,1.072973E-4,1.072973E-4,1.517413E-4
74.130894,9.941114E-5,9.941114E-5,1.405886E-4
74.558856,9.077160E-5,9.077160E-5,1.283704E-4
74.989289,8.288290E-5,8.288290E-5,1.172141E-4
75.422207,7.567979E-5,7.567979E-5,1.070274E-4
75.857624,6.910268E-5,6.910268E-5,9.772595E-5
76.295554,6.415190E-5,6.415190E-5,9.072449E-5
76.736013,5.955582E-5,5.955582E-5,8.422465E-5
77.179015,5.528901E-5,5.528901E-5,7.819047E-5
77.624574,5.132788E-5,5.132788E-5,7.258858E-5
78.072705,5.335103E-5,5.335103E-5,7.544975E-5
78.523424,5.545394E-5,5.545394E-5,7.842371E-5
78.976744,5.763973E-5,5.763973E-5,8.151489E-5
79.432682,5.991165E-5,5.991165E-5,8.472787E-5
79.891252,5.323078E-5,5.323078E-5,7.527969E-5
80.352469,4.729492E-5,4.729492E-5,6.688512E-5
80.816348,4.202097E-5,4.202097E-5,5.942663E-5
81.282906,3.733513E-5,3.733513E-5,5.279985E-5
81.752157,3.591307E-5,3.591307E-5,5.078875E-5
82.224117,3.454518E-5,3.454518E-5,4.885426E-5
82.698802,3.322939E-5,3.322939E-5,4.699345E-5
83.176227,3.196370E-5,3.196370E-5,4.520350E-5
83.656409,3.030214E-5,3.030214E-5,4.285370E-5
84.139362,2.872696E-5,2.872696E-5,4.062606E-5
84.625104,2.723365E-5,2.723365E-5,3.851420E-5
85.113650,2.581798E-5,2.581798E-5,3.651214E-5
85.605016,2.399177E-5,2.399177E-5,3.392949E-5
86.099219,2.229473E-5,2.229473E-5,3.152951E-5
86.596275,2.071773E-5,2.071773E-5,2.929929E-5
87.096201,1.925227E-5,1.925227E-5,2.722682E-5
87.599012,1.839239E-5,1.839239E-5,2.601077E-5
88.104727,1.757092E-5,1.757092E-5,2.484903E-5
88.613361,1.678613E-5,1.678613E-5,2.373917E-5
89.124931,1.603640E-5,1.603640E-5,2.267889E-5
89.639454,1.542901E-5,1.542901E-5,2.181992E-5
90.156948,1.484462E-5,1.484462E-5,2.099346E-5
90.677430,1.428236E-5,1.428236E-5,2.019831E-5
91.200916,1.374140E-5,1.374140E-5,1.943327E-5
91.727425,1.360020E-5,1.360020E-5,1.923359E-5
92.256973,1.346045E-5,1.346045E-5,1.903595E-5
92.789578,1.332214E-5,1.332214E-5,1.884035E-5
93.325258,1.318525E-5,1.318525E-5,1.864676E-5
93.864030,1.234314E-5,1.234314E-5,1.745584E-5
94.405913,1.155481E-5,1.155481E-5,1.634097E-5
94.950924,1.081683E-5,1.081683E-5,1.529731E-5
95.499081,1.012599E-5,1.012599E-5,1.432031E-5
96.050403,9.280053E-6,9.280053E-6,1.312398E-5
96.604908,8.504787E-6,8.504787E-6,1.202759E-5
97.162614,7.794287E-6,7.794287E-6,1.102279E-5
97.723540,7.143146E-6,7.143146E-6,1.010193E-5
98.287704,7.224406E-6,7.224406E-6,1.021685E-5
98.855125,7.306589E-6,7.306589E-6,1.033308E-5
99.425821,7.389708E-6,7.389708E-6,1.045063E-5
99.999813,7.473775E-6,7.473775E-6,1.056951E-5
100.577118,6.827409E-6,6.827409E-6,9.655414E-6
101.157755,6.236944E-6,6.236944E-6,8.820371E-6
101.741745,5.697546E-6,5.697546E-6,8.057547E-6
102.329106,5.204797E-6,5.204797E-6,7.360695E-6
102.919859,4.298907E-6,4.298907E-6,6.079573E-6
103.514021,3.550686E-6,3.550686E-6,5.021428E-6
104.111614,2.932692E-6,2.932692E-6,4.147453E-6
104.712657,2.422259E-6,2.422259E-6,3.425592E-6
105.317169,1.828834E-6,1.828834E-6,2.586362E-6
105.925171,1.380791E-6,1.380791E-6,1.952733E-6
106.536684,1.042514E-6,1.042514E-6,1.474337E-6
107.151727,7.871100E-7,7.871100E-7,1.113142E-6
107.770320,5.174779E-7,5.174779E-7,7.318243E-7
108.392485,3.402109E-7,3.402109E-7,4.811309E-7
109.018241,2.236684E-7,2.236684E-7,3.163149E-7
109.647610,1.470486E-7,1.470486E-7,2.079581E-7
110.280612,2.795714E-7,2.795714E-7,3.953737E-7
110.917269,5.315260E-7,5.315260E-7,7.516913E-7
111.557601,1.010546E-6,1.010546E-6,1.429128E-6
112.201630,1.921270E-6,1.921270E-6,2.717086E-6
112.849377,2.862026E-6,2.862026E-6,4.047516E-6
113.500863,4.263426E-6,4.263426E-6,6.029395E-6
114.156110,6.351025E-6,6.351025E-6,8.981706E-6
114.815141,9.460822E-6,9.460822E-6,1.337962E-5
115.477975,7.357085E-6,7.357085E-6,1.040449E-5
116.144637,5.721140E-6,5.721140E-6,8.090914E-6
116.815147,4.448970E-6,4.448970E-6,6.291794E-6
117.489528,3.459684E-6,3.459684E-6,4.892732E-6
118.167802,3.334126E-6,3.334126E-6,4.715166E-6
118.849992,3.213125E-6,3.213125E-6,4.544045E-6
119.536120,3.096515E-6,3.096515E-6,4.379134E-6
120.226209,2.984137E-6,2.984137E-6,4.220207E-6
120.920282,3.112330E-6,3.112330E-6,4.401499E-6
121.618363,3.246030E-6,3.246030E-6,4.590580E-6
122.320473,3.385474E-6,3.385474E-6,4.787783E-6
123.026636,3.530909E-6,3.530909E-6,4.993459E-6
123.736876,3.493716E-6,3.493716E-6,4.940861E-6
124.451217,3.456913E-6,3.456913E-6,4.888813E-6
125.169681,3.420499E-6,3.420499E-6,4.837316E-6
125.892294,3.384469E-6,3.384469E-6,4.786362E-6
126.619077,3.373879E-6,3.373879E-6,4.771385E-6
127.350057,3.363323E-6,3.363323E-6,4.756457E-6
128.085257,3.352800E-6,3.352800E-6,4.741575E-6
128.824701,3.342310E-6,3.342310E-6,4.726740E-6
129.568413,3.391046E-6,3.391046E-6,4.795663E-6
130.316420,3.440492E-6,3.440492E-6,4.865590E-6
131.068744,3.490660E-6,3.490660E-6,4.936539E-6
131.825412,3.541560E-6,3.541560E-6,5.008522E-6
132.586448,3.650472E-6,3.650472E-6,5.162547E-6
133.351878,3.762734E-6,3.762734E-6,5.321309E-6
134.121726,3.878447E-6,3.878447E-6,5.484952E-6
134.896019,3.997722E-6,3.997722E-6,5.653633E-6
135.674782,3.957230E-6,3.957230E-6,5.596368E-6
136.458041,3.917147E-6,3.917147E-6,5.539682E-6
137.245821,3.877471E-6,3.877471E-6,5.483572E-6
138.038150,3.838196E-6,3.838196E-6,5.428029E-6
138.835052,3.942811E-6,3.942811E-6,5.575977E-6
139.636556,4.050278E-6,4.050278E-6,5.727958E-6
140.442686,4.160674E-6,4.160674E-6,5.884082E-6
141.253470,4.274081E-6,4.274081E-6,6.044463E-6
142.068935,4.271334E-6,4.271334E-6,6.040578E-6
142.889108,4.268588E-6,4.268588E-6,6.036695E-6
143.714015,4.265844E-6,4.265844E-6,6.032814E-6
144.543685,4.263102E-6,4.263102E-6,6.028937E-6
145.378144,3.936152E-6,3.936152E-6,5.566560E-6
146.217421,3.634277E-6,3.634277E-6,5.139644E-6
147.061543,3.355554E-6,3.355554E-6,4.745470E-6
147.910538,3.098206E-6,3.098206E-6,4.381525E-6
148.764435,4.718275E-6,4.718275E-6,6.672648E-6
149.623261,7.185488E-6,7.185488E-6,1.016181E-5
150.487045,1.094282E-5,1.094282E-5,1.547548E-5
151.355816,1.666489E-5,1.666489E-5,2.356771E-5
152.229602,1.765544E-5,1.765544E-5,2.496856E-5
153.108433,1.870487E-5,1.870487E-5,2.645268E-5
153.992337,1.981667E-5,1.981667E-5,2.802500E-5
154.881344,2.099456E-5,2.099456E-5,2.969079E-5
155.775484,2.323230E-5,2.323230E-5,3.285543E-5
156.674785,2.570856E-5,2.570856E-5,3.635739E-5
157.579278,2.844875E-5,2.844875E-5,4.023261E-5
158.488993,3.148099E-5,3.148099E-5,4.452084E-5
159.403960,4.018856E-5,4.018856E-5,5.683521E-5
160.324208,5.130462E-5,5.130462E-5,7.255569E-5
161.249770,6.549535E-5,6.549535E-5,9.262441E-5
162.180674,8.361121E-5,8.361121E-5,1.182441E-4
163.116953,9.778961E-5,9.778961E-5,1.382954E-4
164.058637,1.143723E-4,1.143723E-4,1.617469E-4
165.005758,1.337670E-4,1.337670E-4,1.891751E-4
165.958346,1.564506E-4,1.564506E-4,2.212546E-4
166.916434,2.004601E-4,2.004601E-4,2.834934E-4
167.880052,2.568494E-4,2.568494E-4,3.632399E-4
168.849234,3.291010E-4,3.291010E-4,4.654191E-4
169.824011,4.216769E-4,4.216769E-4,5.963412E-4
170.804415,6.424757E-4,6.424757E-4,9.085978E-4
171.790479,9.788892E-4,9.788892E-4,1.384358E-3
172.782236,1.491456E-3,1.491456E-3,2.109237E-3
173.779719,2.272413E-3,2.272413E-3,3.213677E-3
174.782960,1.633760E-3,1.633760E-3,2.310486E-3
175.791992,1.174599E-3,1.174599E-3,1.661134E-3
176.806850,8.444826E-4,8.444826E-4,1.194279E-3
177.827567,6.071439E-4,6.071439E-4,8.586311E-4
178.854176,5.151613E-4,5.151613E-4,7.285481E-4
179.886712,4.371142E-4,4.371142E-4,6.181728E-4
180.925209,3.708912E-4,3.708912E-4,5.245194E-4
181.969701,3.147010E-4,3.147010E-4,4.450544E-4
183.020223,2.359887E-4,2.359887E-4,3.337384E-4
184.076810,1.769638E-4,1.769638E-4,2.502646E-4
185.139497,1.327020E-4,1.327020E-4,1.876690E-4
186.208318,9.951089E-5,9.951089E-5,1.407297E-4
187.283310,8.026697E-5,8.026697E-5,1.135146E-4
188.364508,6.474454E-5,6.474454E-5,9.156261E-5
189.451948,5.222392E-5,5.222392E-5,7.385578E-5
190.545665,4.212459E-5,4.212459E-5,5.957317E-5
191.645697,1.512975E-5,1.512975E-5,2.139670E-5
192.752079,5.434104E-6,5.434104E-6,7.684984E-6
193.864849,1.951750E-6,1.951750E-6,2.760191E-6
194.984042,7.010030E-7,7.010030E-7,9.913679E-7
196.109697,1.989523E-6,1.989523E-6,2.813610E-6
197.241850,5.646482E-6,5.646482E-6,7.985331E-6
198.380539,1.602533E-5,1.602533E-5,2.266324E-5
199.525802,4.548164E-5,4.548164E-5,6.432075E-5
200.677677,5.797546E-5,5.797546E-5,8.198968E-5
201.836201,7.390135E-5,7.390135E-5,1.045123E-4
203.001414,9.420208E-5,9.420208E-5,1.332219E-4
204.173353,1.200794E-4,1.200794E-4,1.698179E-4
205.352059,9.504352E-5,9.504352E-5,1.344118E-4
206.537568,7.522748E-5,7.522748E-5,1.063877E-4
207.729922,5.954297E-5,5.954297E-5,8.420648E-5
208.929160,4.712859E-5,4.712859E-5,6.664989E-5
210.135321,5.167787E-5,5.167787E-5,7.308354E-5
211.348445,5.666630E-5,5.666630E-5,8.013825E-5
212.568572,6.213626E-5,6.213626E-5,8.787394E-5
213.795743,6.813423E-5,6.813423E-5,9.635635E-5
215.029999,6.358747E-5,6.358747E-5,8.992626E-5
216.271380,5.934413E-5,5.934413E-5,8.392527E-5
217.519928,5.538395E-5,5.538395E-5,7.832473E-5
218.775684,5.168805E-5,5.168805E-5,7.309794E-5
220.038689,5.709642E-5,5.709642E-5,8.074653E-5
221.308986,6.307069E-5,6.307069E-5,8.919543E-5
222.586616,6.967007E-5,6.967007E-5,9.852836E-5
223.871622,7.696000E-5,7.696000E-5,1.088379E-4
225.164046,7.479491E-5,7.479491E-5,1.057760E-4
226.463932,7.269073E-5,7.269073E-5,1.028002E-4
227.771322,7.064575E-5,7.064575E-5,9.990818E-5
229.086260,6.865829E-5,6.865829E-5,9.709748E-5
230.408789,6.341673E-5,6.341673E-5,8.968480E-5
231.738953,5.857534E-5,5.857534E-5,8.283804E-5
233.076796,5.410355E-5,5.410355E-5,7.651397E-5
234.422362,4.997313E-5,4.997313E-5,7.067268E-5
235.775697,3.100881E-5,3.100881E-5,4.385308E-5
237.136844,1.924126E-5,1.924126E-5,2.721125E-5
238.505849,1.193938E-5,1.193938E-5,1.688483E-5
239.882758,7.408502E-6,7.408502E-6,1.047720E-5
241.267616,5.228824E-6,5.228824E-6,7.394674E-6
242.660469,3.690436E-6,3.690436E-6,5.219065E-6
244.061362,2.604661E-6,2.604661E-6,3.683547E-6
245.470343,1.838335E-6,1.838335E-6,2.599798E-6
246.887458,1.677027E-6,1.677027E-6,2.371674E-6
248.312755,1.529874E-6,1.529874E-6,2.163569E-6
249.746279,1.395632E-6,1.395632E-6,1.973722E-6
251.188080,1.273170E-6,1.273170E-6,1.800534E-6
252.638204,9.222077E-7,9.222077E-7,1.304199E-6
254.096699,6.679918E-7,6.679918E-7,9.446831E-7
255.563615,4.838531E-7,4.838531E-7,6.842716E-7
257.038999,3.504739E-7,3.504739E-7,4.956449E-7
258.522901,3.908615E-7,3.908615E-7,5.527616E-7
260.015369,4.359034E-7,4.359034E-7,6.164605E-7
261.516454,4.861356E-7,4.861356E-7,6.874996E-7
263.026204,5.421567E-7,5.421567E-7,7.667254E-7
264.544671,1.368454E-7,1.368454E-7,1.935286E-7
266.071903,3.454103E-8,3.454103E-8,4.884839E-8
267.607952,8.718475E-9,8.718475E-9,1.232979E-8
269.152869,2.200623E-9,2.200623E-9,3.112151E-9
270.706705,2.527108E-9,2.527108E-9,3.573870E-9
272.269511,2.902030E-9,2.902030E-9,4.104090E-9
273.841340,3.332575E-9,3.332575E-9,4.712973E-9
275.422242,3.826996E-9,3.826996E-9,5.412190E-9
277.012272,9.978599E-9,9.978599E-9,1.411187E-8
278.611480,2.601843E-8,2.601843E-8,3.679562E-8
280.219921,6.784107E-8,6.784107E-8,9.594176E-8
281.837648,1.768905E-7,1.768905E-7,2.501609E-7
283.464714,1.761518E-7,1.761518E-7,2.491163E-7
285.101173,1.754161E-7,1.754161E-7,2.480758E-7
286.747079,1.746836E-7,1.746836E-7,2.470399E-7
288.402487,1.739541E-7,1.739541E-7,2.460082E-7
290.067453,1.932135E-7,1.932135E-7,2.732452E-7
291.742030,2.146052E-7,2.146052E-7,3.034976E-7
293.426274,2.383653E-7,2.383653E-7,3.370994E-7
295.120242,2.647561E-7,2.647561E-7,3.744217E-7
296.823989,2.527460E-7,2.527460E-7,3.574368E-7
298.537572,2.412806E-7,2.412806E-7,3.412223E-7
300.261047,2.303354E-7,2.303354E-7,3.257434E-7
301.994472,2.198867E-7,2.198867E-7,3.109668E-7
303.737905,2.434430E-7,2.434430E-7,3.442804E-7
305.491402,2.695228E-7,2.695228E-7,3.811628E-7
307.255023,2.983965E-7,2.983965E-7,4.219964E-7
309.028824,3.303634E-7,3.303634E-7,4.672044E-7
310.812867,3.601184E-7,3.601184E-7,5.092843E-7
312.607208,3.925533E-7,3.925533E-7,5.551542E-7
314.411909,4.279096E-7,4.279096E-7,6.051556E-7
316.227028,4.664504E-7,4.664504E-7,6.596605E-7
318.052625,5.256180E-7,5.256180E-7,7.433361E-7
319.888762,5.922908E-7,5.922908E-7,8.376257E-7
321.735500,6.674209E-7,6.674209E-7,9.438757E-7
323.592898,7.520809E-7,7.520809E-7,1.063603E-6
325.461020,6.677270E-7,6.677270E-7,9.443086E-7
327.339926,5.928343E-7,5.928343E-7,8.383943E-7
329.229679,5.263416E-7,5.263416E-7,7.443594E-7
331.130342,4.673068E-7,4.673068E-7,6.608716E-7
333.041978,4.676316E-7,4.676316E-7,6.613310E-7
334.964649,4.679567E-7,4.679567E-7,6.617907E-7
336.898420,4.682821E-7,4.682821E-7,6.622509E-7
338.843355,4.686075E-7,4.686075E-7,6.627111E-7
340.799519,5.642648E-7,5.642648E-7,7.979909E-7
342.766975,6.794488E-7,6.794488E-7,9.608857E-7
344.745790,8.181455E-7,8.181455E-7,1.157032E-6
346.736028,9.851549E-7,9.851549E-7,1.393219E-6
348.737756,7.794647E-7,7.794647E-7,1.102330E-6
350.751040,6.167205E-7,6.167205E-7,8.721745E-7
352.775947,4.879556E-7,4.879556E-7,6.900734E-7
354.812544,3.860754E-7,3.860754E-7,5.459931E-7
356.860899,4.293186E-7,4.293186E-7,6.071482E-7
358.921078,4.774052E-7,4.774052E-7,6.751529E-7
360.993151,5.308780E-7,5.308780E-7,7.507749E-7
363.077187,5.903399E-7,5.903399E-7,8.348667E-7
365.173253,5.378214E-7,5.378214E-7,7.605943E-7
367.281421,4.899750E-7,4.899750E-7,6.929293E-7
369.401759,4.463852E-7,4.463852E-7,6.312840E-7
371.534338,4.066734E-7,4.066734E-7,5.751230E-7
373.679228,3.908789E-7,3.908789E-7,5.527862E-7
375.836501,3.756978E-7,3.756978E-7,5.313169E-7
378.006228,3.611063E-7,3.611063E-7,5.106814E-7
380.188480,3.470815E-7,3.470815E-7,4.908474E-7
382.383332,4.116320E-7,4.116320E-7,5.821356E-7
384.590854,4.881875E-7,4.881875E-7,6.904014E-7
386.811120,5.789809E-7,5.789809E-7,8.188026E-7
389.044204,6.866599E-7,6.866599E-7,9.710837E-7
391.290180,7.648161E-7,7.648161E-7,1.081613E-6
393.549122,8.518683E-7,8.518683E-7,1.204724E-6
395.821105,9.488289E-7,9.488289E-7,1.341847E-6
398.106204,1.056826E-6,1.056826E-6,1.494578E-6
400.404495,1.019121E-6,1.019121E-6,1.441255E-6
402.716055,9.827615E-7,9.827615E-7,1.389835E-6
405.040959,9.476993E-7,9.476993E-7,1.340249E-6
407.379285,9.138881E-7,9.138881E-7,1.292433E-6
409.731111,8.550121E-7,8.550121E-7,1.209170E-6
412.096513,7.999291E-7,7.999291E-7,1.131271E-6
414.475571,7.483948E-7,7.483948E-7,1.058390E-6
416.868364,7.001803E-7,7.001803E-7,9.902045E-7
419.274970,7.315834E-7,7.315834E-7,1.034615E-6
421.695470,7.643951E-7,7.643951E-7,1.081018E-6
424.129944,7.986782E-7,7.986782E-7,1.129502E-6
426.578472,8.344991E-7,8.344991E-7,1.180160E-6
429.041135,7.693118E-7,7.693118E-7,1.087971E-6
431.518015,7.092166E-7,7.092166E-7,1.002984E-6
434.009195,6.538157E-7,6.538157E-7,9.246350E-7
436.514757,6.027425E-7,6.027425E-7,8.524066E-7
439.034783,5.758037E-7,5.758037E-7,8.143094E-7
441.569357,5.500690E-7,5.500690E-7,7.779150E-7
444.118564,5.254844E-7,5.254844E-7,7.431472E-7
446.682487,5.019988E-7,5.019988E-7,7.099335E-7
449.261212,4.523857E-7,4.523857E-7,6.397700E-7
451.854825,4.076760E-7,4.076760E-7,5.765409E-7
454.463410,3.673849E-7,3.673849E-7,5.195607E-7
457.087055,3.310758E-7,3.310758E-7,4.682119E-7
459.725846,2.465285E-7,2.465285E-7,3.486439E-7
462.379871,1.835722E-7,1.835722E-7,2.596103E-7
465.049218,1.366932E-7,1.366932E-7,1.933134E-7
467.733976,1.017857E-7,1.017857E-7,1.439467E-7
470.434232,2.139452E-7,2.139452E-7,3.025642E-7
473.150078,4.496954E-7,4.496954E-7,6.359653E-7
475.881602,9.452233E-7,9.452233E-7,1.336748E-6
478.628895,1.986783E-6,1.986783E-6,2.809735E-6
481.392049,1.803377E-6,1.803377E-6,2.550360E-6
484.171154,1.636902E-6,1.636902E-6,2.314929E-6
486.966304,1.485795E-6,1.485795E-6,2.101231E-6
489.777590,1.348636E-6,1.348636E-6,1.907259E-6
492.605106,1.079834E-6,1.079834E-6,1.527116E-6
495.448945,8.646084E-7,8.646084E-7,1.222741E-6
498.309202,6.922800E-7,6.922800E-7,9.790318E-7
501.185971,5.542990E-7,5.542990E-7,7.838972E-7
504.079348,5.572282E-7,5.572282E-7,7.880397E-7
506.989429,5.601728E-7,5.601728E-7,7.922040E-7
509.916309,5.631330E-7,5.631330E-7,7.963903E-7
512.860087,5.661087E-7,5.661087E-7,8.005986E-7
515.820860,5.988436E-7,5.988436E-7,8.468927E-7
518.798725,6.334714E-7,6.334714E-7,8.958638E-7
521.793781,6.701015E-7,6.701015E-7,9.476666E-7
524.806128,7.088496E-7,7.088496E-7,1.002465E-6
527.835866,6.602598E-7,6.602598E-7,9.337484E-7
530.883094,6.150008E-7,6.150008E-7,8.697425E-7
533.947915,5.728441E-7,5.728441E-7,8.101239E-7
537.030429,5.335771E-7,5.335771E-7,7.545920E-7
540.130738,6.245946E-7,6.245946E-7,8.833102E-7
543.248945,7.311377E-7,7.311377E-7,1.033985E-6
546.385154,8.558549E-7,8.558549E-7,1.210362E-6
549.539469,1.001847E-6,1.001847E-6,1.416826E-6
552.711994,7.870732E-7,7.870732E-7,1.113090E-6
555.902834,6.183423E-7,6.183423E-7,8.744681E-7
559.112094,4.857834E-7,4.857834E-7,6.870015E-7
562.339883,3.816422E-7,3.816422E-7,5.397236E-7
565.586305,4.401806E-7,4.401806E-7,6.225094E-7
568.851469,5.076980E-7,5.076980E-7,7.179934E-7
572.135483,5.855716E-7,5.855716E-7,8.281233E-7
575.438456,6.753897E-7,6.753897E-7,9.551453E-7
578.760497,6.297855E-7,6.297855E-7,8.906512E-7
582.101716,5.872606E-7,5.872606E-7,8.305119E-7
585.462225,5.476071E-7,5.476071E-7,7.744334E-7
588.842134,5.106309E-7,5.106309E-7,7.221411E-7
592.241555,4.920595E-7,4.920595E-7,6.958772E-7
595.660602,4.741635E-7,4.741635E-7,6.705685E-7
599.099386,4.569184E-7,4.569184E-7,6.461802E-7
602.558024,4.403004E-7,4.403004E-7,6.226788E-7
606.036628,4.669283E-7,4.669283E-7,6.603363E-7
609.535314,4.951667E-7,4.951667E-7,7.002715E-7
613.054198,5.251128E-7,5.251128E-7,7.426216E-7
616.593397,5.568698E-7,5.568698E-7,7.875328E-7
620.153028,5.719296E-7,5.719296E-7,8.088306E-7
623.733209,5.873966E-7,5.873966E-7,8.307042E-7
627.334059,6.032819E-7,6.032819E-7,8.531694E-7
630.955697,6.195967E-7,6.195967E-7,8.762421E-7
634.598242,5.911739E-7,5.911739E-7,8.360461E-7
638.261816,5.640550E-7,5.640550E-7,7.976942E-7
641.946541,5.381801E-7,5.381801E-7,7.611016E-7
645.652537,5.134920E-7,5.134920E-7,7.261874E-7
649.379928,5.025910E-7,5.025910E-7,7.107710E-7
653.128838,4.919215E-7,4.919215E-7,6.956821E-7
656.899390,4.814784E-7,4.814784E-7,6.809133E-7
660.691710,4.712571E-7,4.712571E-7,6.664582E-7
664.505924,4.373380E-7,4.373380E-7,6.184893E-7
668.342157,4.058603E-7,4.058603E-7,5.739731E-7
672.200537,3.766482E-7,3.766482E-7,5.326610E-7
676.081191,3.495387E-7,3.495387E-7,4.943224E-7
679.984249,3.879608E-7,3.879608E-7,5.486594E-7
683.909839,4.306063E-7,4.306063E-7,6.089693E-7
687.858092,4.779396E-7,4.779396E-7,6.759087E-7
691.829139,5.304761E-7,5.304761E-7,7.502065E-7
695.823110,5.186421E-7,5.186421E-7,7.334707E-7
699.840139,5.070721E-7,5.070721E-7,7.171082E-7
703.880359,4.957602E-7,4.957602E-7,7.011108E-7
707.943903,4.847008E-7,4.847008E-7,6.854704E-7
712.030906,4.784963E-7,4.784963E-7,6.766960E-7
716.141504,4.723713E-7,4.723713E-7,6.680339E-7
720.275832,4.663246E-7,4.663246E-7,6.594826E-7
724.434028,4.603555E-7,4.603555E-7,6.510410E-7
728.616230,5.168820E-7,5.168820E-7,7.309815E-7
732.822575,5.803494E-7,5.803494E-7,8.207380E-7
737.053205,6.516099E-7,6.516099E-7,9.215156E-7
741.308258,7.316203E-7,7.316203E-7,1.034667E-6
745.587875,6.543796E-7,6.543796E-7,9.254325E-7
749.892199,5.852936E-7,5.852936E-7,8.277301E-7
754.221372,5.235013E-7,5.235013E-7,7.403426E-7
758.575538,4.682328E-7,4.682328E-7,6.621812E-7
762.954841,4.743147E-7,4.743147E-7,6.707823E-7
767.359425,4.804756E-7,4.804756E-7,6.794951E-7
771.789438,4.867165E-7,4.867165E-7,6.883211E-7
776.245025,4.930383E-7,4.930383E-7,6.972615E-7
780.726335,5.231258E-7,5.231258E-7,7.398116E-7
785.233515,5.550494E-7,5.550494E-7,7.849584E-7
789.766716,5.889211E-7,5.889211E-7,8.328602E-7
794.326087,6.248599E-7,6.248599E-7,8.836853E-7
798.911780,5.799886E-7,5.799886E-7,8.202277E-7
803.523946,5.383396E-7,5.383396E-7,7.613272E-7
808.162739,4.996814E-7,4.996814E-7,7.066562E-7
812.828311,4.637992E-7,4.637992E-7,6.559111E-7
817.520818,5.273940E-7,5.273940E-7,7.458477E-7
822.240416,5.997090E-7,5.997090E-7,8.481166E-7
826.987259,6.819395E-7,6.819395E-7,9.644081E-7
831.761507,7.754452E-7,7.754452E-7,1.096645E-6
836.563317,7.332704E-7,7.332704E-7,1.037001E-6
841.392847,6.933894E-7,6.933894E-7,9.806007E-7
846.250259,6.556775E-7,6.556775E-7,9.272680E-7
851.135714,6.200167E-7,6.200167E-7,8.768360E-7
856.049372,6.185943E-7,6.185943E-7,8.748244E-7
860.991397,6.171750E-7,6.171750E-7,8.728173E-7
865.961952,6.157591E-7,6.157591E-7,8.708149E-7
870.961203,6.143463E-7,6.143463E-7,8.688169E-7
875.989315,6.290261E-7,6.290261E-7,8.895772E-7
881.046454,6.440567E-7,6.440567E-7,9.108337E-7
886.132789,6.594465E-7,6.594465E-7,9.325982E-7
891.248487,6.752037E-7,6.752037E-7,9.548822E-7
896.393719,6.709073E-7,6.709073E-7,9.488062E-7
901.568654,6.666381E-7,6.666381E-7,9.427686E-7
906.773465,6.623961E-7,6.623961E-7,9.367695E-7
912.008323,6.581810E-7,6.581810E-7,9.308085E-7
917.273403,6.219010E-7,6.219010E-7,8.795008E-7
922.568878,5.876209E-7,5.876209E-7,8.310214E-7
927.894924,5.552304E-7,5.552304E-7,7.852144E-7
933.251717,5.246252E-7,5.246252E-7,7.419321E-7
938.639436,5.851526E-7,5.851526E-7,8.275307E-7
944.058259,6.526633E-7,6.526633E-7,9.230053E-7
949.508364,7.279627E-7,7.279627E-7,1.029495E-6
954.989934,8.119498E-7,8.119498E-7,1.148270E-6
960.503149,7.639077E-7,7.639077E-7,1.080329E-6
966.048192,7.187082E-7,7.187082E-7,1.016407E-6
971.625246,6.761830E-7,6.761830E-7,9.562672E-7
977.234498,6.361740E-7,6.361740E-7,8.996859E-7
982.876132,6.834886E-7,6.834886E-7,9.665988E-7
988.550335,7.343220E-7,7.343220E-7,1.038488E-6
994.257297,7.889362E-7,7.889362E-7,1.115724E-6
999.997204,8.476121E-7,8.476121E-7,1.198705E-6
