Hz,real,imaginary,V^2 (rms) 
9.99999046326,1.866816,-0.30456,1.89149643707
10.022412543,1.88325,-0.312821,1.90905409576
10.0448848978,1.899815,-0.3212065,1.92677727044
10.0674076403,1.916507,-0.3297182,1.94466274003
10.0899808835,1.933331,-0.3383573,1.96271608187
10.1126047407,1.950285,-0.3471256,1.98093608261
10.1352793254,1.967371,-0.3560247,1.99932544591
10.1580047512,1.984589,-0.365056,2.0178848783
10.1807811322,2.001941,-0.3742211,2.03661709685
10.2036085826,2.019427,-0.3835221,2.05552295281
10.226487217,2.037053,-0.3929607,2.07460912862
10.24941715,2.046546,-0.3948948,2.08429662793
10.2723984968,2.056085,-0.3968384,2.09403109885
10.2954313727,2.065669,-0.3987915,2.10381155954
10.318515893,2.075296,-0.4007542,2.11363606528
10.3416521737,2.084968,-0.4027265,2.12350657989
10.3648403308,2.094686,-0.4047084,2.13342408527
10.3880804806,2.104449,-0.4067001,2.14338763758
10.4113727398,2.114257,-0.4087016,2.1533972369
10.434717225,2.124111,-0.410713,2.16345388411
10.4581140535,2.13402,-0.4127359,2.17356671937
10.4815633426,2.147805,-0.4113086,2.18683357448
10.50506521,2.161672,-0.4098471,2.20018191997
10.5286197734,2.175621,-0.408351,2.21361181666
10.5522271512,2.189652,-0.40682,2.22712334492
10.5758874616,2.203764,-0.4052536,2.24071556607
10.5996008235,2.217962,-0.4036517,2.25439351675
10.6233673556,2.232242,-0.4020136,2.2681532755
10.6471871774,2.246607,-0.4003393,2.2819979333
10.6710604082,2.261056,-0.3986281,2.29592652261
10.6949871677,2.275594,-0.3968806,2.3099442122
10.7189675761,2.288963,-0.4135415,2.32601981668
10.7430017537,2.302323,-0.4303997,2.34220731322
10.7670898208,2.315672,-0.4474564,2.35850673976
10.7912318985,2.329011,-0.4647133,2.37492119644
10.8154281078,2.342337,-0.4821714,2.39144974452
10.8396785701,2.355648,-0.499832,2.40809250822
10.8639834071,2.368943,-0.5176967,2.42485067797
10.8883427405,2.382222,-0.5357665,2.4417263155
10.9127566928,2.395482,-0.5540429,2.45871868
10.9372253862,2.408724,-0.5725275,2.47583098099
10.9617489436,2.429544,-0.58472,2.49891607029
10.9863274879,2.450524,-0.5970854,2.52221705043
11.0109611426,2.471664,-0.609626,2.54573501936
11.035650031,2.492965,-0.6223432,2.56947184258
11.0603942771,2.514429,-0.63524,2.59343074973
11.085194005,2.536056,-0.6483177,2.61761262896
11.1100493392,2.557847,-0.661579,2.64201969119
11.1349604041,2.579804,-0.6750261,2.6666550047
11.159927325,2.601927,-0.688661,2.69151966113
11.1849502269,2.624216,-0.7024854,2.71661468594
11.2100292354,2.634187,-0.7333225,2.73435605582
11.2351644764,2.643914,-0.7644593,2.7522135202
11.2603560758,2.653391,-0.7958955,2.77018653628
11.2856041601,2.662616,-0.8276302,2.78827827008
11.3109088559,2.671583,-0.8596627,2.80648814066
11.3362702901,2.680287,-0.8919927,2.82481669834
11.36168859,2.688723,-0.9246193,2.84326435997
11.3871638831,2.696887,-0.9575421,2.86183269323
11.4126962971,2.704774,-0.9907597,2.88052203155
11.4382859602,2.712383,-1.024273,2.89933728932
11.4639330007,2.739454,-1.058213,2.93673678962
11.4896375472,2.766613,-1.092798,2.9746184563
11.5153997287,2.793857,-1.128037,3.0129892814
11.5412196745,2.821182,-1.163936,3.05185433617
11.5670975139,2.848584,-1.200507,3.09122109564
11.593033377,2.876058,-1.237759,3.13109516966
11.6190273937,2.903601,-1.2757,3.17148376272
11.6450796944,2.931209,-1.31434,3.21239409744
11.6711904099,2.958875,-1.353689,3.25383084599
11.6973596711,2.986595,-1.393756,3.29580118963
11.7235876092,2.994786,-1.438816,3.32248922762
11.749874356,3.002531,-1.484331,3.34939262009
11.7762200431,3.009822,-1.530299,3.37651351265
11.8026248028,3.016651,-1.57672,3.40385505188
11.8290887675,3.023008,-1.62359,3.43141688755
11.85561207,3.028885,-1.67091,3.45920288091
11.8821948433,3.034274,-1.718675,3.48721414064
11.9088372207,3.039163,-1.766886,3.51545130496
11.935539336,3.043545,-1.81554,3.5439175581
11.962301323,3.047419,-1.864636,3.57262228259
11.989123316,3.055198,-1.922274,3.60962216171
12.0160054496,3.062329,-1.980603,3.64700523003
12.0429478585,3.068798,-2.039623,3.68477721809
12.069950678,3.074587,-2.099329,3.72293801598
12.0970140435,3.079682,-2.159723,3.76149500303
12.1241380908,3.084067,-2.220802,3.8004513921
12.1513229558,3.087726,-2.282565,3.83981182225
12.1785687751,3.090642,-2.345006,3.8795774399
12.2058756851,3.092801,-2.408128,3.91975745295
12.2332438231,3.094182,-2.471922,3.9603485482
12.2606733261,3.09332,-2.540248,4.00268516422
12.2881643318,3.091521,-2.609289,4.04547786781
12.3157169782,3.088761,-2.679035,4.08872511259
12.3433314034,3.085023,-2.749484,4.13243622779
12.3710077459,3.080286,-2.820627,4.1766132829
12.3987461446,3.074531,-2.892461,4.22126420714
12.4265467386,3.067737,-2.964978,4.26639248565
12.4544096674,3.059883,-3.03817,4.31200196227
12.4823350707,3.050949,-3.112031,4.35809898299
12.5103230886,3.040915,-3.186554,4.40468959544
12.5383738616,3.003159,-3.26702,4.4376101293
12.5664875303,2.963614,-3.347363,4.47077700123
12.5946642357,2.922269,-3.427547,4.50419077589
12.6229041193,2.879115,-3.507539,4.53785555298
12.6512073226,2.834139,-3.587304,4.57177141377
12.6795739876,2.787335,-3.666804,4.60594050946
12.7080042566,2.738695,-3.746004,4.64036596305
12.7364982723,2.688208,-3.824867,4.67504757398
12.7650561775,2.63587,-3.903355,4.70998841962
12.7936781156,2.581676,-3.981437,4.74519668232
12.8223642301,2.510674,-4.089612,4.79879258198
12.8511146648,2.436193,-4.197202,4.85299299011
12.8799295641,2.358209,-4.304114,4.90780470401
12.9088090725,2.2767,-4.410258,4.96323871243
12.9377533347,2.191645,-4.515531,5.0192955699
12.9667624961,2.103029,-4.619838,5.07598602452
12.9958367021,2.010837,-4.723081,5.13331857312
13.0249760986,1.915055,-4.825158,5.1912990068
13.0541808318,1.815673,-4.925963,5.24993142053
13.0834510481,1.712682,-5.025394,5.30922447146
13.1127868944,1.504467,-5.102407,5.31958439615
13.1421885178,1.292808,-5.1708,5.32996483711
13.1716560658,1.078062,-5.230422,5.34036814966
13.2011896862,0.8605925,-5.281129,5.35078900403
13.2307895273,0.6407681,-5.322801,5.36123066502
13.2604557374,0.4189649,-5.355329,5.37169249731
13.2901884653,0.1955625,-5.378621,5.3821750764
13.3199878603,-0.02905469,-5.392602,5.39268027102
13.3498540718,-0.2544987,-5.397208,5.4032049548
13.3797872497,-0.4803782,-5.392398,5.41375280239
13.409787544,-0.6811706,-5.274835,5.31863494362
13.4398551052,-0.873711,-5.15162,5.22518511978
13.4699900843,-1.057931,-5.023183,5.13337953518
13.5001926323,-1.233781,-4.889939,5.04318540009
13.5304629008,-1.401226,-4.752307,4.95457930861
13.5608010415,-1.560251,-4.610688,4.86752781362
13.5912072068,-1.710854,-4.465486,4.78200654804
13.621681549,-1.853051,-4.31709,4.69798510818
13.6522242212,-1.986873,-4.165891,4.61544278938
13.6828353764,-2.112358,-4.012252,4.53433814704
13.7135151683,-2.124537,-3.949214,4.48441174316
13.7442637507,-2.136023,-3.886765,4.43503510942
13.7750812779,-2.14683,-3.824904,4.38620219075
13.8059679045,-2.15697,-3.763631,4.3379070858
13.8369237854,-2.166455,-3.702945,4.29014323072
13.8679490758,-2.175297,-3.642847,4.2429059975
13.8990439315,-2.183511,-3.583333,4.19618823172
13.9302085084,-2.191106,-3.524404,4.14998422388
13.9614429628,-2.198097,-3.46606,4.10429072374
13.9927474514,-2.204492,-3.4083,4.05910013033
14.0241221313,-2.234845,-3.328318,4.00901894273
14.0555671598,-2.263461,-3.24882,3.95955642603
14.0870826946,-2.29037,-3.169828,3.91070380961
14.1186688939,-2.315601,-3.091364,3.86245250737
14.1503259161,-2.339185,-3.013453,3.81479821844
14.18205392,-2.361152,-2.936113,3.76773118944
14.2138530647,-2.381531,-2.859367,3.72124569797
14.2457235099,-2.400353,-2.783231,3.67533254604
14.2776654152,-2.417647,-2.707727,3.62998657341
14.309678941,-2.433445,-2.632874,3.5852029326
14.3417642479,-2.432587,-2.577995,3.54450810869
14.3739214967,-2.431179,-2.523749,3.50427458186
14.4061508489,-2.42923,-2.470136,3.46449567057
14.438452466,-2.426757,-2.417155,3.42516975215
14.4708265102,-2.423771,-2.364804,3.38629056917
14.5032731437,-2.420285,-2.313079,3.34785213853
14.5357925295,-2.41631,-2.261981,3.30985076106
14.5683848305,-2.411858,-2.211505,3.27227953836
14.6010502103,-2.406942,-2.161651,3.23513598434
14.6337888328,-2.401575,-2.112418,3.19841715343
14.6666008621,-2.396672,-2.084156,3.17612073258
14.6994864629,-2.391643,-2.056119,3.15397869073
14.7324458001,-2.386493,-2.028306,3.13199202883
14.7654790391,-2.381222,-2.000718,3.11015927708
14.7985863456,-2.375833,-1.97335,3.0884774026
14.8317678855,-2.370327,-1.946205,3.06694701437
14.8650238255,-2.364707,-1.91928,3.0455664357
14.8983543323,-2.358976,-1.892575,3.02433594351
14.9317595731,-2.353134,-1.866089,3.00325286612
14.9652397154,-2.347185,-1.83982,2.98231706172
14.9987949272,-2.342964,-1.823053,2.96867016459
15.0324253769,-2.338703,-1.806377,2.9550853775
15.0661312332,-2.334401,-1.789792,2.94156139356
15.099912665,-2.330061,-1.773299,2.92810068255
15.1337698419,-2.325682,-1.756898,2.91470193116
15.1677029337,-2.321265,-1.740586,2.90136361451
15.2017121106,-2.316809,-1.724366,2.88808622524
15.2357975433,-2.312317,-1.708234,2.87486926785
15.2699594026,-2.307788,-1.692193,2.8617132285
15.3041978601,-2.303225,-1.676243,2.84862001602
15.3385130873,-2.296064,-1.657315,2.83171377461
15.3729052565,-2.288872,-1.638527,2.81490777151
15.4073745401,-2.28165,-1.619878,2.79820146833
15.4419211112,-2.274397,-1.601369,2.78159385744
15.4765451429,-2.267115,-1.582998,2.7650846445
15.5112468089,-2.259806,-1.564764,2.74867414099
15.5460262834,-2.252469,-1.546667,2.73236077502
15.5808837408,-2.245104,-1.528706,2.71614322252
15.6158193559,-2.237715,-1.510881,2.70002404015
15.650833304,-2.2303,-1.493192,2.68400082691
15.6859257607,-2.228856,-1.478184,2.67447695944
15.7210969021,-2.227349,-1.463234,2.66498354715
15.7563469046,-2.225784,-1.448344,2.65552532599
15.791675945,-2.22416,-1.433514,2.64610092283
15.8270842005,-2.222476,-1.418743,2.63670841593
15.8625718488,-2.220734,-1.404033,2.6273500269
15.8981390678,-2.218935,-1.389382,2.61802499533
15.9337860361,-2.217079,-1.374792,2.60873385678
15.9695129323,-2.215166,-1.360261,2.59947502309
16.0053199357,-2.213195,-1.34579,2.59024763915
16.0412072259,-2.203255,-1.336176,2.57676131956
16.077174983,-2.193355,-1.326623,2.56334444431
16.1132233874,-2.183496,-1.317133,2.54999884739
16.1493526198,-2.173677,-1.307703,2.53672206529
16.1855628616,-2.163898,-1.298333,2.5235140446
16.2218542944,-2.154158,-1.289025,2.51037490021
16.2582271001,-2.144459,-1.279776,2.4973047497
16.2946814614,-2.134799,-1.270586,2.48430182421
16.331217561,-2.125178,-1.261456,2.47136657977
16.3678355822,-2.115597,-1.252385,2.45849930946
16.4045357087,-2.113657,-1.239978,2.45052879072
16.4413181245,-2.111676,-1.227618,2.44258500014
16.4781830143,-2.109652,-1.215306,2.43466634978
16.515130563,-2.107585,-1.203042,2.42677246276
16.5521609557,-2.105479,-1.190826,2.41890644336
16.5892743785,-2.103329,-1.178659,2.41106406396
16.6264710173,-2.10114,-1.166539,2.40324833051
16.6637510587,-2.098909,-1.154467,2.39545675068
16.7011146899,-2.096637,-1.142443,2.38768982869
16.7385620982,-2.094325,-1.130468,2.37994855084
16.7760934714,-2.087437,-1.121862,2.36980327791
16.8137089979,-2.080564,-1.113306,2.35970269478
16.8514088663,-2.073704,-1.104799,2.3496444646
16.8891932657,-2.066859,-1.096339,2.3396293144
16.9270623856,-2.060027,-1.087929,2.32965678798
16.9650164161,-2.053208,-1.079567,2.3197258456
17.0030555475,-2.046403,-1.071253,2.30983727315
17.0411799706,-2.039613,-1.062986,2.29999139693
17.0793898767,-2.032836,-1.054767,2.29018681054
17.1176854575,-2.026078,-1.046596,2.28042874243
17.1560669049,-2.022512,-1.037422,2.27305943526
17.1945344117,-2.018932,-1.028288,2.26571459623
17.2330881706,-2.015337,-1.019194,2.25839315293
17.2717283752,-2.011728,-1.010139,2.25109536566
17.3104552193,-2.008105,-1.001124,2.24382150681
17.3492688971,-2.004468,-0.9921488,2.23657130545
17.3881696033,-2.000817,-0.9832126,2.22934422741
17.427157533,-1.997152,-0.9743158,2.22214027218
17.4662328819,-1.993473,-0.9654583,2.2149592165
17.5053958459,-1.989777,-0.9566394,2.20779787376
17.5446466216,-1.982969,-0.95142,2.19940129839
17.5839854057,-1.976182,-0.946226,2.19103604265
17.6234123956,-1.969417,-0.9410571,2.18270286236
17.6629277891,-1.962675,-0.9359132,2.17440260153
17.7025317845,-1.955953,-0.9307941,2.16613245089
17.7422245803,-1.949253,-0.9257001,2.15789432854
17.7820063757,-1.942574,-0.9206306,2.14968705795
17.8218773702,-1.935917,-0.9155859,2.14151165562
17.8618377639,-1.929281,-0.9105655,2.1333669883
17.9018877572,-1.922667,-0.9055697,2.12525407292
17.942027551,-1.920293,-0.8959331,2.11901423438
17.9822573467,-1.917892,-0.8863334,2.11279355821
18.022577346,-1.915463,-0.8767706,2.10659089274
18.0629877512,-1.913007,-0.8672449,2.10040698404
18.103488765,-1.910523,-0.8577558,2.09424046995
18.1440805906,-1.908012,-0.8483039,2.08809226302
18.1847634316,-1.905474,-0.838889,2.08196203592
18.2255374921,-1.90291,-0.8295111,2.0758504602
18.2664029766,-1.900319,-0.8201698,2.06975621816
18.3073600901,-1.897701,-0.8108648,2.06367895015
18.3484090381,-1.889893,-0.8077339,2.05526874269
18.3895500264,-1.882116,-0.8046149,2.04689173499
18.4307832615,-1.874371,-0.8015078,2.03854884639
18.4721089501,-1.866658,-0.7984127,2.03024011597
18.5135272997,-1.858977,-0.7953292,2.02196538618
18.5550385178,-1.851328,-0.7922579,2.01372489275
18.5966428129,-1.84371,-0.7891983,2.00551751945
18.6383403935,-1.836123,-0.7861504,1.99734326608
18.6801314688,-1.828568,-0.7831146,1.98920320917
18.7220162485,-1.821045,-0.7800914,1.9810975454
18.7639949427,-1.817252,-0.7712111,1.97412547531
18.806067762,-1.813443,-0.7623748,1.96717839809
18.8482349173,-1.809618,-0.7535824,1.96025603927
18.8904966203,-1.805776,-0.7448338,1.95335720026
18.9328530829,-1.801919,-0.7361294,1.94648364393
18.9753045176,-1.798045,-0.7274684,1.93963297946
19.0178511373,-1.794156,-0.7188508,1.93280682558
19.0604931555,-1.790252,-0.7102767,1.92600498807
19.103230786,-1.786333,-0.7017461,1.91922723401
19.1460642433,-1.782401,-0.6932596,1.91247541103
19.1889937422,-1.776988,-0.6910256,1.9066207625
19.232019498,-1.77159,-0.6887988,1.90078271114
19.2751417267,-1.76621,-0.6865791,1.89496401672
19.3183606444,-1.760846,-0.6843666,1.88916285135
19.361676468,-1.755498,-0.6821612,1.88337917871
19.4050894148,-1.750166,-0.679963,1.87761303493
19.4485997026,-1.744851,-0.6777717,1.87186524342
19.4922075496,-1.739551,-0.6755875,1.86613401227
19.5359131745,-1.734268,-0.6734103,1.86042116951
19.5797167966,-1.729005,-0.6712417,1.85473009083
19.6236186356,-1.724447,-0.6649837,1.84822097626
19.6676189118,-1.71989,-0.6587581,1.84173392389
19.7117178459,-1.715335,-0.6525644,1.83526958738
19.755915659,-1.710783,-0.646403,1.82882894539
19.8002125729,-1.706232,-0.6402735,1.82240988601
19.8446088098,-1.701684,-0.6341757,1.81601411182
19.8891045924,-1.697138,-0.6281096,1.80964058881
19.9337001439,-1.692594,-0.622075,1.80328914888
19.978395688,-1.688053,-0.6160718,1.79696059878
20.0231914488,-1.683515,-0.6100999,1.7906548085
20.0680876512,-1.679267,-0.6062535,1.78535177586
20.1130845203,-1.675026,-0.6024235,1.7800635309
20.1581822819,-1.670794,-0.59861,1.77479196599
20.2033811621,-1.666569,-0.5948132,1.76953524256
20.2486813877,-1.662353,-0.5910327,1.7642950856
20.2940831859,-1.658144,-0.5872682,1.75906948796
20.3395867845,-1.653943,-0.5835201,1.75385950246
20.3851924117,-1.64975,-0.5797881,1.74866500606
20.4309002963,-1.645565,-0.5760723,1.74348600914
20.4767106676,-1.641386,-0.5723719,1.73832033668
20.5226237553,-1.635772,-0.5673055,1.73135368031
20.5686397899,-1.630171,-0.5622691,1.72441411211
20.6147590021,-1.624584,-0.5572623,1.71750238546
20.6609816232,-1.619012,-0.5522849,1.71061932262
20.7073078852,-1.613453,-0.5473369,1.70376297216
20.7537380204,-1.607908,-0.5424184,1.69693425245
20.8002722617,-1.602377,-0.5375287,1.69013288041
20.8469108425,-1.59686,-0.5326678,1.68335879858
20.8936539968,-1.591357,-0.527836,1.67661204348
20.9405019592,-1.585867,-0.5230328,1.66989144904
20.9874549645,-1.583334,-0.5187517,1.66614821724
21.0345132483,-1.580799,-0.5144848,1.66241393396
21.0816770466,-1.578261,-0.5102328,1.65868782304
21.1289465961,-1.575721,-0.5059949,1.65497054616
21.1763221339,-1.573177,-0.5017718,1.65126037093
21.2238038976,-1.570631,-0.4975631,1.64755903586
21.2713921253,-1.568083,-0.4933687,1.64386646934
21.3190870559,-1.565532,-0.4891888,1.64018173538
21.3668889285,-1.562979,-0.4850232,1.63650568559
21.414797983,-1.560425,-0.4808721,1.63283929313
21.4628144596,-1.554693,-0.4776673,1.62641826531
21.5109385993,-1.54898,-0.4744799,1.62002167143
21.5591706434,-1.543288,-0.4713098,1.61365138073
21.6075108339,-1.537615,-0.468157,1.60730546719
21.6559594132,-1.531962,-0.4650214,1.60098484437
21.7045166244,-1.526328,-0.4619028,1.59468848376
21.7531827111,-1.520714,-0.4588013,1.58841735784
21.8019579174,-1.515119,-0.4557167,1.58217043798
21.850842488,-1.509544,-0.4526489,1.57594863958
21.899836668,-1.503989,-0.449599,1.56975226482
21.9489407033,-1.500304,-0.4456339,1.56508838896
21.9981548401,-1.496622,-0.441687,1.56043737998
22.0474793254,-1.492945,-0.4377584,1.55580114083
22.0969144066,-1.489271,-0.4338478,1.55117762523
22.1464603315,-1.485601,-0.4299552,1.54656774996
22.1961173489,-1.481936,-0.4260806,1.54197243354
22.2458857077,-1.478275,-0.4222239,1.53739064566
22.2957656576,-1.474618,-0.4183852,1.53282237115
22.3457574489,-1.470965,-0.4145642,1.52826748547
22.3958613323,-1.467319,-0.4107612,1.52372891657
22.4460775591,-1.462316,-0.4084383,1.51828519349
22.4964063812,-1.457329,-0.4061267,1.51286043993
22.5468480511,-1.452359,-0.4038261,1.50745553298
22.5974028219,-1.447405,-0.4015366,1.50206953074
22.648070947,-1.442467,-0.3992583,1.49670245413
22.6988526808,-1.437546,-0.396991,1.49135520792
22.7497482779,-1.432642,-0.3947347,1.48602778694
22.8007579935,-1.427753,-0.3924893,1.480718231
22.8518820837,-1.42288,-0.3902548,1.4754274985
22.9031208049,-1.418026,-0.3880312,1.47015847746
22.954474414,-1.413798,-0.3842108,1.46507430653
23.0059431687,-1.409578,-0.3804107,1.46000768449
23.0575273272,-1.405366,-0.3766313,1.45495866955
23.1092271481,-1.401162,-0.3728725,1.44992718834
23.161042891,-1.396966,-0.3691339,1.44491309126
23.2129748156,-1.392778,-0.3654155,1.43991633261
23.2650231825,-1.388598,-0.3617174,1.43493689167
23.3171882528,-1.384426,-0.3580394,1.4299746716
23.3694702882,-1.380262,-0.3543814,1.42502960156
23.4218695508,-1.376107,-0.3507437,1.42010267887
23.4743863036,-1.371932,-0.3488736,1.41559535228
23.52702081,-1.36777,-0.3470116,1.41110305203
23.579773334,-1.363621,-0.3451579,1.40662582358
23.6326441403,-1.359483,-0.3433123,1.40216167492
23.685633494,-1.355358,-0.3414748,1.39771254098
23.738741661,-1.351244,-0.3396456,1.39327652716
23.7919689077,-1.347142,-0.3378243,1.38885450132
23.845315501,-1.343053,-0.336011,1.38444745402
23.8987817086,-1.338976,-0.3342057,1.38005441142
23.9523677987,-1.33491,-0.3324091,1.3756745683
24.00607404,-1.330573,-0.329277,1.3707107102
24.059900702,-1.326247,-0.3261626,1.3657646747
24.1138480547,-1.321933,-0.3230656,1.36083732988
24.1679163687,-1.317629,-0.319986,1.35592670224
24.2221059153,-1.313336,-0.3169239,1.35103375505
24.2764169661,-1.309055,-0.313879,1.34615935894
24.3308497938,-1.304784,-0.3108513,1.34130153857
24.3854046713,-1.300525,-0.3078406,1.33646216207
24.4400818723,-1.296276,-0.3048469,1.33163925318
24.4948816711,-1.292039,-0.30187,1.3268346824
24.5498043425,-1.288693,-0.2999031,1.323129441
24.6048501621,-1.285356,-0.2979446,1.3194358762
24.660019406,-1.282026,-0.2959945,1.31575203162
24.7153123509,-1.278704,-0.2940527,1.31207885052
24.7707292743,-1.275389,-0.2921192,1.30841535008
24.826270454,-1.272083,-0.290194,1.30476347149
24.8819361687,-1.268783,-0.2882769,1.3011202374
24.9377266976,-1.265491,-0.2863682,1.29748765584
24.9936423207,-1.262206,-0.2844676,1.29386467681
25.0496833183,-1.258933,-0.2825757,1.29025630195
25.1058499716,-1.25489,-0.2806407,1.28588806457
25.1621425623,-1.250859,-0.2787154,1.28153443656
25.2185613729,-1.246839,-0.2767997,1.27719441192
25.2751066862,-1.242832,-0.2748937,1.27286995664
25.3317787861,-1.238838,-0.2729973,1.26856104152
25.3885779567,-1.234854,-0.2711104,1.26426470737
25.445504483,-1.230883,-0.2692329,1.25998385471
25.5025586505,-1.226925,-0.2673649,1.25571849766
25.5597407455,-1.222978,-0.2655063,1.2514666531
25.6170510547,-1.219045,-0.263658,1.24723143522
25.6744898657,-1.215979,-0.2618657,1.24385633145
25.7320574665,-1.212921,-0.2600809,1.2404916069
25.789754146,-1.209869,-0.2583037,1.23713531944
25.8475801936,-1.206823,-0.256534,1.23378743975
25.9055358994,-1.203785,-0.2547718,1.23044991621
25.963621554,-1.200752,-0.2530169,1.22711976481
26.0218374488,-1.197727,-0.2512696,1.22379997484
26.080183876,-1.194708,-0.2495296,1.22048851963
26.138661128,-1.191696,-0.2477971,1.21718641103
26.1972694984,-1.18869,-0.2460717,1.21389258077
26.256009281,-1.185132,-0.2442881,1.21004732685
26.3148807706,-1.181584,-0.2425131,1.20621447211
26.3738842624,-1.178046,-0.2407467,1.2023940085
26.4330200525,-1.174517,-0.2389889,1.19858494802
26.4922884374,-1.170998,-0.2372397,1.1947882621
26.5516897145,-1.167489,-0.235499,1.1910039228
26.6112241817,-1.163989,-0.2337668,1.18723094169
26.6708921377,-1.160499,-0.232043,1.18347027122
26.7306938818,-1.157019,-0.2303276,1.17972190354
26.790629714,-1.153547,-0.2286201,1.17598377171
26.8506999349,-1.150541,-0.2269348,1.17270797564
26.9109048459,-1.147542,-0.2252569,1.16944145333
26.9712447489,-1.14455,-0.2235865,1.16618421593
27.0317199467,-1.141565,-0.2219234,1.16293621695
27.0923307426,-1.138586,-0.2202676,1.15969646676
27.1530774406,-1.135614,-0.2186191,1.15646593892
27.2139603455,-1.132649,-0.216978,1.15324464433
27.2749797626,-1.12969,-0.2153441,1.150031555
27.3361359981,-1.126739,-0.2137174,1.14682862764
27.3974293587,-1.123795,-0.2120983,1.14363494651
27.4588601519,-1.120864,-0.2107853,1.14051152962
27.5204286859,-1.117941,-0.2094779,1.13739749871
27.5821352695,-1.115025,-0.2081759,1.13429183016
27.6439802121,-1.112116,-0.2068794,1.13119453835
27.7059638242,-1.109214,-0.2055884,1.12810561917
27.7680864165,-1.106319,-0.2043027,1.12502503216
27.8303483007,-1.103431,-0.2030225,1.12195280973
27.8927497892,-1.10055,-0.2017476,1.11888891165
27.9552911948,-1.097676,-0.200478,1.11583333409
28.0179728315,-1.094811,-0.1992138,1.11278805881
28.0807950136,-1.09197,-0.1977799,1.10973662179
28.1437580562,-1.089137,-0.1963524,1.10669493075
28.2068622752,-1.08631,-0.194931,1.10366095829
28.270107987,-1.083489,-0.1935159,1.10063473354
28.3334955091,-1.080676,-0.1921069,1.09761818407
28.3970251593,-1.077868,-0.1907041,1.09460836795
28.4606972563,-1.075068,-0.1893074,1.09160821558
28.5245121196,-1.072274,-0.1879167,1.08861573441
28.5884700692,-1.069486,-0.1865322,1.08563095287
28.6525714259,-1.066707,-0.1851542,1.0826568716
28.7168165114,-1.063932,-0.1839178,1.07971156231
28.7812056478,-1.061163,-0.1826866,1.07677356319
28.8457391582,-1.0584,-0.1814607,1.07384288685
28.9104173663,-1.055644,-0.1802401,1.0709205145
28.9752405965,-1.052895,-0.1790246,1.06800640842
29.0402091741,-1.050153,-0.1778143,1.06510058149
29.1053234248,-1.047417,-0.1766092,1.06220204359
29.1705836754,-1.044688,-0.1754093,1.05931177652
29.2359902531,-1.041965,-0.1742146,1.05642878988
29.3015434862,-1.039248,-0.1730248,1.05355302995
29.3672437034,-1.036736,-0.1718767,1.05088683201
29.4330912342,-1.034229,-0.1707332,1.0482268123
29.4990864091,-1.031728,-0.1695943,1.04557395366
29.565229559,-1.029233,-0.1684601,1.04292826867
29.6315210157,-1.026742,-0.1673304,1.04028774737
29.6979611119,-1.024258,-0.1662052,1.03765534696
29.7645501807,-1.021779,-0.1650846,1.03502910587
29.8312885561,-1.019305,-0.1639685,1.03240900423
29.898176573,-1.016838,-0.162857,1.02979702888
29.965214567,-1.014376,-0.1617502,1.02719121714
30.0324028741,-1.011904,-0.1607831,1.02459792624
30.0997418316,-1.009437,-0.1598198,1.02201048206
30.1672317772,-1.006975,-0.1588604,1.01942889763
30.2348730494,-1.00452,-0.1579047,1.01685511489
30.3026659876,-1.00207,-0.1569527,1.01428715605
30.3706109317,-0.9996258,-0.1560045,1.01172582454
30.4387082228,-0.9971873,-0.1550601,1.00917101915
30.5069582022,-0.9947544,-0.1541193,1.00662260801
30.5753612124,-0.9923271,-0.1531823,1.00408061949
30.6439175966,-0.9899079,-0.1522494,1.00154756766
30.7126276986,-0.9875235,-0.1512848,0.999044420315
30.781491863,-0.985144,-0.150324,0.996547041394
30.8505104354,-0.9827703,-0.1493671,0.994056332973
30.919683762,-0.9804021,-0.1484138,0.991571950851
30.9890121896,-0.9780389,-0.1474644,0.989093443099
31.0584960662,-0.9756812,-0.1465187,0.986621271554
31.1281357402,-0.9733289,-0.1455769,0.984155364457
31.197931561,-0.9709817,-0.1446387,0.981695378044
31.2678838787,-0.96864,-0.1437043,0.979241734935
31.3379930442,-0.9663042,-0.1427734,0.976794784325
31.4082594092,-0.9640588,-0.1419754,0.97445696881
31.4786833261,-0.9618179,-0.1411804,0.97212426063
31.5492651482,-0.9595822,-0.1403883,0.969797336217
31.6200052296,-0.9573516,-0.1395992,0.967476109609
31.6909039252,-0.955126,-0.1388131,0.965160480235
31.7619615905,-0.9529053,-0.1380299,0.962850333158
31.833178582,-0.9506895,-0.1372496,0.960545666853
31.904555257,-0.9484788,-0.1364723,0.958246691994
31.9760919735,-0.9462728,-0.1356978,0.955952982601
32.0477890904,-0.9440722,-0.1349263,0.953665258487
32.1196469672,-0.9419977,-0.1340016,0.951481001181
32.1916659645,-0.9399273,-0.1330805,0.949301716403
32.2638464435,-0.9378609,-0.1321627,0.947127260203
32.3361887663,-0.9357988,-0.1312484,0.944957954929
32.4086932959,-0.9337407,-0.1303376,0.942793500619
32.4813603958,-0.9316868,-0.1294301,0.940634064916
32.5541904306,-0.9296371,-0.1285261,0.938479672703
32.6271837656,-0.9275915,-0.1276256,0.936330222009
32.7003407671,-0.9255501,-0.1267284,0.934185781832
32.7736618019,-0.9235124,-0.1258349,0.93204590821
32.8471472379,-0.9215042,-0.1254031,0.929997810808
32.9207974436,-0.9195003,-0.1249726,0.927954175836
32.9946127886,-0.9175006,-0.1245433,0.925914890568
33.0685936431,-0.9155053,-0.1241154,0.923880179918
33.1427403783,-0.9135143,-0.1236887,0.921849917726
33.217053366,-0.9115275,-0.1232633,0.91982401816
33.291532979,-0.9095451,-0.1228391,0.91780266584
33.366179591,-0.9075669,-0.1224162,0.915785675799
33.4409935763,-0.9055933,-0.1219947,0.91377345761
33.5159753103,-0.9036259,-0.1215744,0.9117675701
33.5911251692,-0.901946,-0.1206099,0.909974359471
33.6664435298,-0.9002687,-0.1196487,0.908184751915
33.74193077,-0.898594,-0.1186907,0.906398730748
33.8175872684,-0.8969218,-0.1177359,0.904616193457
33.8934134047,-0.8952519,-0.1167843,0.902836938312
33.969409559,-0.8935849,-0.115836,0.901061569708
34.0455761127,-0.89192,-0.1148909,0.899289277876
34.1219134478,-0.890258,-0.113949,0.897520852774
34.1984219473,-0.8885983,-0.1130102,0.895755683246
34.2751019948,-0.8869439,-0.1120752,0.893996830085
34.3519539752,-0.8853389,-0.1115542,0.892339233359
34.4289782739,-0.8837368,-0.1110348,0.890684825561
34.5061752772,-0.8821372,-0.1105169,0.889033196686
34.5835453724,-0.8805408,-0.1100005,0.887385040704
34.6610889476,-0.8789467,-0.1094857,0.885739476339
34.7388063918,-0.8773555,-0.1089724,0.884097085926
34.8166980949,-0.8757671,-0.1084605,0.882457757347
34.8947644475,-0.8741817,-0.1079502,0.880821713115
34.9730058413,-0.8725988,-0.1074414,0.879188444075
35.0514226687,-0.8710202,-0.1069341,0.877559736172
35.1300153231,-0.8690625,-0.1063113,0.875540816532
35.2087841988,-0.8671092,-0.1056908,0.873526708195
35.2877296909,-0.8651599,-0.1050725,0.871517000881
35.3668521953,-0.8632151,-0.1044566,0.869512213917
35.446152109,-0.8612744,-0.1038428,0.867511913006
35.5256298298,-0.8593379,-0.1032314,0.86551623227
35.6052857563,-0.8574056,-0.1026221,0.863525134735
35.6851202881,-0.8554777,-0.1020151,0.861538841739
35.7651338258,-0.8535539,-0.1014104,0.859557054205
35.8453267706,-0.8516346,-0.1008079,0.857580156382
35.9256995248,-0.8501157,-0.1001784,0.85599790608
36.0062524917,-0.8485989,-0.09955077,0.85441819321
36.0869860752,-0.8470847,-0.0989251,0.852841523605
36.1679006804,-0.8455728,-0.09830137,0.851267595673
36.2489967131,-0.8440636,-0.09767957,0.849696804302
36.3302745802,-0.8425568,-0.09705977,0.84812885824
36.4117346893,-0.8410527,-0.09644188,0.846564043883
36.4933774491,-0.8395509,-0.0958259,0.845001962602
36.5752032691,-0.8380514,-0.09521182,0.843442611984
36.6572125598,-0.8365547,-0.09459956,0.841886478597
36.7394057326,-0.8349873,-0.09400372,0.840262155839
36.8217831997,-0.8334228,-0.09340979,0.838641134472
36.9043453744,-0.8318609,-0.09281783,0.837023121852
36.9870926709,-0.8303019,-0.0922278,0.835408410442
37.0700255042,-0.8287453,-0.09163962,0.833796493292
37.1531442903,-0.8271917,-0.09105335,0.832187972212
37.2364494462,-0.8256406,-0.09046899,0.83058234903
37.3199413898,-0.824092,-0.08988653,0.828979621426
37.4036205398,-0.8225466,-0.08930598,0.827380485167
37.4874873161,-0.8210043,-0.08872767,0.825784875159
37.5715421394,-0.8196022,-0.08822043,0.824336466811
37.6557854312,-0.8182022,-0.08771469,0.822890458644
37.7402176141,-0.8168043,-0.0872104,0.821446844517
37.8248391118,-0.8154088,-0.08670761,0.820005927265
37.9096503486,-0.8140155,-0.08620633,0.818567508256
37.99465175,-0.8126246,-0.08570649,0.817131778205
38.0798437425,-0.8112358,-0.08520813,0.815698442207
38.1652267533,-0.8098494,-0.08471127,0.814267799895
38.2508012107,-0.8084649,-0.08421583,0.812839344861
38.3365675441,-0.8070854,-0.08372201,0.811416180423
38.4225261836,-0.8056699,-0.0831856,0.809952981236
38.5086775604,-0.8042571,-0.0826508,0.808492818546
38.5950221067,-0.8028463,-0.08211766,0.807035000175
38.6815602557,-0.8014378,-0.08158617,0.805579822491
38.7682924413,-0.8000316,-0.08105628,0.804127279432
38.8552190987,-0.7986277,-0.08052807,0.80267737807
38.942340664,-0.7972263,-0.08000146,0.801230308347
39.0296575741,-0.7958271,-0.07947646,0.799785771809
39.1171702671,-0.7944299,-0.07895304,0.798343565477
39.2048791819,-0.7930371,-0.07843123,0.79690607967
39.2927847585,-0.7915872,-0.07797511,0.795418388638
39.3808874379,-0.79014,-0.07752042,0.793933646545
39.4691876621,-0.7886955,-0.07706709,0.792451845907
39.5576858739,-0.7872533,-0.0766152,0.790972595753
39.6463825172,-0.7858137,-0.07616474,0.789496192978
39.7352780371,-0.7843765,-0.07571562,0.788022429163
39.8243728794,-0.782942,-0.07526793,0.786551610926
39.9136674911,-0.7815098,-0.07482164,0.785083336537
40.00316232,-0.78008,-0.07437675,0.783617704841
40.0928578152,-0.778654,-0.07393332,0.782156114546
40.1827544265,-0.7773506,-0.07354428,0.780821821187
40.2728526049,-0.7760493,-0.07315637,0.779489814239
40.3631528023,-0.7747501,-0.07276954,0.778160088543
40.4536554718,-0.7734534,-0.07238381,0.776833043788
40.5443610673,-0.7721583,-0.07199918,0.775507783442
40.6352700437,-0.7708653,-0.07161565,0.774184804855
40.7263828572,-0.7695745,-0.0712332,0.772864205299
40.8176999648,-0.7682857,-0.07085182,0.771545784268
40.9092218245,-0.7669991,-0.07047157,0.770229745971
41.0009488954,-0.7657155,-0.07009272,0.768916911205
41.0928816378,-0.7645706,-0.0695857,0.767730663728
41.1850205126,-0.7634274,-0.06908004,0.766546441514
41.2773659822,-0.7622856,-0.06857575,0.765363945751
41.3699185097,-0.7611455,-0.06807284,0.764183475165
41.4626785594,-0.7600066,-0.0675713,0.763004529886
41.5556465966,-0.7588693,-0.06707115,0.761827509115
41.6488230877,-0.7577335,-0.06657232,0.760652306124
41.7422085001,-0.7565993,-0.06607489,0.759479026602
41.8358033022,-0.7554664,-0.0655788,0.758307365478
41.9296079635,-0.7543363,-0.06508403,0.757138814524
42.0236229546,-0.7532035,-0.06480341,0.755986107253
42.117848747,-0.7520725,-0.0645235,0.754835298134
42.2122858134,-0.7509431,-0.06424432,0.753686189398
42.3069346276,-0.7498154,-0.06396584,0.752538877909
42.4017956644,-0.7486893,-0.06368802,0.751393260434
42.4968693995,-0.7475649,-0.06341092,0.750249441511
42.5921563099,-0.746442,-0.06313451,0.749107219106
42.6876568736,-0.7453209,-0.06285878,0.747966891112
42.7833715696,-0.7442013,-0.06258373,0.746828158402
42.879300878,-0.7430848,-0.06230947,0.745692624372
42.9754452801,-0.7419695,-0.06198572,0.744554207841
43.0718052582,-0.7408561,-0.06166282,0.743417826177
43.1683812956,-0.7397439,-0.06134076,0.742282780633
43.2651738768,-0.7386335,-0.06101953,0.741149667991
43.3621834872,-0.7375249,-0.06069913,0.740018487947
43.4594106136,-0.7364177,-0.06037956,0.738888841531
43.5568557437,-0.7353121,-0.06006082,0.737760927744
43.6545193662,-0.734208,-0.05974291,0.736634646592
43.752401971,-0.7331055,-0.05942582,0.735510096608
43.8505040493,-0.7320057,-0.05910977,0.734388391617
43.948826093,-0.7309438,-0.05880245,0.733305234459
44.0473685954,-0.7298833,-0.0584959,0.732223601051
44.1461320507,-0.728824,-0.05819011,0.731143290934
44.2451169545,-0.7277666,-0.0578851,0.730065003186
44.3443238033,-0.7267104,-0.05758087,0.728988039722
44.4437530946,-0.7256557,-0.05727737,0.727912695353
44.5434053273,-0.7246023,-0.05697467,0.726838775924
44.6432810013,-0.7235507,-0.05667271,0.725766774887
44.7433806175,-0.7225005,-0.05637153,0.724696296316
44.8437046781,-0.7214531,-0.05607102,0.723628727168
44.9442536863,-0.7204296,-0.05574597,0.722583159039
45.0450281465,-0.719407,-0.05542169,0.721538630547
45.1460285642,-0.7183858,-0.05509824,0.720495644465
45.247255446,-0.7173663,-0.05477562,0.71945449955
45.3487092998,-0.7163483,-0.0544538,0.718414993752
45.4503906345,-0.7153312,-0.05413278,0.717376528445
45.5522999601,-0.7143158,-0.0538126,0.71633990399
45.6544377878,-0.7133018,-0.05349319,0.715304815627
45.75680463,-0.7122892,-0.05317462,0.714271268251
45.8594010001,-0.7112798,-0.05285724,0.71324108246
45.9622274129,-0.7104021,-0.05253369,0.712341864746
46.0652843841,-0.7095255,-0.05221089,0.711443892507
46.1685724306,-0.7086498,-0.0518888,0.710546962984
46.2720920707,-0.707775,-0.05156744,0.709651077286
46.3758438236,-0.7069012,-0.0512468,0.708756334061
46.4798282096,-0.7060286,-0.05092687,0.707862931722
46.5840457506,-0.7051569,-0.05060766,0.70697057143
46.6884969691,-0.704286,-0.05028919,0.706079154505
46.7931823892,-0.7034165,-0.04997142,0.705189276215
46.8981025361,-0.7025491,-0.04965439,0.704301637338
47.0032579359,-0.7015325,-0.04946104,0.703273945937
47.1086491163,-0.7005176,-0.04926816,0.702248004269
47.2142766058,-0.699504,-0.04907573,0.701223411825
47.3201409344,-0.6984919,-0.04888376,0.700200368721
47.426242633,-0.6974813,-0.04869225,0.699178874867
47.5325822339,-0.6964721,-0.04850119,0.698158829716
47.6391602705,-0.6954643,-0.04831057,0.697140232484
47.7459772775,-0.6944579,-0.04812042,0.696123085161
47.8530337907,-0.693453,-0.04793071,0.695107485336
47.9603303471,-0.6924519,-0.04774142,0.694095726105
48.0678674849,-0.6915771,-0.04732627,0.693194533357
48.1756457435,-0.6907031,-0.04691211,0.692294387103
48.2836656637,-0.6898297,-0.04649893,0.691395086397
48.3919277872,-0.6889576,-0.04608675,0.69049733028
48.5004326571,-0.6880862,-0.04567554,0.68960051739
48.6091808178,-0.6872157,-0.04526529,0.688704845928
48.7181728147,-0.6863462,-0.04485605,0.687810418267
48.8274091945,-0.6854776,-0.04444777,0.686917130635
48.9368905053,-0.68461,-0.04404046,0.68602508279
49.0466172961,-0.6837445,-0.04363429,0.685135382639
49.1565901175,-0.6828398,-0.04341998,0.684218888315
49.2668095211,-0.6819359,-0.04320618,0.683303260419
49.3772760597,-0.6810333,-0.04299285,0.682388995266
49.4879902875,-0.6801318,-0.04278,0.681475893757
49.5989527598,-0.6792315,-0.04256766,0.680564057433
49.7101640334,-0.6783324,-0.0423558,0.679653484272
49.821624666,-0.6774344,-0.04214444,0.678744075574
49.9333352167,-0.6765376,-0.04193356,0.677835929756
50.045296246,-0.6756419,-0.04172317,0.67692894749
50.1575083154,-0.6747498,-0.04151324,0.67602562207
50.2699719878,-0.6738647,-0.04135383,0.675132411577
50.3826878275,-0.6729804,-0.04119476,0.67424003666
50.4956563997,-0.6720976,-0.04103603,0.673349195948
50.6088782712,-0.6712157,-0.04087766,0.672459291715
50.72235401,-0.6703352,-0.04071964,0.671570822357
50.8360841852,-0.6694554,-0.04056194,0.670683087282
50.9500693673,-0.6685771,-0.0404046,0.669796887381
51.0643101282,-0.6676997,-0.0402476,0.668911622478
51.1788070408,-0.6668238,-0.04009096,0.668027892621
51.2935606796,-0.6659514,-0.03993487,0.667147705537
51.4085716202,-0.665501,-0.03972929,0.666685831172
51.5238404394,-0.6650509,-0.03952398,0.66622432002
51.6393677156,-0.6646012,-0.03931894,0.665763271805
51.7551540282,-0.6641516,-0.03911415,0.665302385771
51.871199958,-0.6637022,-0.03890962,0.664841762236
51.9875060872,-0.6632532,-0.03870537,0.664381601925
52.1040729992,-0.6628045,-0.03850137,0.663921803161
52.2209012786,-0.662356,-0.03829763,0.663462266598
52.3379915117,-0.6619076,-0.03809416,0.663002892877
52.4553442856,-0.66146,-0.03789095,0.662544380168
52.5729601891,-0.660395,-0.03765563,0.661467688172
52.6908398122,-0.6593315,-0.03742098,0.660392577666
52.8089837462,-0.6582695,-0.03718699,0.659319047848
52.9273925836,-0.6572095,-0.03695365,0.658247597138
53.0460669186,-0.6561512,-0.03672097,0.657177926363
53.1650073464,-0.6550943,-0.03648896,0.65610973632
53.2842144636,-0.654039,-0.03625759,0.655043224798
53.4036888682,-0.6529857,-0.03602689,0.653978792628
53.5234311595,-0.6519336,-0.03579681,0.652915638054
53.6434419382,-0.6508843,-0.03556743,0.65185536284
53.7637218063,-0.6502389,-0.03559978,0.651212692912
53.8842713671,-0.649594,-0.03563202,0.650570523222
54.0050912254,-0.64895,-0.03566416,0.649929253695
54.1261819872,-0.6483068,-0.0356962,0.649288784456
54.2475442599,-0.647664,-0.03572816,0.648648717191
54.3691786523,-0.6470217,-0.03576002,0.648009150631
54.4910857746,-0.6463801,-0.03579176,0.647370283346
54.6132662383,-0.645739,-0.03582341,0.646731917277
54.7357206562,-0.6450988,-0.03585497,0.646094451791
54.8584496427,-0.6444608,-0.03588674,0.645459201534
54.9814538133,-0.6437828,-0.03543764,0.644757411671
55.1047337852,-0.6431052,-0.03498945,0.644056332845
55.2282901766,-0.6424281,-0.03454218,0.643356064609
55.3521236074,-0.6417512,-0.03409582,0.642656306001
55.4762346988,-0.6410753,-0.03365039,0.641957856107
55.6006240734,-0.6403993,-0.03320586,0.641259614024
55.7252923551,-0.6397239,-0.03276225,0.640562278983
55.8502401692,-0.639049,-0.03231955,0.639865749758
55.9754681426,-0.6383747,-0.03187776,0.639170125383
56.1009769034,-0.6376995,-0.03143664,0.63847389503
56.2267670813,-0.6373462,-0.03143305,0.63812084693
56.3528393071,-0.6369933,-0.03142946,0.637768198643
56.4791942134,-0.6366405,-0.03142587,0.637415650534
56.6058324339,-0.6362876,-0.03142226,0.637063001859
56.7327546039,-0.6359352,-0.03141866,0.636710853367
56.8599613601,-0.6355828,-0.03141505,0.63635870468
56.9874533406,-0.6352307,-0.03141143,0.636006855432
57.1152311848,-0.6348788,-0.0314078,0.635655205745
57.2432955339,-0.6345271,-0.03140417,0.63530375611
57.3716470301,-0.6341761,-0.03140057,0.634953007401
57.5002863174,-0.633521,-0.03139744,0.634298554846
57.6292140409,-0.6328665,-0.0313943,0.633644702412
57.7584308475,-0.6322128,-0.03139112,0.632991648364
57.8879373854,-0.6315598,-0.03138792,0.632339293811
58.0177343041,-0.6309072,-0.03138468,0.631687338127
58.1478222548,-0.6302556,-0.03138144,0.631036382555
58.2782018899,-0.6296045,-0.03137814,0.630385924724
58.4088738637,-0.6289541,-0.03137483,0.62973616687
58.5398388314,-0.6283041,-0.0313715,0.629086808866
58.6710974501,-0.6276573,-0.03136831,0.628440655206
58.8026503783,-0.6268131,-0.03113778,0.627586028904
58.9344982757,-0.6259703,-0.03090781,0.626732885048
59.0666418038,-0.6251284,-0.03067842,0.625880725011
59.1990816255,-0.6242875,-0.03044958,0.62502964696
59.3318184051,-0.6234478,-0.03022131,0.624179851407
59.4648528084,-0.6226093,-0.0299936,0.623331337643
59.5981855028,-0.6217715,-0.02976645,0.622483606015
59.7318171572,-0.6209349,-0.02953986,0.621637155716
59.8657484417,-0.6200995,-0.02931383,0.620791986522
59.9999800284,-0.619265,-0.02908836,0.619947798538
