Hz,real,imaginary,V^2 (rms) 
9.99999046326,5.293483e-06,5.293483e-06,0.0748365219261
10.022412543,5.296409e-06,5.296409e-06,0.0748572022053
10.0448848978,5.299335e-06,5.299335e-06,0.0748778767728
10.0674076403,5.302264e-06,5.302264e-06,0.0748985668221
10.0899808835,5.305194e-06,5.305194e-06,0.0749192582184
10.1126047407,5.308127e-06,5.308127e-06,0.0749399650787
10.1352793254,5.31106e-06,5.31106e-06,0.074960666219
10.1580047512,5.313995e-06,5.313995e-06,0.0749813757542
10.1807811322,5.316931e-06,5.316931e-06,0.0750020866243
10.2036085826,5.31987e-06,5.31987e-06,0.0750228129305
10.226487217,5.322805e-06,5.322805e-06,0.0750435053153
10.24941715,5.342893e-06,5.342893e-06,0.0751849771829
10.2723984968,5.363057e-06,5.363057e-06,0.0753267170797
10.2954313727,5.383296e-06,5.383296e-06,0.0754687164857
10.318515893,5.403613e-06,5.403613e-06,0.075610994928
10.3416521737,5.424005e-06,5.424005e-06,0.0757535298848
10.3648403308,5.444475e-06,5.444475e-06,0.0758963408209
10.3880804806,5.465023e-06,5.465023e-06,0.0760394261814
10.4113727398,5.485647e-06,5.485647e-06,0.0761827705325
10.434717225,5.50635e-06,5.50635e-06,0.0763263932071
10.4581140535,5.527126e-06,5.527126e-06,0.0764702511308
10.4815633426,5.548331e-06,5.548331e-06,0.0766168010165
10.50506521,5.569618e-06,5.569618e-06,0.0767636362088
10.5286197734,5.590987e-06,5.590987e-06,0.0769107550737
10.5522271512,5.612437e-06,5.612437e-06,0.0770581491213
10.5758874616,5.63397e-06,5.63397e-06,0.0772058304793
10.5996008235,5.655585e-06,5.655585e-06,0.0773537906634
10.6233673556,5.677284e-06,5.677284e-06,0.0775020417279
10.6471871774,5.699066e-06,5.699066e-06,0.0776505751943
10.6710604082,5.720931e-06,5.720931e-06,0.0777993894449
10.6949871677,5.742873e-06,5.742873e-06,0.0779484421525
10.7189675761,5.749838e-06,5.749838e-06,0.0779956960607
10.7430017537,5.756812e-06,5.756812e-06,0.0780429823623
10.7670898208,5.763794e-06,5.763794e-06,0.0780902942241
10.7912318985,5.770785e-06,5.770785e-06,0.0781376383697
10.8154281078,5.777783e-06,5.777783e-06,0.0781850012087
10.8396785701,5.784791e-06,5.784791e-06,0.0782324029926
10.8639834071,5.791807e-06,5.791807e-06,0.0782798301352
10.8883427405,5.798832e-06,5.798832e-06,0.0783272893441
10.9127566928,5.805865e-06,5.805865e-06,0.0783747738115
10.9372253862,5.812909e-06,5.812909e-06,0.078422303728
10.9617489436,5.813014e-06,5.813014e-06,0.0784230120054
10.9863274879,5.81312e-06,5.81312e-06,0.0784237270219
11.0109611426,5.813225e-06,5.813225e-06,0.0784244352865
11.035650031,5.813331e-06,5.813331e-06,0.0784251502899
11.0603942771,5.813436e-06,5.813436e-06,0.0784258585417
11.085194005,5.813542e-06,5.813542e-06,0.0784265735322
11.1100493392,5.813647e-06,5.813647e-06,0.0784272817711
11.1349604041,5.813753e-06,5.813753e-06,0.0784279967486
11.159927325,5.813858e-06,5.813858e-06,0.0784287049746
11.1849502269,5.813969e-06,5.813969e-06,0.0784294536638
11.2100292354,5.84224e-06,5.84224e-06,0.0786199079114
11.2351644764,5.87065e-06,5.87065e-06,0.078810834915
11.2603560758,5.899198e-06,5.899198e-06,0.079002224551
11.2856041601,5.927885e-06,5.927885e-06,0.0791940801449
11.3109088559,5.956711e-06,5.956711e-06,0.0793863983186
11.3362702901,5.985677e-06,5.985677e-06,0.0795791823657
11.36168859,6.014785e-06,6.014785e-06,0.0797724421715
11.3871638831,6.044033e-06,6.044033e-06,0.0799661610558
11.4126962971,6.073425e-06,6.073425e-06,0.0801603620875
11.4382859602,6.102957e-06,6.102957e-06,0.0803550154377
11.4639330007,6.101519e-06,6.101519e-06,0.0803455481156
11.4896375472,6.100081e-06,6.100081e-06,0.0803360796778
11.5153997287,6.098643e-06,6.098643e-06,0.0803266101239
11.5412196745,6.097206e-06,6.097206e-06,0.0803171460399
11.5670975139,6.095769e-06,6.095769e-06,0.0803076808406
11.593033377,6.094332e-06,6.094332e-06,0.0802982145256
11.6190273937,6.092896e-06,6.092896e-06,0.0802887536832
11.6450796944,6.09146e-06,6.09146e-06,0.0802792917258
11.6711904099,6.090025e-06,6.090025e-06,0.0802698352434
11.6973596711,6.088587e-06,6.088587e-06,0.0802603578736
11.7235876092,6.110483e-06,6.110483e-06,0.0804045459784
11.749874356,6.132458e-06,6.132458e-06,0.0805489948044
11.7762200431,6.154512e-06,6.154512e-06,0.0806937029513
11.8026248028,6.176646e-06,6.176646e-06,0.0808386755705
11.8290887675,6.198859e-06,6.198859e-06,0.0809839047095
11.85561207,6.221152e-06,6.221152e-06,0.0811293955111
11.8821948433,6.243526e-06,6.243526e-06,0.0812751530789
11.9088372207,6.265979e-06,6.265979e-06,0.081421162986
11.935539336,6.288514e-06,6.288514e-06,0.0815674433337
11.962301323,6.311131e-06,6.311131e-06,0.0817139926696
11.989123316,6.355373e-06,6.355373e-06,0.0819999063048
12.0160054496,6.399926e-06,6.399926e-06,0.0822868258472
12.0429478585,6.44479e-06,6.44479e-06,0.082574740811
12.069950678,6.48997e-06,6.48997e-06,0.0828636727402
12.0970140435,6.535466e-06,6.535466e-06,0.083153611034
12.1241380908,6.581281e-06,6.581281e-06,0.0834445642208
12.1513229558,6.627417e-06,6.627417e-06,0.0837365343563
12.1785687751,6.673877e-06,6.673877e-06,0.0840295297262
12.2058756851,6.720662e-06,6.720662e-06,0.0843235459169
12.2332438231,6.767779e-06,6.767779e-06,0.0846186160487
12.2606733261,6.804207e-06,6.804207e-06,0.0848460429602
12.2881643318,6.840831e-06,6.840831e-06,0.0850740806474
12.3157169782,6.877652e-06,6.877652e-06,0.0853027304135
12.3433314034,6.914671e-06,6.914671e-06,0.0855319935346
12.3710077459,6.951889e-06,6.951889e-06,0.0857618712599
12.3987461446,6.989308e-06,6.989308e-06,0.0859923709639
12.4265467386,7.026928e-06,7.026928e-06,0.0862234876585
12.4544096674,7.064751e-06,7.064751e-06,0.0864552286331
12.4823350707,7.102777e-06,7.102777e-06,0.086687588881
12.5103230886,7.141013e-06,7.141013e-06,0.0869206060379
12.5383738616,7.227949e-06,7.227949e-06,0.0874480991331
12.5664875303,7.315943e-06,7.315943e-06,0.0879787911601
12.5946642357,7.405008e-06,7.405008e-06,0.0885127022749
12.6229041193,7.495157e-06,7.495157e-06,0.0890498518022
12.6512073226,7.586404e-06,7.586404e-06,0.0895902641586
12.6795739876,7.678762e-06,7.678762e-06,0.090133956953
12.7080042566,7.772243e-06,7.772243e-06,0.0906809411839
12.7364982723,7.866864e-06,7.866864e-06,0.0912312562229
12.7650561775,7.962635e-06,7.962635e-06,0.0917848997929
12.7936781156,8.059574e-06,8.059574e-06,0.0923419151415
12.8223642301,8.174736e-06,8.174736e-06,0.0929993047716
12.8511146648,8.291545e-06,8.291545e-06,0.0936613827039
12.8799295641,8.410021e-06,8.410021e-06,0.0943281623801
12.9088090725,8.530191e-06,8.530191e-06,0.0949996951469
12.9377533347,8.652078e-06,8.652078e-06,0.0956760080898
12.9667624961,8.775707e-06,8.775707e-06,0.0963571378051
12.9958367021,8.901102e-06,8.901102e-06,0.097043113697
13.0249760986,9.02829e-06,9.02829e-06,0.0977339798637
13.0541808318,9.157294e-06,9.157294e-06,0.0984297569437
13.0834510481,9.288145e-06,9.288145e-06,0.0991305069593
13.1127868944,9.678808e-06,9.678808e-06,0.101193768899
13.1421885178,1.00859e-05,1.00859e-05,0.103299962246
13.1716560658,1.051012e-05,1.051012e-05,0.105450021147
13.2011896862,1.095218e-05,1.095218e-05,0.107644816132
13.2307895273,1.141283e-05,1.141283e-05,0.109885277176
13.2604557374,1.189286e-05,1.189286e-05,0.112172393573
13.2901884653,1.239308e-05,1.239308e-05,0.114507111744
13.3199878603,1.291434e-05,1.291434e-05,0.116890426126
13.3498540718,1.345752e-05,1.345752e-05,0.119323326135
13.3797872497,1.402353e-05,1.402353e-05,0.121806792668
13.409787544,1.516682e-05,1.516682e-05,0.126674762917
13.4398551052,1.640331e-05,1.640331e-05,0.131737245986
13.4699900843,1.77406e-05,1.77406e-05,0.137002024803
13.5001926323,1.918693e-05,1.918693e-05,0.142477268152
13.5304629008,2.075116e-05,2.075116e-05,0.148171276839
13.5608010415,2.244292e-05,2.244292e-05,0.154092859536
13.5912072068,2.42726e-05,2.42726e-05,0.160251086736
13.621681549,2.625145e-05,2.625145e-05,0.166655435255
13.6522242212,2.839162e-05,2.839162e-05,0.17331570604
13.6828353764,3.07063e-05,3.07063e-05,0.180242240887
13.7135151683,3.182308e-05,3.182308e-05,0.183490650007
13.7442637507,3.298048e-05,3.298048e-05,0.186797611976
13.7750812779,3.417997e-05,3.417997e-05,0.190164161345
13.8059679045,3.542309e-05,3.542309e-05,0.193591397588
13.8369237854,3.671143e-05,3.671143e-05,0.197080422518
13.8679490758,3.804662e-05,3.804662e-05,0.200632310359
13.8990439315,3.943036e-05,3.943036e-05,0.204248184521
13.9302085084,4.086444e-05,4.086444e-05,0.207929260856
13.9614429628,4.235067e-05,4.235067e-05,0.211676661113
13.9927474514,4.389099e-05,4.389099e-05,0.215491687589
14.0241221313,4.608682e-05,4.608682e-05,0.220816338979
14.0555671598,4.83925e-05,4.83925e-05,0.226272545838
14.0870826946,5.081353e-05,5.081353e-05,0.231863569238
14.1186688939,5.335568e-05,5.335568e-05,0.23759273861
14.1503259161,5.602501e-05,5.602501e-05,0.243463468677
14.18205392,5.882789e-05,5.882789e-05,0.249479272927
14.2138530647,6.177099e-05,6.177099e-05,0.255643711873
14.2457235099,6.486133e-05,6.486133e-05,0.261960468659
14.2776654152,6.810628e-05,6.810628e-05,0.268433314326
14.309678941,7.151351e-05,7.151351e-05,0.275065980412
14.3417642479,7.385132e-05,7.385132e-05,0.279525842383
14.3739214967,7.626555e-05,7.626555e-05,0.284058007984
14.4061508489,7.875872e-05,7.875872e-05,0.288663689715
14.438452466,8.133339e-05,8.133339e-05,0.293344041392
14.4708265102,8.399221e-05,8.399221e-05,0.298100248541
14.5032731437,8.673795e-05,8.673795e-05,0.302933575392
14.5357925295,8.957347e-05,8.957347e-05,0.307845304106
14.5683848305,9.250168e-05,9.250168e-05,0.312836662557
14.6010502103,9.552561e-05,9.552561e-05,0.317908941963
14.6337888328,9.864841e-05,9.864841e-05,0.323063488776
14.6666008621,0.0001003459,0.0001003459,0.32583118666
14.6994864629,0.0001020725,0.0001020725,0.328622435327
14.7324458001,0.0001038289,0.0001038289,0.331437741062
14.7654790391,0.0001056155,0.0001056155,0.334277129041
14.7985863456,0.0001074328,0.0001074328,0.337140775345
14.8317678855,0.0001092815,0.0001092815,0.340029156103
14.8650238255,0.0001111619,0.0001111619,0.342942109109
14.8983543323,0.0001130747,0.0001130747,0.345880084133
14.9317595731,0.0001150204,0.0001150204,0.348843207186
14.9652397154,0.0001169996,0.0001169996,0.351831745015
14.9987949272,0.0001184528,0.0001184528,0.354009975001
15.0324253769,0.0001199241,0.0001199241,0.356201765577
15.0661312332,0.0001214137,0.0001214137,0.358407163154
15.099912665,0.0001229217,0.0001229217,0.360626064782
15.1337698419,0.0001244485,0.0001244485,0.362858805874
15.1677029337,0.0001259943,0.0001259943,0.36510542231
15.2017121106,0.0001275592,0.0001275592,0.367365803526
15.2357975433,0.0001291436,0.0001291436,0.369640269451
15.2699594026,0.0001307477,0.0001307477,0.371928846152
15.3041978601,0.0001323716,0.0001323716,0.374231416105
15.3385130873,0.0001332582,0.0001332582,0.375482590276
15.3729052565,0.0001341507,0.0001341507,0.376737893767
15.4073745401,0.0001350492,0.0001350492,0.377997425388
15.4419211112,0.0001359537,0.0001359537,0.379261143014
15.4765451429,0.0001368643,0.0001368643,0.380529143956
15.5112468089,0.000137781,0.000137781,0.38180138554
15.5460262834,0.0001387038,0.0001387038,0.383077825513
15.5808837408,0.0001396328,0.0001396328,0.384358559681
15.6158193559,0.000140568,0.000140568,0.385643545259
15.650833304,0.0001415094,0.0001415094,0.386932739892
15.6859257607,0.0001427314,0.0001427314,0.38859982141
15.7210969021,0.000143964,0.000143964,0.390274149797
15.7563469046,0.0001452072,0.0001452072,0.391955632183
15.791675945,0.0001464612,0.0001464612,0.393644445661
15.8270842005,0.000147726,0.000147726,0.395340496281
15.8625718488,0.0001490017,0.0001490017,0.397043824533
15.8981390678,0.0001502885,0.0001502885,0.398754602481
15.9337860361,0.0001515863,0.0001515863,0.400472602559
15.9695129323,0.0001528954,0.0001528954,0.402198126798
16.0053199357,0.0001542159,0.0001542159,0.403931209737
16.0412072259,0.0001544193,0.0001544193,0.404197500487
16.077174983,0.0001546229,0.0001546229,0.404463877497
16.1132233874,0.0001548269,0.0001548269,0.404730602006
16.1493526198,0.0001550311,0.0001550311,0.40499741209
16.1855628616,0.0001552356,0.0001552356,0.405264438114
16.2218542944,0.0001554403,0.0001554403,0.405531549204
16.2582271001,0.0001556453,0.0001556453,0.405798875553
16.2946814614,0.0001558506,0.0001558506,0.406066416735
16.331217561,0.0001560562,0.0001560562,0.406334172326
16.3678355822,0.0001562619,0.0001562619,0.406601881698
16.4045357087,0.0001572329,0.0001572329,0.407863222417
16.4413181245,0.0001582098,0.0001582098,0.409128303103
16.4781830143,0.0001591928,0.0001591928,0.41039734697
16.515130563,0.000160182,0.000160182,0.411670445867
16.5521609557,0.0001611772,0.0001611772,0.412947306082
16.5892743785,0.0001621787,0.0001621787,0.414228275954
16.6264710173,0.0001631864,0.0001631864,0.415513190164
16.6637510587,0.0001642003,0.0001642003,0.416802012231
16.7011146899,0.0001652206,0.0001652206,0.41809495907
16.7385620982,0.0001662472,0.0001662472,0.419391866397
16.7760934714,0.0001661966,0.0001661966,0.419328037221
16.8137089979,0.000166146,0.000166146,0.419264198328
16.8514088663,0.0001660954,0.0001660954,0.419200349714
16.8891932657,0.0001660448,0.0001660448,0.419136491372
16.9270623856,0.0001659942,0.0001659942,0.419072623301
16.9650164161,0.0001659437,0.0001659437,0.419008871744
17.0030555475,0.0001658932,0.0001658932,0.418945110486
17.0411799706,0.0001658427,0.0001658427,0.418881339522
17.0793898767,0.0001657922,0.0001657922,0.418817558849
17.1176854575,0.0001657416,0.0001657416,0.418753642133
17.1560669049,0.0001663234,0.0001663234,0.419487970269
17.1945344117,0.0001669072,0.0001669072,0.420223532896
17.2330881706,0.000167493,0.000167493,0.420960323546
17.2717283752,0.0001680809,0.0001680809,0.421698461226
17.3104552193,0.0001686709,0.0001686709,0.422437938874
17.3492688971,0.0001692629,0.0001692629,0.42317862446
17.3881696033,0.000169857,0.000169857,0.42392063644
17.427157533,0.0001704532,0.0001704532,0.424663967862
17.4662328819,0.0001710515,0.0001710515,0.425408611808
17.5053958459,0.000171652,0.000171652,0.426154685531
17.5446466216,0.0001715162,0.0001715162,0.425986079115
17.5839854057,0.0001713805,0.0001713805,0.42581753017
17.6234123956,0.0001712449,0.0001712449,0.425649038763
17.6629277891,0.0001711094,0.0001711094,0.425480604963
17.7025317845,0.0001709741,0.0001709741,0.425312353218
17.7422245803,0.0001708388,0.0001708388,0.425144034887
17.7820063757,0.0001707037,0.0001707037,0.424975898846
17.8218773702,0.0001705686,0.0001705686,0.424807696258
17.8618377639,0.0001704337,0.0001704337,0.424639676196
17.9018877572,0.0001702989,0.0001702989,0.424471714252
17.942027551,0.0001708349,0.0001708349,0.425139182151
17.9822573467,0.0001713725,0.0001713725,0.425807591525
18.022577346,0.0001719118,0.0001719118,0.426477061986
18.0629877512,0.0001724527,0.0001724527,0.4271474647
18.103488765,0.0001729954,0.0001729954,0.427819042587
18.1440805906,0.0001735398,0.0001735398,0.428491666663
18.1847634316,0.0001740859,0.0001740859,0.429165332011
18.2255374921,0.0001746337,0.0001746337,0.429840033733
18.2664029766,0.0001751833,0.0001751833,0.430515889835
18.3073600901,0.0001757347,0.0001757347,0.431192894886
18.3484090381,0.000175803,0.000175803,0.431276679175
18.3895500264,0.0001758714,0.0001758714,0.431360569825
18.4307832615,0.0001759398,0.0001759398,0.431444444164
18.4721089501,0.0001760082,0.0001760082,0.4315283022
18.5135272997,0.0001760766,0.0001760766,0.431612143944
18.5550385178,0.0001761451,0.0001761451,0.431696091944
18.5966428129,0.0001762136,0.0001762136,0.431780023623
18.6383403935,0.0001762821,0.0001762821,0.43186393899
18.6801314688,0.0001763507,0.0001763507,0.431947960523
18.7220162485,0.0001764193,0.0001764193,0.432031965716
18.7639949427,0.0001769123,0.0001769123,0.432635196673
18.806067762,0.0001774067,0.0001774067,0.433239297156
18.8482349173,0.0001779025,0.0001779025,0.433844263532
18.8904966203,0.0001783996,0.0001783996,0.434449970422
18.9328530829,0.0001788982,0.0001788982,0.435056657919
18.9753045176,0.0001793981,0.0001793981,0.435664079079
19.0178511373,0.0001798994,0.0001798994,0.436272352092
19.0604931555,0.0001804022,0.0001804022,0.436881594485
19.103230786,0.0001809063,0.0001809063,0.437491560376
19.1460642433,0.0001814117,0.0001814117,0.438102246742
19.1889937422,0.0001817894,0.0001817894,0.43855807506
19.232019498,0.0001821679,0.0001821679,0.439014394069
19.2751417267,0.0001825472,0.0001825472,0.439471202242
19.3183606444,0.0001829273,0.0001829273,0.439928498054
19.361676468,0.0001833081,0.0001833081,0.440386159864
19.4050894148,0.0001836898,0.0001836898,0.440844426527
19.4485997026,0.0001840723,0.0001840723,0.441303176286
19.4922075496,0.0001844555,0.0001844555,0.441762287888
19.5359131745,0.0001848396,0.0001848396,0.442221999453
19.5797167966,0.0001852243,0.0001852243,0.442681950615
19.6236186356,0.000185655,0.000185655,0.443196333469
19.6676189118,0.0001860867,0.0001860867,0.443711312229
19.7117178459,0.0001865195,0.0001865195,0.444227003907
19.755915659,0.0001869533,0.0001869533,0.444743287077
19.8002125729,0.000187388,0.000187388,0.445260040875
19.8446088098,0.0001878238,0.0001878238,0.445777501002
19.8891045924,0.0001882606,0.0001882606,0.446295546471
19.9337001439,0.0001886984,0.0001886984,0.446814175245
19.978395688,0.0001891372,0.0001891372,0.447333385296
20.0231914488,0.0001895768,0.0001895768,0.447852938363
20.0680876512,0.0001904105,0.0001904105,0.448836617267
20.1130845203,0.0001912478,0.0001912478,0.449822378723
20.1581822819,0.0001920888,0.0001920888,0.450810326412
20.2033811621,0.0001929335,0.0001929335,0.451800445994
20.2486813877,0.0001937819,0.0001937819,0.452792723219
20.2940831859,0.000194634,0.000194634,0.453787143934
20.3395867845,0.0001954899,0.0001954899,0.454783810398
20.3851924117,0.0001963495,0.0001963495,0.455782591813
20.4309002963,0.000197213,0.000197213,0.456783705927
20.4767106676,0.0001980804,0.0001980804,0.457787137434
20.5226237553,0.0001985667,0.0001985667,0.458348741244
20.5686397899,0.0001990542,0.0001990542,0.458911041053
20.6147590021,0.0001995428,0.0001995428,0.459473919173
20.6609816232,0.0002000327,0.0002000327,0.460037603463
20.7073078852,0.0002005238,0.0002005238,0.460601976114
20.7537380204,0.0002010161,0.0002010161,0.461167034598
20.8002722617,0.0002015096,0.0002015096,0.461732776398
20.8469108425,0.0002020043,0.0002020043,0.462299199004
20.8936539968,0.0002025002,0.0002025002,0.462866299918
20.9405019592,0.0002029974,0.0002029974,0.463434190797
20.9874549645,0.0002037447,0.0002037447,0.464286433788
21.0345132483,0.0002044947,0.0002044947,0.465140185965
21.0816770466,0.0002052476,0.0002052476,0.465995666074
21.1289465961,0.0002060032,0.0002060032,0.466852637992
21.1763221339,0.0002067616,0.0002067616,0.467711206622
21.2238038976,0.0002075227,0.0002075227,0.468571250292
21.2713921253,0.0002082867,0.0002082867,0.469432986272
21.3190870559,0.0002090535,0.0002090535,0.470296292777
21.3668889285,0.0002098231,0.0002098231,0.471161161175
21.414797983,0.0002105955,0.0002105955,0.47202758288
21.4628144596,0.000211454,0.000211454,0.47298872291
21.5109385993,0.000212316,0.000212316,0.473951820336
21.5591706434,0.0002131815,0.0002131815,0.474916863251
21.6075108339,0.0002140505,0.0002140505,0.475883839818
21.6559594132,0.0002149231,0.0002149231,0.47685284921
21.7045166244,0.0002157992,0.0002157992,0.47782376835
21.7531827111,0.0002166789,0.0002166789,0.478796696104
21.8019579174,0.0002175622,0.0002175622,0.479771620253
21.850842488,0.0002184491,0.0002184491,0.480748528651
21.899836668,0.0002193396,0.0002193396,0.481727409226
21.9489407033,0.000220329,0.000220329,0.482812677961
21.9981548401,0.0002213229,0.0002213229,0.483900432114
22.0474793254,0.0002223212,0.0002223212,0.484990545887
22.0969144066,0.0002233241,0.0002233241,0.486083221064
22.1464603315,0.0002243315,0.0002243315,0.487178331825
22.1961173489,0.0002253434,0.0002253434,0.488275861783
22.2458857077,0.0002263599,0.0002263599,0.489375902758
22.2957656576,0.000227381,0.000227381,0.490478437854
22.3457574489,0.0002284067,0.0002284067,0.491583450291
22.3958613323,0.000229437,0.000229437,0.492690923399
22.4460775591,0.0002305581,0.0002305581,0.493893176507
22.4964063812,0.0002316848,0.0002316848,0.495098493635
22.5468480511,0.0002328169,0.0002328169,0.496306639287
22.5974028219,0.0002339546,0.0002339546,0.497517805511
22.648070947,0.0002350979,0.0002350979,0.498731970301
22.6988526808,0.0002362467,0.0002362467,0.499949006
22.7497482779,0.0002374012,0.0002374012,0.501169102799
22.8007579935,0.0002385613,0.0002385613,0.502392133099
22.8518820837,0.000239727,0.000239727,0.503618075529
22.9031208049,0.0002408982,0.0002408982,0.50484680409
22.954474414,0.0002421876,0.0002421876,0.506196089278
23.0059431687,0.000243484,0.000243484,0.507549083341
23.0575273272,0.0002447872,0.0002447872,0.508905548801
23.1092271481,0.0002460974,0.0002460974,0.510265665316
23.161042891,0.0002474146,0.0002474146,0.511629403768
23.2129748156,0.0002487389,0.0002487389,0.512996838392
23.2650231825,0.0002500703,0.0002500703,0.514367939709
23.3171882528,0.0002514088,0.0002514088,0.515742678474
23.3694702882,0.0002527544,0.0002527544,0.51712102568
23.4218695508,0.0002541076,0.0002541076,0.518503462669
23.4743863036,0.0002555376,0.0002555376,0.519960364643
23.52702081,0.0002569757,0.0002569757,0.521421413638
23.579773334,0.0002584219,0.0002584219,0.52288657489
23.6326441403,0.0002598762,0.0002598762,0.524355813928
23.685633494,0.0002613387,0.0002613387,0.525829197173
23.738741661,0.0002628094,0.0002628094,0.527306689887
23.7919689077,0.0002642884,0.0002642884,0.528788357663
23.845315501,0.0002657757,0.0002657757,0.530274165503
23.8987817086,0.0002672714,0.0002672714,0.531764178184
23.9523677987,0.0002687756,0.0002687756,0.533258459661
24.00607404,0.0002702713,0.0002702713,0.534740156899
24.059900702,0.0002717753,0.0002717753,0.536225948085
24.1138480547,0.0002732878,0.0002732878,0.537715996043
24.1679163687,0.0002748086,0.0002748086,0.539210069268
24.2221059153,0.0002763379,0.0002763379,0.540708330063
24.2764169661,0.0002778757,0.0002778757,0.542210743715
24.3308497938,0.000279422,0.000279422,0.543717275797
24.3854046713,0.000280977,0.000280977,0.545228086217
24.4400818723,0.0002825406,0.0002825406,0.546743042754
24.4948816711,0.0002841132,0.0002841132,0.548262496985
24.5498043425,0.0002857581,0.0002857581,0.549847314988
24.6048501621,0.0002874124,0.0002874124,0.551436595811
24.660019406,0.0002890763,0.0002890763,0.553030492288
24.7153123509,0.0002907498,0.0002907498,0.554628964624
24.7707292743,0.0002924331,0.0002924331,0.556232163579
24.826270454,0.000294126,0.000294126,0.557839858741
24.8819361687,0.0002958289,0.0002958289,0.559452389574
24.9377266976,0.0002975415,0.0002975415,0.561069431532
24.9936423207,0.000299264,0.000299264,0.562691133749
25.0496833183,0.0003009964,0.0003009964,0.564317456048
25.1058499716,0.000302866,0.000302866,0.566067335217
25.1621425623,0.0003047473,0.0003047473,0.567822721807
25.2185613729,0.0003066403,0.0003066403,0.569583564896
25.2751066862,0.000308545,0.000308545,0.571349814037
25.3317787861,0.0003104616,0.0003104616,0.57312160385
25.3885779567,0.00031239,0.00031239,0.574898791093
25.445504483,0.0003143304,0.0003143304,0.576681509327
25.5025586505,0.0003162828,0.0003162828,0.578469707418
25.5597407455,0.0003182475,0.0003182475,0.580263608199
25.6170510547,0.0003202243,0.0003202243,0.582062977177
25.6744898657,0.0003222759,0.0003222759,0.58392456893
25.7320574665,0.0003243407,0.0003243407,0.585792165021
25.789754146,0.0003264186,0.0003264186,0.587665618188
25.8475801936,0.0003285099,0.0003285099,0.589545141783
25.9055358994,0.0003306146,0.0003306146,0.591430677933
25.963621554,0.0003327327,0.0003327327,0.593322169314
26.0218374488,0.0003348645,0.0003348645,0.595219825779
26.080183876,0.0003370099,0.0003370099,0.597123499956
26.138661128,0.0003391691,0.0003391691,0.599033311094
26.1972694984,0.000341342,0.000341342,0.600949112654
26.256009281,0.0003435373,0.0003435373,0.602878481454
26.3148807706,0.0003457467,0.0003457467,0.604814028111
26.3738842624,0.0003479703,0.0003479703,0.606755780689
26.4330200525,0.0003502082,0.0003502082,0.608703766704
26.4922884374,0.0003524605,0.0003524605,0.61065801313
26.5516897145,0.0003547273,0.0003547273,0.612618546406
26.6112241817,0.0003570087,0.0003570087,0.614585392439
26.6708921377,0.0003593047,0.0003593047,0.616558490818
26.7306938818,0.0003616155,0.0003616155,0.618537952756
26.790629714,0.0003639414,0.0003639414,0.620523973107
26.8506999349,0.0003663297,0.0003663297,0.622556682239
26.9109048459,0.0003687336,0.0003687336,0.62459598846
26.9712447489,0.0003711533,0.0003711533,0.626641996199
27.0317199467,0.0003735889,0.0003735889,0.628694724171
27.0923307426,0.0003760405,0.0003760405,0.630754190632
27.1530774406,0.0003785081,0.0003785081,0.632820329794
27.2139603455,0.000380992,0.000380992,0.634893326473
27.2749797626,0.0003834921,0.0003834921,0.636973030669
27.3361359981,0.0003860086,0.0003860086,0.639059542453
27.3974293587,0.0003885417,0.0003885417,0.641152960377
27.4588601519,0.0003910816,0.0003910816,0.643245157619
27.5204286859,0.0003936381,0.0003936381,0.645344179334
27.5821352695,0.0003962113,0.0003962113,0.647450040853
27.6439802121,0.0003988013,0.0003988013,0.649562757091
27.7059638242,0.0004014082,0.0004014082,0.651682342557
27.7680864165,0.0004040322,0.0004040322,0.653808892261
27.8303483007,0.0004066733,0.0004066733,0.655942338472
27.8927497892,0.0004093318,0.0004093318,0.65808285527
27.9552911948,0.0004120076,0.0004120076,0.660230293761
28.0179728315,0.0004147009,0.0004147009,0.662384746352
28.0807950136,0.0004175988,0.0004175988,0.664695065726
28.1437580562,0.0004205169,0.0004205169,0.667013403314
28.2068622752,0.0004234554,0.0004234554,0.669339833866
28.270107987,0.0004264144,0.0004264144,0.671674352049
28.3334955091,0.0004293941,0.0004293941,0.674017030794
28.3970251593,0.0004323947,0.0004323947,0.67636794173
28.4606972563,0.0004354162,0.0004354162,0.678726999316
28.5245121196,0.0004384588,0.0004384588,0.681094274238
28.5884700692,0.0004415227,0.0004415227,0.683469835911
28.6525714259,0.0004446078,0.0004446078,0.685853521096
28.7168165114,0.0004477428,0.0004477428,0.688267304468
28.7812056478,0.0004508999,0.0004508999,0.690689578754
28.8457391582,0.0004540794,0.0004540794,0.693120483899
28.9104173663,0.0004572812,0.0004572812,0.695559853356
28.9752405965,0.0004605056,0.0004605056,0.698007825744
29.0402091741,0.0004637527,0.0004637527,0.700464386389
29.1053234248,0.0004670228,0.0004670228,0.70292967102
29.1705836754,0.0004703159,0.0004703159,0.705403588168
29.2359902531,0.0004736322,0.0004736322,0.707886196786
29.3015434862,0.0004769721,0.0004769721,0.71037770362
29.3672437034,0.0004802898,0.0004802898,0.712844028102
29.4330912342,0.0004836305,0.0004836305,0.715318858272
29.4990864091,0.0004869945,0.0004869945,0.717802327246
29.565229559,0.0004903818,0.0004903818,0.720294345667
29.6315210157,0.0004937928,0.0004937928,0.722795117858
29.6979611119,0.0004972274,0.0004972274,0.725304480339
29.7645501807,0.000500686,0.000500686,0.727822634987
29.8312885561,0.0005041686,0.0005041686,0.73034949086
29.898176573,0.0005076753,0.0005076753,0.732885030138
29.965214567,0.0005112066,0.0005112066,0.73542952266
30.0324028741,0.0005149686,0.0005149686,0.738130597388
30.0997418316,0.0005187584,0.0005187584,0.740841674854
30.1672317772,0.0005225762,0.0005225762,0.743562787934
30.2348730494,0.0005264219,0.0005264219,0.74629375597
30.3026659876,0.000530296,0.000530296,0.749034824291
30.3706109317,0.0005341986,0.0005341986,0.751785952782
30.4387082228,0.0005381299,0.0005381299,0.75454717162
30.5069582022,0.0005420902,0.0005420902,0.757318579991
30.5753612124,0.0005460796,0.0005460796,0.760100136035
30.6439175966,0.0005500979,0.0005500979,0.76289159007
30.7126276986,0.000554124,0.000554124,0.765678256189
30.781491863,0.0005581797,0.0005581797,0.768475193224
30.8505104354,0.0005622649,0.0005622649,0.77128222085
30.919683762,0.0005663801,0.0005663801,0.774099570986
30.9890121896,0.0005705254,0.0005705254,0.776927199421
31.0584960662,0.0005747011,0.0005747011,0.779765197864
31.1281357402,0.0005789073,0.0005789073,0.782613521095
31.197931561,0.0005831444,0.0005831444,0.785472326183
31.2678838787,0.0005874124,0.0005874124,0.788341499098
31.3379930442,0.0005917121,0.0005917121,0.791221461918
31.4082594092,0.0005961445,0.0005961445,0.794179375834
31.4786833261,0.0006006102,0.0006006102,0.797148412531
31.5492651482,0.0006051093,0.0006051093,0.800128514303
31.6200052296,0.000609642,0.000609642,0.80311968971
31.6909039252,0.0006142088,0.0006142088,0.806122143599
31.7619615905,0.0006188097,0.0006188097,0.809135750415
31.833178582,0.0006234451,0.0006234451,0.812160646547
31.904555257,0.0006281153,0.0006281153,0.815196901
31.9760919735,0.0006328204,0.0006328204,0.818244451982
32.0477890904,0.0006375611,0.0006375611,0.821303624612
32.1196469672,0.0006423508,0.0006423508,0.824382888226
32.1916659645,0.0006471764,0.0006471764,0.82747364381
32.2638464435,0.0006520384,0.0006520384,0.830576081524
32.3361887663,0.0006569369,0.0006569369,0.833690134402
32.4086932959,0.0006618722,0.0006618722,0.836815862421
32.4813603958,0.0006668445,0.0006668445,0.8399532612
32.5541904306,0.0006718542,0.0006718542,0.843102451426
32.6271837656,0.0006769015,0.0006769015,0.846263426481
32.7003407671,0.0006819868,0.0006819868,0.84943630391
32.7736618019,0.0006871108,0.0006871108,0.852621385141
32.8471472379,0.0006923282,0.0006923282,0.855852344508
32.9207974436,0.0006975852,0.0006975852,0.859095536946
32.9946127886,0.0007028821,0.0007028821,0.862351008465
33.0685936431,0.0007082191,0.0007082191,0.86561874275
33.1427403783,0.0007135967,0.0007135967,0.868898905857
33.217053366,0.0007190151,0.0007190151,0.872191478862
33.291532979,0.0007244748,0.0007244748,0.875496623866
33.366179591,0.0007299759,0.0007299759,0.878814259215
33.4409935763,0.0007355186,0.0007355186,0.882144363922
33.5159753103,0.0007411034,0.0007411034,0.88548709601
33.5911251692,0.0007467597,0.0007467597,0.888859810431
33.6664435298,0.0007524592,0.0007524592,0.892245388668
33.74193077,0.0007582022,0.0007582022,0.895643862034
33.8175872684,0.0007639889,0.0007639889,0.899055201976
33.8934134047,0.0007698199,0.0007698199,0.902479614285
33.969409559,0.0007756954,0.0007756954,0.905917067507
34.0455761127,0.0007816157,0.0007816157,0.909367588272
34.1219134478,0.0007875812,0.0007875812,0.912831260201
34.1984219473,0.0007935922,0.0007935922,0.916308107353
34.2751019948,0.0007996485,0.0007996485,0.919797865294
34.3519539752,0.000805692,0.000805692,0.923267098948
34.4289782739,0.0008117814,0.0008117814,0.926749546102
34.5061752772,0.0008179167,0.0008179167,0.930245058358
34.5835453724,0.0008240984,0.0008240984,0.933753772255
34.6610889476,0.0008303268,0.0008303268,0.93727570885
34.7388063918,0.0008366023,0.0008366023,0.940810944558
34.8166980949,0.0008429253,0.0008429253,0.944359554089
34.8947644475,0.000849296,0.000849296,0.947921498859
34.9730058413,0.0008557149,0.0008557149,0.951496907089
35.0514226687,0.0008621833,0.0008621833,0.955086347615
35.1300153231,0.000869218,0.000869218,0.95897478799
35.2087841988,0.0008763102,0.0008763102,0.962879115777
35.2877296909,0.0008834602,0.0008834602,0.966799302648
35.3668521953,0.0008906685,0.0008906685,0.97073542894
35.446152109,0.0008979356,0.0008979356,0.974687572918
35.5256298298,0.000905262,0.000905262,0.978655810794
35.6052857563,0.0009126482,0.0009126482,0.982640216763
35.6851202881,0.0009200945,0.0009200945,0.986640755797
35.7651338258,0.0009276017,0.0009276017,0.990657659638
35.8453267706,0.00093517,0.00093517,0.994690836391
35.9256995248,0.0009423785,0.0009423785,0.998517127044
36.0062524917,0.0009496427,0.0009496427,1.00235820773
36.0869860752,0.0009569629,0.0009569629,1.00621406679
36.1679006804,0.0009643395,0.0009643395,1.01008474446
36.2489967131,0.0009717729,0.0009717729,1.01397027974
36.3302745802,0.0009792636,0.0009792636,1.01787076233
36.4117346893,0.0009868119,0.0009868119,1.02178617636
36.4933774491,0.0009944185,0.0009944185,1.02571671187
36.5752032691,0.001002084,0.001002084,1.02966250393
36.6572125598,0.001009809,0.001009809,1.03362368491
36.7394057326,0.001017961,0.001017961,1.03778742428
36.8217831997,0.001026178,0.001026178,1.04196752541
36.9043453744,0.001034461,0.001034461,1.0461642978
36.9870926709,0.001042811,0.001042811,1.05037804528
37.0700255042,0.001051229,0.001051229,1.05460906596
37.1531442903,0.001059715,0.001059715,1.05885715278
37.2364494462,0.001068269,0.001068269,1.06312210117
37.3199413898,0.001076892,0.001076892,1.0674042046
37.4036205398,0.001085585,0.001085585,1.07170375104
37.4874873161,0.001094348,0.001094348,1.0760205314
37.5715421394,0.001103057,0.001103057,1.08029362027
37.6557854312,0.001111835,0.001111835,1.08458352836
37.7402176141,0.001120684,0.001120684,1.08889102852
37.8248391118,0.001129602,0.001129602,1.09321494501
37.9096503486,0.001138592,0.001138592,1.09755652975
37.99465175,0.001147653,0.001147653,1.10191509383
38.0798437425,0.001156786,0.001156786,1.10629091472
38.1652267533,0.001165992,0.001165992,1.11068426477
38.2508012107,0.001175271,0.001175271,1.11509493677
38.3365675441,0.001184623,0.001184623,1.11952272599
38.4225261836,0.001194058,0.001194058,1.12397213667
38.5086775604,0.001203568,0.001203568,1.12843916274
38.5950221067,0.001213153,0.001213153,1.13292359584
38.6815602557,0.001222815,0.001222815,1.13742616024
38.7682924413,0.001232554,0.001232554,1.14194664149
38.8552190987,0.001242371,0.001242371,1.14648528905
38.942340664,0.001252266,0.001252266,1.15104188803
39.0296575741,0.001262239,0.001262239,1.15561622609
39.1171702671,0.001272292,0.001272292,1.16020900531
39.2048791819,0.001282425,0.001282425,1.16482000755
39.2927847585,0.001292862,0.001292862,1.16955033923
39.3808874379,0.001303385,0.001303385,1.17430035766
39.4691876621,0.001313992,0.001313992,1.17906892759
39.5576858739,0.001324686,0.001324686,1.18385716537
39.6463825172,0.001335468,0.001335468,1.18866527837
39.7352780371,0.001346337,0.001346337,1.19349258314
39.8243728794,0.001357294,0.001357294,1.19833928918
39.9136674911,0.001368341,0.001368341,1.20320604137
40.00316232,0.001379477,0.001379477,1.20809215956
40.0928578152,0.001390705,0.001390705,1.21299871805
40.1827544265,0.001401971,0.001401971,1.21790201494
40.2728526049,0.001413329,0.001413329,1.22282545034
40.3631528023,0.001424779,0.001424779,1.22776878198
40.4536554718,0.001436321,0.001436321,1.2327317705
40.5443610673,0.001447957,0.001447957,1.23771503425
40.6352700437,0.001459687,0.001459687,1.24271832931
40.7263828572,0.001471512,0.001471512,1.24774183868
40.8176999648,0.001483434,0.001483434,1.25278616372
40.9092218245,0.001495451,0.001495451,1.25785021286
41.0009488954,0.001507565,0.001507565,1.26293458659
41.0928816378,0.001519756,0.001519756,1.26803069679
41.1850205126,0.001532046,0.001532046,1.27314754369
41.2773659822,0.001544435,0.001544435,1.27828487826
41.3699185097,0.001556924,0.001556924,1.28344286667
41.4626785594,0.001569515,0.001569515,1.28862208192
41.5556465966,0.001582207,0.001582207,1.29382186023
41.6488230877,0.001595001,0.001595001,1.2990423619
41.7422085001,0.0016079,0.0016079,1.30428455484
41.8358033022,0.001620902,0.001620902,1.30954737066
41.9296079635,0.00163401,0.00163401,1.31483176871
42.0236229546,0.001647506,0.001647506,1.32025048684
42.117848747,0.001661113,0.001661113,1.32569134945
42.2122858134,0.001674833,0.001674833,1.33115487979
42.3069346276,0.001688666,0.001688666,1.33664079992
42.4017956644,0.001702613,0.001702613,1.34214922941
42.4968693995,0.001716675,0.001716675,1.34768028479
42.5921563099,0.001730854,0.001730854,1.35323447044
42.6876568736,0.001745149,0.001745149,1.35881111344
42.7833715696,0.001759563,0.001759563,1.36441110154
42.879300878,0.001774096,0.001774096,1.37003414848
42.9754452801,0.001788797,0.001788797,1.37569881369
43.0718052582,0.00180362,0.00180362,1.38138696968
43.1683812956,0.001818565,0.001818565,1.38709832744
43.2651738768,0.001833634,0.001833634,1.39283336117
43.3621834872,0.001848828,0.001848828,1.39859215785
43.4594106136,0.001864147,0.001864147,1.40437442514
43.5568557437,0.001879594,0.001879594,1.41018099973
43.6545193662,0.001895169,0.001895169,1.41601158258
43.752401971,0.001910872,0.001910872,1.42186587834
43.8505040493,0.001926707,0.001926707,1.42774507739
43.948826093,0.001942916,0.001942916,1.43373816578
44.0473685954,0.001959261,0.001959261,1.43975627729
44.1461320507,0.001975744,0.001975744,1.44579983124
44.2451169545,0.001992365,0.001992365,1.45186850989
44.3443238033,0.002009126,0.002009126,1.45796272518
44.4437530946,0.002026028,0.002026028,1.46408251953
44.5434053273,0.002043072,0.002043072,1.47022793335
44.6432810013,0.00206026,0.00206026,1.47639936332
44.7433806175,0.002077592,0.002077592,1.48259648455
44.8437046781,0.002095072,0.002095072,1.4888203975
44.9442536863,0.002112777,0.002112777,1.49509801217
45.0450281465,0.002130633,0.002130633,1.50140258225
45.1460285642,0.00214864,0.00214864,1.5077337696
45.247255446,0.002166798,0.002166798,1.51409124032
45.3487092998,0.00218511,0.00218511,1.52047570845
45.4503906345,0.002203577,0.002203577,1.52688718182
45.5522999601,0.0022222,0.0022222,1.53332566665
45.6544377878,0.00224098,0.00224098,1.53979116766
45.75680463,0.002259919,0.002259919,1.54628403018
45.8594010001,0.002279017,0.002279017,1.55280391099
45.9622274129,0.002298071,0.002298071,1.55928160318
46.0652843841,0.002317283,0.002317283,1.56578587744
46.1685724306,0.002336657,0.002336657,1.57231774969
46.2720920707,0.002356192,0.002356192,1.57887654236
46.3758438236,0.002375891,0.002375891,1.5854629223
46.4798282096,0.002395754,0.002395754,1.59207654715
46.5840457506,0.002415784,0.002415784,1.59871807146
46.6884969691,0.00243598,0.00243598,1.60538681943
46.7931823892,0.002456346,0.002456346,1.61208376581
46.8981025361,0.002476883,0.002476883,1.61880888742
47.0032579359,0.002498582,0.002498582,1.6258842997
47.1086491163,0.002520471,0.002520471,1.63299060561
47.2142766058,0.002542553,0.002542553,1.6401283712
47.3201409344,0.002564827,0.002564827,1.64729686638
47.426242633,0.002587297,0.002587297,1.65449697068
47.5325822339,0.002609963,0.002609963,1.66172827321
47.6391602705,0.002632828,0.002632828,1.66899131933
47.7459772775,0.002655894,0.002655894,1.67628632757
47.8530337907,0.002679161,0.002679161,1.68361288246
47.9603303471,0.00270263,0.00270263,1.6909708868
48.0678674849,0.002726233,0.002726233,1.69833875125
48.1756457435,0.002750041,0.002750041,1.70573836739
48.2836656637,0.002774058,0.002774058,1.71317055893
48.3919277872,0.002798285,0.002798285,1.72063521119
48.5004326571,0.002822723,0.002822723,1.72813220964
48.6091808178,0.002847375,0.002847375,1.73566204948
48.7181728147,0.002872242,0.002872242,1.74322460859
48.8274091945,0.002897326,0.002897326,1.75082006728
48.9368905053,0.002922629,0.002922629,1.7584486009
49.0466172961,0.002948151,0.002948151,1.76610978085
49.1565901175,0.002974303,0.002974303,1.77392575211
49.2668095211,0.003000685,0.003000685,1.78177572382
49.3772760597,0.003027303,0.003027303,1.78966102209
49.4879902875,0.003054156,0.003054156,1.79758088775
49.5989527598,0.003081247,0.003081247,1.80553574487
49.7101640334,0.003108579,0.003108579,1.81352600808
49.821624666,0.003136153,0.003136153,1.82155150188
49.9333352167,0.003163972,0.003163972,1.82961263004
50.045296246,0.003192037,0.003192037,1.83770921149
50.1575083154,0.00322035,0.00322035,1.84584135288
50.2699719878,0.003248908,0.003248908,1.8540077303
50.3826878275,0.00327772,0.00327772,1.86221044998
50.4956563997,0.003306787,0.003306787,1.87044931661
50.6088782712,0.003336113,0.003336113,1.87872498094
50.72235401,0.003365698,0.003365698,1.88703695883
50.8360841852,0.003395546,0.003395546,1.89538588894
50.9500693673,0.003425659,0.003425659,1.90377184085
51.0643101282,0.003456038,0.003456038,1.91219460411
51.1788070408,0.003486687,0.003486687,1.92065479616
51.2935606796,0.003517605,0.003517605,1.92915165034
51.4085716202,0.003547464,0.003547464,1.93732209816
51.5238404394,0.003577576,0.003577576,1.94552702577
51.6393677156,0.003607945,0.003607945,1.95376708182
51.7551540282,0.00363857,0.00363857,1.9620415541
51.871199958,0.003669456,0.003669456,1.97035135141
51.9875060872,0.003700604,0.003700604,1.97869629605
52.1040729992,0.003732016,0.003732016,1.98707647764
52.2209012786,0.003763695,0.003763695,1.99549224754
52.3379915117,0.003795643,0.003795643,2.00394368534
52.4553442856,0.003827865,0.003827865,2.01243165598
52.5729601891,0.00386299,0.00386299,2.02164374211
52.6908398122,0.003898438,0.003898438,2.03089817667
52.8089837462,0.003934211,0.003934211,2.04019490196
52.9273925836,0.003970312,0.003970312,2.04953411682
53.0460669186,0.004006744,0.004006744,2.05891601383
53.1650073464,0.004043511,0.004043511,2.06834103523
53.2842144636,0.004080615,0.004080615,2.07780910336
53.4036888682,0.00411806,0.00411806,2.08732064619
53.5234311595,0.004155848,0.004155848,2.09687557666
53.6434419382,0.004193988,0.004193988,2.10647556454
53.7637218063,0.004230603,0.004230603,2.11565072117
53.8842713671,0.004267538,0.004267538,2.12486592612
54.0050912254,0.004304796,0.004304796,2.13412140423
54.1261819872,0.004342378,0.004342378,2.14341688059
54.2475442599,0.004380289,0.004380289,2.15275306573
54.3691786523,0.004418531,0.004418531,2.16212992163
54.4910857746,0.004457106,0.004457106,2.17154740865
54.6132662383,0.004496018,0.004496018,2.18100597065
54.7357206562,0.004535271,0.004535271,2.19050604153
54.8584496427,0.004574868,0.004574868,2.20004780494
54.9814538133,0.004615275,0.004615275,2.20974228135
55.1047337852,0.004656039,0.004656039,2.2194795025
55.2282901766,0.004697164,0.004697164,2.22925985744
55.3521236074,0.004738651,0.004738651,2.23908301722
55.4762346988,0.004780505,0.004780505,2.24894959703
55.6006240734,0.004822728,0.004822728,2.25885949629
55.7252923551,0.004865325,0.004865325,2.26881331317
55.8502401692,0.004908298,0.004908298,2.27881093643
55.9754681426,0.00495165,0.00495165,2.28885248542
56.1009769034,0.00499539,0.00499539,2.29893945549
56.2267670813,0.005038119,0.005038119,2.30875072323
56.3528393071,0.005081214,0.005081214,2.31860397912
56.4791942134,0.005124677,0.005124677,2.32849914451
56.6058324339,0.005168512,0.005168512,2.33843659226
56.7327546039,0.005212722,0.005212722,2.34841646136
56.8599613601,0.00525731,0.00525731,2.35843888621
56.9874533406,0.00530228,0.00530228,2.36850421997
57.1152311848,0.005347635,0.005347635,2.3786125851
57.2432955339,0.005393377,0.005393377,2.38876387824
57.3716470301,0.005439509,0.005439509,2.39895821598
57.5002863174,0.005488173,0.005488173,2.40966533651
57.6292140409,0.005537272,0.005537272,2.42042016518
57.7584308475,0.005586811,0.005586811,2.43122315677
57.8879373854,0.005636794,0.005636794,2.44207453858
58.0177343041,0.005687223,0.005687223,2.45297409974
58.1478222548,0.005738103,0.005738103,2.46392227434
58.2782018899,0.005789438,0.005789438,2.47491927222
58.4088738637,0.005841233,0.005841233,2.48596550941
58.5398388314,0.005893491,0.005893491,2.49706096802
58.6710974501,0.00594621,0.00594621,2.508204573
58.8026503783,0.006001619,0.006001619,2.51986366734
58.9344982757,0.006057544,0.006057544,2.5315768904
59.0666418038,0.00611399,0.00611399,2.54334453427
59.1990816255,0.006170963,0.006170963,2.55516708925
59.3318184051,0.006228467,0.006228467,2.56704462096
59.4648528084,0.006286506,0.006286506,2.57897719028
59.5981855028,0.006345086,0.006345086,2.59096526183
59.7318171572,0.006404212,0.006404212,2.60300908489
59.8657484417,0.006463888,0.006463888,2.61510869831
59.9999800284,0.00652412,0.00652412,2.6272645394
