#I+1.668000E+03
+1.000000E+00
+8.010000E+02
+8.010000E+02
+1.000000E+01
+2.000000E+00
+3.000000E+00
+0.000000E+00
+1.000000E+00
+2.000000E+00
+5.000000E+00
+1.000000E+00
+2.497000E+03
-1.092400E+04
+2.025600E+04
-1.299100E+04
-1.119200E+04
+0.000000E+00
+0.000000E+00
+0.000000E+00
+0.000000E+00
+0.000000E+00
+0.000000E+00
+0.000000E+00
+0.000000E+00
+0.000000E+00
+0.000000E+00
+0.000000E+00
+0.000000E+00
+0.000000E+00
+0.000000E+00
+0.000000E+00
+0.000000E+00
+0.000000E+00
+0.000000E+00
+0.000000E+00
+1.000000E+00
+1.000000E+00
+1.000000E+00
+0.000000E+00
+0.000000E+00
+1.000000E+00
+0.000000E+00
+0.000000E+00
+2.000000E+00
+3.000000E+00
+4.500000E+01
+4.500000E+01
+0.000000E+00
+0.000000E+00
+2.000000E+00
+0.000000E+00
+0.000000E+00
+0.000000E+00
+0.000000E+00
+0.000000E+00
+2.499999E-03
+7.943281E+00
+0.000000E+00
+0.000000E+00
+0.000000E+00
+1.000000E+00
+1.000000E+00
+0.000000E+00
+0.000000E+00
+9.9999904632568339E+00
+9.9999904632568339E+00
+8.654269E-01
+3.516095E-02
+8.958994E-01
+6.048185E-02
+9.267758E-01
+8.756949E-02
+9.580215E-01
+1.164993E-01
+9.895996E-01
+1.473484E-01
+1.010917E+00
+1.141063E-01
+1.031384E+00
+7.955875E-02
+1.050937E+00
+4.371537E-02
+1.069516E+00
+6.587966E-03
+9.901784E-01
+1.356737E-02
+9.166735E-01
+1.947535E-02
+8.485769E-01
+2.443210E-02
+7.854940E-01
+2.854586E-02
+8.636972E-01
-2.064913E-04
+9.484170E-01
-3.492080E-02
+1.040054E+00
-7.644366E-02
+1.139011E+00
-1.257208E-01
+1.196264E+00
-8.443461E-02
+1.254430E+00
-3.889715E-02
+1.313373E+00
+1.112354E-02
+1.372945E+00
+6.586443E-02
+1.265463E+00
+1.376634E-01
+1.162091E+00
+1.980234E-01
+1.063160E+00
+2.480393E-01
+9.689103E-01
+2.887412E-01
+9.567433E-01
+2.535965E-01
+9.437872E-01
+2.195697E-01
+9.300927E-01
+1.866602E-01
+9.157084E-01
+1.548660E-01
+8.903061E-01
+9.534343E-02
+8.623706E-01
+3.955174E-02
+8.322157E-01
-1.250110E-02
+8.001443E-01
-6.082568E-02
+8.473664E-01
-5.482125E-02
+8.972610E-01
-4.790492E-02
+9.499727E-01
-3.999185E-02
+1.005652E+00
-3.099054E-02
+9.841994E-01
-7.486220E-02
+9.612339E-01
-1.169087E-01
+9.368668E-01
-1.570995E-01
+9.112080E-01
-1.954097E-01
+8.668028E-01
-1.686885E-01
+8.242510E-01
-1.441742E-01
+7.834953E-01
-1.217171E-01
+7.444778E-01
-1.011768E-01
+7.166186E-01
-1.675046E-01
+6.833182E-01
-2.296076E-01
+6.451028E-01
-2.870879E-01
+6.025220E-01
-3.396054E-01
+6.462506E-01
-2.835540E-01
+6.849502E-01
-2.222012E-01
+7.180053E-01
-1.559769E-01
+7.448338E-01
-8.538066E-02
+7.818929E-01
-7.504185E-02
+8.205138E-01
-6.349520E-02
+8.607474E-01
-5.065306E-02
+9.026454E-01
-3.642271E-02
+9.362350E-01
-5.017891E-02
+9.709045E-01
-6.491531E-02
+1.006681E+00
-8.068381E-02
+1.043592E+00
-9.753855E-02
+9.544514E-01
-6.883727E-02
+8.725301E-01
-4.436439E-02
+7.972814E-01
-2.361134E-02
+7.281943E-01
-6.124563E-03
+7.391952E-01
-3.528837E-03
+7.503523E-01
-8.533684E-04
+7.616676E-01
+1.903620E-03
+7.731429E-01
+4.743942E-03
+8.274454E-01
-4.352870E-02
+8.825065E-01
-9.858693E-02
+9.379521E-01
-1.609525E-01
+9.933509E-01
-2.311600E-01
+9.486359E-01
-1.668152E-01
+9.031552E-01
-1.084413E-01
+8.572601E-01
-5.573762E-02
+8.112663E-01
-8.402230E-03
+8.454128E-01
+3.332106E-03
+8.808168E-01
+1.606727E-02
+9.175159E-01
+2.986398E-02
+9.555486E-01
+4.478603E-02
+9.959977E-01
+3.956037E-02
+1.038106E+00
+3.381453E-02
+1.081940E+00
+2.751431E-02
+1.127567E+00
+2.062365E-02
+1.034631E+00
+9.006320E-02
+9.448694E-01
+1.479981E-01
+8.587481E-01
+1.955635E-01
+7.766260E-01
+2.338319E-01
+7.642313E-01
+1.923942E-01
+7.503561E-01
+1.527251E-01
+7.351221E-01
+1.148383E-01
+7.186493E-01
+7.874216E-02
+8.017848E-01
+5.558961E-02
+8.931068E-01
+2.618332E-02
+9.932450E-01
-1.053285E-02
+1.102852E+00
-5.576011E-02
+1.039805E+00
-3.360065E-02
+9.800366E-01
-1.380903E-02
+9.233972E-01
+3.808451E-03
+8.697427E-01
+1.943166E-02
+8.365529E-01
+1.729415E-02
+8.046273E-01
+1.529153E-02
+7.739183E-01
+1.341662E-02
+7.443791E-01
+1.166259E-02
+7.590428E-01
+1.756835E-02
+7.739521E-01
+2.370293E-02
+7.891103E-01
+3.007276E-02
+8.045205E-01
+3.668439E-02
+8.203879E-01
+6.227384E-02
+8.358017E-01
+8.889340E-02
+8.507198E-01
+1.165508E-01
+8.651002E-01
+1.452527E-01
+9.704691E-01
+1.615771E-01
+1.088670E+00
+1.797235E-01
+1.221264E+00
+1.998937E-01
+1.370006E+00
+2.223118E-01
+1.234682E+00
+2.074160E-01
+1.112690E+00
+1.932995E-01
+1.002719E+00
+1.799531E-01
+9.035875E-01
+1.673616E-01
+8.785902E-01
+1.250620E-01
+8.527659E-01
+8.525591E-02
+8.262445E-01
+4.788911E-02
+7.991494E-01
+1.290398E-02
+8.382390E-01
-3.346413E-03
+8.788842E-01
-2.121167E-02
+9.211262E-01
-4.080307E-02
+9.650060E-01
-6.223816E-02
+9.450477E-01
-4.281048E-02
+9.251629E-01
-2.418165E-02
+9.053641E-01
-6.332864E-03
+8.856650E-01
+1.075457E-02
+9.058109E-01
-2.884265E-02
+9.246229E-01
-7.022507E-02
+9.419914E-01
-1.133724E-01
+9.578045E-01
-1.582588E-01
+9.437669E-01
-1.039441E-01
+9.271873E-01
-5.164158E-02
+9.082321E-01
-1.438346E-03
+8.870672E-01
+4.658908E-02
+8.807276E-01
+4.740932E-02
+8.744320E-01
+4.821552E-02
+8.681794E-01
+4.900784E-02
+8.619703E-01
+4.978646E-02
+8.718673E-01
+1.935529E-02
+8.807670E-01
-1.171708E-02
+8.886364E-01
-4.340092E-02
+8.954440E-01
-7.566510E-02
+9.057568E-01
-4.237502E-02
+9.148945E-01
-8.417470E-03
+9.228216E-01
+2.616861E-02
+9.295045E-01
+6.134257E-02
+9.166988E-01
+2.901559E-02
+9.030078E-01
-2.362240E-03
+8.884777E-01
-3.277626E-02
+8.731547E-01
-6.221358E-02
+8.504287E-01
-7.013689E-02
+8.281904E-01
-7.761298E-02
+8.064321E-01
-8.465846E-02
+7.851466E-01
-9.128939E-02
+7.807325E-01
-7.060240E-02
+7.758318E-01
-5.020461E-02
+7.704559E-01
-3.010585E-02
+7.646164E-01
-1.031561E-02
+7.756647E-01
-2.457381E-02
+7.866124E-01
-3.924543E-02
+7.974502E-01
-5.433468E-02
+8.081690E-01
-6.984566E-02
+7.853423E-01
-4.183159E-02
+7.623271E-01
-1.541630E-02
+7.391809E-01
+9.443766E-03
+7.159577E-01
+3.279268E-02
+7.318970E-01
+2.728357E-02
+7.481369E-01
+2.151539E-02
+7.646814E-01
+1.547988E-02
+7.815352E-01
+9.168515E-03
+7.427488E-01
-1.604835E-02
+7.051025E-01
-3.877563E-02
+6.686188E-01
-5.917395E-02
+6.333128E-01
-7.739656E-02
+6.370004E-01
-8.046655E-02
+6.406988E-01
-8.357100E-02
+6.444078E-01
-8.671014E-02
+6.481279E-01
-8.988427E-02
+6.368106E-01
-5.846115E-02
+6.243421E-01
-2.829514E-02
+6.108059E-01
+5.915934E-04
+5.962857E-01
+2.818115E-02
+6.284548E-01
+1.322069E-02
+6.619047E-01
-3.414523E-03
+6.966568E-01
-2.184797E-02
+7.327298E-01
-4.221021E-02
+6.520515E-01
-3.613523E-02
+5.802537E-01
-3.088647E-02
+5.163589E-01
-2.635562E-02
+4.594977E-01
-2.244819E-02
+4.594222E-01
-3.561453E-02
+4.589699E-01
-4.879492E-02
+4.581403E-01
-6.197865E-02
+4.569327E-01
-7.515486E-02
+4.693429E-01
-6.338735E-02
+4.816839E-01
-5.099203E-02
+4.939355E-01
-3.795693E-02
+5.060774E-01
-2.427044E-02
+4.117952E-01
-2.912801E-02
+3.349044E-01
-3.134160E-02
+2.722293E-01
-3.172302E-02
+2.211679E-01
-3.087483E-02
+2.161940E-01
+5.193470E-02
+1.814271E-01
+1.268605E-01
+1.219229E-01
+1.836306E-01
+4.610749E-02
+2.145676E-01
-4.164555E-02
+2.417037E-01
-1.439483E-01
+2.332563E-01
-2.465024E-01
+1.818472E-01
-3.314067E-01
+8.578713E-02
-3.574200E-01
+1.313375E-01
-3.812146E-01
+1.846131E-01
-4.017047E-01
+2.461964E-01
-4.176255E-01
+3.166127E-01
-6.337944E-01
+3.092594E-01
-9.172698E-01
+2.432669E-01
-1.274337E+00
+8.233289E-02
-1.703840E+00
-2.231061E-01
-2.103475E+00
-1.882773E-01
-2.592461E+00
-1.254106E-01
-3.189756E+00
-2.362065E-02
-3.918089E+00
+1.314133E-01
-2.862779E+00
-2.066973E+00
-8.989662E-01
-3.050647E+00
+1.042015E+00
-2.668273E+00
+2.213455E+00
-1.325643E+00
+2.473053E+00
-1.150627E+00
+2.726779E+00
-9.380754E-01
+2.970206E+00
-6.867017E-01
+3.198538E+00
-3.956414E-01
+2.942286E+00
-4.544584E-01
+2.704041E+00
-5.016237E-01
+2.482747E+00
-5.385324E-01
+2.277389E+00
-5.664436E-01
+2.071866E+00
-3.813010E-01
+1.877461E+00
-2.268093E-01
+1.694719E+00
-9.916343E-02
+1.523914E+00
+5.075733E-03
+1.598159E+00
+3.193779E-02
+1.675556E+00
+6.140680E-02
+1.756214E+00
+9.366496E-02
+1.840244E+00
+1.289052E-01
+1.831053E+00
+1.217077E-01
+1.821886E+00
+1.145805E-01
+1.812741E+00
+1.075232E-01
+1.803619E+00
+1.005352E-01
+1.788867E+00
+1.134153E-01
+1.774131E+00
+1.260838E-01
+1.759414E+00
+1.385423E-01
+1.744715E+00
+1.507927E-01
+1.727771E+00
+1.338162E-01
+1.710855E+00
+1.171671E-01
+1.693969E+00
+1.008416E-01
+1.677116E+00
+8.483614E-02
+1.672278E+00
+7.721524E-02
+1.667422E+00
+6.963925E-02
+1.662547E+00
+6.210814E-02
+1.657654E+00
+5.462179E-02
+1.669227E+00
+4.876389E-02
+1.680857E+00
+4.282229E-02
+1.692546E+00
+3.679625E-02
+1.704291E+00
+3.068493E-02
+1.657902E+00
+2.097264E-02
+1.612731E+00
+1.176715E-02
+1.568745E+00
+3.048299E-03
+1.525915E+00
-5.203397E-03
+1.521584E+00
-1.029041E-02
+1.517248E+00
-1.534857E-02
+1.512907E+00
-2.037793E-02
+1.508562E+00
-2.537856E-02
+1.489216E+00
-2.560340E-02
+1.470116E+00
-2.581831E-02
+1.451262E+00
-2.602349E-02
+1.432650E+00
-2.621918E-02
+1.426630E+00
-2.635297E-02
+1.420636E+00
-2.648517E-02
+1.414666E+00
-2.661579E-02
+1.408723E+00
-2.674487E-02
+1.408806E+00
-1.979868E-02
+1.408855E+00
-1.285233E-02
+1.408869E+00
-5.905972E-03
+1.408849E+00
+1.040212E-03
+1.395267E+00
+1.556004E-03
+1.381816E+00
+2.061753E-03
+1.368494E+00
+2.557607E-03
+1.355301E+00
+3.043709E-03
+1.341361E+00
+2.937573E-03
+1.327564E+00
+2.833300E-03
+1.313910E+00
+2.730860E-03
+1.300396E+00
+2.630229E-03
+1.289065E+00
+2.533812E-02
+1.277436E+00
+4.765088E-02
+1.265517E+00
+6.956671E-02
+1.253319E+00
+9.108402E-02
+1.240705E+00
+1.626370E-01
+1.224051E+00
+2.330435E-01
+1.203444E+00
+3.020777E-01
+1.178989E+00
+3.695207E-01
+1.247623E+00
+3.877746E-01
+1.320245E+00
+4.069042E-01
+1.397085E+00
+4.269493E-01
+1.478388E+00
+4.479521E-01
+1.493848E+00
+3.775006E-01
+1.505971E+00
+3.065863E-01
+1.514750E+00
+2.353666E-01
+1.520180E+00
+1.639978E-01
+1.526657E+00
+1.373476E-01
+1.532675E+00
+1.105199E-01
+1.538230E+00
+8.352230E-02
+1.543317E+00
+5.636271E-02
+1.529169E+00
+2.980268E-02
+1.514711E+00
+3.740901E-03
+1.499956E+00
-2.182227E-02
+1.484915E+00
-4.688673E-02
+1.466078E+00
-4.129272E-02
+1.447464E+00
-3.583360E-02
+1.429069E+00
-3.050693E-02
+1.410893E+00
-2.531027E-02
+1.408443E+00
-1.871789E-02
+1.405967E+00
-1.214887E-02
+1.403465E+00
-5.603292E-03
+1.400937E+00
+9.187673E-04
+1.402446E+00
-6.292478E-03
+1.403918E+00
-1.351922E-02
+1.405355E+00
-2.076130E-02
+1.406756E+00
-2.801855E-02
+1.411568E+00
-2.791825E-02
+1.416398E+00
-2.781691E-02
+1.421244E+00
-2.771456E-02
+1.426109E+00
-2.761121E-02
+1.437662E+00
-3.337158E-02
+1.449289E+00
-3.922390E-02
+1.460987E+00
-4.516918E-02
+1.472758E+00
-5.120844E-02
+1.466966E+00
-5.059614E-02
+1.461196E+00
-4.998787E-02
+1.455450E+00
-4.938360E-02
+1.449726E+00
-4.878335E-02
+1.453621E+00
-5.325008E-02
+1.457514E+00
-5.774089E-02
+1.461404E+00
-6.225585E-02
+1.465291E+00
-6.679501E-02
+1.433023E+00
-8.316435E-02
+1.401248E+00
-9.879018E-02
+1.369967E+00
-1.136945E-01
+1.339175E+00
-1.278989E-01
+1.330437E+00
-1.250080E-01
+1.321752E+00
-1.221496E-01
+1.313121E+00
-1.193235E-01
+1.304544E+00
-1.165294E-01
+1.298594E+00
-1.127139E-01
+1.292664E+00
-1.089315E-01
+1.286752E+00
-1.051820E-01
+1.280860E+00
-1.014652E-01
+1.279172E+00
-9.963261E-02
+1.277485E+00
-9.780480E-02
+1.275797E+00
-9.598182E-02
+1.274108E+00
-9.416364E-02
+1.259480E+00
-8.694009E-02
+1.244990E+00
-7.987215E-02
+1.230638E+00
-7.295732E-02
+1.216422E+00
-6.619315E-02
+1.212293E+00
-6.056375E-02
+1.208155E+00
-5.497310E-02
+1.204007E+00
-4.942112E-02
+1.199851E+00
-4.390768E-02
+1.200951E+00
-3.407811E-02
+1.201972E+00
-2.423344E-02
+1.202913E+00
-1.437432E-02
+1.203772E+00
-4.501392E-03
+1.197453E+00
-1.097668E-02
+1.191132E+00
-1.738398E-02
+1.184809E+00
-2.372366E-02
+1.178486E+00
-2.999606E-02
+1.156742E+00
-2.583754E-02
+1.135390E+00
-2.182255E-02
+1.114419E+00
-1.794722E-02
+1.093827E+00
-1.420782E-02
+1.075150E+00
-3.571253E-03
+1.056694E+00
+6.704946E-03
+1.038458E+00
+1.662907E-02
+1.020441E+00
+2.620927E-02
+9.889990E-01
+4.550680E-02
+9.581302E-01
+6.360044E-02
+9.278403E-01
+8.053790E-02
+8.981350E-01
+9.636565E-02
+8.522609E-01
+9.839360E-02
+8.086768E-01
+9.996872E-02
+7.672711E-01
+1.011312E-01
+7.279378E-01
+1.019186E-01
+6.349577E-01
+1.650234E-01
+5.460466E-01
+2.114377E-01
+4.624552E-01
+2.434709E-01
+3.850551E-01
+2.632989E-01
+1.201614E-01
+3.058154E-01
-5.101620E-02
+2.257520E-01
-1.190729E-01
+1.113526E-01
-1.134528E-01
+1.775847E-02
-1.881232E-01
-8.908127E-02
-1.910705E-01
-3.253302E-01
+4.542684E-02
-6.823653E-01
+7.639130E-01
-9.762312E-01
+1.076050E+00
-8.326367E-01
+1.369420E+00
-5.956782E-01
+1.617645E+00
-2.644455E-01
+1.792412E+00
+1.549133E-01
+1.962979E+00
+1.480491E-01
+2.149518E+00
+1.384981E-01
+2.353504E+00
+1.258161E-01
+2.576538E+00
+1.095000E-01
+2.571887E+00
+8.273555E-02
+2.566972E+00
+5.607907E-02
+2.561794E+00
+2.953294E-02
+2.556352E+00
+3.099646E-03
+2.547001E+00
+2.266876E-03
+2.537684E+00
+1.440158E-03
+2.528401E+00
+6.194574E-04
+2.519153E+00
-1.952572E-04
+2.548245E+00
-4.829421E-02
+2.576755E+00
-9.750415E-02
+2.604655E+00
-1.478268E-01
+2.631917E+00
-1.992634E-01
+2.397441E+00
-4.259676E-01
+2.161279E+00
-6.124059E-01
+1.927288E+00
-7.617282E-01
+1.698716E+00
-8.771810E-01
+1.823613E+00
-6.939191E-01
+1.929164E+00
-4.936981E-01
+2.013145E+00
-2.785072E-01
+2.073527E+00
-5.062003E-02
+2.102754E+00
-3.072880E-02
+2.132187E+00
-1.027176E-02
+2.161826E+00
+1.076097E-02
+2.191665E+00
+3.237937E-02
+2.222669E+00
+3.087249E-02
+2.254109E+00
+2.931651E-02
+2.285992E+00
+2.771037E-02
+2.318325E+00
+2.605295E-02
+2.327670E+00
+1.839250E-02
+2.337026E+00
+1.067016E-02
+2.346393E+00
+2.885651E-03
+2.355771E+00
-4.961315E-03
+2.368779E+00
-7.491223E-03
+2.381855E+00
-1.004892E-02
+2.395002E+00
-1.263465E-02
+2.408219E+00
-1.524863E-02
+2.419612E+00
-1.854690E-02
+2.431055E+00
-2.187605E-02
+2.442546E+00
-2.523631E-02
+2.454088E+00
-2.862787E-02
+2.467556E+00
-2.137695E-02
+2.481076E+00
-1.404585E-02
+2.494647E+00
-6.633966E-03
+2.508270E+00
+8.592958E-04
+2.511766E+00
+3.964844E-03
+2.515262E+00
+7.079049E-03
+2.518760E+00
+1.020192E-02
+2.522258E+00
+1.333348E-02
+2.517527E+00
+3.783765E-02
+2.512567E+00
+6.225111E-02
+2.507379E+00
+8.657180E-02
+2.501964E+00
+1.107977E-01
+2.451342E+00
+1.524518E-01
+2.400977E+00
+1.924091E-01
+2.350892E+00
+2.307071E-01
+2.301110E+00
+2.673827E-01
+2.010605E+00
+1.040433E+00
+1.477667E+00
+1.646467E+00
+7.809311E-01
+2.015986E+00
+1.631464E-02
+2.112678E+00
+9.191240E-01
+3.156234E+00
+2.712763E+00
+4.336339E+00
+5.897998E+00
+5.343623E+00
+1.109356E+01
+5.502854E+00
+9.802690E+00
+3.772742E+00
+8.576113E+00
+2.413377E+00
+7.433059E+00
+1.362052E+00
+6.384830E+00
+5.642856E-01
+5.912639E+00
+4.583244E-01
+5.474730E+00
+3.650063E-01
+5.068662E+00
+2.830428E-01
+4.692161E+00
+2.112667E-01
+3.817457E+00
+1.569085E+00
+2.690606E+00
+2.432013E+00
+1.502304E+00
+2.810753E+00
+4.070747E-01
+2.770828E+00
-3.520873E-01
+4.495105E+00
-2.160532E+00
+6.930238E+00
-5.870351E+00
+1.010592E+01
-1.282973E+01
+1.376401E+01
-1.566866E+01
+2.583747E+01
-1.618243E+01
+4.574859E+01
-1.047646E+01
+7.722175E+01
+8.790834E+00
+1.248386E+02
+3.837341E+01
+1.059236E+02
+5.932616E+01
+8.225679E+01
+7.163600E+01
+5.660215E+01
+7.597261E+01
+3.135613E+01
+5.120373E+01
-1.504605E+01
+1.978867E+01
-2.844872E+01
-1.562048E+00
-2.244812E+01
-9.924616E+00
-1.072396E+01
-1.138619E+01
-8.048216E+00
-1.222139E+01
-5.261205E+00
-1.244982E+01
-2.494219E+00
-1.211576E+01
+1.340542E-01
-1.280528E+01
+2.597261E-01
-1.353289E+01
+3.992807E-01
-1.430063E+01
+5.538810E-01
-1.511065E+01
+7.247756E-01
-1.605210E+01
+9.747892E-01
-1.704943E+01
+1.253276E+00
-1.810578E+01
+1.562783E+00
-1.922443E+01
+1.906063E+00
-2.258247E+01
+4.148988E+00
-2.633917E+01
+7.135955E+00
-3.049485E+01
+1.104341E+01
-3.503252E+01
+1.608039E+01
-2.461676E+01
+3.553420E+01
-3.450231E+00
+4.835487E+01
+2.430022E+01
+4.863189E+01
+5.123653E+01
+3.304292E+01
+3.659779E+01
+2.105249E+01
+2.605185E+01
+1.327412E+01
+1.848464E+01
+8.265062E+00
+1.307492E+01
+5.066649E+00
+1.141649E+01
+4.244323E+00
+9.966265E+00
+3.549924E+00
+8.698408E+00
+2.964144E+00
+7.590232E+00
+2.470522E+00
+6.578132E+00
+2.406707E+00
+5.692582E+00
+2.318718E+00
+4.918780E+00
+2.213537E+00
+4.243516E+00
+2.096816E+00
+3.587094E+00
+2.145540E+00
+3.005850E+00
+2.142043E+00
+2.494470E+00
+2.097890E+00
+2.047461E+00
+2.022890E+00
+1.813765E+00
+2.126000E+00
+1.579171E+00
+2.206459E+00
+1.345578E+00
+2.264932E+00
+1.114772E+00
+2.302216E+00
+1.009849E+00
+2.386662E+00
+8.993522E-01
+2.466725E+00
+7.834392E-01
+2.542066E+00
+6.622878E-01
+2.612352E+00
+5.164703E-01
+2.720419E+00
+3.601908E-01
+2.822165E+00
+1.935759E-01
+2.916776E+00
+1.680562E-02
+3.003426E+00
+7.675062E-02
+2.812653E+00
+1.290195E-01
+2.632759E+00
+1.743201E-01
+2.463209E+00
+2.133040E-01
+2.303488E+00
-1.426076E-01
+2.052862E+00
-4.191837E-01
+1.781858E+00
-6.231903E-01
+1.504327E+00
-7.625502E-01
+1.231458E+00
-1.087943E+00
+1.076379E+00
-1.383839E+00
+8.365839E-01
-1.628480E+00
+5.170623E-01
-1.800746E+00
+1.283209E-01
-1.887062E+00
+6.002102E-02
-1.974452E+00
-1.490313E-02
-2.062693E+00
-9.679385E-02
-2.151536E+00
-1.860004E-01
-2.176009E+00
-2.159410E-01
-2.200404E+00
-2.465695E-01
-2.224709E+00
-2.778936E-01
-2.248916E+00
-3.099204E-01
-2.163722E+00
-2.500595E-01
-2.080744E+00
-1.944285E-01
-1.999982E+00
-1.428084E-01
-1.921428E+00
-9.498931E-02
-1.850615E+00
-8.100311E-02
-1.782355E+00
-6.792162E-02
-1.716557E+00
-5.569736E-02
-1.653136E+00
-4.428459E-02
-1.603987E+00
-4.029763E-02
-1.556294E+00
-3.650872E-02
-1.510015E+00
-3.290961E-02
-1.465109E+00
-2.949281E-02
-1.421876E+00
-2.156672E-02
-1.379885E+00
-1.408338E-02
-1.339101E+00
-7.023740E-03
-1.299491E+00
-3.695996E-04
-1.274432E+00
+8.495899E-03
-1.249797E+00
+1.701961E-02
-1.225579E+00
+2.521102E-02
-1.201773E+00
+3.307963E-02
-1.225988E+00
+7.037549E-02
-1.249575E+00
+1.091916E-01
-1.272475E+00
+1.495408E-01
-1.294628E+00
+1.914345E-01
-1.208736E+00
+3.612836E-01
-1.103352E+00
+5.114773E-01
-9.820846E-01
+6.402293E-01
-8.486222E-01
+7.463325E-01
-8.055779E-01
+6.467920E-01
-7.621883E-01
+5.576526E-01
-7.189104E-01
+4.780261E-01
-6.761240E-01
+4.070825E-01
-6.195158E-01
+3.343065E-01
-5.660218E-01
+2.718418E-01
-5.157360E-01
+2.184334E-01
-4.686882E-01
+1.729594E-01
-5.178830E-01
+1.504067E-01
-5.691294E-01
+1.223627E-01
-6.221654E-01
+8.824863E-02
-6.766647E-01
+4.746202E-02
-6.267652E-01
+3.940532E-02
-5.805153E-01
+3.228091E-02
-5.376498E-01
+2.599516E-02
-4.979232E-01
+2.046308E-02
-5.397750E-01
+3.490912E-02
-5.848202E-01
+5.165238E-02
-6.332711E-01
+7.096983E-02
-6.853525E-01
+9.316750E-02
-7.337793E-01
+1.199114E-01
-7.850455E-01
+1.500486E-01
-8.392650E-01
+1.839144E-01
-8.965501E-01
+2.218724E-01
-9.446966E-01
+2.442992E-01
-9.953123E-01
+2.685236E-01
-1.048517E+00
+2.946746E-01
-1.104435E+00
+3.228889E-01
-1.157910E+00
+4.209418E-01
-1.208308E+00
+5.293892E-01
-1.254703E+00
+6.487325E-01
-1.296074E+00
+7.794419E-01
-1.238426E+00
+7.185730E-01
-1.182953E+00
+6.618107E-01
-1.129600E+00
+6.089033E-01
-1.078310E+00
+5.596138E-01
-1.182129E+00
+3.437079E-01
-1.242768E+00
+1.086369E-01
-1.256707E+00
-1.369729E-01
-1.222153E+00
-3.838530E-01
-1.015819E+00
-6.272200E-01
-7.735893E-01
-7.996861E-01
-5.152105E-01
-8.998724E-01
-2.588341E-01
-9.310638E-01
-3.848270E-02
-9.752914E-01
+1.883858E-01
-9.676586E-01
+4.096321E-01
-9.075342E-01
+6.131767E-01
-7.971140E-01
+7.394205E-01
-9.594022E-01
+8.916539E-01
-1.154730E+00
+1.075227E+00
-1.389824E+00
+1.296592E+00
-1.672779E+00
+1.197165E+00
-1.606090E+00
+1.104264E+00
-1.541209E+00
+1.017508E+00
-1.478154E+00
+9.365338E-01
-1.416939E+00
+1.295471E+00
-1.401221E+00
+1.690611E+00
-1.318679E+00
+2.113772E+00
-1.155476E+00
+2.553369E+00
-8.977548E-01
+1.666848E+00
+4.998853E-01
+6.770874E-01
+8.907150E-01
+1.475536E-02
+7.192067E-01
-2.645558E-01
+3.793724E-01
-3.537317E-01
+3.346387E-01
-4.361182E-01
+2.694831E-01
-5.071458E-01
+1.847233E-01
-5.622772E-01
+8.217765E-02
-5.928379E-01
+8.717407E-02
-6.250590E-01
+9.247093E-02
-6.590308E-01
+9.808613E-02
-6.948484E-01
+1.040387E-01
-7.187718E-01
+1.572575E-01
-7.400507E-01
+2.145369E-01
-7.582828E-01
+2.758743E-01
-7.730478E-01
+3.412392E-01
-7.209970E-01
+4.890512E-01
-6.408717E-01
+6.293505E-01
-5.336605E-01
+7.568394E-01
-4.013458E-01
+8.663259E-01
-1.981035E-01
+7.931834E-01
-3.894677E-02
+6.989587E-01
+7.974036E-02
+5.940991E-01
+1.626807E-01
+4.868092E-01
+7.756548E-02
+3.992457E-01
+1.973302E-02
+3.216678E-01
-1.769572E-02
+2.547510E-01
-4.019476E-02
+1.983157E-01
+5.936655E-02
+3.143904E-01
+2.743717E-01
+4.250224E-01
+6.551963E-01
+4.588594E-01
+1.233074E+00
+2.813759E-01
+8.403998E-01
-1.111193E-01
+5.020541E-01
-2.660304E-01
+2.533125E-01
-2.843590E-01
+9.275652E-02
-2.377979E-01
+5.691598E-02
-1.834937E-01
+3.291342E-02
-1.408063E-01
+1.717694E-02
-1.074737E-01
+7.145847E-03
-8.160676E-02
-4.728114E-02
-7.152356E-02
-8.531450E-02
-2.782209E-02
-8.802469E-02
+3.275270E-02
-5.080356E-02
+8.415385E-02
-1.464764E-02
+9.354864E-02
+2.101579E-02
+8.875547E-02
+5.107176E-02
+7.148997E-02
+7.158394E-02
+4.514527E-02
+7.478060E-02
+4.992672E-02
+7.804359E-02
+5.509340E-02
+8.136635E-02
+6.067104E-02
+8.474119E-02
+6.668679E-02
+8.366446E-02
+5.627865E-02
+8.193527E-02
+4.664848E-02
+7.965188E-02
+3.778916E-02
+7.690541E-02
+2.968727E-02
+7.850741E-02
+4.089914E-02
+7.887284E-02
+5.305544E-02
+7.780547E-02
+6.607135E-02
+7.510604E-02
+7.983275E-02
+1.266477E-01
+3.825475E-02
+1.555096E-01
-3.628213E-02
+1.407953E-01
-1.316291E-01
+6.796728E-02
-2.224913E-01
+1.522981E-01
-1.246194E-01
+1.656705E-01
-1.616012E-02
+1.241478E-01
+6.642707E-02
+5.615229E-02
+1.050336E-01
+6.713156E-02
+1.048950E-01
+7.856543E-02
+1.038518E-01
+9.039910E-02
+1.018286E-01
+1.025694E-01
+9.875108E-02
+1.232155E-01
+1.146457E-01
+1.479373E-01
+1.330154E-01
+1.775259E-01
+1.542281E-01
+2.129239E-01
+1.787029E-01
+2.401529E-01
+1.933512E-01
+2.706785E-01
+2.089794E-01
+3.048819E-01
+2.256194E-01
+3.431864E-01
+2.432984E-01
+5.017553E-01
+2.771179E-01
+7.216113E-01
+2.987409E-01
+1.022591E+00
+2.945089E-01
+1.429472E+00
+2.429046E-01
+1.437897E+00
+3.641846E-01
+1.436605E+00
+4.885451E-01
+1.425154E+00
+6.152552E-01
+1.403153E+00
+7.435339E-01
+4.990425E-01
+7.610398E-01
+4.026713E-02
+5.200022E-01
-1.234715E-01
+2.722108E-01
-1.372113E-01
+1.025543E-01
-1.574785E-01
+2.442891E-03
-1.186209E-01
-8.305208E-02
-4.359946E-02
-1.257947E-01
+3.531913E-02
-1.172010E-01
+1.452486E-03
-1.759471E-01
-6.896980E-02
-2.433368E-01
-1.933139E-01
-3.079062E-01
-3.909152E-01
-3.468336E-01
-3.858060E-01
-1.356224E-02
-2.260785E-01
+1.738149E-01
-4.695309E-02
+2.053581E-01
+6.989215E-02
+1.390344E-01
+8.670987E-02
+9.231235E-02
+8.902042E-02
+5.196411E-02
+8.148624E-02
+1.994636E-02
+6.819810E-02
-3.293037E-03
+4.620910E-02
-1.312717E-03
+3.129765E-02
-2.676711E-04
+2.118971E-02
+2.393713E-04
+1.434058E-02
+4.467739E-04
+1.181884E-02
+1.226352E-02
-1.168810E-04
+2.021770E-02
-1.685339E-02
+1.708760E-02
-2.848506E-02
+5.579061E-04
-2.419841E-02
+2.310752E-02
-2.579639E-03
+3.920972E-02
+2.891163E-02
+3.596806E-02
+5.357900E-02
+8.151213E-03
+3.995984E-02
+8.466681E-03
+2.969854E-02
+8.110931E-03
+2.199304E-02
+7.396360E-03
+1.622625E-02
+6.523105E-03
+1.313321E-02
+8.498831E-03
+1.007997E-02
+9.705340E-03
+7.193041E-03
+1.024324E-02
+4.566339E-03
+1.022248E-02
+2.048649E-03
+1.254818E-02
-1.390194E-03
+1.437145E-02
-5.694690E-03
+1.537589E-02
-1.071214E-02
+1.523021E-02
-1.167111E-02
+2.099260E-02
-1.211805E-02
+2.851466E-02
-1.166902E-02
+3.822441E-02
-9.773342E-03
+5.061863E-02
