Hz,real,imaginary,V^2 (rms) 
9.99999046326,3.29001e-09,3.29001e-09,4.65277676234e-09
10.0577210151,3.164792e-09,3.164792e-09,4.47569176849e-09
10.1157848488,3.044341e-09,3.044341e-09,4.30534833069e-09
10.1741838887,2.928473e-09,2.928473e-09,4.14148623364e-09
10.2329200697,2.817016e-09,2.817016e-09,3.98386223262e-09
10.2919953382,2.5614e-09,2.5614e-09,3.62236661866e-09
10.3514116519,2.328977e-09,2.328977e-09,3.29367085986e-09
10.4111709795,2.117646e-09,2.117646e-09,2.99480369351e-09
10.4712753014,1.92549e-09,1.92549e-09,2.72305407221e-09
10.5317266092,2.249144e-09,2.249144e-09,3.18076994853e-09
10.592526906,2.627202e-09,2.627202e-09,3.71542469949e-09
10.6536782067,3.068808e-09,3.068808e-09,4.33994989392e-09
10.7151825375,3.584643e-09,3.584643e-09,5.06945074687e-09
10.7770419365,2.966074e-09,2.966074e-09,4.1946620778e-09
10.8392584537,2.454246e-09,2.454246e-09,3.4708279786e-09
10.9018341505,2.030739e-09,2.030739e-09,2.87189863544e-09
10.9647711006,1.680313e-09,1.680313e-09,2.37632143363e-09
11.0280713896,1.363356e-09,1.363356e-09,1.92807654554e-09
11.091737115,1.106186e-09,1.106186e-09,1.56438324371e-09
11.1557703865,8.975255e-10,8.975255e-10,1.26929273468e-09
11.2201733259,7.28225e-10,7.28225e-10,1.02986567146e-09
11.2849480674,8.843694e-10,8.843694e-10,1.25068719963e-09
11.3500967575,1.073994e-09,1.073994e-09,1.51885688071e-09
11.4156215548,1.304277e-09,1.304277e-09,1.84452622249e-09
11.4815246308,1.583938e-09,1.583938e-09,2.24002660156e-09
11.5478081693,1.546011e-09,1.546011e-09,2.18638972378e-09
11.6144743666,1.508992e-09,1.508992e-09,2.13403695191e-09
11.681525432,1.47286e-09,1.47286e-09,2.08293858748e-09
11.7489635872,1.437593e-09,1.437593e-09,2.03306351777e-09
11.816791067,1.639448e-09,1.639448e-09,2.31852959641e-09
11.8850101189,1.869645e-09,1.869645e-09,2.64407731582e-09
11.9536230036,2.132164e-09,2.132164e-09,3.015335246e-09
12.0226319946,2.431546e-09,2.431546e-09,3.43872533073e-09
12.0920393787,2.008834e-09,2.008834e-09,2.84092028736e-09
12.1618474559,1.659608e-09,1.659608e-09,2.34704014182e-09
12.2320585393,1.371093e-09,1.371093e-09,1.93901831587e-09
12.3026749556,1.132736e-09,1.132736e-09,1.60193061379e-09
12.3736990447,1.143629e-09,1.143629e-09,1.61733564212e-09
12.4451331602,1.154628e-09,1.154628e-09,1.6328905771e-09
12.5169796691,1.165731e-09,1.165731e-09,1.64859259028e-09
12.5892409524,1.176942e-09,1.176942e-09,1.66444733853e-09
12.6619194044,1.355493e-09,1.355493e-09,1.9169565843e-09
12.7350174335,1.561132e-09,1.561132e-09,2.20777404705e-09
12.808537462,1.797967e-09,1.797967e-09,2.5427093161e-09
12.8824819261,2.070733e-09,2.070733e-09,2.92845869265e-09
12.956853276,2.238429e-09,2.238429e-09,3.16561665021e-09
13.0316539763,2.419705e-09,2.419705e-09,3.42197962794e-09
13.1068865055,2.615662e-09,2.615662e-09,3.69910467498e-09
13.1825533567,2.827488e-09,2.827488e-09,3.99867187705e-09
13.2586570372,2.945862e-09,2.945862e-09,4.16607799328e-09
13.3352000689,3.069192e-09,3.069192e-09,4.34049295193e-09
13.4121849882,3.197684e-09,3.197684e-09,4.52220808098e-09
13.489614346,3.331557e-09,3.331557e-09,4.71153309322e-09
13.5674907083,3.135829e-09,3.135829e-09,4.43473190108e-09
13.6458166555,2.951599e-09,2.951599e-09,4.17419133649e-09
13.7245947832,2.778194e-09,2.778194e-09,3.9289596337e-09
13.8038277017,2.614976e-09,2.614976e-09,3.69813452448e-09
13.8835180367,2.438341e-09,2.438341e-09,3.44833491189e-09
13.9636684289,2.273638e-09,2.273638e-09,3.21540969553e-09
14.0442815341,2.12006e-09,2.12006e-09,2.99821760504e-09
14.1253600237,1.976856e-09,1.976856e-09,2.79569656606e-09
14.2069065844,2.124661e-09,2.124661e-09,3.00472440165e-09
14.2889239182,2.283518e-09,2.283518e-09,3.22938212552e-09
14.3714147431,2.454252e-09,2.454252e-09,3.47083646388e-09
14.4543817926,2.637751e-09,2.637751e-09,3.73034323836e-09
14.5378278159,2.767369e-09,2.767369e-09,3.91365077189e-09
14.6217555781,2.903356e-09,2.903356e-09,4.1059654316e-09
14.7061678604,3.046026e-09,3.046026e-09,4.30773128054e-09
14.7910674599,3.195705e-09,3.195705e-09,4.51940935234e-09
14.8764571899,2.80392e-09,2.80392e-09,3.96534169181e-09
14.9623398801,2.460166e-09,2.460166e-09,3.47920012289e-09
15.0487183762,2.158556e-09,2.158556e-09,3.05265917034e-09
15.1355955406,1.893922e-09,1.893922e-09,2.67841017848e-09
15.2229742522,1.908992e-09,1.908992e-09,2.69972237686e-09
15.3108574064,1.924182e-09,1.924182e-09,2.72120428087e-09
15.3992479154,1.939493e-09,1.939493e-09,2.74285730473e-09
15.4881487081,1.954926e-09,1.954926e-09,2.76468286264e-09
15.5775627305,1.978586e-09,1.978586e-09,2.79814315552e-09
15.6674929455,2.002533e-09,2.002533e-09,2.8320093277e-09
15.757942333,2.02677e-09,2.02677e-09,2.86628562181e-09
15.8489138904,2.0513e-09,2.0513e-09,2.9009762805e-09
15.9404106321,1.854133e-09,1.854133e-09,2.62214003504e-09
16.03243559,1.675919e-09,1.675919e-09,2.37010737924e-09
16.1249918136,1.514833e-09,1.514833e-09,2.14229737333e-09
16.2180823699,1.369231e-09,1.369231e-09,1.93638505022e-09
16.3117103437,1.494324e-09,1.494324e-09,2.11329326738e-09
16.4058788374,1.630846e-09,1.630846e-09,2.30636453134e-09
16.5005909715,1.779841e-09,1.779841e-09,2.51707528107e-09
16.5958498845,1.942448e-09,1.942448e-09,2.7470363058e-09
16.6916587331,2.218295e-09,2.218295e-09,3.13714287434e-09
16.7880206919,2.533315e-09,2.533315e-09,3.58264843076e-09
16.8849389541,2.893072e-09,2.893072e-09,4.09142165932e-09
16.9824167314,3.303917e-09,3.303917e-09,4.67244423036e-09
17.0804572538,2.846903e-09,2.846903e-09,4.02612883336e-09
17.17906377,2.453106e-09,2.453106e-09,3.46921577514e-09
17.2782395477,2.11378e-09,2.11378e-09,2.98933634387e-09
17.3779878732,1.821392e-09,1.821392e-09,2.5758372688e-09
17.4783120518,1.850923e-09,1.850923e-09,2.61760040951e-09
17.5792154079,1.880934e-09,1.880934e-09,2.66004237273e-09
17.6807012853,1.911431e-09,1.911431e-09,2.70317164374e-09
17.7827730468,1.942421e-09,1.942421e-09,2.74699812204e-09
17.8854340747,1.987852e-09,1.987852e-09,2.81124725839e-09
17.988687771,2.034346e-09,2.034346e-09,2.87699970376e-09
18.0925375572,2.081927e-09,2.081927e-09,2.94428939927e-09
18.1969868745,2.130621e-09,2.130621e-09,3.01315311448e-09
18.302039184,2.098155e-09,2.098155e-09,2.96723925696e-09
18.4076979669,2.066183e-09,2.066183e-09,2.92202402094e-09
18.5139667243,2.034699e-09,2.034699e-09,2.87749892115e-09
18.6208489778,2.003695e-09,2.003695e-09,2.83365264386e-09
18.7283482689,2.03627e-09,2.03627e-09,2.87972065065e-09
18.83646816,2.069374e-09,2.069374e-09,2.92653677642e-09
18.9452122338,2.103016e-09,2.103016e-09,2.97411374909e-09
19.0545840938,2.137205e-09,2.137205e-09,3.02246429657e-09
19.1645873641,1.85062e-09,1.85062e-09,2.6171719028e-09
19.27522569,1.602465e-09,1.602465e-09,2.26622773623e-09
19.3865027376,1.387585e-09,1.387585e-09,1.96234152595e-09
19.4984221944,1.201519e-09,1.201519e-09,1.69920446525e-09
19.610987769,1.381818e-09,1.381818e-09,1.95418575633e-09
19.7242031915,1.589172e-09,1.589172e-09,2.24742859534e-09
19.8380722135,1.827642e-09,1.827642e-09,2.58467610356e-09
19.9525986083,2.101896e-09,2.101896e-09,2.9725298299e-09
20.0677861709,2.26483e-09,2.26483e-09,3.20295330247e-09
20.1836387183,2.440394e-09,2.440394e-09,3.45123829233e-09
20.3001600895,2.629567e-09,2.629567e-09,3.71876931457e-09
20.4173541456,2.833404e-09,2.833404e-09,4.00703836448e-09
20.5352247701,2.654405e-09,2.654405e-09,3.75389555103e-09
20.6537758689,2.486714e-09,2.486714e-09,3.51674466454e-09
20.7730113704,2.329617e-09,2.329617e-09,3.29457595653e-09
20.8929352257,2.182444e-09,2.182444e-09,3.08644190392e-09
21.0135514086,2.124601e-09,2.124601e-09,3.00463954883e-09
21.1348639161,2.068291e-09,2.068291e-09,2.92500518313e-09
21.2568767681,2.013474e-09,2.013474e-09,2.84748223829e-09
21.3795940077,1.960109e-09,1.960109e-09,2.77201273153e-09
21.5030197013,1.977403e-09,1.977403e-09,2.79647014088e-09
21.627157939,1.99485e-09,1.99485e-09,2.8211439249e-09
21.7520128342,2.012451e-09,2.012451e-09,2.84603549781e-09
21.8775885244,2.030208e-09,2.030208e-09,2.87114768804e-09
22.0038891706,2.133675e-09,2.133675e-09,3.0174721227e-09
22.1309189581,2.242416e-09,2.242416e-09,3.17125511968e-09
22.2586820963,2.356698e-09,2.356698e-09,3.33287427402e-09
22.3871828188,2.476803e-09,2.476803e-09,3.50272839393e-09
22.5164253838,2.312239e-09,2.312239e-09,3.26999975325e-09
22.646414074,2.158609e-09,2.158609e-09,3.05273412366e-09
22.7771531967,2.015187e-09,2.015187e-09,2.84990478612e-09
22.9086470844,1.881294e-09,1.881294e-09,2.66055148961e-09
23.0409000942,2.0143e-09,2.0143e-09,2.84865037869e-09
23.1739166087,2.15671e-09,2.15671e-09,3.05004853211e-09
23.3077010356,2.309188e-09,2.309188e-09,3.26568498767e-09
23.4422578082,2.472448e-09,2.472448e-09,3.49656949386e-09
23.5775913851,2.508848e-09,2.508848e-09,3.54804686753e-09
23.713706251,2.545785e-09,2.545785e-09,3.60028367389e-09
23.8506069163,2.583266e-09,2.583266e-09,3.65328981242e-09
23.9882979174,2.621299e-09,2.621299e-09,3.70707659684e-09
24.126783817,2.499327e-09,2.499327e-09,3.53458214021e-09
24.2660692042,2.38303e-09,2.38303e-09,3.37011334554e-09
24.4061586943,2.272145e-09,2.272145e-09,3.21329827468e-09
24.5470569295,2.166419e-09,2.166419e-09,3.06377913158e-09
24.6887685789,2.277398e-09,2.277398e-09,3.22072713852e-09
24.8312983381,2.394062e-09,2.394062e-09,3.38571494956e-09
24.9746509303,2.516702e-09,2.516702e-09,3.55915410085e-09
25.1188311058,2.645625e-09,2.645625e-09,3.74147875595e-09
25.2638436421,2.682753e-09,2.682753e-09,3.7939856771e-09
25.4096933446,2.720402e-09,2.720402e-09,3.84722940351e-09
25.5563850463,2.758579e-09,2.758579e-09,3.90121983468e-09
25.7039236081,2.797294e-09,2.797294e-09,3.95597111274e-09
25.8523139189,2.768196e-09,2.768196e-09,3.91482032651e-09
26.001560896,2.739401e-09,2.739401e-09,3.87409804698e-09
26.151669485,2.710906e-09,2.710906e-09,3.83380003152e-09
26.30264466,2.682706e-09,2.682706e-09,3.79391920906e-09
26.4544914238,2.612956e-09,2.612956e-09,3.69527781308e-09
26.6072148082,2.545019e-09,2.545019e-09,3.5992003863e-09
26.760819874,2.478849e-09,2.478849e-09,3.50562187487e-09
26.9153117111,2.414398e-09,2.414398e-09,3.41447439657e-09
27.070695439,2.488874e-09,2.488874e-09,3.51979936584e-09
27.2269762066,2.565648e-09,2.565648e-09,3.62837419788e-09
27.3841591925,2.644789e-09,2.644789e-09,3.74029647342e-09
27.5422496054,2.726372e-09,2.726372e-09,3.85567225847e-09
27.7012526838,2.753892e-09,2.753892e-09,3.89459141571e-09
27.8611736966,2.78169e-09,2.78169e-09,3.93390372432e-09
28.0220179431,2.809768e-09,2.809768e-09,3.97361201272e-09
28.1837907532,2.838129e-09,2.838129e-09,4.01372052356e-09
28.3464974876,2.839125e-09,2.839125e-09,4.01512908027e-09
28.5101435378,2.840122e-09,2.840122e-09,4.01653905119e-09
28.6747343267,2.841118e-09,2.841118e-09,4.0179476079e-09
28.8402753081,2.842117e-09,2.842117e-09,4.01936040725e-09
29.0067719676,2.732329e-09,2.732329e-09,3.86409672867e-09
29.1742298225,2.626781e-09,2.626781e-09,3.71482931558e-09
29.3426544217,2.525311e-09,2.525311e-09,3.57132906541e-09
29.5120513464,2.42776e-09,2.42776e-09,3.43337111819e-09
29.6824262098,2.294573e-09,2.294573e-09,3.24501625646e-09
29.8537846576,2.168692e-09,2.168692e-09,3.06699363901e-09
30.0261323681,2.049717e-09,2.049717e-09,2.89873758043e-09
30.1994750524,1.937269e-09,1.937269e-09,2.73971209376e-09
30.3738184546,1.98083e-09,1.98083e-09,2.80131665076e-09
30.5491683518,2.025371e-09,2.025371e-09,2.86430713704e-09
30.7255305546,2.070912e-09,2.070912e-09,2.92871183688e-09
30.9029109071,2.11748e-09,2.11748e-09,2.99456893405e-09
31.0813152871,2.001072e-09,2.001072e-09,2.82994316169e-09
31.2607496065,1.891064e-09,1.891064e-09,2.67436835612e-09
31.441219811,1.787104e-09,1.787104e-09,2.52734671417e-09
31.622731881,1.688858e-09,1.688858e-09,2.38840588852e-09
31.8052918312,1.753759e-09,1.753759e-09,2.48018976293e-09
31.9889057111,1.821153e-09,1.821153e-09,2.57549927176e-09
32.1735796051,1.891137e-09,1.891137e-09,2.67447159371e-09
32.3593196326,1.963811e-09,1.963811e-09,2.77724815014e-09
32.5461319486,1.660956e-09,1.660956e-09,2.3489465017e-09
32.7340227434,1.404807e-09,1.404807e-09,1.98669711192e-09
32.9229982432,1.18816e-09,1.18816e-09,1.68031198627e-09
33.11306471,1.004924e-09,1.004924e-09,1.42117714995e-09
33.3042284421,1.078934e-09,1.078934e-09,1.52584309571e-09
33.496495774,1.158395e-09,1.158395e-09,1.63821791959e-09
33.6898730769,1.243708e-09,1.243708e-09,1.75886872123e-09
33.8843667586,1.335303e-09,1.335303e-09,1.88840361248e-09
34.0799832642,1.293307e-09,1.293307e-09,1.82901229971e-09
34.2767290758,1.252633e-09,1.252633e-09,1.77149057728e-09
34.4746107129,1.213238e-09,1.213238e-09,1.71577763399e-09
34.6736347326,1.175082e-09,1.175082e-09,1.6618169013e-09
34.8738077301,1.238691e-09,1.238691e-09,1.75177361179e-09
35.0751363385,1.305744e-09,1.305744e-09,1.84660087379e-09
35.2776272292,1.376427e-09,1.376427e-09,1.94656173102e-09
35.481287112,1.450935e-09,1.450935e-09,2.05193195512e-09
35.6861227357,1.211771e-09,1.211771e-09,1.71370298269e-09
35.8921408879,1.012029e-09,1.012029e-09,1.43122513731e-09
36.0993483954,8.45212e-10,8.45212e-10,1.19531027348e-09
36.3077521244,7.058919e-10,7.058919e-10,9.98281898549e-10
36.5173589808,4.993368e-10,4.993368e-10,7.06168874752e-10
36.7281759103,3.532229e-10,3.532229e-10,4.99532615721e-10
36.9402098987,2.498644e-10,2.498644e-10,3.53361623234e-10
37.1534679722,1.767501e-10,1.767501e-10,2.49962388571e-10
37.3679571975,3.116516e-10,3.116516e-10,4.40741919455e-10
37.5836846821,5.495142e-10,5.495142e-10,7.77130434357e-10
37.8006575745,9.689214e-10,9.689214e-10,1.37026178475e-09
38.0188830647,1.708434e-09,1.708434e-09,2.41609053322e-09
38.2383683838,1.638156e-09,1.638156e-09,2.31670243248e-09
38.459120805,1.57077e-09,1.57077e-09,2.22140423737e-09
38.6811476434,1.506155e-09,1.506155e-09,2.13002482804e-09
38.9044562561,1.444199e-09,1.444199e-09,2.04240581257e-09
39.129054043,1.964397e-09,1.964397e-09,2.77807687929e-09
39.3549484466,2.671969e-09,2.671969e-09,3.77873479804e-09
39.5821469523,3.634407e-09,3.634407e-09,5.13982767058e-09
39.8106570887,4.943517e-09,4.943517e-09,6.99118878722e-09
40.040486428,7.738659e-09,7.738659e-09,1.09441165124e-08
40.2716425861,1.211422e-08,1.211422e-08,1.71320942216e-08
40.5041332226,1.896379e-08,1.896379e-08,2.6818849012e-08
40.7379660418,2.968622e-08,2.968622e-08,4.19826549396e-08
40.9731487919,3.17109e-08,3.17109e-08,4.48459848551e-08
41.2096892664,3.387368e-08,3.387368e-08,4.79046176635e-08
41.4475953034,3.618397e-08,3.618397e-08,5.11718611145e-08
41.6868747863,3.865183e-08,3.865183e-08,5.46619421965e-08
41.9275356443,4.777738e-08,4.777738e-08,6.75674187707e-08
42.169585852,5.905742e-08,5.905742e-08,8.35198043228e-08
42.4130334302,7.300063e-08,7.300063e-08,1.03238481008e-07
42.6578864461,9.02358e-08,9.02358e-08,1.27612692172e-07
42.9041530132,9.960632e-08,9.960632e-08,1.40864608642e-07
43.1518412923,1.099499e-07,1.099499e-07,1.55492639762e-07
43.4009594908,1.213677e-07,1.213677e-07,1.71639847374e-07
43.6515158637,1.339711e-07,1.339711e-07,1.89463746586e-07
43.9035187138,1.81431e-07,1.81431e-07,2.56582180835e-07
44.1569763917,2.457037e-07,2.457037e-07,3.47477504865e-07
44.4118972961,3.327454e-07,3.327454e-07,4.70573057497e-07
44.6682898744,4.506221e-07,4.506221e-07,6.37275885325e-07
44.9261626225,6.005407e-07,6.005407e-07,8.49292802697e-07
45.1855240857,8.003362e-07,8.003362e-07,1.1318463085e-06
45.4463828584,1.066602e-06,1.066602e-06,1.50840301405e-06
45.7087475846,1.421453e-06,1.421453e-06,2.01023811088e-06
45.9726269583,1.705715e-06,1.705715e-06,2.41224528654e-06
46.2380297236,2.046823e-06,2.046823e-06,2.89464484638e-06
46.5049646752,2.456146e-06,2.456146e-06,3.47351498437e-06
46.7734406585,2.947326e-06,2.947326e-06,4.16814840193e-06
47.0434665699,3.802223e-06,3.802223e-06,5.37715533377e-06
47.3150513572,4.90509e-06,4.90509e-06,6.93684480266e-06
47.5882040201,6.327852e-06,6.327852e-06,8.94893411909e-06
47.8629336098,8.163299e-06,8.163299e-06,1.15446481595e-05
48.1392492302,7.623944e-06,7.623944e-06,1.07818850036e-05
48.4171600373,7.120225e-06,7.120225e-06,1.00695187621e-05
48.6966752405,6.649787e-06,6.649787e-06,9.40421896229e-06
48.9778041018,6.21043e-06,6.21043e-06,8.78287433417e-06
49.2605559372,3.845566e-06,3.845566e-06,5.4384515922e-06
49.544940116,2.381216e-06,2.381216e-06,3.36754796214e-06
49.830966062,1.474475e-06,1.474475e-06,2.08522254238e-06
50.1186432531,9.130104e-07,9.130104e-07,1.29119169027e-06
50.4079812221,8.408585e-07,8.408585e-07,1.18915349474e-06
50.6989895567,7.744087e-07,7.744087e-07,1.09517928636e-06
50.9916779002,7.132101e-07,7.132101e-07,1.00863139624e-06
51.2860559511,6.568478e-07,6.568478e-07,9.28923067175e-07
51.5821334645,6.378397e-07,6.378397e-07,9.0204155436e-07
51.8799202513,6.193817e-07,6.193817e-07,8.75938000426e-07
52.1794261793,6.014578e-07,6.014578e-07,8.50589777955e-07
52.4806611732,5.840527e-07,5.840527e-07,8.25975249481e-07
52.783635215,5.075937e-07,5.075937e-07,7.17845894715e-07
53.0883583443,4.411439e-07,4.411439e-07,6.23871686338e-07
53.3948406587,3.833932e-07,3.833932e-07,5.42199863162e-07
53.7030923141,3.332027e-07,3.332027e-07,4.71219777359e-07
54.0131235251,3.146349e-07,3.146349e-07,4.44960942776e-07
54.324944565,2.971017e-07,2.971017e-07,4.20165253544e-07
54.6385657668,2.805456e-07,2.805456e-07,3.96751392384e-07
54.9539975227,2.64912e-07,2.64912e-07,3.74642143235e-07
55.2712502853,2.426821e-07,2.426821e-07,3.43204317165e-07
55.5903345674,2.223176e-07,2.223176e-07,3.14404565074e-07
55.9112609424,2.03662e-07,2.03662e-07,2.8802156254e-07
56.2340400449,1.865719e-07,1.865719e-07,2.63852511338e-07
56.5586825707,1.516299e-07,1.516299e-07,2.14437061041e-07
56.8851992775,1.23232e-07,1.23232e-07,1.74276365718e-07
57.213600985,1.001526e-07,1.001526e-07,1.41637165227e-07
57.5438985756,8.139558e-08,8.139558e-08,1.15110733153e-07
57.8761029941,8.256292e-08,8.256292e-08,1.16761601213e-07
58.210225249,8.3747e-08,8.3747e-08,1.18436143208e-07
58.5462764119,8.494806e-08,8.494806e-08,1.20134698549e-07
58.8842676185,8.616638e-08,8.616638e-08,1.21857663217e-07
59.2242100689,1.476263e-07,1.476263e-07,2.08775115623e-07
59.5661150277,2.529236e-07,2.529236e-07,3.57687985364e-07
59.9099938246,4.333264e-07,4.333264e-07,6.12816071814e-07
60.2558578547,7.424053e-07,7.424053e-07,1.04991964404e-06
60.6037185787,9.640869e-07,9.640869e-07,1.36342476929e-06
60.9535875239,1.251962e-06,1.251962e-06,1.77054163998e-06
61.3054762837,1.625797e-06,1.625797e-06,2.29922416707e-06
61.6593965186,2.11126e-06,2.11126e-06,2.9857725257e-06
62.0153599566,3.10912e-06,3.10912e-06,4.39695967105e-06
62.3733783931,4.578607e-06,4.578607e-06,6.47512811618e-06
62.7334636917,6.74263e-06,6.74263e-06,9.53551879206e-06
63.0956277846,9.92945e-06,9.92945e-06,1.40423628569e-05
63.4598826729,1.483763e-05,1.483763e-05,2.09835775795e-05
63.8262404266,2.217196e-05,2.217196e-05,3.13558865364e-05
64.194713186,3.31317e-05,3.31317e-05,4.68552994845e-05
64.5653131609,4.95089e-05,4.95089e-05,7.00161578382e-05
64.938052632,6.497862e-05,6.497862e-05,9.18936456683e-05
65.3129439507,8.528205e-05,8.528205e-05,0.000120607031737
65.6899995397,0.0001119296,0.0001119296,0.000158292358351
66.0692318935,0.0001469035,0.0001469035,0.00020775292206
66.4506535786,0.0001910295,0.0001910295,0.000270156509713
66.8342772344,0.0002484099,0.0002484099,0.000351304649608
67.2201155727,0.0003230259,0.0003230259,0.000456827608778
67.6081813792,0.0004200545,0.0004200545,0.000594046770836
67.9984875132,0.0005164157,0.0005164157,0.000730322086762
68.3910469082,0.0006348822,0.0006348822,0.000897859017749
68.7858725723,0.0007805253,0.0007805253,0.00110382946504
69.182977589,0.0009595789,0.0009595789,0.00135704949455
69.5823751171,0.001044457,0.001044457,0.00147708525472
69.9840783913,0.001136842,0.001136842,0.00160773737468
70.3881007229,0.001237399,0.001237399,0.00174994644787
70.7944554999,0.001346851,0.001346851,0.0019047349507
71.2031561878,0.001480767,0.001480767,0.00209412077411
71.6142163295,0.001627998,0.001627998,0.00230233685112
72.0276495463,0.001789869,0.001789869,0.00253125701467
72.4434695382,0.001967835,0.001967835,0.00278293894551
72.8616900841,0.001909463,0.001909463,0.00270038847145
73.2823250427,0.001852823,0.001852823,0.00262028741528
73.7053883523,0.001797863,0.001797863,0.00254256223789
74.1308940322,0.001744534,0.001744534,0.00246714364282
74.5588561821,0.001078794,0.001078794,0.00152564510581
74.9892889835,0.0006671099,0.0006671099,0.000943435868173
75.4222066996,0.0004125308,0.0004125308,0.000583406652257
75.8576236759,0.0002551028,0.0002551028,0.000360769839559
76.2955543409,0.0002121481,0.0002121481,0.000300022720252
76.7360132062,0.0001764263,0.0001764263,0.000249504466219
77.1790148672,0.0001467193,0.0001467193,0.000207492423922
77.6245740037,0.0001220144,0.0001220144,0.000172554419285
78.0727053801,0.000104847,0.000104847,0.000148276049374
78.5234238462,9.00951e-05,9.00951e-05,0.000127413712323
78.9767443373,7.741875e-05,7.741875e-05,0.000109486646232
79.4326818752,6.652595e-05,6.652595e-05,9.40819007398e-05
79.8912515681,6.008187e-05,6.008187e-05,8.49685954067e-05
80.3524686117,5.426199e-05,5.426199e-05,7.67380421794e-05
80.8163482892,4.900586e-05,4.900586e-05,6.93047518478e-05
81.2829059723,4.425888e-05,4.425888e-05,6.25915083514e-05
81.7521571212,3.863632e-05,3.863632e-05,5.46400077442e-05
82.2241172855,3.372804e-05,3.372804e-05,4.76986516003e-05
82.6988021044,2.944329e-05,2.944329e-05,4.16391000389e-05
83.1762273076,2.570288e-05,2.570288e-05,3.6349361488e-05
83.6564087154,2.325321e-05,2.325321e-05,3.28850049507e-05
84.1393622397,2.103702e-05,2.103702e-05,2.97508389959e-05
84.625103884,1.903204e-05,1.903204e-05,2.69153690876e-05
85.1136497443,1.721815e-05,1.721815e-05,2.4350141249e-05
85.6050160094,1.485903e-05,1.485903e-05,2.10138417497e-05
86.0992189619,1.282315e-05,1.282315e-05,1.81346726423e-05
86.5962749779,1.106621e-05,1.106621e-05,1.56499842661e-05
87.0962005286,9.549989e-06,9.549989e-06,1.35057239643e-05
87.5990121797,8.374511e-06,8.374511e-06,1.18433470344e-05
88.1047265931,7.343718e-06,7.343718e-06,1.03855855938e-05
88.6133605264,6.439802e-06,6.439802e-06,9.1072553274e-06
89.1249308343,5.647146e-06,5.647146e-06,7.9862704619e-06
89.6394544686,5.172728e-06,5.172728e-06,7.31534209207e-06
90.1569484791,4.738167e-06,4.738167e-06,6.70078003219e-06
90.6774300139,4.340113e-06,4.340113e-06,6.13784666683e-06
91.2009163202,3.975499e-06,3.975499e-06,5.622204603e-06
91.7274247448,3.695394e-06,3.695394e-06,5.22607631311e-06
92.2569727344,3.435026e-06,3.435026e-06,4.8578603563e-06
92.7895778367,3.193002e-06,3.193002e-06,4.51558673308e-06
93.3252577005,2.96803e-06,2.96803e-06,4.19742827953e-06
93.8640300768,2.6856e-06,2.6856e-06,3.79801194311e-06
94.4059128186,2.430045e-06,2.430045e-06,3.43660259618e-06
94.9509238824,2.198808e-06,2.198808e-06,3.10958409465e-06
95.4990813282,1.989576e-06,1.989576e-06,2.81368536257e-06
96.0504033201,1.821913e-06,1.821913e-06,2.57657407406e-06
96.6049081274,1.668379e-06,1.668379e-06,2.35944420898e-06
97.1626141246,1.527783e-06,1.527783e-06,2.16061143896e-06
97.7235397923,1.399036e-06,1.399036e-06,1.97853568545e-06
98.287703718,1.295292e-06,1.295292e-06,1.83181951363e-06
98.8551245962,1.199242e-06,1.199242e-06,1.69598430097e-06
99.4258212296,1.110314e-06,1.110314e-06,1.57022111729e-06
99.9998125293,1.02798e-06,1.02798e-06,1.45378325785e-06
100.577117516,9.984401e-07,9.984401e-07,1.41200753064e-06
101.157755319,9.697485e-07,9.697485e-07,1.37143148079e-06
101.741745179,9.418815e-07,9.418815e-07,1.33202159145e-06
102.329106448,9.148154e-07,9.148154e-07,1.29374434575e-06
102.91985859,1.097732e-06,1.097732e-06,1.55242748225e-06
103.514021179,1.317224e-06,1.317224e-06,1.86283604548e-06
104.111613905,1.580602e-06,1.580602e-06,2.23530878511e-06
104.71265657,1.896643e-06,1.896643e-06,2.68225825358e-06
105.317169091,2.394904e-06,2.394904e-06,3.38690571738e-06
105.9251715,3.024061e-06,3.024061e-06,4.27666807964e-06
106.536683943,3.818502e-06,3.818502e-06,5.40017731635e-06
107.151726685,4.821646e-06,4.821646e-06,6.81883716616e-06
107.770320105,4.378168e-06,4.378168e-06,6.19166456395e-06
108.392484703,3.97548e-06,3.97548e-06,5.62217773294e-06
109.018241096,3.60983e-06,3.60983e-06,5.10507054386e-06
109.647610017,3.277811e-06,3.277811e-06,4.6355247711e-06
110.280612324,4.166497e-06,4.166497e-06,5.89231656499e-06
110.917268991,5.296126e-06,5.296126e-06,7.48985321724e-06
111.557601116,6.732022e-06,6.732022e-06,9.52051681459e-06
112.201629918,8.557221e-06,8.557221e-06,1.21017379944e-05
112.849376736,1.032606e-05,1.032606e-05,1.46032540979e-05
113.500863036,1.246053e-05,1.246053e-05,1.76218505204e-05
114.156110407,1.503621e-05,1.503621e-05,2.12644121087e-05
114.81514056,1.81443e-05,1.81443e-05,2.56599151398e-05
115.477975334,2.231495e-05,2.231495e-05,3.15581049337e-05
116.144636693,2.744428e-05,2.744428e-05,3.88120729856e-05
116.815146729,3.375262e-05,3.375262e-05,4.77334129696e-05
117.48952766,4.1511e-05,4.1511e-05,5.87054191877e-05
118.167801833,3.103349e-05,3.103349e-05,4.38879824458e-05
118.849991724,2.320053e-05,2.320053e-05,3.28105041802e-05
119.536119939,1.734464e-05,1.734464e-05,2.45290251225e-05
120.226209214,1.296679e-05,1.296679e-05,1.83378102784e-05
120.920282416,2.724466e-05,2.724466e-05,3.85297676742e-05
121.618362544,5.724405e-05,5.724405e-05,8.09553118752e-05
122.320472732,0.0001202761,0.0001202761,0.000170096091849
123.026636244,0.0002527134,0.0002527134,0.000357390717673
123.736876481,0.0004491631,0.0004491631,0.000635212547738
124.451216978,0.0007983253,0.0007983253,0.00112900246645
125.169681406,0.001418913,0.001418913,0.00200664600843
125.892293573,0.002521922,0.002521922,0.00356653629565
126.619077423,0.001574955,0.001574955,0.00222732272113
127.350057041,0.0009835684,0.0009835684,0.0013909757708
128.085256649,0.0006142441,0.0006142441,0.000868672336828
128.824700609,0.0003835988,0.0003835988,0.00054249062547
129.568413423,0.000304075,0.000304075,0.000430026988979
130.316419737,0.0002410372,0.0002410372,0.000340878077276
131.068744336,0.0001910678,0.0001910678,0.000270210674093
131.825412151,0.0001514576,0.0001514576,0.000214193392044
132.586448256,0.0001312745,0.0001312745,0.000185650178294
133.351877867,0.000113781,0.000113781,0.00016091063334
134.121726351,9.861866e-05,9.861866e-05,0.000139467846475
134.896019216,8.547681e-05,8.547681e-05,0.00012088246397
135.674782122,7.783883e-05,7.783883e-05,0.000110080729065
136.458040872,7.088337e-05,7.088337e-05,0.000100244223201
137.245821423,6.454943e-05,6.454943e-05,9.12866793495e-05
138.038149879,5.878148e-05,5.878148e-05,8.31295662324e-05
138.835052496,5.436985e-05,5.436985e-05,7.68905792542e-05
139.636555679,5.028932e-05,5.028932e-05,7.11198383865e-05
140.442685989,4.651504e-05,4.651504e-05,6.57822004223e-05
141.253470138,4.302403e-05,4.302403e-05,6.08451667339e-05
142.068934993,4.156616e-05,4.156616e-05,5.87834272078e-05
142.889107576,4.01577e-05,4.01577e-05,5.67915639737e-05
143.714015066,3.879696e-05,3.879696e-05,5.48671870108e-05
144.543684796,3.748233e-05,3.748233e-05,5.30080194353e-05
145.37814426,3.654257e-05,3.654257e-05,5.1678998098e-05
146.21742111,3.562638e-05,3.562638e-05,5.03833097743e-05
147.061543155,3.473315e-05,3.473315e-05,4.91200917939e-05
147.910538368,3.386232e-05,3.386232e-05,4.78885521974e-05
148.764434882,3.342832e-05,3.342832e-05,4.72747835113e-05
149.623260993,3.299988e-05,3.299988e-05,4.66688778527e-05
150.487045158,3.257693e-05,3.257693e-05,4.60707362265e-05
151.355816003,3.215941e-05,3.215941e-05,4.54802737799e-05
152.229602313,3.123249e-05,3.123249e-05,4.41694109447e-05
153.108433046,3.033229e-05,3.033229e-05,4.28963358958e-05
153.992337321,2.945804e-05,2.945804e-05,4.16599596889e-05
154.88134443,2.860897e-05,2.860897e-05,4.04591933795e-05
155.77548383,3.72229e-05,3.72229e-05,5.26411300109e-05
156.674785152,4.84304e-05,4.84304e-05,6.84909285112e-05
157.579278194,6.30124e-05,6.30124e-05,8.91129906777e-05
158.48899293,8.198492e-05,8.198492e-05,0.000115944185774
159.403959505,8.238893e-05,8.238893e-05,0.000116515542195
160.324208236,8.279492e-05,8.279492e-05,0.00011708969876
161.24976962,8.320293e-05,8.320293e-05,0.000117666712035
162.180674325,8.361294e-05,8.361294e-05,0.000118246553738
163.1169532,0.0001040307,0.0001040307,0.000147121626843
164.05863727,0.0001294343,0.0001294343,0.000183047742496
165.005757739,0.0001610413,0.0001610413,0.000227746790562
165.958345992,0.0002003666,0.0002003666,0.000283361163167
166.916433595,0.0003200687,0.0003200687,0.000452645496431
167.880052295,0.0005112825,0.0005112825,0.000723062645704
168.849234025,0.0008167303,0.0008167303,0.00115503106706
169.8240109,0.001304658,0.001304658,0.00184506503786
170.804415221,0.0007148375,0.0007148375,0.00101093288739
171.790479475,0.0003916679,0.0003916679,0.000553902056126
172.782236339,0.0002145995,0.0002145995,0.000303489523378
173.779718674,0.0001175816,0.0001175816,0.000166285493406
174.782959536,6.846626e-05,6.846626e-05,9.6825913457e-05
175.791992169,3.986705e-05,3.986705e-05,5.63805228018e-05
176.806850008,2.321408e-05,2.321408e-05,3.2829666774e-05
177.827566682,1.351726e-05,1.351726e-05,1.91162924181e-05
178.854176016,1.175917e-05,1.175917e-05,1.66299776963e-05
179.886712028,1.022974e-05,1.022974e-05,1.44670370476e-05
180.925208934,8.899227e-06,8.899227e-06,1.2585407518e-05
181.969701144,7.741766e-06,7.741766e-06,1.09485104739e-05
183.020223272,1.880731e-05,1.880731e-05,2.65975528738e-05
184.076810128,4.568916e-05,4.568916e-05,6.46142297254e-05
185.139496723,0.0001109941,0.0001109941,0.000156969361563
186.208318273,0.0002696413,0.0002696413,0.000381330383436
187.283310195,0.0003115594,0.0003115594,0.000440611528965
188.36450811,0.0003599939,0.0003599939,0.000509108255752
189.451947847,0.000415958,0.000415958,0.000588253444978
190.545665439,0.0004806224,0.0004806224,0.00067970271646
191.645697129,0.000415906,0.000415906,0.000588179905872
192.752079368,0.0003599038,0.0003599038,0.00050898083511
193.86484882,0.0003114423,0.0003114423,0.000440445924557
194.984042357,0.0002695062,0.0002695062,0.000381139323184
196.109697066,0.0002637833,0.0002637833,0.000373045920388
197.241850248,0.0002581818,0.0002581818,0.000365124203118
198.38053942,0.0002526994,0.0002526994,0.000357370918684
199.525802313,0.0002473333,0.0002473333,0.000349782107286
200.677676878,0.0002914609,0.0002914609,0.000412187957681
201.836201285,0.0003434615,0.0003434615,0.000485727911453
203.001413923,0.0004047397,0.0004047397,0.000572388372971
204.173353405,0.0004769507,0.0004769507,0.000674510148523
205.352058565,0.0003234007,0.0003234007,0.000457357656021
206.537568461,0.0002192848,0.0002192848,0.000310115538182
207.729922378,0.000148688,0.000148688,0.000210276586162
208.929159826,0.0001008193,0.0001008193,0.000142580021409
210.135320544,0.000188057,0.000188057,0.000265952759899
211.348444502,0.0003507805,0.0003507805,0.000496078540516
212.568571898,0.0006543066,0.0006543066,0.00092532926767
213.795743164,0.00122047,0.00122047,0.00172600522647
215.029998963,0.0009986993,0.0009986993,0.00141237409479
216.271380197,0.0008172262,0.0008172262,0.00115573237557
217.519927999,0.0006687285,0.0006687285,0.000945724914245
218.775683744,0.0005472144,0.0005472144,0.000773878026006
220.038689043,0.0003965507,0.0003965507,0.000560807378109
221.308985748,0.0002873691,0.0002873691,0.000406401278627
222.586615953,0.0002082482,0.0002082482,0.00029450742878
223.871621995,0.0001509115,0.0001509115,0.000213421090018
225.164046454,0.0001202656,0.0001202656,0.000170081242607
226.463932159,9.584294e-05,9.584294e-05,0.000135542385606
227.771322182,7.63799e-05,7.63799e-05,0.000108017490473
229.086259848,6.086924e-05,6.086924e-05,8.60821047393e-05
230.408788728,4.831093e-05,4.831093e-05,6.83219724169e-05
231.738952648,3.834361e-05,3.834361e-05,5.42260532923e-05
233.076795685,3.04327e-05,3.04327e-05,4.30383370796e-05
234.422362171,2.415392e-05,2.415392e-05,3.41588012485e-05
235.775696694,1.893844e-05,1.893844e-05,2.67829986982e-05
237.136844099,1.484912e-05,1.484912e-05,2.09998268933e-05
238.505849491,1.16428e-05,1.16428e-05,1.6465405664e-05
239.882758234,9.128802e-06,9.128802e-06,1.29100755966e-05
241.267615955,7.063619e-06,7.063619e-06,9.98946578924e-06
242.660468543,5.465637e-06,5.465637e-06,7.72957797241e-06
244.061362154,4.229161e-06,4.229161e-06,5.98093684366e-06
245.470343209,3.27241e-06,3.27241e-06,4.62788660365e-06
246.887458397,2.698298e-06,2.698298e-06,3.81596962692e-06
248.312754677,2.224908e-06,2.224908e-06,3.14649506863e-06
249.746279278,1.83457e-06,1.83457e-06,2.59447377512e-06
251.188079705,1.512713e-06,1.512713e-06,2.13929924058e-06
252.638203732,1.390299e-06,1.390299e-06,1.96617970155e-06
254.096699414,1.277791e-06,1.277791e-06,1.80706936208e-06
255.56361508,1.174388e-06,1.174388e-06,1.66083543709e-06
257.038999339,1.079352e-06,1.079352e-06,1.52643423697e-06
258.522901081,1.265438e-06,1.265438e-06,1.78959958194e-06
260.015369477,1.483606e-06,1.483606e-06,2.09813572642e-06
261.516453985,1.739387e-06,1.739387e-06,2.45986468562e-06
263.026204344,2.039267e-06,2.039267e-06,2.8839590487e-06
264.544670583,2.737735e-06,2.737735e-06,3.87174196718e-06
266.071903021,3.675436e-06,3.675436e-06,5.19785143883e-06
267.607952264,4.934308e-06,4.934308e-06,6.97816529453e-06
269.152869212,6.624357e-06,6.624357e-06,9.3682555114e-06
270.70670506,1.026404e-05,1.026404e-05,1.45155445727e-05
272.269511296,1.590352e-05,1.590352e-05,2.24909736735e-05
273.841339708,2.464155e-05,2.464155e-05,3.48484142079e-05
275.42224238,3.81806e-05,3.81806e-05,5.39955223395e-05
277.0122717,8.652018e-05,8.652018e-05,0.000122358011975
278.611480355,0.0001960614,0.0001960614,0.000277272690938
280.219921339,0.0004442903,0.0004442903,0.000628321367891
281.83764795,0.001006796,0.001006796,0.00142382455774
283.464713795,0.0008578384,0.0008578384,0.0012131666996
285.10117279,0.0007309194,0.0007309194,0.00103367612848
286.747079163,0.0006227783,0.0006227783,0.000880741518212
288.402487452,0.0005306371,0.0005306371,0.000750434183518
290.067452514,0.0004708701,0.0004708701,0.000665910881536
291.74202952,0.0004178348,0.0004178348,0.000590907640991
293.426273962,0.0003707731,0.0003707731,0.000524352346583
295.120241648,0.000329012,0.000329012,0.000465293232583
296.823988713,0.0003364659,0.0003364659,0.000475834639056
298.537571612,0.0003440887,0.0003440887,0.000486614906199
300.26104713,0.0003518842,0.0003518842,0.000497639408025
301.994472377,0.0003598563,0.0003598563,0.000508913659965
303.737904793,0.000574223,0.000574223,0.000812073954427
305.49140215,0.0009162881,0.0009162881,0.00129582705806
307.255022553,0.001462122,0.001462122,0.00206775276224
309.028824445,0.002333108,0.002333108,0.00329951297608
310.812866602,0.001414761,0.001414761,0.00200077419372
312.607208143,0.0008578892,0.0008578892,0.00121323854165
314.411908526,0.0005202108,0.0005202108,0.000735689168653
316.227027554,0.0003154476,0.0003154476,0.000446110274138
318.052625375,0.0001874619,0.0001874619,0.000265111161408
319.888762483,0.0001114035,0.0001114035,0.000157548340596
321.735499721,6.620402e-05,6.620402e-05,9.36266229676e-05
323.592898286,3.934323e-05,3.934323e-05,5.56397294536e-05
325.461019725,5.663277e-05,5.663277e-05,8.00908314088e-05
327.339925943,8.152026e-05,8.152026e-05,0.0001152870573
329.2296792,0.0001173447,0.0001173447,0.000165950466213
331.130342118,0.0001689123,0.0001689123,0.000238878065512
333.041977678,0.0002432327,0.0002432327,0.000343982983153
334.964649226,0.0003502537,0.0003502537,0.000495333532811
336.898420474,0.0005043633,0.0005043633,0.000713277419223
338.8433555,0.0007262804,0.0007262804,0.00102711559177
340.799518754,0.000786853,0.000786853,0.00111277818419
342.766975058,0.0008524775,0.0008524775,0.00120558524212
344.745789606,0.0009235751,0.0009235751,0.00130613243229
346.73602797,0.001000603,0.001000603,0.00141506633315
348.737756102,0.0006943159,0.0006943159,0.000981910962351
350.751040331,0.0004817841,0.0004817841,0.000681345608356
352.775947373,0.0003343088,0.0003343088,0.000472784038981
354.812544325,0.0002319761,0.0002319761,0.000328063746766
356.860898676,0.0001794628,0.0001794628,0.000253798725701
358.9210783,0.0001388371,0.0001388371,0.000196345309781
360.993151467,0.000107408,0.000107408,0.000151897850307
363.077186837,8.309365e-05,8.309365e-05,0.000117512166777
365.173253471,6.524901e-05,6.524901e-05,9.22760348734e-05
367.281420824,5.123657e-05,5.123657e-05,7.24594521835e-05
369.401758755,4.023335e-05,4.023335e-05,5.68985492297e-05
371.534337526,3.15931e-05,3.15931e-05,4.46793904974e-05
373.679227803,2.52446e-05,2.52446e-05,3.57012556967e-05
375.836500662,2.01718e-05,2.01718e-05,2.85272331375e-05
378.006227589,1.611836e-05,1.611836e-05,2.27948033152e-05
380.18848048,1.287944e-05,1.287944e-05,1.82142787238e-05
382.38333165,1.167348e-05,1.167348e-05,1.65087937361e-05
384.590853829,1.058044e-05,1.058044e-05,1.49630017439e-05
386.811120167,9.589748e-06,9.589748e-06,1.35619516813e-05
389.044204238,8.691817e-06,8.691817e-06,1.22920854831e-05
391.290180039,1.136426e-05,1.136426e-05,1.60714906183e-05
393.549121994,1.485838e-05,1.485838e-05,2.10129225109e-05
395.821104958,1.942682e-05,1.942682e-05,2.74736723178e-05
398.106204217,2.539992e-05,2.539992e-05,3.59209113472e-05
400.404495494,3.018021e-05,3.018021e-05,4.26812622973e-05
402.716054945,3.586015e-05,3.586015e-05,5.07139104787e-05
405.04095917,4.260906e-05,4.260906e-05,6.0258310532e-05
407.379285207,5.062814e-05,5.062814e-05,7.15990022257e-05
409.731110543,4.717043e-05,4.717043e-05,6.6709061849e-05
412.096513109,4.394886e-05,4.394886e-05,6.21530738628e-05
414.475571287,4.094732e-05,4.094732e-05,5.79082552868e-05
416.868363913,3.815079e-05,3.815079e-05,5.39533646332e-05
419.274970276,3.860557e-05,3.860557e-05,5.45965206771e-05
421.695470124,3.906577e-05,3.906577e-05,5.52473417585e-05
424.129943664,3.953146e-05,3.953146e-05,5.59059268724e-05
426.578471567,4.000269e-05,4.000269e-05,5.65723467294e-05
429.041134971,4.780779e-05,4.780779e-05,6.76104250051e-05
431.51801548,5.713578e-05,5.713578e-05,8.08021949728e-05
434.00919517,6.82838e-05,6.82838e-05,9.65678760504e-05
436.514756592,8.160695e-05,8.160695e-05,0.000115409655474
439.034782772,0.0001285362,0.0001285362,0.000181777637296
441.569357216,0.0002024528,0.0002024528,0.0002863114955
444.118563912,0.0003188761,0.0003188761,0.000450958905337
446.682487334,0.0005022502,0.0005022502,0.000710289044545
449.26121244,0.0003469685,0.0003469685,0.000490687558416
451.854824684,0.0002396956,0.0002396956,0.000338980768361
454.463410008,0.0001655885,0.0001655885,0.000234177502473
457.087054853,0.0001143931,0.0001143931,0.000161776273462
459.72584616,0.0002775495,0.0002775495,0.00039251426713
462.379871368,0.0006734122,0.0006734122,0.000952348666308
465.049218426,0.001633885,0.001633885,0.00231066232636
467.733975785,0.003964262,0.003964262,0.0056063130852
470.434232413,0.007722659,0.007722659,0.0109214890954
473.150077785,0.01504428,0.01504428,0.0212758248121
475.881601898,0.02930731,0.02930731,0.0414467952787
478.628895265,0.05709272,0.05709272,0.0807412989368
481.392048923,0.04037816,0.04037816,0.0571033414957
484.171154435,0.02855698,0.02855698,0.0403856684164
486.966303892,0.02019659,0.02019659,0.0285622914917
489.777589916,0.0142838,0.0142838,0.0202003436822
492.605105665,0.01115784,0.01115784,0.0157795686548
495.448944835,0.00871598,0.00871598,0.0123262571254
498.30920166,0.006808515,0.006808515,0.00962869425262
501.185970921,0.00531849,0.00531849,0.00752148068935
504.079347946,0.005046355,0.005046355,0.00713662368155
506.989428613,0.004788144,0.004788144,0.0067714581834
509.916309351,0.004543144,0.004543144,0.00642497586061
512.86008715,0.004310681,0.004310681,0.00609622353326
515.820859556,0.006128541,0.006128541,0.00866706579976
518.798724681,0.008713013,0.008713013,0.0123220611537
521.793781203,0.01238738,0.01238738,0.0175184007983
524.806128367,0.01761127,0.01761127,0.0249060968846
527.835865994,0.01806086,0.01806086,0.0255419131601
530.883094481,0.01852192,0.01852192,0.0261939504652
533.947914803,0.01899476,0.01899476,0.026862647206
537.030428518,0.01947967,0.01947967,0.0275484135046
540.130737772,0.01466826,0.01466826,0.0207440522284
543.248945299,0.01104525,0.01104525,0.0156203423498
546.385154428,0.008317117,0.008317117,0.0117621796612
549.539469082,0.00626282,0.00626282,0.0088569649827
552.711993787,0.008999771,0.008999771,0.0127275982065
555.902833669,0.01293281,0.01293281,0.0182897553016
559.112094463,0.01858466,0.01858466,0.0262826782241
562.339882514,0.02670644,0.02670644,0.0377686096507
565.586304782,0.03784637,0.03784637,0.0535228497406
568.851468843,0.05363305,0.05363305,0.0758485867014
572.135482894,0.07600474,0.07600474,0.107486934113
575.438455757,0.1077083,0.1077083,0.15232253864
578.760496883,0.0757937,0.0757937,0.107188478482
582.101716354,0.05333558,0.05333558,0.075427900593
585.462224888,0.03753193,0.03753193,0.053078164428
588.842133841,0.026411,0.026411,0.0373507943958
592.241555215,0.0252656,0.0252656,0.0357309541815
595.660601653,0.02416988,0.02416988,0.0341813720969
599.099386455,0.02312168,0.02312168,0.0326989934409
602.55802357,0.02211893,0.02211893,0.0312808907912
606.036627607,0.01629775,0.01629775,0.0230484990862
609.535313836,0.01200857,0.01200857,0.0169826825587
613.054198193,0.008848194,0.008848194,0.0125132359573
616.593397283,0.006519559,0.006519559,0.00922004875849
620.153028384,0.004975159,0.004975159,0.00703593733276
623.733209451,0.003796607,0.003796607,0.0053692131104
627.334059121,0.00289724,0.00289724,0.00409731610145
630.955696715,0.00221092,0.00221092,0.00312671304932
634.598242242,0.001714115,0.001714115,0.00242412468047
638.261816405,0.001328945,0.001328945,0.00187941204265
641.946540605,0.001030324,0.001030324,0.00145709817444
645.652536941,0.0007988056,0.0007988056,0.00112968171322
649.379928219,0.0006489289,0.0006489289,0.000917724051396
653.128837952,0.0005271729,0.0005271729,0.000745535064896
656.89939037,0.0004282616,0.0004282616,0.000605653362964
660.691710415,0.0003479086,0.0003479086,0.000492017060586
664.505923754,0.0004425838,0.0004425838,0.000625908012447
668.342156778,0.0005630227,0.0005630227,0.000796234338264
672.200536608,0.0007162362,0.0007162362,0.0010129109479
676.081191098,0.0009111431,0.0009111431,0.00128855092928
679.984248843,0.0007394027,0.0007394027,0.0010456733264
683.909839177,0.0006000334,0.0006000334,0.000848575372157
687.858092182,0.0004869337,0.0004869337,0.000688628242517
691.829138692,0.0003951521,0.0003951521,0.00055882945902
695.823110294,0.0002197997,0.0002197997,0.000310843716746
699.840139336,0.0001222616,0.0001222616,0.000172904012877
703.880358931,6.80069e-05,6.80069e-05,9.6176280315e-05
707.943902959,3.78282e-05,3.78282e-05,5.34971534802e-05
712.030906073,3.608978e-05,3.608978e-05,5.10386563391e-05
716.141503704,3.443124e-05,3.443124e-05,4.86931265773e-05
720.275832064,3.284893e-05,3.284893e-05,4.64554023154e-05
724.434028153,3.133932e-05,3.133932e-05,4.43204913796e-05
728.616229761,3.824991e-05,3.824991e-05,5.40935414816e-05
732.822575472,4.668435e-05,4.668435e-05,6.60216409206e-05
737.053204672,5.697865e-05,5.697865e-05,8.05799795957e-05
741.308257551,6.954293e-05,6.954293e-05,9.83485547732e-05
745.587875109,5.281248e-05,5.281248e-05,7.46881254786e-05
749.892199159,4.010699e-05,4.010699e-05,5.6719849204e-05
754.221372332,3.045816e-05,3.045816e-05,4.30743429569e-05
758.575538085,2.313061e-05,2.313061e-05,3.2711622368e-05
762.954840701,6.621216e-05,6.621216e-05,9.3638134666e-05
767.359425297,0.0001895346,0.0001895346,0.000268042401859
771.789437827,0.0005425493,0.0005425493,0.000767280578316
776.245025089,0.001553066,0.001553066,0.00219636700046
780.726334726,0.0007702969,0.0007702969,0.00108936432303
785.233515235,0.0003820554,0.0003820554,0.000540307928258
789.766715971,0.0001894936,0.0001894936,0.000267984419103
794.32608715,9.398592e-05,9.398592e-05,0.000132916162736
798.911779856,6.123729e-05,6.123729e-05,8.6602606041e-05
803.523946043,3.989966e-05,3.989966e-05,5.64266403061e-05
808.162738546,2.599695e-05,2.599695e-05,3.67652392703e-05
812.82831108,1.693852e-05,1.693852e-05,2.39546847105e-05
817.520818247,2.136511e-05,2.136511e-05,3.02148283236e-05
822.240415543,2.694851e-05,2.694851e-05,3.81109483277e-05
826.98725936,3.399103e-05,3.399103e-05,4.8070575625e-05
831.761506995,4.287397e-05,4.287397e-05,6.06329498468e-05
836.563316651,4.882344e-05,4.882344e-05,6.90467710097e-05
841.392847445,5.55985e-05,5.55985e-05,7.86281527476e-05
846.250259414,6.331371e-05,6.331371e-05,8.95391073662e-05
851.135713517,7.209956e-05,7.209956e-05,0.000101964175593
856.049371643,0.0001116509,0.0001116509,0.000157898217031
860.991396616,0.0001728988,0.0001728988,0.000244515827878
865.961952199,0.0002677453,0.0002677453,0.000378649034522
870.9612031,0.0004146213,0.0004146213,0.000586363065709
875.989314981,0.0007739296,0.0007739296,0.00109450173664
881.046454456,0.001444612,0.001444612,0.00204298988277
886.132789105,0.002696505,0.002696505,0.00381343394201
891.248487472,0.005033283,0.005033283,0.00711813708186
896.393719077,0.007230268,0.007230268,0.0102251430652
901.568654415,0.01038622,0.01038622,0.0146883331858
906.77346497,0.01491971,0.01491971,0.0210996562287
912.008323211,0.02143204,0.02143204,0.0303094816373
917.273402607,0.02173911,0.02173911,0.0307437441959
922.568877626,0.02205058,0.02205058,0.0311842292942
927.894923743,0.02236652,0.02236652,0.0316310359271
933.251717448,0.02268699,0.02268699,0.0320842489474
938.639436248,0.02050203,0.02050203,0.0289942488822
944.058258676,0.01852751,0.01852751,0.026201855919
949.508364294,0.01674315,0.01674315,0.0236783898068
954.989933703,0.01513064,0.01513064,0.0213979562954
960.503148545,0.0183629,0.0183629,0.0259690622245
966.04819151,0.02228565,0.02228565,0.0315166684763
971.625246345,0.0270464,0.0270464,0.0382493856934
977.234497856,0.03282415,0.03282415,0.0464203581034
982.876131917,0.02458706,0.02458706,0.0347713537109
988.550335473,0.01841703,0.01841703,0.0260456136046
994.257296551,0.01379535,0.01379535,0.0195095710677
999.997204261,0.01033346,0.01033346,0.0146137192782
