#I+8.670000E+02
+3.000000E+00
+8.010000E+02
+8.010000E+02
+1.000000E+01
+1.000000E+00
+3.000000E+00
+0.000000E+00
+1.000000E+00
+1.000000E+00
+1.000000E+00
+1.000000E+00
+2.497000E+03
-1.092400E+04
+2.025600E+04
-1.299100E+04
-1.119200E+04
+0.000000E+00
+0.000000E+00
+0.000000E+00
+0.000000E+00
+0.000000E+00
+0.000000E+00
+0.000000E+00
+0.000000E+00
+0.000000E+00
+0.000000E+00
+0.000000E+00
+0.000000E+00
+0.000000E+00
+0.000000E+00
+0.000000E+00
+0.000000E+00
+0.000000E+00
+0.000000E+00
+0.000000E+00
+1.000000E+00
+0.000000E+00
+1.000000E+00
+0.000000E+00
+0.000000E+00
+1.000000E+00
+0.000000E+00
+0.000000E+00
+2.000000E+00
+3.000000E+00
+4.500000E+01
+4.500000E+01
+0.000000E+00
+0.000000E+00
+2.000000E+00
+0.000000E+00
+0.000000E+00
+0.000000E+00
+0.000000E+00
+0.000000E+00
+2.499999E-03
+3.990524E-03
+0.000000E+00
+0.000000E+00
+0.000000E+00
+1.000000E+00
+1.000000E+00
+0.000000E+00
+0.000000E+00
+9.9999904632568339E+00
+9.9999904632568339E+00
+6.225552E-11
+6.965116E-11
+7.792536E-11
+8.718250E-11
+9.753937E-11
+9.813468E-11
+9.873362E-11
+9.933622E-11
+9.994254E-11
+5.928364E-11
+3.516572E-11
+2.085950E-11
+1.237338E-11
+1.310872E-11
+1.388776E-11
+1.471310E-11
+1.558749E-11
+1.879143E-11
+2.265393E-11
+2.731034E-11
+3.292386E-11
+2.362886E-11
+1.695800E-11
+1.217045E-11
+8.734508E-12
+1.500355E-11
+2.577208E-11
+4.426953E-11
+7.604325E-11
+6.444015E-11
+5.460751E-11
+4.627519E-11
+3.921425E-11
+3.842726E-11
+3.765607E-11
+3.690035E-11
+3.615981E-11
+3.663029E-11
+3.710689E-11
+3.758968E-11
+3.807877E-11
+4.492379E-11
+5.299926E-11
+6.252639E-11
+7.376612E-11
+8.550698E-11
+9.911655E-11
+1.148923E-10
+1.331789E-10
+1.275253E-10
+1.221118E-10
+1.169280E-10
+1.119644E-10
+8.214096E-11
+6.026147E-11
+4.420993E-11
+3.243394E-11
+5.075396E-11
+7.942187E-11
+1.242826E-10
+1.944825E-10
+1.716304E-10
+1.514635E-10
+1.336663E-10
+1.179602E-10
+1.392750E-10
+1.644412E-10
+1.941549E-10
+2.292376E-10
+1.535790E-10
+1.028911E-10
+6.893243E-11
+4.618163E-11
+4.791198E-11
+4.970715E-11
+5.156960E-11
+5.350183E-11
+6.139369E-11
+7.044966E-11
+8.084144E-11
+9.276611E-11
+6.199075E-11
+4.142518E-11
+2.768228E-11
+1.849862E-11
+3.410486E-11
+6.287722E-11
+1.159232E-10
+2.137211E-10
+2.482047E-10
+2.882522E-10
+3.347613E-10
+3.887746E-10
+9.941174E-11
+2.542011E-11
+6.500059E-12
+1.662098E-12
+3.514390E-12
+7.430932E-12
+1.571218E-11
+3.322231E-11
+4.971708E-11
+7.440143E-11
+1.113415E-10
+1.666221E-10
+9.656577E-11
+5.596464E-11
+3.243427E-11
+1.879726E-11
+3.176297E-11
+5.367199E-11
+9.069312E-11
+1.532502E-10
+2.073943E-10
+2.806678E-10
+3.798292E-10
+5.140249E-10
+4.233237E-10
+3.486270E-10
+2.871107E-10
+2.364491E-10
+1.940059E-10
+1.591813E-10
+1.306079E-10
+1.071634E-10
+1.188030E-10
+1.317068E-10
+1.460122E-10
+1.618713E-10
+1.574229E-10
+1.530966E-10
+1.488893E-10
+1.447976E-10
+1.163069E-10
+9.342213E-11
+7.504021E-11
+6.027514E-11
+8.131196E-11
+1.096909E-10
+1.479745E-10
+1.996195E-10
+2.289269E-10
+2.625371E-10
+3.010818E-10
+3.452856E-10
+3.583622E-10
+3.719339E-10
+3.860197E-10
+4.006387E-10
+3.585328E-10
+3.208520E-10
+2.871314E-10
+2.569547E-10
+2.532391E-10
+2.495772E-10
+2.459684E-10
+2.424118E-10
+2.897459E-10
+3.463226E-10
+4.139468E-10
+4.947756E-10
+5.194343E-10
+5.453220E-10
+5.724999E-10
+6.010326E-10
+6.183619E-10
+6.361910E-10
+6.545341E-10
+6.734059E-10
+7.195686E-10
+7.688958E-10
+8.216044E-10
+8.779262E-10
+7.583805E-10
+6.551132E-10
+5.659075E-10
+4.888487E-10
+5.831251E-10
+6.955830E-10
+8.297289E-10
+9.897458E-10
+9.538361E-10
+9.192292E-10
+8.858779E-10
+8.537367E-10
+8.825235E-10
+9.122809E-10
+9.430416E-10
+9.748402E-10
+1.106043E-09
+1.254905E-09
+1.423801E-09
+1.615429E-09
+1.474965E-09
+1.346715E-09
+1.229616E-09
+1.122699E-09
+1.128730E-09
+1.134793E-09
+1.140888E-09
+1.147016E-09
+1.305819E-09
+1.486607E-09
+1.692425E-09
+1.926739E-09
+1.869630E-09
+1.814214E-09
+1.760440E-09
+1.708260E-09
+2.105310E-09
+2.594646E-09
+3.197718E-09
+3.940961E-09
+3.628535E-09
+3.340877E-09
+3.076024E-09
+2.832168E-09
+2.529637E-09
+2.259423E-09
+2.018073E-09
+1.802503E-09
+2.177688E-09
+2.630966E-09
+3.178592E-09
+3.840205E-09
+3.740249E-09
+3.642895E-09
+3.548076E-09
+3.455724E-09
+4.515914E-09
+5.901362E-09
+7.711856E-09
+1.007780E-08
+9.855821E-09
+9.638734E-09
+9.426429E-09
+9.218800E-09
+9.576949E-09
+9.949012E-09
+1.033553E-08
+1.073706E-08
+1.390865E-08
+1.801708E-08
+2.333909E-08
+3.023315E-08
+3.175777E-08
+3.335927E-08
+3.504153E-08
+3.680862E-08
+4.955353E-08
+6.671134E-08
+8.981000E-08
+1.209065E-07
+1.541883E-07
+1.966316E-07
+2.507581E-07
+3.197841E-07
+3.671855E-07
+4.216131E-07
+4.841086E-07
+5.558676E-07
+7.802411E-07
+1.095182E-06
+1.537247E-06
+2.157750E-06
+3.471077E-06
+5.583768E-06
+8.982362E-06
+1.444954E-05
+1.382535E-05
+1.322812E-05
+1.265669E-05
+1.210995E-05
+7.324982E-06
+4.430685E-06
+2.680003E-06
+1.621062E-06
+1.383424E-06
+1.180621E-06
+1.007549E-06
+8.598483E-07
+8.020464E-07
+7.481301E-07
+6.978382E-07
+6.509273E-07
+7.180685E-07
+7.921351E-07
+8.738415E-07
+9.639755E-07
+9.986984E-07
+1.034672E-06
+1.071942E-06
+1.110553E-06
+1.195289E-06
+1.286489E-06
+1.384648E-06
+1.490297E-06
+1.643086E-06
+1.811539E-06
+1.997262E-06
+2.202027E-06
+2.410467E-06
+2.638638E-06
+2.888407E-06
+3.161820E-06
+3.635260E-06
+4.179592E-06
+4.805430E-06
+5.524977E-06
+6.516732E-06
+7.686511E-06
+9.066269E-06
+1.069370E-05
+1.284007E-05
+1.541725E-05
+1.851170E-05
+2.222726E-05
+2.748327E-05
+3.398214E-05
+4.201778E-05
+5.195358E-05
+6.890419E-05
+9.138517E-05
+1.212009E-04
+1.607444E-04
+1.981468E-04
+2.442521E-04
+3.010854E-04
+3.711428E-04
+4.281613E-04
+4.939395E-04
+5.698232E-04
+6.573650E-04
+7.416939E-04
+8.368408E-04
+9.441935E-04
+1.065317E-03
+1.136642E-03
+1.212742E-03
+1.293937E-03
+1.380567E-03
+1.415787E-03
+1.451905E-03
+1.488944E-03
+1.526927E-03
+1.432625E-03
+1.344147E-03
+1.261134E-03
+1.183247E-03
+8.280481E-04
+5.794765E-04
+4.055235E-04
+2.837895E-04
+2.152039E-04
+1.631940E-04
+1.237537E-04
+9.384521E-05
+7.956564E-05
+6.745886E-05
+5.719427E-05
+4.849153E-05
+4.138018E-05
+3.531171E-05
+3.013320E-05
+2.571413E-05
+2.244349E-05
+1.958885E-05
+1.709729E-05
+1.492264E-05
+1.276996E-05
+1.092782E-05
+9.351419E-06
+8.002423E-06
+6.716059E-06
+5.636473E-06
+4.730427E-06
+3.970025E-06
+3.654330E-06
+3.363738E-06
+3.096255E-06
+2.850041E-06
+2.411525E-06
+2.040480E-06
+1.726526E-06
+1.460877E-06
+1.342034E-06
+1.232858E-06
+1.132565E-06
+1.040430E-06
+9.821488E-07
+9.271324E-07
+8.751979E-07
+8.261724E-07
+9.196955E-07
+1.023805E-06
+1.139701E-06
+1.268716E-06
+1.569179E-06
+1.940800E-06
+2.400430E-06
+2.968912E-06
+3.591291E-06
+4.344140E-06
+5.254810E-06
+6.356385E-06
+7.174800E-06
+8.098590E-06
+9.141322E-06
+1.031831E-05
+8.945419E-06
+7.755196E-06
+6.723337E-06
+5.828770E-06
+7.824153E-06
+1.050263E-05
+1.409803E-05
+1.892427E-05
+2.072135E-05
+2.268909E-05
+2.484368E-05
+2.720288E-05
+2.708221E-05
+2.696207E-05
+2.684247E-05
+2.672339E-05
+4.631296E-05
+8.026267E-05
+1.390992E-04
+2.410660E-04
+4.064722E-04
+6.853712E-04
+1.155636E-03
+1.948570E-03
+2.657983E-03
+3.625673E-03
+4.945667E-03
+6.746233E-03
+1.094145E-02
+1.774551E-02
+2.878074E-02
+4.667836E-02
+2.851845E-02
+1.742353E-02
+1.064502E-02
+6.503643E-03
+5.471979E-03
+4.603968E-03
+3.873648E-03
+3.259177E-03
+2.564216E-03
+2.017444E-03
+1.587260E-03
+1.248805E-03
+1.140045E-03
+1.040757E-03
+9.501156E-04
+8.673685E-04
+8.004195E-04
+7.386380E-04
+6.816252E-04
+6.290132E-04
+6.116410E-04
+5.947485E-04
+5.783227E-04
+5.623505E-04
+5.524356E-04
+5.426955E-04
+5.331271E-04
+5.237274E-04
+5.188119E-04
+5.139426E-04
+5.091189E-04
+5.043405E-04
+5.051086E-04
+5.058779E-04
+5.066483E-04
+5.074198E-04
+4.090853E-04
+3.298073E-04
+2.658929E-04
+2.143647E-04
+1.671854E-04
+1.303897E-04
+1.016923E-04
+7.931095E-05
+2.428608E-04
+7.436721E-04
+2.277223E-03
+6.973168E-03
+2.225599E-02
+7.103357E-02
+2.267151E-01
+7.235979E-01
+6.677966E-01
+6.162984E-01
+5.687717E-01
+5.249098E-01
+6.000001E-01
+6.858324E-01
+7.839433E-01
+8.960898E-01
+4.782768E-01
+2.552743E-01
+1.362495E-01
+7.272148E-02
+1.361865E-01
+2.550384E-01
+4.776139E-01
+8.944342E-01
+5.323770E-01
+3.168766E-01
+1.886084E-01
+1.122618E-01
+4.463462E-02
+1.774646E-02
+7.055884E-03
+2.805375E-03
+1.030903E-03
+3.788301E-04
+1.392103E-04
+5.115615E-05
+2.352294E-04
+1.081647E-03
+4.973697E-03
+2.287038E-02
+3.071060E-02
+4.123853E-02
+5.537555E-02
+7.435890E-02
+1.033519E-01
+1.436495E-01
+1.996593E-01
+2.775078E-01
+2.067541E-01
+1.540398E-01
+1.147656E-01
+8.550481E-02
+5.721444E-02
+3.828430E-02
+2.561744E-02
+1.714157E-02
+1.279823E-02
+9.555405E-03
+7.134250E-03
+5.326568E-03
+4.384862E-03
+3.609644E-03
+2.971480E-03
+2.446139E-03
+2.120355E-03
+1.837960E-03
+1.593176E-03
+1.380992E-03
+1.219440E-03
+1.076787E-03
+9.508213E-04
+8.395914E-04
+7.478436E-04
+6.661218E-04
+5.933302E-04
+5.284930E-04
+4.801599E-04
+4.362471E-04
+3.963503E-04
+3.601023E-04
+3.358204E-04
+3.131759E-04
+2.920583E-04
+2.723647E-04
+2.608661E-04
+2.498530E-04
+2.393048E-04
+2.292019E-04
+2.255030E-04
+2.218639E-04
+2.182834E-04
+2.147608E-04
+2.209940E-04
+2.274080E-04
+2.340082E-04
+2.408000E-04
+1.683306E-04
+1.176711E-04
+8.225764E-05
+5.750196E-05
+6.646712E-05
+7.683005E-05
+8.880866E-05
+1.026549E-04
+1.230254E-04
+1.474382E-04
+1.766953E-04
+2.117582E-04
+2.750008E-04
+3.571311E-04
+4.637900E-04
+6.023031E-04
+4.046060E-04
+2.718001E-04
+1.825858E-04
+1.226546E-04
+8.306972E-05
+5.626024E-05
+3.810311E-05
+2.580590E-05
+2.305703E-05
+2.060098E-05
+1.840654E-05
+1.644586E-05
+2.919681E-05
+5.183394E-05
+9.202229E-05
+1.633700E-04
+3.034483E-04
+5.636343E-04
+1.046912E-03
+1.944567E-03
+1.004901E-03
+5.193066E-04
+2.683641E-04
+1.386835E-04
+8.526133E-05
+5.241787E-05
+3.222602E-05
+1.981225E-05
+2.265862E-05
+2.591391E-05
+2.963689E-05
+3.389474E-05
+2.861761E-05
+2.416209E-05
+2.040026E-05
+1.722411E-05
+1.691811E-05
+1.661755E-05
+1.632233E-05
+1.603236E-05
+1.687797E-05
+1.776819E-05
+1.870536E-05
+1.969196E-05
+4.483174E-05
+1.020663E-04
+2.323694E-04
+5.290245E-04
+6.564566E-04
+8.145847E-04
+1.010803E-03
+1.254287E-03
+1.624497E-03
+2.103977E-03
+2.724978E-03
+3.529273E-03
+5.084790E-03
+7.325898E-03
+1.055477E-02
+1.520676E-02
+1.943035E-02
+2.482702E-02
+3.172258E-02
+4.053334E-02
+3.943209E-02
+3.836077E-02
+3.731854E-02
+3.630463E-02
+3.417145E-02
+3.216362E-02
+3.027376E-02
+2.849495E-02
+2.204035E-02
+1.704783E-02
+1.318621E-02
+1.019930E-02
+8.522836E-03
+7.121930E-03
+5.951292E-03
+4.973072E-03
+3.968008E-03
+3.166069E-03
+2.526203E-03
+2.015654E-03
+1.850929E-03
+1.699665E-03
+1.560763E-03
+1.433212E-03
+1.916901E-03
+2.563829E-03
+3.429086E-03
+4.586358E-03
+7.824527E-03
+1.334899E-02
+2.277396E-02
+3.885340E-02
+3.413647E-02
+2.999220E-02
+2.635105E-02
+2.315194E-02
+2.160285E-02
+2.015740E-02
+1.880868E-02
+1.755019E-02
+1.743153E-02
+1.731366E-02
+1.719660E-02
+1.708032E-02
+9.951398E-03
+5.797919E-03
+3.378004E-03
+1.968105E-03
+1.354042E-03
+9.315703E-04
+6.409134E-04
+4.409437E-04
+3.841912E-04
+3.347432E-04
+2.916594E-04
+2.541208E-04
+2.458454E-04
+2.378394E-04
+2.300941E-04
+2.226011E-04
+2.450536E-04
+2.697707E-04
+2.969809E-04
+3.269357E-04
+3.788677E-04
+4.390490E-04
+5.087897E-04
+5.896083E-04
+3.533743E-04
+2.117905E-04
+1.269340E-04
+7.607628E-05
+6.340613E-05
+5.284614E-05
+4.404486E-05
+3.670939E-05
+4.610139E-05
+5.789632E-05
+7.270893E-05
+9.131132E-05
+9.291511E-05
+9.454708E-05
+9.620772E-05
+9.789750E-05
+1.679350E-04
+2.880783E-04
+4.941742E-04
+8.477151E-04
+8.124090E-04
+7.785733E-04
+7.461469E-04
+7.150710E-04
+7.002840E-04
+6.858029E-04
+6.716212E-04
+6.577326E-04
+3.204767E-04
+1.561506E-04
+7.608354E-05
+3.707128E-05
+5.688061E-05
+8.727520E-05
+1.339114E-04
+2.054680E-04
+1.405992E-04
+9.621026E-05
+6.583547E-05
+4.505037E-05
+3.391229E-05
+2.552795E-05
+1.921652E-05
+1.446549E-05
+1.536421E-05
+1.631876E-05
+1.733262E-05
+1.840947E-05
+2.552896E-05
+3.540175E-05
+4.909265E-05
+6.807825E-05
+1.235825E-04
+2.243394E-04
+4.072434E-04
+7.392695E-04
+6.811398E-04
+6.275808E-04
+5.782333E-04
+5.327659E-04
+4.106635E-04
+3.165452E-04
+2.439976E-04
+1.880767E-04
+2.037654E-04
+2.207628E-04
+2.391780E-04
+2.591294E-04
+1.982909E-04
+1.517361E-04
+1.161114E-04
+8.885073E-05
