#I+8.670000E+02
+2.000000E+00
+8.010000E+02
+8.010000E+02
+1.000000E+01
+0.000000E+00
+3.000000E+00
+0.000000E+00
+1.000000E+00
+1.000000E+00
+1.000000E+00
+1.000000E+00
+2.497000E+03
-1.092400E+04
+2.025600E+04
-1.299100E+04
-1.119200E+04
+0.000000E+00
+0.000000E+00
+0.000000E+00
+0.000000E+00
+0.000000E+00
+0.000000E+00
+0.000000E+00
+0.000000E+00
+0.000000E+00
+0.000000E+00
+0.000000E+00
+0.000000E+00
+0.000000E+00
+0.000000E+00
+0.000000E+00
+0.000000E+00
+0.000000E+00
+0.000000E+00
+0.000000E+00
+1.000000E+00
+0.000000E+00
+1.000000E+00
+0.000000E+00
+0.000000E+00
+1.000000E+00
+0.000000E+00
+0.000000E+00
+2.000000E+00
+3.000000E+00
+4.500000E+01
+4.500000E+01
+0.000000E+00
+0.000000E+00
+2.000000E+00
+0.000000E+00
+0.000000E+00
+0.000000E+00
+0.000000E+00
+0.000000E+00
+2.499999E-03
+6.324555E-05
+0.000000E+00
+0.000000E+00
+0.000000E+00
+1.000000E+00
+1.000000E+00
+0.000000E+00
+0.000000E+00
+9.9999904632568339E+00
+9.9999904632568339E+00
+9.593912E-12
+1.917316E-11
+3.831701E-11
+7.657544E-11
+1.530338E-10
+1.705443E-10
+1.900583E-10
+2.118052E-10
+2.360404E-10
+1.817338E-10
+1.399217E-10
+1.077294E-10
+8.294373E-11
+7.021346E-11
+5.943704E-11
+5.031459E-11
+4.259226E-11
+4.156989E-11
+4.057205E-11
+3.959817E-11
+3.864766E-11
+3.007478E-11
+2.340354E-11
+1.821213E-11
+1.417228E-11
+2.750411E-11
+5.337716E-11
+1.035889E-10
+2.010348E-10
+1.854243E-10
+1.710261E-10
+1.577458E-10
+1.454968E-10
+1.392021E-10
+1.331798E-10
+1.274180E-10
+1.219054E-10
+9.964686E-11
+8.145247E-11
+6.658017E-11
+5.442338E-11
+9.486733E-11
+1.653666E-10
+2.882565E-10
+5.024702E-10
+3.922068E-10
+3.061398E-10
+2.389597E-10
+1.865217E-10
+1.855822E-10
+1.846476E-10
+1.837176E-10
+1.827923E-10
+2.573050E-10
+3.621916E-10
+5.098336E-10
+7.176600E-10
+3.490875E-10
+1.698048E-10
+8.259723E-11
+4.017731E-11
+1.828175E-11
+8.318684E-12
+3.785223E-12
+1.722377E-12
+4.427713E-12
+1.138231E-11
+2.926050E-11
+7.521995E-11
+1.022656E-10
+1.390356E-10
+1.890263E-10
+2.569914E-10
+8.065544E-11
+2.531330E-11
+7.944447E-12
+2.493324E-12
+8.895447E-12
+3.173634E-11
+1.132259E-10
+4.039573E-10
+2.240785E-10
+1.242982E-10
+6.894926E-11
+3.824668E-11
+1.660177E-11
+7.206346E-12
+3.128065E-12
+1.357802E-12
+5.033048E-12
+1.865631E-11
+6.915446E-11
+2.563390E-10
+1.808965E-10
+1.276574E-10
+9.008685E-11
+6.357364E-11
+7.321153E-11
+8.431054E-11
+9.709219E-11
+1.118116E-10
+1.106481E-10
+1.094967E-10
+1.083573E-10
+1.072298E-10
+1.152095E-10
+1.237829E-10
+1.329944E-10
+1.428914E-10
+1.348998E-10
+1.273552E-10
+1.202325E-10
+1.135081E-10
+1.979741E-10
+3.452945E-10
+6.022419E-10
+1.050394E-09
+6.658176E-10
+4.220445E-10
+2.675231E-10
+1.695759E-10
+1.598265E-10
+1.506376E-10
+1.419771E-10
+1.338144E-10
+1.488578E-10
+1.655924E-10
+1.842083E-10
+2.049169E-10
+2.388604E-10
+2.784265E-10
+3.245465E-10
+3.783061E-10
+3.179663E-10
+2.672507E-10
+2.246243E-10
+1.887967E-10
+2.074976E-10
+2.280509E-10
+2.506400E-10
+2.754667E-10
+3.602975E-10
+4.712521E-10
+6.163756E-10
+8.061900E-10
+5.992520E-10
+4.454321E-10
+3.310958E-10
+2.461079E-10
+3.162059E-10
+4.062697E-10
+5.219861E-10
+6.706620E-10
+6.255554E-10
+5.834825E-10
+5.442393E-10
+5.076356E-10
+6.616853E-10
+8.624836E-10
+1.124217E-09
+1.465378E-09
+1.650726E-09
+1.859518E-09
+2.094718E-09
+2.359667E-09
+2.312211E-09
+2.265709E-09
+2.220142E-09
+2.175492E-09
+2.162964E-09
+2.150508E-09
+2.138124E-09
+2.125811E-09
+1.900296E-09
+1.698705E-09
+1.518500E-09
+1.357411E-09
+1.288218E-09
+1.222552E-09
+1.160234E-09
+1.101092E-09
+1.038930E-09
+9.802776E-10
+9.249363E-10
+8.727193E-10
+1.010417E-09
+1.169841E-09
+1.354419E-09
+1.568119E-09
+1.590275E-09
+1.612744E-09
+1.635530E-09
+1.658638E-09
+1.352669E-09
+1.103142E-09
+8.996450E-10
+7.336872E-10
+9.382461E-10
+1.199838E-09
+1.534365E-09
+1.962160E-09
+1.778487E-09
+1.612007E-09
+1.461111E-09
+1.324339E-09
+1.470662E-09
+1.633152E-09
+1.813595E-09
+2.013974E-09
+2.459973E-09
+3.004740E-09
+3.670146E-09
+4.482906E-09
+3.543604E-09
+2.801113E-09
+2.214196E-09
+1.750255E-09
+1.743984E-09
+1.737735E-09
+1.731509E-09
+1.725305E-09
+2.146174E-09
+2.669708E-09
+3.320953E-09
+4.131060E-09
+4.453071E-09
+4.800182E-09
+5.174351E-09
+5.577689E-09
+6.246313E-09
+6.995088E-09
+7.833622E-09
+8.772671E-09
+8.843822E-09
+8.915549E-09
+8.987859E-09
+9.060755E-09
+1.016333E-08
+1.140008E-08
+1.278732E-08
+1.434337E-08
+1.690080E-08
+1.991421E-08
+2.346492E-08
+2.764871E-08
+2.922216E-08
+3.088515E-08
+3.264279E-08
+3.450043E-08
+4.369037E-08
+5.532825E-08
+7.006614E-08
+8.872976E-08
+1.088101E-07
+1.334347E-07
+1.636321E-07
+2.006636E-07
+2.312049E-07
+2.663946E-07
+3.069402E-07
+3.536570E-07
+4.760928E-07
+6.409159E-07
+8.628007E-07
+1.161502E-06
+1.776716E-06
+2.717792E-06
+4.157329E-06
+6.359352E-06
+5.980442E-06
+5.624110E-06
+5.289008E-06
+4.973872E-06
+3.308982E-06
+2.201376E-06
+1.464516E-06
+9.743023E-07
+7.984205E-07
+6.542890E-07
+5.361762E-07
+4.393853E-07
+4.110086E-07
+3.844644E-07
+3.596347E-07
+3.364084E-07
+3.607598E-07
+3.868740E-07
+4.148785E-07
+4.449102E-07
+4.520149E-07
+4.592330E-07
+4.665665E-07
+4.740170E-07
+5.066620E-07
+5.415551E-07
+5.788513E-07
+6.187157E-07
+6.672790E-07
+7.196541E-07
+7.761400E-07
+8.370599E-07
+9.102563E-07
+9.898533E-07
+1.076411E-06
+1.170537E-06
+1.330360E-06
+1.512005E-06
+1.718451E-06
+1.953086E-06
+2.262157E-06
+2.620136E-06
+3.034766E-06
+3.515010E-06
+4.217025E-06
+5.059246E-06
+6.069675E-06
+7.281907E-06
+8.788340E-06
+1.060641E-05
+1.280060E-05
+1.544870E-05
+2.011771E-05
+2.619782E-05
+3.411550E-05
+4.442613E-05
+5.345012E-05
+6.430709E-05
+7.736939E-05
+9.308498E-05
+1.047704E-04
+1.179229E-04
+1.327264E-04
+1.493882E-04
+1.693272E-04
+1.919274E-04
+2.175441E-04
+2.465800E-04
+2.603598E-04
+2.749098E-04
+2.902728E-04
+3.064944E-04
+3.234284E-04
+3.412979E-04
+3.601548E-04
+3.800534E-04
+3.793772E-04
+3.787022E-04
+3.780284E-04
+3.773558E-04
+2.294362E-04
+1.394996E-04
+8.481722E-05
+5.156973E-05
+3.688792E-05
+2.638599E-05
+1.887395E-05
+1.350056E-05
+1.103306E-05
+9.016537E-06
+7.368580E-06
+6.021820E-06
+4.930414E-06
+4.036818E-06
+3.305178E-06
+2.706141E-06
+2.287766E-06
+1.934072E-06
+1.635060E-06
+1.382276E-06
+1.132540E-06
+9.279230E-07
+7.602746E-07
+6.229152E-07
+5.644952E-07
+5.115540E-07
+4.635780E-07
+4.201016E-07
+4.513562E-07
+4.849361E-07
+5.210143E-07
+5.597767E-07
+5.159097E-07
+4.754804E-07
+4.382193E-07
+4.038783E-07
+4.409313E-07
+4.813836E-07
+5.255472E-07
+5.737625E-07
+6.191883E-07
+6.682106E-07
+7.211141E-07
+7.782064E-07
+8.464471E-07
+9.206717E-07
+1.001405E-06
+1.089218E-06
+1.177243E-06
+1.272381E-06
+1.375208E-06
+1.486344E-06
+1.632904E-06
+1.793917E-06
+1.970806E-06
+2.165137E-06
+2.237798E-06
+2.312898E-06
+2.390519E-06
+2.470744E-06
+2.053012E-06
+1.705907E-06
+1.417487E-06
+1.177831E-06
+1.411607E-06
+1.691783E-06
+2.027569E-06
+2.430002E-06
+2.467566E-06
+2.505711E-06
+2.544446E-06
+2.583780E-06
+2.337774E-06
+2.115191E-06
+1.913800E-06
+1.731585E-06
+3.032972E-06
+5.312427E-06
+9.305026E-06
+1.629830E-05
+2.522186E-05
+3.903120E-05
+6.040134E-05
+9.347199E-05
+1.127933E-04
+1.361085E-04
+1.642431E-04
+1.981933E-04
+2.779600E-04
+3.898302E-04
+5.467248E-04
+7.667650E-04
+4.012200E-04
+2.099437E-04
+1.098558E-04
+5.748350E-05
+4.446635E-05
+3.439694E-05
+2.660775E-05
+2.058243E-05
+1.060617E-05
+5.465377E-06
+2.816319E-06
+1.451255E-06
+7.877813E-07
+4.276296E-07
+2.321293E-07
+1.260063E-07
+1.799744E-07
+2.570568E-07
+3.671534E-07
+5.244041E-07
+6.958195E-07
+9.232666E-07
+1.225061E-06
+1.625506E-06
+1.929697E-06
+2.290813E-06
+2.719508E-06
+3.228428E-06
+3.626570E-06
+4.073812E-06
+4.576210E-06
+5.140567E-06
+5.486368E-06
+5.855431E-06
+6.249320E-06
+6.669709E-06
+8.538302E-06
+1.093040E-05
+1.399267E-05
+1.791288E-05
+1.796439E-05
+1.801605E-05
+1.806787E-05
+1.811983E-05
+1.739640E-05
+1.670185E-05
+1.603503E-05
+1.539483E-05
+3.540375E-05
+8.141859E-05
+1.872397E-04
+4.305984E-04
+4.775068E-04
+5.295253E-04
+5.872106E-04
+6.511802E-04
+6.592008E-04
+6.673203E-04
+6.755398E-04
+6.838609E-04
+3.561546E-04
+1.854853E-04
+9.660072E-05
+5.030962E-05
+8.216516E-05
+1.341913E-04
+2.191599E-04
+3.579299E-04
+3.817218E-04
+4.070952E-04
+4.341552E-04
+4.630140E-04
+4.497810E-04
+4.369261E-04
+4.244387E-04
+4.123081E-04
+4.561451E-04
+5.046428E-04
+5.582969E-04
+6.176555E-04
+7.594613E-04
+9.338240E-04
+1.148218E-03
+1.411834E-03
+1.529245E-03
+1.656420E-03
+1.794171E-03
+1.943378E-03
+3.757492E-03
+7.265055E-03
+1.404688E-02
+2.715944E-02
+2.300081E-02
+1.947895E-02
+1.649635E-02
+1.397044E-02
+1.047075E-02
+7.847764E-03
+5.881849E-03
+4.408405E-03
+3.635412E-03
+2.997959E-03
+2.472281E-03
+2.038777E-03
+1.790554E-03
+1.572552E-03
+1.381092E-03
+1.212943E-03
+1.105821E-03
+1.008159E-03
+9.191232E-04
+8.379498E-04
+7.794917E-04
+7.251119E-04
+6.745259E-04
+6.274688E-04
+5.928633E-04
+5.601663E-04
+5.292726E-04
+5.000826E-04
+4.777110E-04
+4.563401E-04
+4.359254E-04
+4.164237E-04
+4.012876E-04
+3.867017E-04
+3.726459E-04
+3.591010E-04
+3.463702E-04
+3.340906E-04
+3.222464E-04
+3.108221E-04
+2.968060E-04
+2.834221E-04
+2.706416E-04
+2.584375E-04
+2.668333E-04
+2.755020E-04
+2.844523E-04
+2.936934E-04
+3.407435E-04
+3.953310E-04
+4.586636E-04
+5.321421E-04
+5.002089E-04
+4.701920E-04
+4.419764E-04
+4.154539E-04
+3.815623E-04
+3.504356E-04
+3.218480E-04
+2.955925E-04
+3.558006E-04
+4.282722E-04
+5.155053E-04
+6.205062E-04
+8.212653E-04
+1.086978E-03
+1.438660E-03
+1.904125E-03
+1.949837E-03
+1.996647E-03
+2.044581E-03
+2.093665E-03
+2.407816E-03
+2.769104E-03
+3.184602E-03
+3.662445E-03
+5.130107E-03
+7.185908E-03
+1.006554E-02
+1.409912E-02
+9.224115E-03
+6.034722E-03
+3.948115E-03
+2.582986E-03
+2.642649E-03
+2.703689E-03
+2.766139E-03
+2.830034E-03
+1.587720E-03
+8.907513E-04
+4.997340E-04
+2.803634E-04
+1.640718E-04
+9.601665E-05
+5.619002E-05
+3.288304E-05
+3.292504E-05
+3.296709E-05
+3.300920E-05
+3.305137E-05
+5.114167E-05
+7.913347E-05
+1.224463E-04
+1.894660E-04
+2.665187E-04
+3.749076E-04
+5.273765E-04
+7.418522E-04
+8.871821E-04
+1.060982E-03
+1.268830E-03
+1.517395E-03
+1.395791E-03
+1.283931E-03
+1.181036E-03
+1.086387E-03
+1.184245E-03
+1.290917E-03
+1.407198E-03
+1.533953E-03
+1.760712E-03
+2.020992E-03
+2.319749E-03
+2.662669E-03
+4.163796E-03
+6.511210E-03
+1.018202E-02
+1.592232E-02
+1.172813E-02
+8.638760E-03
+6.363176E-03
+4.687016E-03
+3.875858E-03
+3.205082E-03
+2.650395E-03
+2.191704E-03
+1.134087E-03
+5.868283E-04
+3.036517E-04
+1.571231E-04
+2.408975E-04
+3.693386E-04
+5.662615E-04
+8.681790E-04
+1.129366E-03
+1.469130E-03
+1.911111E-03
+2.486059E-03
+3.557302E-03
+5.090144E-03
+7.283486E-03
+1.042194E-02
+1.508592E-02
+2.183709E-02
+3.160952E-02
+4.575527E-02
+3.878972E-02
+3.288457E-02
+2.787839E-02
+2.363431E-02
+2.299014E-02
+2.236353E-02
+2.175400E-02
+2.116108E-02
+2.375982E-02
+2.667771E-02
+2.995394E-02
+3.363251E-02
+3.617828E-02
+3.891674E-02
+4.186249E-02
+4.503122E-02
+2.678631E-02
+1.593352E-02
+9.477874E-03
+5.637802E-03
+5.820196E-03
+6.008491E-03
+6.202877E-03
+6.403555E-03
+4.484979E-03
+3.141229E-03
+2.200081E-03
+1.540912E-03
+1.274226E-03
+1.053696E-03
+8.713326E-04
+7.205309E-04
+5.667370E-04
+4.457697E-04
+3.506223E-04
+2.757837E-04
+3.108606E-04
+3.503989E-04
+3.949660E-04
+4.452019E-04
+4.418525E-04
+4.385284E-04
+4.352293E-04
+4.319550E-04
+2.781391E-04
+1.790959E-04
+1.153212E-04
+7.425624E-05
+8.609657E-05
+9.982486E-05
+1.157421E-04
+1.341975E-04
+1.105029E-04
+9.099190E-05
+7.492587E-05
+6.169657E-05
+9.102349E-05
+1.342907E-04
+1.981246E-04
+2.923015E-04
+3.269850E-04
+3.657838E-04
+4.091864E-04
+4.577389E-04
+3.534435E-04
+2.729117E-04
+2.107290E-04
+1.627146E-04
+1.531028E-04
+1.440587E-04
+1.355489E-04
+1.275418E-04
+1.250103E-04
+1.225290E-04
+1.200970E-04
+1.177133E-04
+8.763764E-05
+6.524630E-05
+4.857594E-05
+3.616483E-05
+3.074152E-05
+2.613150E-05
+2.221280E-05
+1.888175E-05
+2.125029E-05
+2.391594E-05
+2.691597E-05
+3.029233E-05
+5.399064E-05
+9.622861E-05
+1.715102E-04
+3.056862E-04
+7.183766E-04
+1.688218E-03
+3.967389E-03
+9.323547E-03
+7.585964E-03
+6.172206E-03
+5.021923E-03
+4.086012E-03
+4.486559E-03
+4.926371E-03
+5.409298E-03
+5.939566E-03
+5.579972E-03
+5.242148E-03
+4.924778E-03
+4.626622E-03
+2.940739E-03
+1.869170E-03
+1.188067E-03
+7.551503E-04
