Hz,real,imaginary,V^2 (rms) 
9.99999046326,0.9641081,0.001459716,0.964109205047
10.0577210151,0.9714428,-0.002762669,0.971446728345
10.1157848488,0.9788145,-0.007049353,0.978839884142
10.1741838887,0.9862233,-0.01140099,0.986289196958
10.2329200697,0.9936684,-0.01581823,0.993794297407
10.2919953382,0.9946912,-0.01099902,0.994752010201
10.3514116519,0.9956912,-0.006170255,0.995710318217
10.4111709795,0.9966687,-0.001332025,0.99666959011
10.4712753014,0.9976235,0.003515568,0.997629694311
10.5317266092,0.9935423,-0.005477511,0.993557398954
10.592526906,0.9893969,-0.01439678,0.989501638707
10.6536782067,0.9851883,-0.02324197,0.985462417156
10.7151825375,0.980918,-0.03201286,0.981440240631
10.7770419365,0.9820312,-0.02360973,0.982314968391
10.8392584537,0.9830729,-0.01518985,0.983190245201
10.9018341505,0.9840434,-0.006753837,0.98406657671
10.9647711006,0.9849416,0.001697738,0.984943063189
11.0280713896,0.9801508,-0.002786608,0.980154761211
11.091737115,0.9753626,-0.007227334,0.975389376524
11.1557703865,0.970578,-0.01162467,0.970647612183
11.2201733259,0.9657966,-0.01597883,0.965928773554
11.2849480674,0.9708775,-0.01267059,0.970960176247
11.3500967575,0.9759732,-0.009327283,0.97601776896
11.4156215548,0.9810837,-0.005948693,0.981101734457
11.4815246308,0.9862093,-0.002534586,0.986212556974
11.5478081693,0.9898404,-0.001572171,0.989841648545
11.6144743666,0.9934841,-0.0006026352,0.993484282776
11.681525432,0.9971403,0.0003740572,0.99714037016
11.7489635872,1.000808,0.001357944,1.00080892126
11.816791067,1.002084,-0.001498857,1.00208512095
11.8850101189,1.003352,-0.004362932,1.00336148575
11.9536230036,1.004615,-0.007234267,1.00464104676
12.0226319946,1.00587,-0.01011286,1.00592083527
12.0920393787,1.005792,-0.007714295,1.00582158339
12.1618474559,1.005709,-0.005316163,1.00572305048
12.2320585393,1.005619,-0.002918474,1.00562323494
12.3026749556,1.005524,-0.0005212413,1.0055241351
12.3736990447,1.006426,0.0005825973,1.00642616863
12.4451331602,1.007326,0.001688414,1.007327415
12.5169796691,1.008226,0.002796209,1.00822987749
12.5892409524,1.009126,0.003905986,1.00913355935
12.6619194044,1.007237,0.002820861,1.00724095003
12.7350174335,1.005351,0.001739789,1.00535250538
12.808537462,1.003467,0.0006627605,1.00346721887
12.8824819261,1.001585,-0.000410236,1.00158508401
12.956853276,1.003533,-0.001922583,1.00353484165
13.0316539763,1.005481,-0.00344081,1.0054868873
13.1068865055,1.007431,-0.00496493,1.00744323428
13.1825533567,1.009383,-0.006494957,1.00940389595
13.2586570372,1.008596,-0.004778042,1.00860731749
13.3352000689,1.007807,-0.003063818,1.00781165712
13.4121849882,1.007014,-0.001352289,1.00701490797
13.489614346,1.00622,0.0003565427,1.00622006317
13.5674907083,1.004943,-0.0002570288,1.00494303287
13.6458166555,1.003666,-0.0008690428,1.00366637624
13.7245947832,1.002391,-0.001479503,1.00239209185
13.8038277017,1.001118,-0.00208841,1.00112017829
13.8835180367,1.002568,-0.001432592,1.00256902353
13.9636684289,1.00402,-0.000774871,1.00402029901
14.0442815341,1.005474,-0.0001152422,1.0054740066
14.1253600237,1.00693,0.0005462981,1.00693014819
14.2069065844,1.004806,0.002825004,1.00480997123
14.2889239182,1.002682,0.005094099,1.00269494013
14.3714147431,1.000557,0.007353601,1.00058402231
14.4543817926,0.9984316,0.009603532,0.998477785284
14.5378278159,0.9994262,0.007231261,0.999452360236
14.6217555781,1.000416,0.004854306,1.00042777717
14.7061678604,1.001401,0.002472679,1.00140405279
14.7910674599,1.002382,8.638327e-05,1.00238200372
14.8764571899,1.004748,9.718305e-06,1.00474800005
14.9623398801,1.00712,-6.730917e-05,1.00712000225
15.0487183762,1.009498,-0.0001447004,1.00949801037
15.1355955406,1.011883,-0.0002224569,1.01188302445
15.2229742522,1.011564,0.001234075,1.01156475277
15.3108574064,1.011245,0.002689691,1.01124857699
15.3992479154,1.010923,0.004144388,1.01093149515
15.4881487081,1.010599,0.005598166,1.01061450527
15.5775627305,1.012259,0.00757658,1.01228735429
15.6674929455,1.013918,0.009561496,1.01396308263
15.757942333,1.015575,0.01155293,1.01564070951
15.8489138904,1.017231,0.01355087,1.0173212538
15.9404106321,1.015847,0.01084306,1.01590486728
16.03243559,1.014457,0.008142689,1.01448967872
16.1249918136,1.013063,0.00544976,1.01307765835
16.2180823699,1.011664,0.002764268,1.01166777653
16.3117103437,1.011383,0.006284856,1.01140252724
16.4058788374,1.011091,0.009803524,1.0111385263
16.5005909715,1.010786,0.01332023,1.01087376379
16.5958498845,1.010469,0.01683495,1.01060922987
16.6916587331,1.007967,0.01071622,1.00802396324
16.7880206919,1.005435,0.004628307,1.00544565266
16.8849389541,1.002873,-0.001428704,1.00287401767
16.9824167314,1.000282,-0.007454715,1.00030977817
17.0804572538,1.003099,-0.005953894,1.00311666951
17.17906377,1.005922,-0.004444576,1.00593181893
17.2782395477,1.008751,-0.002926729,1.00875524571
17.3779878732,1.011586,-0.001400318,1.01158696922
17.4783120518,1.015381,-3.710975e-05,1.01538100068
17.5792154079,1.019189,0.001336344,1.0191898761
17.6807012853,1.023009,0.002720098,1.02301261625
17.7827730468,1.026841,0.004114208,1.02684924209
17.8854340747,1.022788,0.003784761,1.02279500261
17.988687771,1.01875,0.003457852,1.01875586832
18.0925375572,1.014729,0.003133465,1.01473383803
18.1969868745,1.010723,0.002811588,1.01072691057
18.302039184,1.011972,0.002865959,1.01197605827
18.4076979669,1.013221,0.00292046,1.01322520889
18.5139667243,1.014473,0.002975093,1.01447736244
18.6208489778,1.015726,0.003029856,1.01573051894
18.7283482689,1.014998,0.003731523,1.01500485923
18.83646816,1.01427,0.004432184,1.01427968389
18.9452122338,1.013541,0.005131838,1.01355399187
19.0545840938,1.012814,0.005830492,1.01283078213
19.1645873641,1.012072,0.005510918,1.01208700387
19.27522569,1.011331,0.005191809,1.01134432635
19.3865027376,1.01059,0.004873165,1.01060174937
19.4984221944,1.009852,0.004554986,1.00986227269
19.610987769,1.012336,0.002191511,1.0123383721
19.7242031915,1.014822,-0.0001835991,1.01482201661
19.8380722135,1.017308,-0.002570374,1.0173112472
19.9525986083,1.019796,-0.004968847,1.01980810502
20.0677861709,1.01956,-0.00391345,1.01956751061
20.1836387183,1.019322,-0.002858551,1.0193260082
20.3001600895,1.019084,-0.001804144,1.01908559699
20.4173541456,1.018844,-0.0007502361,1.01884427622
20.5352247701,1.018444,-0.0007465199,1.0184442736
20.6537758689,1.018044,-0.0007428062,1.01804427099
20.7730113704,1.017645,-0.0007390956,1.0176452684
20.8929352257,1.017245,-0.0007353876,1.01724526581
21.0135514086,1.017548,-0.001004504,1.01754849581
21.1348639161,1.017852,-0.001273782,1.01785279703
21.2568767681,1.018155,-0.001543219,1.01815616953
21.3795940077,1.018459,-0.001812819,1.01846061337
21.5030197013,1.018877,-0.001442477,1.01887802109
21.627157939,1.019294,-0.001071831,1.01929456354
21.7520128342,1.019712,-0.0007008816,1.01971224087
21.8775885244,1.020131,-0.0003296291,1.02013105326
22.0038891706,1.020412,-0.0002564671,1.02041203223
22.1309189581,1.020693,-0.0001832647,1.02069301645
22.2586820963,1.020974,-0.0001100221,1.02097400593
22.3871828188,1.021256,-3.67391e-05,1.02125600066
22.5164253838,1.020621,-0.0005150161,1.02062112994
22.646414074,1.019987,-0.0009926989,1.01998748307
22.7771531967,1.019352,-0.001469787,1.01935305963
22.9086470844,1.018718,-0.001946282,1.0187198592
23.0409000942,1.018468,-0.000299069,1.01846804391
23.1739166087,1.018213,0.001347328,1.01821389141
23.3077010356,1.017958,0.002992903,1.01796239971
23.4422578082,1.017698,0.004637652,1.01770856684
23.5775913851,1.018797,0.004238239,1.01880581559
23.713706251,1.019895,0.003837957,1.01990222126
23.8506069163,1.020995,0.00343681,1.02100078437
23.9882979174,1.022097,0.003034792,1.02210150541
24.126783817,1.021659,0.001486364,1.02166008122
24.2660692042,1.021217,-6.072711e-05,1.02121700181
24.4061586943,1.020774,-0.00160648,1.02077526413
24.5470569295,1.02033,-0.003150893,1.02033486514
24.6887685789,1.022137,-0.002665936,1.02214047664
24.8312983381,1.023948,-0.00217925,1.02395031903
24.9746509303,1.025762,-0.001690832,1.02576339355
25.1188311058,1.02758,-0.001200678,1.02758070147
25.2638436421,1.026858,-0.001389117,1.02685893959
25.4096933446,1.026137,-0.001577291,1.02613821224
25.5563850463,1.025416,-0.001765201,1.02541751935
25.7039236081,1.024697,-0.001952848,1.02469886085
25.8523139189,1.024221,-0.001940476,1.0242228382
26.001560896,1.023746,-0.001928116,1.0237478157
26.151669485,1.02327,-0.001915766,1.02327179335
26.30264466,1.022795,-0.001903428,1.02279677114
26.4544914238,1.023407,-0.001113313,1.02340760556
26.6072148082,1.024019,-0.0003222529,1.02401905071
26.760819874,1.02463,0.0004697523,1.02463010768
26.9153117111,1.025243,0.001262703,1.02524377758
27.070695439,1.025752,0.001043698,1.02575253098
27.2269762066,1.026262,0.0008244746,1.02626233118
27.3841591925,1.026773,0.0006050334,1.02677317826
27.5422496054,1.027284,0.0003853742,1.02728407228
27.7012526838,1.027295,4.989612e-05,1.02729500121
27.8611736966,1.027305,-0.000285589,1.0273050397
28.0220179431,1.027316,-0.0006210807,1.02731618774
28.1837907532,1.027327,-0.0009565799,1.02732744535
28.3464974876,1.02748,-0.0005232737,1.02748013325
28.5101435378,1.027634,-8.983818e-05,1.02763400393
28.6747343267,1.027787,0.0003437268,1.02778705748
28.8402753081,1.02794,0.0007774212,1.02794029398
29.0067719676,1.028118,0.0003291187,1.02811805268
29.1742298225,1.028296,-0.0001193386,1.02829600692
29.3426544217,1.028474,-0.0005679511,1.02847415682
29.5120513464,1.028652,-0.001016719,1.02865250246
29.6824262098,1.028684,-0.0002556784,1.02868403177
29.8537846576,1.028716,0.0005054093,1.02871612415
30.0261323681,1.028747,0.001266543,1.02874777965
30.1994750524,1.028777,0.002027724,1.02877899832
30.3738184546,1.028748,0.001513726,1.02874911367
30.5491683518,1.028718,0.0009997573,1.02871848581
30.7255305546,1.028688,0.0004858188,1.02868811472
30.9029109071,1.028659,-2.808955e-05,1.02865900038
31.0813152871,1.02902,0.0006292291,1.02902019238
31.2607496065,1.02938,0.001287009,1.02938080456
31.441219811,1.029741,0.001945251,1.02974283735
31.622731881,1.030102,0.002603953,1.03010529121
31.8052918312,1.03037,0.002680517,1.03037348669
31.9889057111,1.030639,0.002757119,1.03064268785
32.1735796051,1.030909,0.002833763,1.03091289472
32.3593196326,1.031179,0.002910448,1.03118310728
32.5461319486,1.031452,0.002720627,1.03145558805
32.7340227434,1.031725,0.002530704,1.03172810376
32.9229982432,1.031998,0.002340682,1.03200065446
33.11306471,1.032272,0.00215056,1.03227424016
33.3042284421,1.032327,0.002202393,1.03232934932
33.496495774,1.032383,0.00225423,1.03238546108
33.6898730769,1.032438,0.002306074,1.03244057544
33.8843667586,1.032494,0.002357926,1.03249669242
34.0799832642,1.03294,0.002443719,1.03294289066
34.2767290758,1.033386,0.002529587,1.03338909604
34.4746107129,1.033831,0.002615529,1.03383430856
34.6736347326,1.034278,0.002701544,1.03428152822
34.8738077301,1.035119,0.002633115,1.03512234903
35.0751363385,1.035962,0.002564573,1.03596517436
35.2776272292,1.036805,0.002495919,1.03680800423
35.481287112,1.037651,0.002427155,1.03765383866
35.6861227357,1.036966,0.002184692,1.03696830136
35.8921408879,1.036282,0.001942549,1.03628382069
36.0993483954,1.035598,0.001700724,1.03559939652
36.3077521244,1.034917,0.001459219,1.03491802874
36.5173589808,1.035573,0.001500552,1.03557408715
36.7281759103,1.036229,0.001541937,1.03623014722
36.9402098987,1.036886,0.001583374,1.03688720894
37.1534679722,1.037544,0.001624865,1.03754527232
37.3679571975,1.037176,0.001900667,1.03717774152
37.5836846821,1.036807,0.002176274,1.03680928401
37.8006575745,1.036439,0.002451686,1.03644189972
38.0188830647,1.036072,0.002726903,1.03607558855
38.2383683838,1.03575,0.002039102,1.03575200721
38.459120805,1.035428,0.001351731,1.03542888233
38.6811476434,1.035106,0.0006647875,1.03510621348
38.9044562561,1.034783,-2.17274e-05,1.03478300023
39.129054043,1.035608,0.0007015473,1.03560823762
39.3549484466,1.036434,0.001425976,1.03643498096
39.5821469523,1.03726,0.00215156,1.03726223146
39.8106570887,1.038087,0.0028783,1.03809099032
40.040486428,1.035699,0.002733469,1.03570260715
40.2716425861,1.033316,0.00258929,1.03331924412
40.5041332226,1.03094,0.002445758,1.0309429011
40.7379660418,1.028569,0.002302878,1.02857157797
40.9731487919,1.028667,0.001844273,1.02866865328
41.2096892664,1.028764,0.001385582,1.02876493308
41.4475953034,1.02886,0.0009268051,1.02886041744
41.6868747863,1.028957,0.0004679415,1.0289571064
41.9275356443,1.026031,0.003732731,1.02603778987
42.169585852,1.023104,0.006978956,1.02312780269
42.4130334302,1.020174,0.01020666,1.02022505663
42.6578864461,1.017243,0.0134159,1.01733146389
42.9041530132,1.014656,0.0130271,1.01473962358
43.1518412923,1.012075,0.01264019,1.01215393099
43.4009594908,1.0095,0.01225517,1.00957438517
43.6515158637,1.006933,0.01187203,1.00700298489
43.9035187138,1.004721,0.02106887,1.00494188147
44.1569763917,1.002428,0.03022622,1.0028836022
44.4118972961,1.000057,0.03934344,1.0008306098
44.6682898744,0.9976064,0.04841986,0.998780762812
44.9261626225,0.9879554,0.06844454,0.990323445873
45.1855240857,0.9779781,0.08809762,0.981938060536
45.4463828584,0.9676844,0.1073757,0.973623458506
45.7087475846,0.9570852,0.1262754,0.965379488442
45.9726269583,0.9623097,0.1479352,0.973614288162
46.2380297236,0.9671112,0.1698873,0.981919430435
46.5049646752,0.9714798,0.1921249,0.990295399872
46.7734406585,0.9754067,0.2146414,0.998743791469
47.0434665699,1.073701,0.1966633,1.09156323269
47.3150513572,1.180368,0.1732197,1.19301034358
47.5882040201,1.295965,0.1434821,1.30388358155
47.8629336098,1.421076,0.1065237,1.42506290964
48.1392492302,1.359218,0.06411771,1.36072945594
48.4171600373,1.299056,0.02527638,1.29930188429
48.6966752405,1.240605,-0.01020726,1.24064699016
48.9778041018,1.183877,-0.04253123,1.18464072894
49.2605559372,1.174839,-0.0300712,1.17522378847
49.544940116,1.165746,-0.0178034,1.16588193981
49.830966062,1.1566,-0.005726851,1.15661417803
50.1186432531,1.147404,0.006159431,1.14742053224
50.4079812221,1.14354,0.003543612,1.14354549048
50.6989895567,1.139683,0.0009453722,1.1396833921
50.9916779002,1.135834,-0.001635364,1.13583517729
51.2860559511,1.131992,-0.004198671,1.13199978662
51.5821334645,1.132824,-0.004123355,1.13283150425
51.8799202513,1.133656,-0.004047926,1.13366322691
52.1794261793,1.13449,-0.003972382,1.13449695457
52.4806611732,1.135326,-0.003896731,1.13533268727
52.783635215,1.135446,-0.003420384,1.13545115172
53.0883583443,1.135566,-0.002943938,1.13556981605
53.3948406587,1.135687,-0.002467391,1.13568968032
53.7030923141,1.135807,-0.001990745,1.1358087446
54.0131235251,1.136506,-0.002516786,1.1365087867
54.324944565,1.137205,-0.003043474,1.13720907258
54.6385657668,1.137904,-0.003570811,1.1379096027
54.9539975227,1.138605,-0.004098798,1.13861237749
55.2712502853,1.139641,-0.004462969,1.13964973872
55.5903345674,1.140677,-0.004827798,1.14068721653
55.9112609424,1.141714,-0.005193288,1.14172581123
56.2340400449,1.142753,-0.005559443,1.14276652314
56.5586825707,1.144112,-0.005460515,1.14412503065
56.8851992775,1.145474,-0.005361344,1.14548654671
57.213600985,1.146837,-0.005261927,1.14684907134
57.5438985756,1.148204,-0.005162274,1.14821560462
57.8761029941,1.149507,-0.005284944,1.1495191489
58.210225249,1.150811,-0.005407886,1.15082370629
58.5462764119,1.152117,-0.0055311,1.15213027682
58.8842676185,1.153425,-0.005654589,1.15343886054
59.2242100689,1.156953,-0.006329085,1.15697031143
59.5661150277,1.160491,-0.007007658,1.16051215778
59.9099938246,1.16404,-0.007690323,1.16406540309
60.2558578547,1.167599,-0.008377099,1.16762905094
60.6037185787,1.172165,-0.007796974,1.17219093156
60.9535875239,1.176749,-0.007212185,1.1767711012
61.3054762837,1.18135,-0.006622707,1.18136856347
61.6593965186,1.185969,-0.006028512,1.18598432195
62.0153599566,1.19274,-0.009825842,1.19278047216
62.3733783931,1.199537,-0.01366639,1.19961484843
62.7334636917,1.206361,-0.0175505,1.2064886582
63.0956277846,1.213211,-0.02147849,1.21340111095
63.4598826729,1.221895,-0.02618692,1.22217557896
63.8262404266,1.230623,-0.03096196,1.23101243336
64.194713186,1.239397,-0.03580426,1.23991405696
64.5653131609,1.248216,-0.04071445,1.24887983773
64.938052632,1.252377,-0.04512695,1.25318976685
65.3129439507,1.256536,-0.04956888,1.25751333717
65.6899995397,1.260695,-0.05404036,1.26185270279
66.0692318935,1.264854,-0.05854151,1.26620801992
66.4506535786,1.267782,-0.05699123,1.26906233094
66.8342772344,1.270715,-0.05543356,1.27192353968
67.2201155727,1.273652,-0.05386847,1.27479066092
67.6081813792,1.276594,-0.05229593,1.27766470763
67.9984875132,1.275759,-0.04581385,1.27658134677
68.3910469082,1.274892,-0.03934155,1.27549887072
68.7858725723,1.273993,-0.03287921,1.27441720268
69.182977589,1.273061,-0.02642691,1.27333526272
69.5823751171,1.282617,-0.02726789,1.28290681911
69.9840783913,1.292243,-0.02812001,1.29254891823
70.3881007229,1.301941,-0.02898339,1.30226356947
70.7944554999,1.311713,-0.02985819,1.31205278319
71.2031561878,1.325004,-0.03868536,1.32556861652
71.6142163295,1.338374,-0.04768958,1.33922337939
72.0276495463,1.351824,-0.05687324,1.35301984184
72.4434695382,1.365351,-0.06623863,1.36695680594
72.8616900841,1.359492,-0.09602453,1.3628790146
73.2823250427,1.352996,-0.1255856,1.35881195128
73.7053883523,1.345872,-0.1549086,1.35475758523
74.1308940322,1.338126,-0.1839805,1.35071463169
74.5588561821,1.279611,-0.1545824,1.28891428331
74.9892889835,1.223321,-0.1274497,1.22994215111
75.4222066996,1.169188,-0.1024433,1.17366741842
75.8576236759,1.117148,-0.0794322,1.1199683604
76.2955543409,1.120726,-0.07062183,1.12294889018
76.7360132062,1.124242,-0.06175942,1.12593707663
77.1790148672,1.127695,-0.05284534,1.12893252366
77.6245740037,1.131086,-0.04387992,1.13193682985
78.0727053801,1.134951,-0.04105758,1.13569339933
78.5234238462,1.138821,-0.03821575,1.13946202815
78.9767443373,1.142697,-0.03535435,1.14324379022
79.4326818752,1.146578,-0.03247327,1.14703776021
79.8912515681,1.149973,-0.03107542,1.15039279486
80.3524686117,1.153375,-0.02966907,1.15375653599
80.8163482892,1.156786,-0.02825416,1.15713099835
81.2829059723,1.160204,-0.0268307,1.16051419986
81.7521571212,1.163835,-0.02618029,1.16412942356
82.2241172855,1.167476,-0.02552557,1.16775501082
82.6988021044,1.171129,-0.0248665,1.17139296458
83.1762273076,1.174793,-0.02420307,1.17504228922
83.6564087154,1.178766,-0.02385185,1.17900729154
84.1393622397,1.182753,-0.02349798,1.1829863964
84.625103884,1.186753,-0.02314145,1.18697860542
85.1136497443,1.190766,-0.02278225,1.19098391999
85.6050160094,1.194159,-0.02319272,1.19438420098
86.0992189619,1.197562,-0.02360534,1.19779462176
86.5962749779,1.200974,-0.02402014,1.20121418398
87.0962005286,1.204397,-0.0244371,1.2046448877
87.5990121797,1.207797,-0.02412846,1.20803798607
88.1047265931,1.211206,-0.0238179,1.21144016228
88.6133605264,1.214625,-0.02350539,1.21485241654
89.1249308343,1.218054,-0.02319094,1.21827475005
89.6394544686,1.221353,-0.02217522,1.2215542931
90.1569484791,1.22466,-0.02115384,1.224842684
90.6774300139,1.227976,-0.02012679,1.22814093013
91.2009163202,1.231299,-0.01909403,1.23144703881
91.7274247448,1.236479,-0.01859098,1.23661875369
92.2569727344,1.241681,-0.01808336,1.24181267254
92.7895778367,1.246905,-0.01757115,1.24702879852
93.3252577005,1.252149,-0.01705431,1.25226513474
93.8640300768,1.257354,-0.01707085,1.25746987846
94.4059128186,1.262579,-0.01708722,1.26269462038
94.9509238824,1.267826,-0.01710345,1.26794136074
95.4990813282,1.273096,-0.01711952,1.27321109922
96.0504033201,1.278982,-0.01683924,1.27909284899
96.6049081274,1.284895,-0.016556,1.28500165843
97.1626141246,1.290835,-0.01626977,1.29093752856
97.7235397923,1.296804,-0.01598056,1.29690246076
98.287703718,1.303792,-0.01595204,1.30388958384
98.8551245962,1.310818,-0.01592275,1.31091470474
99.4258212296,1.317883,-0.01589268,1.31797882341
99.9998125293,1.324986,-0.01586184,1.32508094023
100.577117516,1.332387,-0.01955638,1.33253051363
101.157755319,1.339819,-0.02329182,1.34002144074
101.741745179,1.347284,-0.02706847,1.34755589076
102.329106448,1.35478,-0.03088666,1.35513203569
102.91985859,1.356408,-0.03969937,1.35698883652
103.514021179,1.357981,-0.04853451,1.35884803971
104.111613905,1.3595,-0.05739177,1.36071086762
104.71265657,1.360962,-0.06627075,1.36257454025
105.317169091,1.357852,-0.0491224,1.35874024894
105.9251715,1.354537,-0.03206239,1.35491641116
106.536683943,1.35102,-0.015093,1.35110430354
107.151726685,1.347301,0.00178346,1.34730218041
107.770320105,1.361246,-0.0006944708,1.36124617715
108.392484703,1.375331,-0.003223882,1.37533477851
109.018241096,1.389557,-0.005805564,1.38956912776
109.647610017,1.403925,-0.008440329,1.4039503712
110.280612324,1.410536,-0.01044062,1.41057463959
110.917268991,1.417176,-0.01245959,1.41723077033
111.557601116,1.423844,-0.01449735,1.42391780293
112.201629918,1.430541,-0.01655404,1.43063677743
112.849376736,1.42098,0.0017079,1.42098102638
113.500863036,1.411252,0.01972379,1.41138982404
114.156110407,1.401362,0.03749322,1.40186347288
114.81514056,1.391314,0.05501578,1.39240130086
115.477975334,1.408073,0.1415758,1.41517252675
116.144636693,1.419739,0.2304226,1.43831616925
116.815146729,1.426098,0.3212753,1.46183902123
117.48952766,1.426948,0.4138358,1.48574582754
118.167801833,1.870367,0.4478183,1.92323008101
118.849991724,2.445789,0.4646377,2.48953249121
119.536119939,3.190844,0.4511911,3.22258573836
120.226209214,4.153382,0.3882353,4.17148758671
120.920282416,3.697649,-0.924009,3.81135156595
121.618362544,2.907166,-1.916988,3.48230629665
122.320472732,1.924897,-2.533335,3.18166853755
123.026636244,0.8914562,-2.766925,2.90698608737
123.736876481,0.6866034,-1.640384,1.77828116347
124.451216978,0.5034228,-0.9643244,1.08782170598
125.169681406,0.3567715,-0.5617267,0.6654493134
125.892293573,0.2465419,-0.3239222,0.407073089394
126.619077423,0.3578528,-0.3201614,0.480168666739
127.350057041,0.4859402,-0.2909629,0.566389695486
128.085256649,0.6277815,-0.2285564,0.668092538293
128.824700609,0.7781421,-0.1246176,0.788057532178
129.568413423,0.8366471,-0.1091154,0.843732505274
130.316419737,0.8987759,-0.09070195,0.90334099993
131.068744336,0.964692,-0.06905983,0.967160749298
131.825412151,1.03456,-0.0438443,1.03548863646
132.586448256,1.066768,-0.05239259,1.06805381386
133.351877867,1.099929,-0.06143276,1.10164322221
134.121726351,1.134069,-0.07098682,1.13628853086
134.896019216,1.169214,-0.08107777,1.17202175005
135.674782122,1.203976,-0.07168521,1.20610819494
136.458040872,1.239652,-0.06167071,1.24118506178
137.245821423,1.276264,-0.05100704,1.27728286445
138.038149879,1.313832,-0.03966594,1.31443064139
138.835052496,1.340129,-0.03493256,1.34058420862
139.636555679,1.366929,-0.02999451,1.36725804502
140.442685989,1.394241,-0.02484561,1.39446235891
141.253470138,1.422075,-0.01947951,1.4222084084
142.068934993,1.439897,-0.01962333,1.44003070998
142.889107576,1.457943,-0.01976768,1.45807700497
143.714015066,1.476215,-0.01991258,1.47634929372
144.543684796,1.494716,-0.020058,1.49485057582
145.37814426,1.514775,-0.01834153,1.51488603939
146.21742111,1.535101,-0.01657541,1.53519048473
147.061543155,1.555696,-0.01475862,1.55576600467
147.910538368,1.576565,-0.01289013,1.57661769452
148.764434882,1.597161,-0.01221653,1.59720772084
149.623260993,1.618026,-0.01152313,1.61806703174
150.487045158,1.639163,-0.01080954,1.63919864163
151.355816003,1.660577,-0.01007535,1.6606075652
152.229602313,1.673127,-0.002663382,1.67312911986
153.108433046,1.685739,0.004860998,1.68574600857
153.992337321,1.698412,0.01249891,1.69845799021
154.88134443,1.711148,0.02025149,1.71126783431
155.77548383,1.769418,0.08076592,1.77126034014
156.674785152,1.827583,0.1454031,1.83335803469
157.579278194,1.885492,0.2143014,1.89763146372
158.48899293,1.942988,0.2875987,1.96415767707
159.403959505,2.00787,0.1832792,2.01621754829
160.324208236,2.068383,0.07263948,2.06965811881
161.24976962,2.124054,-0.04422724,2.12451440185
162.180674325,2.174406,-0.1671982,2.18082477309
163.1169532,2.265707,-0.1558507,2.27106090859
164.05863727,2.360688,-0.1432672,2.36503135792
165.005757739,2.459488,-0.129366,2.46288789515
165.958345992,2.562258,-0.1140604,2.56479547594
166.916433595,2.572824,-0.3729373,2.59971259271
167.880052295,2.557425,-0.6351053,2.63510557145
168.849234025,2.515505,-0.8979787,2.67097943659
169.8240109,2.446764,-1.158895,2.70734033559
170.804415221,2.515151,-1.11074,2.74949593569
171.790479475,2.583283,-1.060013,2.79230704226
172.782236339,2.651087,-1.006682,2.83578400635
173.779718674,2.718489,-0.9507159,2.87993804892
174.782959536,2.209085,-0.9381808,2.40004994755
175.791992169,1.786146,-0.9001051,2.00012667708
176.806850008,1.436497,-0.8454829,1.66684281359
177.827566682,1.148695,-0.7810792,1.38909500024
178.854176016,1.354989,-0.7089566,1.52925297149
179.886712028,1.571476,-0.6039983,1.68355301817
180.925208934,1.794958,-0.4618415,1.85342164466
181.969701144,2.021386,-0.27812,2.04042938996
183.020223272,2.005872,-0.3498581,2.03615401444
184.076810128,1.987829,-0.4208433,2.03188907581
185.139496723,1.967289,-0.490987,2.02763266981
186.208318273,1.944289,-0.5602018,2.02338473164
187.283310195,1.989792,-0.4779502,2.04638916068
188.36450811,2.032041,-0.3927861,2.06965493405
189.451947847,2.07087,-0.3048269,2.09318465403
190.545665439,2.106117,-0.2141981,2.11698125729
191.645697129,2.139176,-0.1773544,2.14651544187
192.752079368,2.171994,-0.1393784,2.1764614112
193.86484882,2.204546,-0.1002592,2.20682463583
194.984042357,2.236807,-0.05998612,2.23761120167
196.109697066,2.236992,-0.03749091,2.23730614275
197.241850248,2.236951,-0.01499804,2.23700127796
198.38053942,2.236685,0.00749022,2.2366975416
199.525802313,2.23619,0.02997161,2.23639084543
200.677676878,2.159175,0.2902495,2.17859621153
201.836201285,2.054282,0.5329729,2.12229466561
203.001413923,1.924479,0.7554618,2.06744817413
204.173353405,1.772949,0.9554704,2.01401882858
205.352058565,2.005788,1.441319,2.46993642847
206.537568461,2.212444,2.06889,3.02906161793
207.729922378,2.36493,2.864703,3.71475667886
208.929159826,2.425037,3.856601,4.55567511183
210.135320544,3.633341,3.720199,5.20010071267
211.348444502,4.948811,3.277437,5.93568223566
212.568571898,6.310193,2.467058,6.77531629318
213.795743164,7.6344,1.235434,7.7337158293
215.029998963,7.956872,1.1435,8.03861955029
216.271380197,8.290312,1.042023,8.35554217211
217.519927999,8.634981,0.9304295,8.68496378374
218.775683744,8.991125,0.8081132,9.02736814967
220.038689043,9.564592,0.7795764,9.5963096808
221.308985748,10.17393,0.7441758,10.2011101977
222.586615953,10.82132,0.7011617,10.8440119085
223.871621995,11.50913,0.6497193,11.5274545554
225.164046454,12.77841,0.5006286,12.7882129761
226.463932159,14.18344,0.3109894,14.1868490032
227.771322182,15.73829,0.07377784,15.7384629267
229.086259848,17.45839,-0.219065,17.4597643417
230.408788728,20.6848,-0.8062698,20.7005077723
231.738952648,24.49035,-1.603245,24.5427715968
233.076795685,28.97573,-2.666975,29.0982075854
234.422362171,34.25852,-4.068149,34.4992178009
235.775696694,47.32143,-31.81439,57.0216901566
237.136844099,45.61431,-82.47405,94.247727825
238.505849491,4.906239,-155.6991,155.776381143
239.882758234,-110.1802,-232.7077,257.4733969
241.267615955,-94.70247,-112.8924,147.354171308
242.660468543,-68.78283,-48.79353,84.3320002886
244.061362154,-45.14964,-17.05619,48.2638955063
245.470343209,-27.46855,-2.905923,27.6218324444
246.887458397,-23.61222,-2.245125,23.7187166515
248.312754677,-20.29499,-1.712837,20.3671409306
249.746279278,-17.44181,-1.285985,17.4891535958
251.188079705,-14.98806,-0.9454409,15.0178494152
252.638203732,-13.64086,-0.8131181,13.6650730911
254.096699414,-12.4146,-0.6969541,12.434148068
255.56361508,-11.29844,-0.5951127,11.314102066
257.038999339,-10.2825,-0.5059539,10.2949402912
258.522901081,-9.632677,-0.3825858,9.64027168085
260.015369477,-9.023108,-0.2728301,9.02723181508
261.516453985,-8.451357,-0.1754633,8.4531782491
263.026204344,-7.91512,-0.08936198,7.91562443386
264.544670583,-7.620006,-0.007945215,7.62001014215
266.071903021,-7.335124,0.06751584,7.33543471677
267.607952264,-7.060149,0.1373448,7.06148479403
269.152869212,-6.794768,0.2018496,6.79776547366
270.70670506,-6.736432,0.4413783,6.75087630566
272.269511296,-6.670039,0.6770335,6.70431164413
273.841339708,-6.595786,0.9085585,6.65806815118
275.42224238,-6.513883,1.135707,6.61214807211
277.0122717,-4.99356,1.812177,5.31221488204
278.611480355,-3.695997,2.134037,4.26784579634
280.219921339,-2.624396,2.206624,3.42879626723
281.83764795,-1.766511,2.11372,2.75470022898
283.464713795,-2.036998,1.685108,2.64366219924
285.10117279,-2.217165,1.233311,2.53710004926
286.747079163,-2.308048,0.7754542,2.43483362606
288.402487452,-2.313619,0.3275142,2.33668535074
290.067452514,-2.359777,0.2875897,2.37723690979
291.74202952,-2.405942,0.2460715,2.41849293786
293.426273962,-2.452082,0.2029318,2.46046488497
295.120241648,-2.498165,0.1581441,2.50316558054
296.823988713,-2.587329,0.222397,2.59686961164
298.537571612,-2.678307,0.2911217,2.69408244686
300.26104713,-2.77106,0.3645269,2.79493352057
301.994472377,-2.865546,0.4428278,2.89956036988
303.737904793,-2.561633,0.8383552,2.69532986257
305.49140215,-2.223217,1.155317,2.50548422457
307.255022553,-1.865001,1.395012,2.32900992058
309.028824445,-1.500281,1.560846,2.16496727797
310.812866602,-1.485028,1.131821,1.86717083761
312.607208143,-1.415292,0.7682027,1.61033749057
314.411908526,-1.307771,0.4675319,1.38883082698
316.227027554,-1.176376,0.225505,1.19779505693
318.052625375,-1.206519,0.1874531,1.22099416954
319.888762483,-1.23586,0.1476049,1.2446433811
321.735499721,-1.264318,0.1059558,1.26875002923
323.592898286,-1.291814,0.06250356,1.29332521262
325.461019725,-1.275883,0.06075024,1.27732847042
327.339925943,-1.260148,0.05903067,1.26152986564
329.2296792,-1.244606,0.05734432,1.24592634865
331.130342118,-1.229255,0.05569053,1.23051586343
333.041977678,-1.187869,0.03828997,1.18848596246
334.964649226,-1.147681,0.02200684,1.14789197173
336.898420474,-1.108664,0.006787731,1.10868477855
338.8433555,-1.07079,-0.007418354,1.0708156966
340.799518754,-1.046176,-0.3145707,1.09244631368
342.766975058,-0.9339291,-0.6082097,1.11451451449
344.745789606,-0.7397667,-0.8634683,1.13702782531
346.73602797,-0.4764246,-1.057644,1.15999621992
348.737756102,-0.8440956,-0.7989615,1.16225507546
350.751040331,-1.086423,-0.4192727,1.16451901311
352.775947373,-1.166522,0.02486844,1.16678704818
354.812544325,-1.071731,0.4670051,1.16905992138
356.860898676,-1.129887,0.345183,1.18143807974
358.9210783,-1.174217,0.216165,1.19394843704
360.993151467,-1.203833,0.08151804,1.20658985688
363.077186837,-1.218029,-0.05708235,1.21936583498
365.173253471,-1.223167,-0.1527696,1.23267029678
367.281420824,-1.220863,-0.2496127,1.24611916155
369.401758755,-1.210968,-0.3470389,1.25971405293
371.534337526,-1.193377,-0.4444591,1.27345693123
373.679227803,-1.290496,-0.3821008,1.3458755319
375.836500662,-1.388375,-0.3093098,1.42241263106
378.006227589,-1.486298,-0.2254637,1.50330157481
380.18848048,-1.583468,-0.1299578,1.58879197405
382.38333165,-1.528587,-0.08592342,1.53100001655
384.590853829,-1.474628,-0.04486566,1.47531036254
386.811120167,-1.421631,-0.006652518,1.42164656513
389.044204238,-1.369631,0.02884428,1.36993469503
391.290180039,-1.320386,0.01752872,1.32050234571
393.549121994,-1.272834,0.006991199,1.27285319987
395.821104958,-1.22692,-0.002809082,1.22692321575
398.106204217,-1.182591,-0.01191134,1.18265098541
400.404495494,-1.203654,-0.05426342,1.20487653744
402.716054945,-1.22359,-0.09813546,1.22751906568
405.04095917,-1.242325,-0.143515,1.25058704649
407.379285207,-1.259784,-0.1903864,1.27408897176
409.731110543,-1.298262,-0.1949839,1.31282250967
412.096513109,-1.337914,-0.1996848,1.35273348844
414.475571287,-1.378775,-0.2044911,1.39385691899
416.868363913,-1.420885,-0.2094054,1.43623285186
419.274970276,-1.48495,-0.2382745,1.50394522502
421.695470124,-1.551644,-0.2693595,1.57485035574
424.129943664,-1.62106,-0.3028,1.64909774228
426.578471567,-1.693297,-0.338743,1.72684728632
429.041134971,-1.854609,-0.1503086,1.86068998442
431.51801548,-2.003631,0.0715694,2.00490881667
434.00919517,-2.135305,0.3276979,2.16030399636
436.514756592,-2.244123,0.6183072,2.32774393624
439.034782772,-2.382772,1.00732,2.58694723301
441.569357216,-2.479017,1.456085,2.87501457623
444.118563912,-2.519858,1.964526,3.19515989347
446.682487334,-2.490983,2.530667,3.5509536425
449.26121244,-1.568449,2.756206,3.17123064126
451.854824684,-0.720478,2.738937,2.8321130695
454.463410008,0.007369011,2.529248,2.52925873485
457.087054853,0.5873452,2.181089,2.25878808432
459.72584616,0.1183478,1.86252,1.86627622612
462.379871368,-0.2092715,1.527705,1.54197183105
465.049218426,-0.4197376,1.202893,1.27402167262
467.733975785,-0.5369693,0.9053741,1.05263397727
470.434232413,-0.3134485,0.79712,0.856533861883
473.150077785,-0.1480031,0.6810704,0.696966145064
475.881601898,-0.0302203,0.5663191,0.567124844771
478.628895265,0.04944793,0.4588153,0.461472184747
481.392048923,-0.06058561,0.5742489,0.577436070306
484.171154435,-0.2256331,0.6864074,0.722540943193
486.966303892,-0.4571065,0.780043,0.904109193732
489.777589916,-0.7649411,0.8334943,1.13130351127
492.605105665,-0.7704886,0.9493908,1.22270011608
495.448944835,-0.7688638,1.074783,1.3214802458
498.30920166,-0.7588786,1.209949,1.4282413354
501.185970921,-0.7392313,1.355109,1.54362667662
504.079347946,-0.3950643,1.477502,1.5294077158
506.989428613,-0.03508613,1.514913,1.51531925154
509.916309351,0.3202553,1.466806,1.50136048263
512.86008715,0.6511463,1.337444,1.48753082561
515.820859556,0.4916548,1.171831,1.27079201088
518.798724681,0.3635082,1.022967,1.08563331496
521.793781203,0.2612992,0.889882,0.927452018082
524.806128367,0.1804617,0.7714935,0.792318525411
527.835865994,0.06083555,0.9375463,0.93951797683
530.883094481,-0.1114275,1.108478,1.11406443451
533.947914803,-0.3462091,1.274866,1.32103900733
537.030428518,-0.6532329,1.423764,1.56646645331
540.130737772,-0.3195885,1.642632,1.67343260897
543.248945299,0.08191483,1.785825,1.78770270739
546.385154428,0.5348083,1.833365,1.90977672542
549.539469082,1.016963,1.768656,2.04018572432
552.711993787,1.084473,1.429355,1.79419547535
555.902833669,1.105503,1.125843,1.57786543902
559.112094463,1.08998,0.8587373,1.38761887808
562.339882514,1.046634,0.6274677,1.22031079832
565.586304782,0.9963351,0.536636,1.13166330151
568.851468843,0.9458662,0.454637,1.04945589239
572.135482894,0.8956159,0.3808274,0.973220092746
575.438455757,0.8459176,0.3145949,0.902522319445
578.760496883,0.9134839,0.1982829,0.934756087967
582.101716354,0.9656714,0.06910978,0.968141216182
585.462224888,1.000202,-0.07099019,1.00271812983
588.842133841,1.015027,-0.2196994,1.03853148103
592.241555215,0.8763302,-0.07301019,0.879366310064
595.660601653,0.7437757,0.03492021,0.744594999296
599.099386455,0.6206337,0.1109835,0.630478807612
602.55802357,0.5088929,0.1613248,0.533851734815
606.036627607,0.4679026,0.09043099,0.476561231154
609.535313836,0.424228,0.03180879,0.425418846674
613.054198193,0.3794422,-0.0156549,0.379765005016
616.593397283,0.3348245,-0.05310968,0.339010448084
620.153028384,0.3243459,-0.03412501,0.326136135922
623.733209451,0.3133209,-0.01641527,0.313750613491
627.334059121,0.3018356,4.207798e-05,0.301835602933
630.955696715,0.2899711,0.01527299,0.290373041205
634.598242242,0.257728,0.02036808,0.258531585434
638.261816405,0.2289115,0.02414961,0.230181837892
641.946540605,0.2031755,0.02684207,0.204940919589
645.652536941,0.1802065,0.02863717,0.182467723578
649.379928219,0.2140044,0.03231039,0.216429768103
653.128837952,0.2541253,0.03635662,0.256712819933
656.89939037,0.3017496,0.04078714,0.304493697619
660.691710415,0.3582774,0.04560458,0.361168206059
664.505923754,0.2986339,-0.06613882,0.305870151764
668.342156778,0.2191251,-0.1381491,0.25903857489
672.200536608,0.135148,-0.1728047,0.219377405961
676.081191098,0.05829487,-0.1764061,0.185788600257
679.984248843,0.1825755,-0.1065814,0.211408155061
683.909839177,0.2360087,0.04657502,0.240560468414
687.858092182,0.166251,0.2174633,0.273732865853
691.829138692,-0.02194749,0.3107054,0.311479594687
695.823110294,0.08403124,0.3719233,0.381298033537
699.840139336,0.2298712,0.4062386,0.466766074945
703.880358931,0.4129286,0.3949415,0.571391999524
707.943902959,0.6234945,0.3170361,0.699469284696
712.030906073,0.7203146,0.21549,0.751857076227
716.141503704,0.803198,0.08949308,0.808168323168
720.275832064,0.8666442,-0.05968489,0.868696987153
724.434028153,0.9050802,-0.2296437,0.933759282354
728.616229761,1.187949,-0.3937625,1.25150778384
732.822575472,1.550371,-0.640282,1.67738226924
737.053204672,2.011246,-1.004585,2.24817737173
741.308257551,2.592451,-1.535786,3.0132110489
745.587875109,3.424198,-2.927114,4.50478948589
749.892199159,4.292239,-5.189708,6.73471489808
754.221372332,4.990193,-8.744849,10.0684859939
758.575538085,5.106,-14.16004,15.0525070603
762.954840701,5.414544,-5.962823,8.05434943725
767.359425297,3.894865,-1.844992,4.30975275953
771.789437827,2.303054,-0.1180682,2.306078452
776.245025089,1.163331,0.4114388,1.2339452588
780.726334726,0.8863703,0.4879288,1.01179386369
785.233515235,0.6520966,0.5129002,0.829636420905
789.766715971,0.4592268,0.5018798,0.680273906222
794.32608715,0.304652,0.4672574,0.557801325705
798.911779856,0.5620783,0.5073236,0.757171876424
803.523946043,0.9137975,0.4704801,1.02780221614
808.162738546,1.362535,0.2999604,1.39516230876
812.82831108,1.892147,-0.07967214,1.89382362418
817.520818247,1.643913,-0.7347776,1.80065212438
822.240415543,1.194553,-1.226463,1.7120655245
826.98725936,0.6248568,-1.503132,1.6278365489
831.761506995,0.02433346,-1.54756,1.5477512949
836.563316651,0.495127,-1.573557,1.64961582751
841.392847445,0.9839781,-1.45705,1.75818304047
846.250259414,1.447973,-1.18948,1.87389660311
851.135713517,1.84067,-0.7751395,1.99722489804
856.049371643,1.596269,-0.4130953,1.64885488969
860.991396616,1.353335,-0.1465766,1.36124954431
865.961952199,1.123022,0.04208607,1.12381032642
870.9612031,0.9123286,0.1686596,0.927787440662
875.989314981,0.7496303,0.1204002,0.759237640557
881.046454456,0.6155959,0.08405428,0.62130784164
886.132789105,0.5052415,0.05690243,0.508435698847
891.248487472,0.414437,0.03681592,0.416069031453
896.393719077,0.4471844,0.0988097,0.457970789917
901.568654415,0.4741619,0.1711131,0.504092452238
906.77346497,0.4933828,0.2538542,0.554859029118
912.008323211,0.5026601,0.3468916,0.610738043913
917.273402607,0.4842841,0.2502026,0.545098551236
922.568877626,0.4570693,0.1666827,0.486513584067
927.894923743,0.4235204,0.09582232,0.434225110083
933.251717448,0.3857968,0.03688655,0.387556174588
938.639436248,0.3041361,0.0363111,0.306296038672
944.058258676,0.2396259,0.03433947,0.242073896054
949.508364294,0.1886925,0.0315833,0.191317444043
954.989933703,0.1485007,0.02845944,0.151203166718
960.503148545,0.134655,0.04189863,0.141022920906
966.04819151,0.120418,0.05290671,0.131527999631
971.625246345,0.1060725,0.06162079,0.122672315607
977.234497856,0.09186636,0.06819738,0.114412895858
982.876131917,0.08844031,0.08577968,0.123206501183
988.550335473,0.08229952,0.1040659,0.132676005875
994.257296551,0.07316111,0.1227201,0.14287326888
999.997204261,0.06077067,0.1413438,0.153854295132
