#I+8.670000E+02
+3.000000E+00
+8.010000E+02
+8.010000E+02
+1.000000E+01
+1.000000E+00
+3.000000E+00
+0.000000E+00
+1.000000E+00
+1.000000E+00
+1.000000E+00
+1.000000E+00
+2.497000E+03
-1.092400E+04
+2.025600E+04
-1.299100E+04
-1.119200E+04
+0.000000E+00
+0.000000E+00
+0.000000E+00
+0.000000E+00
+0.000000E+00
+0.000000E+00
+0.000000E+00
+0.000000E+00
+0.000000E+00
+0.000000E+00
+0.000000E+00
+0.000000E+00
+0.000000E+00
+0.000000E+00
+0.000000E+00
+0.000000E+00
+0.000000E+00
+0.000000E+00
+0.000000E+00
+1.000000E+00
+0.000000E+00
+1.000000E+00
+0.000000E+00
+0.000000E+00
+1.000000E+00
+0.000000E+00
+0.000000E+00
+2.000000E+00
+3.000000E+00
+4.500000E+01
+4.500000E+01
+0.000000E+00
+0.000000E+00
+2.000000E+00
+0.000000E+00
+0.000000E+00
+0.000000E+00
+0.000000E+00
+0.000000E+00
+2.499999E-03
+2.517856E-03
+0.000000E+00
+0.000000E+00
+0.000000E+00
+1.000000E+00
+1.000000E+00
+0.000000E+00
+0.000000E+00
+9.9999904632568339E+00
+9.9999904632568339E+00
+1.711332E-07
+1.787755E-07
+1.867592E-07
+1.950993E-07
+2.038119E-07
+2.057583E-07
+2.077234E-07
+2.097072E-07
+2.117101E-07
+2.151985E-07
+2.187443E-07
+2.223486E-07
+2.260122E-07
+2.320368E-07
+2.382219E-07
+2.445718E-07
+2.510910E-07
+2.527049E-07
+2.543291E-07
+2.559637E-07
+2.576089E-07
+2.621729E-07
+2.668179E-07
+2.715452E-07
+2.763562E-07
+2.837255E-07
+2.912914E-07
+2.990590E-07
+3.070337E-07
+3.128677E-07
+3.188126E-07
+3.248704E-07
+3.310435E-07
+3.373022E-07
+3.436792E-07
+3.501767E-07
+3.567970E-07
+3.651335E-07
+3.736646E-07
+3.823952E-07
+3.913296E-07
+3.997453E-07
+4.083418E-07
+4.171233E-07
+4.260934E-07
+4.313071E-07
+4.365846E-07
+4.419267E-07
+4.473343E-07
+4.577954E-07
+4.685012E-07
+4.794573E-07
+4.906698E-07
+5.065762E-07
+5.229982E-07
+5.399527E-07
+5.574568E-07
+5.664131E-07
+5.755132E-07
+5.847596E-07
+5.941545E-07
+6.036788E-07
+6.133558E-07
+6.231879E-07
+6.331776E-07
+6.495408E-07
+6.663267E-07
+6.835465E-07
+7.012114E-07
+7.135341E-07
+7.260733E-07
+7.388328E-07
+7.518167E-07
+7.675867E-07
+7.836875E-07
+8.001260E-07
+8.169092E-07
+8.404002E-07
+8.645666E-07
+8.894279E-07
+9.150045E-07
+9.330546E-07
+9.514607E-07
+9.702298E-07
+9.893692E-07
+1.013826E-06
+1.038888E-06
+1.064569E-06
+1.090884E-06
+1.114748E-06
+1.139134E-06
+1.164053E-06
+1.189517E-06
+1.212903E-06
+1.236749E-06
+1.261064E-06
+1.285857E-06
+1.320184E-06
+1.355428E-06
+1.391613E-06
+1.428763E-06
+1.460088E-06
+1.492099E-06
+1.524812E-06
+1.558242E-06
+1.595402E-06
+1.633448E-06
+1.672402E-06
+1.712284E-06
+1.750001E-06
+1.788548E-06
+1.827944E-06
+1.868208E-06
+1.913866E-06
+1.960640E-06
+2.008557E-06
+2.057646E-06
+2.119191E-06
+2.182576E-06
+2.247857E-06
+2.315090E-06
+2.360553E-06
+2.406909E-06
+2.454175E-06
+2.502371E-06
+2.561372E-06
+2.621764E-06
+2.683581E-06
+2.746854E-06
+2.814736E-06
+2.884296E-06
+2.955575E-06
+3.028615E-06
+3.099877E-06
+3.172816E-06
+3.247472E-06
+3.323883E-06
+3.411778E-06
+3.501998E-06
+3.594603E-06
+3.689656E-06
+3.770398E-06
+3.852907E-06
+3.937221E-06
+4.023378E-06
+4.137412E-06
+4.254679E-06
+4.375269E-06
+4.499278E-06
+4.612547E-06
+4.728668E-06
+4.847713E-06
+4.969756E-06
+5.093114E-06
+5.219534E-06
+5.349092E-06
+5.481866E-06
+5.623545E-06
+5.768886E-06
+5.917983E-06
+6.070933E-06
+6.231850E-06
+6.397033E-06
+6.566594E-06
+6.740652E-06
+6.916139E-06
+7.096194E-06
+7.280937E-06
+7.470490E-06
+7.667735E-06
+7.870188E-06
+8.077986E-06
+8.291268E-06
+8.517178E-06
+8.749242E-06
+8.987630E-06
+9.232519E-06
+9.477308E-06
+9.728586E-06
+9.986528E-06
+1.025131E-05
+1.052547E-05
+1.080697E-05
+1.109599E-05
+1.139274E-05
+1.170903E-05
+1.203410E-05
+1.236820E-05
+1.271157E-05
+1.306154E-05
+1.342114E-05
+1.379065E-05
+1.417032E-05
+1.458325E-05
+1.500820E-05
+1.544554E-05
+1.589563E-05
+1.635565E-05
+1.682898E-05
+1.731601E-05
+1.781714E-05
+1.833526E-05
+1.886845E-05
+1.941714E-05
+1.998179E-05
+2.057331E-05
+2.118234E-05
+2.180939E-05
+2.245500E-05
+2.312182E-05
+2.380844E-05
+2.451545E-05
+2.524345E-05
+2.601446E-05
+2.680902E-05
+2.762784E-05
+2.847167E-05
+2.937368E-05
+3.030427E-05
+3.126435E-05
+3.225484E-05
+3.323938E-05
+3.425396E-05
+3.529953E-05
+3.637699E-05
+3.754449E-05
+3.874945E-05
+3.999309E-05
+4.127665E-05
+4.261232E-05
+4.399122E-05
+4.541474E-05
+4.688431E-05
+4.846652E-05
+5.010213E-05
+5.179294E-05
+5.354082E-05
+5.532378E-05
+5.716613E-05
+5.906983E-05
+6.103690E-05
+6.323248E-05
+6.550705E-05
+6.786342E-05
+7.030455E-05
+7.273492E-05
+7.524932E-05
+7.785064E-05
+8.054185E-05
+8.347315E-05
+8.651112E-05
+8.965966E-05
+9.292275E-05
+9.636997E-05
+9.994507E-05
+1.036528E-04
+1.074981E-04
+1.118154E-04
+1.163060E-04
+1.209770E-04
+1.258357E-04
+1.314425E-04
+1.372991E-04
+1.434167E-04
+1.498069E-04
+1.561784E-04
+1.628210E-04
+1.697460E-04
+1.769657E-04
+1.848773E-04
+1.931426E-04
+2.017774E-04
+2.107984E-04
+2.202784E-04
+2.301848E-04
+2.405367E-04
+2.513542E-04
+2.631097E-04
+2.754150E-04
+2.882957E-04
+3.017790E-04
+3.166058E-04
+3.321612E-04
+3.484808E-04
+3.656022E-04
+3.845576E-04
+4.044957E-04
+4.254676E-04
+4.475267E-04
+4.723177E-04
+4.984820E-04
+5.260957E-04
+5.552390E-04
+5.872089E-04
+6.210195E-04
+6.567769E-04
+6.945932E-04
+7.384897E-04
+7.851602E-04
+8.347803E-04
+8.875363E-04
+9.479845E-04
+1.012550E-03
+1.081512E-03
+1.155171E-03
+1.237952E-03
+1.326666E-03
+1.421736E-03
+1.523620E-03
+1.651723E-03
+1.790598E-03
+1.941148E-03
+2.104356E-03
+2.291030E-03
+2.494263E-03
+2.715524E-03
+2.956414E-03
+3.271929E-03
+3.621116E-03
+4.007570E-03
+4.435267E-03
+4.972260E-03
+5.574267E-03
+6.249162E-03
+7.005767E-03
+7.972086E-03
+9.071691E-03
+1.032297E-02
+1.174683E-02
+1.319650E-02
+1.482507E-02
+1.665462E-02
+1.870995E-02
+2.108989E-02
+2.377257E-02
+2.679649E-02
+3.020505E-02
+3.088740E-02
+3.158517E-02
+3.229870E-02
+3.302834E-02
+3.103517E-02
+2.916229E-02
+2.740243E-02
+2.574877E-02
+2.426195E-02
+2.286098E-02
+2.154091E-02
+2.029706E-02
+1.892057E-02
+1.763744E-02
+1.644132E-02
+1.532632E-02
+1.414775E-02
+1.305981E-02
+1.205553E-02
+1.112847E-02
+1.036855E-02
+9.660523E-03
+9.000843E-03
+8.386211E-03
+7.896496E-03
+7.435378E-03
+7.001187E-03
+6.592351E-03
+6.261584E-03
+5.947414E-03
+5.649006E-03
+5.365571E-03
+5.129901E-03
+4.904582E-03
+4.689160E-03
+4.483199E-03
+4.323884E-03
+4.170231E-03
+4.022038E-03
+3.879111E-03
+3.759363E-03
+3.643312E-03
+3.530844E-03
+3.421848E-03
+3.327647E-03
+3.236040E-03
+3.146955E-03
+3.060322E-03
+2.990137E-03
+2.921562E-03
+2.854560E-03
+2.789094E-03
+2.735048E-03
+2.682049E-03
+2.630078E-03
+2.579113E-03
+2.538610E-03
+2.498743E-03
+2.459502E-03
+2.420876E-03
+2.389163E-03
+2.357866E-03
+2.326978E-03
+2.296495E-03
+2.272691E-03
+2.249133E-03
+2.225819E-03
+2.202747E-03
+2.185280E-03
+2.167951E-03
+2.150759E-03
+2.133704E-03
+2.120775E-03
+2.107924E-03
+2.095151E-03
+2.082456E-03
+2.078323E-03
+2.074198E-03
+2.070081E-03
+2.065973E-03
+2.065461E-03
+2.064948E-03
+2.064436E-03
+2.063924E-03
+2.064433E-03
+2.064942E-03
+2.065451E-03
+2.065960E-03
+2.081986E-03
+2.098136E-03
+2.114411E-03
+2.130811E-03
+2.204466E-03
+2.280667E-03
+2.359502E-03
+2.441061E-03
+2.513541E-03
+2.588173E-03
+2.665021E-03
+2.744151E-03
+2.330254E-03
+1.978785E-03
+1.680327E-03
+1.426886E-03
+1.514627E-03
+1.607765E-03
+1.706629E-03
+1.811572E-03
+1.886642E-03
+1.964824E-03
+2.046245E-03
+2.131040E-03
+2.188983E-03
+2.248501E-03
+2.309638E-03
+2.372438E-03
+2.439809E-03
+2.509095E-03
+2.580347E-03
+2.653623E-03
+2.729311E-03
+2.807158E-03
+2.887225E-03
+2.969576E-03
+3.054870E-03
+3.142613E-03
+3.232877E-03
+3.325734E-03
+3.438626E-03
+3.555350E-03
+3.676037E-03
+3.800822E-03
+3.951938E-03
+4.109061E-03
+4.272432E-03
+4.442301E-03
+4.640428E-03
+4.847392E-03
+5.063588E-03
+5.289423E-03
+5.639451E-03
+6.012641E-03
+6.410527E-03
+6.834742E-03
+7.340874E-03
+7.884486E-03
+8.468354E-03
+9.095462E-03
+1.020148E-02
+1.144200E-02
+1.283336E-02
+1.439391E-02
+1.556672E-02
+1.683509E-02
+1.820680E-02
+1.969029E-02
+2.058829E-02
+2.152725E-02
+2.250902E-02
+2.353557E-02
+2.356425E-02
+2.359295E-02
+2.362170E-02
+2.365048E-02
+3.248928E-02
+4.463137E-02
+6.131127E-02
+8.422494E-02
+1.209102E-01
+1.735741E-01
+2.491765E-01
+3.577087E-01
+3.206477E-01
+2.874264E-01
+2.576470E-01
+2.309531E-01
+1.555786E-01
+1.048035E-01
+7.059957E-02
+4.755849E-02
+3.380481E-02
+2.402863E-02
+1.707967E-02
+1.214032E-02
+8.504579E-03
+5.957659E-03
+4.173482E-03
+2.923622E-03
+2.537752E-03
+2.202810E-03
+1.912075E-03
+1.659712E-03
+4.795628E-03
+1.385665E-02
+4.003786E-02
+1.156867E-01
+1.074869E-01
+9.986824E-02
+9.278959E-02
+8.621269E-02
+6.818928E-02
+5.393379E-02
+4.265852E-02
+3.374043E-02
+2.886391E-02
+2.469219E-02
+2.112342E-02
+1.807043E-02
+1.633289E-02
+1.476242E-02
+1.334296E-02
+1.205998E-02
+1.120781E-02
+1.041586E-02
+9.679867E-03
+8.995879E-03
+8.450745E-03
+7.938644E-03
+7.457576E-03
+7.005660E-03
+6.666507E-03
+6.343772E-03
+6.036661E-03
+5.744418E-03
+5.517518E-03
+5.299581E-03
+5.090252E-03
+4.889190E-03
+4.734013E-03
+4.583761E-03
+4.438278E-03
+4.297413E-03
+4.194214E-03
+4.093493E-03
+3.995191E-03
+3.899251E-03
+3.833971E-03
+3.769784E-03
+3.706672E-03
+3.644615E-03
+3.631083E-03
+3.617602E-03
+3.604170E-03
+3.590789E-03
+3.605036E-03
+3.619339E-03
+3.633698E-03
+3.648117E-03
+3.684267E-03
+3.720776E-03
+3.757647E-03
+3.794884E-03
+3.884820E-03
+3.976887E-03
+4.071136E-03
+4.167619E-03
+4.232096E-03
+4.297571E-03
+4.364059E-03
+4.431575E-03
+4.446327E-03
+4.461127E-03
+4.475977E-03
+4.490878E-03
+4.862390E-03
+5.264636E-03
+5.700159E-03
+6.171709E-03
+7.145330E-03
+8.272545E-03
+9.577585E-03
+1.108851E-02
+1.468385E-02
+1.944494E-02
+2.574976E-02
+3.409886E-02
+2.933003E-02
+2.522814E-02
+2.169991E-02
+1.866511E-02
+1.562325E-02
+1.307712E-02
+1.094593E-02
+9.162065E-03
+4.977569E-03
+2.704215E-03
+1.469146E-03
+7.981585E-04
+4.976051E-04
+3.102276E-04
+1.934087E-04
+1.205791E-04
+1.458217E-04
+1.763487E-04
+2.132665E-04
+2.579127E-04
+3.484708E-04
+4.708255E-04
+6.361413E-04
+8.595029E-04
+1.047163E-03
+1.275796E-03
+1.554347E-03
+1.893716E-03
+2.294516E-03
+2.780143E-03
+3.368552E-03
+4.081498E-03
+4.870501E-03
+5.812028E-03
+6.935564E-03
+8.276295E-03
+1.056716E-02
+1.349213E-02
+1.722674E-02
+2.199508E-02
+3.321309E-02
+5.015255E-02
+7.573153E-02
+1.143564E-01
+1.518125E-01
+2.015369E-01
+2.675479E-01
+3.551801E-01
+3.086819E-01
+2.682710E-01
+2.331504E-01
+2.026277E-01
+2.192685E-01
+2.372760E-01
+2.567623E-01
+2.778491E-01
+1.296313E-01
+6.047981E-02
+2.821702E-02
+1.316473E-02
+2.181259E-02
+3.614119E-02
+5.988219E-02
+9.921859E-02
+9.848875E-02
+9.776427E-02
+9.704512E-02
+9.633128E-02
+1.105706E-01
+1.269147E-01
+1.456748E-01
+1.672080E-01
+2.012014E-01
+2.421057E-01
+2.913258E-01
+3.505524E-01
+4.302690E-01
+5.281135E-01
+6.482080E-01
+7.956127E-01
+6.895481E-01
+5.976232E-01
+5.179529E-01
+4.489036E-01
+4.205946E-01
+3.940707E-01
+3.692196E-01
+3.459356E-01
+3.299091E-01
+3.146250E-01
+3.000490E-01
+2.861483E-01
+1.834470E-01
+1.176062E-01
+7.539624E-02
+4.833583E-02
+3.369302E-02
+2.348609E-02
+1.637123E-02
+1.141175E-02
+8.168122E-03
+5.846451E-03
+4.184682E-03
+2.995246E-03
+2.280782E-03
+1.736741E-03
+1.322472E-03
+1.007019E-03
+6.706938E-04
+4.466947E-04
+2.975071E-04
+1.981453E-04
+2.548051E-04
+3.276668E-04
+4.213633E-04
+5.418527E-04
+3.548780E-04
+2.324218E-04
+1.522210E-04
+9.969475E-05
+1.123241E-04
+1.265533E-04
+1.425850E-04
+1.606477E-04
+2.548920E-04
+4.044249E-04
+6.416816E-04
+1.018126E-03
+1.086046E-03
+1.158498E-03
+1.235783E-03
+1.318224E-03
+2.290113E-03
+3.978548E-03
+6.911818E-03
+1.200771E-02
+1.023813E-02
+8.729335E-03
+7.442891E-03
+6.346029E-03
+6.668641E-03
+7.007654E-03
+7.363901E-03
+7.738258E-03
+3.550682E-03
+1.629223E-03
+7.475652E-04
+3.430185E-04
+4.789688E-04
+6.688011E-04
+9.338707E-04
+1.303997E-03
+9.301077E-04
+6.634220E-04
+4.732020E-04
+3.375231E-04
+2.649870E-04
+2.080394E-04
+1.633303E-04
+1.282294E-04
+1.372348E-04
+1.468727E-04
+1.571873E-04
+1.682264E-04
+2.273327E-04
+3.072061E-04
+4.151430E-04
+5.610037E-04
+1.057565E-03
+1.993649E-03
+3.758288E-03
+7.084868E-03
+6.081977E-03
+5.221048E-03
+4.481988E-03
+3.847545E-03
+2.609340E-03
+1.769610E-03
+1.200120E-03
+8.139006E-04
+7.859953E-04
+7.590468E-04
+7.330221E-04
+7.078898E-04
+5.800748E-04
+4.753378E-04
+3.895119E-04
+3.191825E-04
