#I+8.670000E+02
+2.000000E+00
+8.010000E+02
+8.010000E+02
+1.000000E+01
+0.000000E+00
+3.000000E+00
+0.000000E+00
+1.000000E+00
+1.000000E+00
+1.000000E+00
+1.000000E+00
+2.497000E+03
-1.092400E+04
+2.025600E+04
-1.299100E+04
-1.119200E+04
+0.000000E+00
+0.000000E+00
+0.000000E+00
+0.000000E+00
+0.000000E+00
+0.000000E+00
+0.000000E+00
+0.000000E+00
+0.000000E+00
+0.000000E+00
+0.000000E+00
+0.000000E+00
+0.000000E+00
+0.000000E+00
+0.000000E+00
+0.000000E+00
+0.000000E+00
+0.000000E+00
+0.000000E+00
+1.000000E+00
+0.000000E+00
+1.000000E+00
+0.000000E+00
+0.000000E+00
+1.000000E+00
+0.000000E+00
+0.000000E+00
+2.000000E+00
+3.000000E+00
+4.500000E+01
+4.500000E+01
+0.000000E+00
+0.000000E+00
+2.000000E+00
+0.000000E+00
+0.000000E+00
+0.000000E+00
+0.000000E+00
+0.000000E+00
+2.499999E-03
+1.588666E-04
+0.000000E+00
+0.000000E+00
+0.000000E+00
+1.000000E+00
+1.000000E+00
+0.000000E+00
+0.000000E+00
+9.9999904632568339E+00
+9.9999904632568339E+00
+1.841119E-07
+1.894394E-07
+1.949212E-07
+2.005616E-07
+2.063652E-07
+2.079352E-07
+2.095172E-07
+2.111112E-07
+2.127173E-07
+2.179983E-07
+2.234105E-07
+2.289570E-07
+2.346412E-07
+2.404669E-07
+2.464374E-07
+2.525560E-07
+2.588267E-07
+2.630416E-07
+2.673252E-07
+2.716785E-07
+2.761026E-07
+2.780897E-07
+2.800911E-07
+2.821069E-07
+2.841372E-07
+2.895789E-07
+2.951248E-07
+3.007769E-07
+3.065374E-07
+3.115674E-07
+3.166799E-07
+3.218763E-07
+3.271578E-07
+3.334087E-07
+3.397790E-07
+3.462711E-07
+3.528871E-07
+3.604858E-07
+3.682481E-07
+3.761776E-07
+3.842779E-07
+3.940181E-07
+4.040052E-07
+4.142454E-07
+4.247453E-07
+4.282743E-07
+4.318326E-07
+4.354204E-07
+4.390379E-07
+4.500154E-07
+4.612673E-07
+4.728005E-07
+4.846224E-07
+5.016055E-07
+5.191838E-07
+5.373780E-07
+5.562100E-07
+5.635136E-07
+5.709130E-07
+5.784096E-07
+5.860044E-07
+5.979127E-07
+6.100631E-07
+6.224604E-07
+6.351097E-07
+6.502528E-07
+6.657569E-07
+6.816308E-07
+6.978829E-07
+7.068053E-07
+7.158418E-07
+7.249938E-07
+7.342625E-07
+7.501343E-07
+7.663492E-07
+7.829146E-07
+7.998383E-07
+8.201218E-07
+8.409198E-07
+8.622452E-07
+8.841116E-07
+9.040676E-07
+9.244741E-07
+9.453411E-07
+9.666792E-07
+9.910939E-07
+1.016125E-06
+1.041788E-06
+1.068100E-06
+1.097070E-06
+1.126825E-06
+1.157388E-06
+1.188781E-06
+1.205377E-06
+1.222204E-06
+1.239267E-06
+1.256568E-06
+1.280490E-06
+1.304867E-06
+1.329709E-06
+1.355023E-06
+1.395731E-06
+1.437662E-06
+1.480853E-06
+1.525341E-06
+1.557865E-06
+1.591082E-06
+1.625008E-06
+1.659658E-06
+1.698642E-06
+1.738542E-06
+1.779379E-06
+1.821174E-06
+1.868424E-06
+1.916899E-06
+1.966632E-06
+2.017655E-06
+2.067845E-06
+2.119283E-06
+2.172001E-06
+2.226030E-06
+2.270818E-06
+2.316506E-06
+2.363114E-06
+2.410659E-06
+2.469437E-06
+2.529648E-06
+2.591326E-06
+2.654509E-06
+2.718485E-06
+2.784003E-06
+2.851101E-06
+2.919815E-06
+2.986070E-06
+3.053829E-06
+3.123124E-06
+3.193992E-06
+3.276646E-06
+3.361439E-06
+3.448426E-06
+3.537665E-06
+3.619577E-06
+3.703385E-06
+3.789134E-06
+3.876868E-06
+3.988729E-06
+4.103818E-06
+4.222228E-06
+4.344055E-06
+4.443837E-06
+4.545912E-06
+4.650331E-06
+4.757148E-06
+4.879450E-06
+5.004896E-06
+5.133566E-06
+5.265544E-06
+5.382554E-06
+5.502165E-06
+5.624433E-06
+5.749420E-06
+5.910107E-06
+6.075285E-06
+6.245079E-06
+6.419618E-06
+6.592868E-06
+6.770793E-06
+6.953521E-06
+7.141178E-06
+7.320979E-06
+7.505309E-06
+7.694278E-06
+7.888004E-06
+8.094874E-06
+8.307168E-06
+8.525030E-06
+8.748606E-06
+8.980378E-06
+9.218289E-06
+9.462503E-06
+9.713190E-06
+9.969983E-06
+1.023357E-05
+1.050411E-05
+1.078182E-05
+1.107731E-05
+1.138091E-05
+1.169282E-05
+1.201328E-05
+1.234327E-05
+1.268231E-05
+1.303067E-05
+1.338860E-05
+1.377956E-05
+1.418193E-05
+1.459605E-05
+1.502227E-05
+1.544616E-05
+1.588201E-05
+1.633016E-05
+1.679095E-05
+1.727019E-05
+1.776311E-05
+1.827010E-05
+1.879156E-05
+1.933761E-05
+1.989953E-05
+2.047778E-05
+2.107284E-05
+2.169627E-05
+2.233814E-05
+2.299900E-05
+2.367941E-05
+2.438159E-05
+2.510459E-05
+2.584903E-05
+2.661555E-05
+2.741411E-05
+2.823663E-05
+2.908383E-05
+2.995644E-05
+3.091159E-05
+3.189721E-05
+3.291425E-05
+3.396370E-05
+3.500934E-05
+3.608716E-05
+3.719817E-05
+3.834337E-05
+3.961219E-05
+4.092300E-05
+4.227718E-05
+4.367618E-05
+4.517832E-05
+4.673212E-05
+4.833936E-05
+5.000189E-05
+5.158463E-05
+5.321747E-05
+5.490200E-05
+5.663983E-05
+5.894813E-05
+6.135051E-05
+6.385079E-05
+6.645297E-05
+6.873729E-05
+7.110015E-05
+7.354423E-05
+7.607236E-05
+7.929020E-05
+8.264415E-05
+8.613997E-05
+8.978367E-05
+9.359070E-05
+9.755915E-05
+1.016959E-04
+1.060080E-04
+1.107184E-04
+1.156381E-04
+1.207765E-04
+1.261431E-04
+1.340237E-04
+1.423966E-04
+1.512926E-04
+1.607444E-04
+1.647582E-04
+1.688722E-04
+1.730890E-04
+1.774111E-04
+1.551620E-04
+1.357032E-04
+1.186847E-04
+1.038005E-04
+1.189674E-04
+1.363503E-04
+1.562732E-04
+1.791072E-04
+1.905003E-04
+2.026181E-04
+2.155068E-04
+2.292153E-04
+2.421095E-04
+2.557290E-04
+2.701146E-04
+2.853094E-04
+2.996611E-04
+3.147346E-04
+3.305664E-04
+3.471945E-04
+3.663508E-04
+3.865641E-04
+4.078926E-04
+4.303977E-04
+4.546185E-04
+4.802023E-04
+5.072259E-04
+5.357702E-04
+5.685934E-04
+6.034274E-04
+6.403956E-04
+6.796283E-04
+7.241917E-04
+7.716770E-04
+8.222760E-04
+8.761925E-04
+9.368530E-04
+1.001713E-03
+1.071064E-03
+1.145216E-03
+1.233937E-03
+1.329531E-03
+1.432531E-03
+1.543510E-03
+1.667378E-03
+1.801186E-03
+1.945732E-03
+2.101878E-03
+2.299764E-03
+2.516280E-03
+2.753180E-03
+3.012386E-03
+3.328792E-03
+3.678431E-03
+4.064794E-03
+4.491738E-03
+5.076197E-03
+5.736705E-03
+6.483157E-03
+7.326734E-03
+8.193936E-03
+9.163780E-03
+1.024842E-02
+1.146143E-02
+1.294129E-02
+1.461222E-02
+1.649889E-02
+1.862917E-02
+1.876684E-02
+1.890553E-02
+1.904524E-02
+1.918598E-02
+1.766239E-02
+1.625980E-02
+1.496859E-02
+1.377992E-02
+1.306205E-02
+1.238158E-02
+1.173656E-02
+1.112515E-02
+1.138901E-02
+1.165913E-02
+1.193566E-02
+1.221874E-02
+1.121935E-02
+1.030170E-02
+9.459103E-03
+8.685427E-03
+8.038886E-03
+7.440474E-03
+6.886608E-03
+6.373972E-03
+5.966811E-03
+5.585660E-03
+5.228857E-03
+4.894845E-03
+4.620420E-03
+4.361380E-03
+4.116862E-03
+3.886052E-03
+3.690417E-03
+3.504631E-03
+3.328198E-03
+3.160646E-03
+3.030997E-03
+2.906666E-03
+2.787434E-03
+2.673094E-03
+2.576043E-03
+2.482517E-03
+2.392386E-03
+2.305526E-03
+2.230034E-03
+2.157014E-03
+2.086385E-03
+2.018068E-03
+1.955327E-03
+1.894537E-03
+1.835637E-03
+1.778568E-03
+1.729698E-03
+1.682171E-03
+1.635950E-03
+1.590999E-03
+1.551643E-03
+1.513262E-03
+1.475829E-03
+1.439322E-03
+1.405283E-03
+1.372049E-03
+1.339600E-03
+1.307919E-03
+1.279929E-03
+1.252539E-03
+1.225734E-03
+1.199503E-03
+1.186737E-03
+1.174106E-03
+1.161610E-03
+1.149247E-03
+1.148740E-03
+1.148232E-03
+1.147725E-03
+1.147218E-03
+1.121605E-03
+1.096563E-03
+1.072080E-03
+1.048144E-03
+1.038065E-03
+1.028083E-03
+1.018196E-03
+1.008405E-03
+1.022408E-03
+1.036607E-03
+1.051002E-03
+1.065597E-03
+1.039582E-03
+1.014202E-03
+9.894413E-04
+9.652855E-04
+5.959928E-04
+3.679817E-04
+2.272016E-04
+1.402803E-04
+1.730326E-04
+2.134319E-04
+2.632635E-04
+3.247297E-04
+7.368899E-04
+1.672181E-03
+3.794581E-03
+8.610817E-03
+6.569285E-03
+5.011778E-03
+3.823540E-03
+2.917021E-03
+2.650208E-03
+2.407800E-03
+2.187564E-03
+1.987473E-03
+1.918919E-03
+1.852730E-03
+1.788824E-03
+1.727122E-03
+1.677194E-03
+1.628710E-03
+1.581627E-03
+1.535906E-03
+1.518677E-03
+1.501641E-03
+1.484796E-03
+1.468141E-03
+1.473156E-03
+1.478188E-03
+1.483238E-03
+1.488305E-03
+1.498391E-03
+1.508545E-03
+1.518768E-03
+1.529060E-03
+1.549127E-03
+1.569457E-03
+1.590054E-03
+1.610921E-03
+1.657673E-03
+1.705782E-03
+1.755287E-03
+1.806229E-03
+1.797513E-03
+1.788839E-03
+1.780207E-03
+1.771616E-03
+1.805813E-03
+1.840671E-03
+1.876202E-03
+1.912418E-03
+1.977906E-03
+2.045635E-03
+2.115684E-03
+2.188132E-03
+2.303279E-03
+2.424486E-03
+2.552072E-03
+2.686372E-03
+2.723417E-03
+2.760973E-03
+2.799048E-03
+2.837646E-03
+4.090842E-03
+5.897488E-03
+8.502008E-03
+1.225677E-02
+1.389253E-02
+1.574660E-02
+1.784811E-02
+2.023008E-02
+2.916361E-02
+4.204216E-02
+6.060782E-02
+8.737203E-02
+7.656878E-02
+6.710131E-02
+5.880447E-02
+5.153351E-02
+3.376618E-02
+2.212454E-02
+1.449661E-02
+9.498581E-03
+6.753481E-03
+4.801718E-03
+3.414016E-03
+2.427361E-03
+1.791840E-03
+1.322709E-03
+9.764030E-04
+7.207656E-04
+4.159848E-04
+2.400827E-04
+1.385620E-04
+7.997003E-05
+1.773463E-04
+3.932939E-04
+8.721922E-04
+1.934226E-03
+1.663384E-03
+1.430467E-03
+1.230164E-03
+1.057910E-03
+7.404698E-04
+5.182821E-04
+3.627646E-04
+2.539122E-04
+1.764963E-04
+1.226839E-04
+8.527854E-05
+5.927778E-05
+3.811544E-05
+2.450811E-05
+1.575864E-05
+1.013276E-05
+3.446994E-06
+1.172609E-06
+3.989020E-07
+1.356997E-07
+3.891976E-07
+1.116250E-06
+3.201494E-06
+9.182144E-06
+1.184993E-05
+1.529281E-05
+1.973598E-05
+2.547008E-05
+2.954745E-05
+3.427754E-05
+3.976484E-05
+4.613056E-05
+5.093904E-05
+5.624875E-05
+6.211191E-05
+6.858620E-05
+7.223368E-05
+7.607514E-05
+8.012090E-05
+8.438180E-05
+8.412561E-05
+8.387021E-05
+8.361558E-05
+8.336171E-05
+1.286723E-04
+1.986112E-04
+3.065648E-04
+4.731960E-04
+5.158195E-04
+5.622825E-04
+6.129306E-04
+6.681413E-04
+6.519377E-04
+6.361270E-04
+6.206997E-04
+6.056468E-04
+5.760636E-04
+5.479256E-04
+5.211619E-04
+4.957056E-04
+5.825481E-04
+6.846044E-04
+8.045399E-04
+9.454869E-04
+1.275361E-03
+1.720326E-03
+2.320536E-03
+3.130157E-03
+3.261535E-03
+3.398427E-03
+3.541065E-03
+3.689690E-03
+4.379426E-03
+5.198098E-03
+6.169809E-03
+7.323166E-03
+1.039565E-02
+1.475722E-02
+2.094871E-02
+2.973789E-02
+2.457605E-02
+2.031019E-02
+1.678478E-02
+1.387132E-02
+1.156560E-02
+9.643149E-03
+8.040247E-03
+6.703784E-03
+3.566115E-03
+1.897014E-03
+1.009127E-03
+5.368106E-04
+3.274852E-04
+1.997847E-04
+1.218801E-04
+7.435385E-05
+8.050304E-05
+8.716077E-05
+9.436912E-05
+1.021736E-04
+1.486675E-04
+2.163182E-04
+3.147533E-04
+4.579811E-04
+6.005319E-04
+7.874529E-04
+1.032555E-03
+1.353947E-03
+1.580542E-03
+1.845061E-03
+2.153848E-03
+2.514315E-03
+2.825930E-03
+3.176165E-03
+3.569808E-03
+4.012236E-03
+4.671909E-03
+5.440041E-03
+6.334467E-03
+7.375947E-03
+9.593142E-03
+1.247682E-02
+1.622733E-02
+2.110523E-02
+2.268466E-02
+2.438227E-02
+2.620694E-02
+2.816816E-02
+3.069415E-02
+3.344667E-02
+3.644602E-02
+3.971437E-02
+6.295414E-02
+9.979320E-02
+1.581895E-01
+2.507576E-01
+1.766936E-01
+1.245052E-01
+8.773124E-02
+6.181888E-02
+6.541833E-02
+6.922737E-02
+7.325819E-02
+7.752375E-02
+6.587896E-02
+5.598332E-02
+4.757410E-02
+4.042802E-02
+4.727082E-02
+5.527183E-02
+6.462707E-02
+7.556577E-02
+1.245897E-01
+2.054183E-01
+3.386852E-01
+5.584100E-01
+4.874496E-01
+4.255066E-01
+3.714350E-01
+3.242346E-01
+2.462340E-01
+1.869978E-01
+1.420120E-01
+1.078485E-01
+1.306544E-01
+1.582830E-01
+1.917540E-01
+2.323028E-01
+2.576082E-01
+2.856702E-01
+3.167890E-01
+3.512976E-01
+2.099490E-01
+1.254737E-01
+7.498793E-02
+4.481567E-02
+4.357127E-02
+4.236142E-02
+4.118516E-02
+4.004156E-02
+3.596539E-02
+3.230417E-02
+2.901565E-02
+2.606191E-02
+2.144303E-02
+1.764273E-02
+1.451595E-02
+1.194333E-02
+1.003453E-02
+8.430796E-03
+7.083373E-03
+5.951297E-03
+5.439690E-03
+4.972065E-03
+4.544639E-03
+4.153957E-03
+3.793194E-03
+3.463762E-03
+3.162941E-03
+2.888246E-03
+2.513214E-03
+2.186879E-03
+1.902918E-03
+1.655828E-03
+1.753184E-03
+1.856263E-03
+1.965404E-03
+2.080962E-03
+1.921224E-03
+1.773747E-03
+1.637592E-03
+1.511887E-03
+1.462143E-03
+1.414035E-03
+1.367510E-03
+1.322516E-03
+5.045126E-04
+1.924611E-04
+7.341991E-05
+2.800816E-05
+1.027960E-04
+3.772835E-04
+1.384712E-03
+5.082193E-03
+3.468391E-03
+2.367036E-03
+1.615406E-03
+1.102449E-03
+8.354457E-04
+6.331083E-04
+4.797752E-04
+3.635780E-04
+2.868623E-04
+2.263337E-04
+1.785768E-04
+1.408967E-04
+9.737759E-05
+6.730033E-05
+4.651312E-05
+3.214650E-05
+5.047768E-05
+7.926203E-05
+1.244603E-04
+1.954325E-04
+3.943723E-04
+7.958219E-04
+1.605925E-03
+3.240672E-03
+5.042335E-03
+7.845638E-03
+1.220745E-02
+1.899423E-02
+2.046891E-02
+2.205809E-02
+2.377065E-02
+2.561618E-02
+2.781301E-02
+3.019825E-02
+3.278804E-02
+3.559994E-02
+3.952218E-02
+4.387655E-02
+4.871067E-02
+5.407738E-02
+3.821350E-02
+2.700337E-02
+1.908179E-02
+1.348405E-02
