#I+1.668000E+03
+1.000000E+00
+8.010000E+02
+8.010000E+02
+1.000000E+01
+2.000000E+00
+3.000000E+00
+0.000000E+00
+1.000000E+00
+2.000000E+00
+5.000000E+00
+1.000000E+00
+2.497000E+03
-1.092400E+04
+2.025600E+04
-1.299100E+04
-1.119200E+04
+0.000000E+00
+0.000000E+00
+0.000000E+00
+0.000000E+00
+0.000000E+00
+0.000000E+00
+0.000000E+00
+0.000000E+00
+0.000000E+00
+0.000000E+00
+0.000000E+00
+0.000000E+00
+0.000000E+00
+0.000000E+00
+0.000000E+00
+0.000000E+00
+0.000000E+00
+0.000000E+00
+0.000000E+00
+1.000000E+00
+1.000000E+00
+1.000000E+00
+0.000000E+00
+0.000000E+00
+1.000000E+00
+0.000000E+00
+1.000000E+00
+2.000000E+00
+3.000000E+00
+4.500000E+01
+4.500000E+01
+0.000000E+00
+0.000000E+00
+2.000000E+00
+0.000000E+00
+0.000000E+00
+0.000000E+00
+8.000000E+02
+0.000000E+00
+1.250000E-03
+1.995261E+02
+0.000000E+00
+0.000000E+00
+0.000000E+00
+1.000000E+00
+1.000000E+00
+0.000000E+00
+0.000000E+00
+9.9999904632568339E+00
+9.9999904632568339E+00
-6.351872E-02
-5.433538E-02
-6.255533E-02
-3.650335E-03
-3.900521E-02
+2.617602E-02
-1.142398E-02
+3.330975E-02
+8.277846E-03
+2.506693E-02
+1.534828E-02
+1.175049E-02
+1.413267E-02
+7.776123E-04
+8.870853E-03
-5.359386E-03
+3.155978E-03
-6.901653E-03
+3.425494E-03
-4.385675E-03
+3.189593E-03
-2.545249E-03
+2.708152E-03
-1.272676E-03
+2.148204E-03
-4.469200E-04
+1.669570E-03
-2.075989E-03
-3.574191E-05
-3.234325E-03
-2.528178E-03
-3.005125E-03
-4.688450E-03
-8.677781E-04
-4.803621E-03
-1.210009E-03
-4.900384E-03
-1.572462E-03
-4.976724E-03
-1.954661E-03
-5.030577E-03
-2.355985E-03
-4.061851E-03
-2.423354E-03
-3.235406E-03
-2.398140E-03
-2.537371E-03
-2.306575E-03
-1.953765E-03
-2.169705E-03
-2.109034E-03
-2.187131E-03
-2.271135E-03
-2.199739E-03
-2.440171E-03
-2.207092E-03
-2.616231E-03
-2.208735E-03
-2.852099E-03
-1.934992E-03
-3.059329E-03
-1.636067E-03
-3.235233E-03
-1.314956E-03
-3.377437E-03
-9.749417E-04
-3.347534E-03
-7.121185E-04
-3.300237E-03
-4.589701E-04
-3.236721E-03
-2.164257E-04
-3.158191E-03
+1.469418E-05
-3.304497E-03
-4.303059E-04
-3.394689E-03
-9.162753E-04
-3.420421E-03
-1.437166E-03
-3.373822E-03
-1.985477E-03
-3.001186E-03
-1.777348E-03
-2.669679E-03
-1.590990E-03
-2.374765E-03
-1.424130E-03
-2.112410E-03
-1.274735E-03
-2.559050E-03
-8.359336E-04
-2.926015E-03
-2.596555E-04
-3.174486E-03
+4.431910E-04
-3.265872E-03
+1.251465E-03
-3.810387E-03
+5.969797E-04
-4.246772E-03
-2.343143E-04
-4.525810E-03
-1.231365E-03
-4.596953E-03
-2.370907E-03
-3.951288E-03
-1.513163E-03
-3.348995E-03
-8.739984E-04
-2.801676E-03
-4.086365E-04
-2.314724E-03
-7.962743E-05
-2.711993E-03
-3.078974E-04
-3.157572E-03
-6.128602E-04
-3.652805E-03
-1.012397E-03
-4.197608E-03
-1.527635E-03
-4.183645E-03
-1.746555E-03
-4.159172E-03
-1.967843E-03
-4.123935E-03
-2.191038E-03
-4.077691E-03
-2.415654E-03
-4.370038E-03
-1.985900E-03
-4.617351E-03
-1.521202E-03
-4.815497E-03
-1.026250E-03
-4.960832E-03
-5.062217E-04
-4.805294E-03
-8.227137E-04
-4.632595E-03
-1.121111E-03
-4.444356E-03
-1.400721E-03
-4.242205E-03
-1.660974E-03
-3.735666E-03
-2.396838E-03
-3.111233E-03
-3.003130E-03
-2.398911E-03
-3.463124E-03
-1.630559E-03
-3.766569E-03
-2.527516E-03
-3.699928E-03
-3.475186E-03
-3.442823E-03
-4.437790E-03
-2.971056E-03
-5.371966E-03
-2.266104E-03
-3.939078E-03
-1.706315E-03
-2.888073E-03
-1.284063E-03
-2.117261E-03
-9.657646E-04
-1.552000E-03
-7.259803E-04
-2.098559E-03
-9.451556E-04
-2.836891E-03
-1.228996E-03
-3.834050E-03
-1.595991E-03
-5.180459E-03
-2.069680E-03
-5.781001E-03
-1.394660E-03
-6.311811E-03
-5.909976E-04
-6.749454E-03
+3.377727E-04
-7.069743E-03
+1.384349E-03
-6.433017E-03
+1.196226E-03
-5.853088E-03
+1.030868E-03
-5.324940E-03
+8.856949E-04
-4.843998E-03
+7.584061E-04
-5.184087E-03
+6.949735E-04
-5.545313E-03
+6.193247E-04
-5.928793E-03
+5.301504E-04
-6.335684E-03
+4.260273E-04
-5.540426E-03
+1.194694E-03
-4.738783E-03
+1.770823E-03
-3.956377E-03
+2.176084E-03
-3.213030E-03
+2.432924E-03
-4.368319E-03
+2.087977E-03
-5.644706E-03
+1.403273E-03
-6.981636E-03
+2.894991E-04
-8.286281E-03
-1.343831E-03
-7.505237E-03
-1.260395E-03
-6.797594E-03
-1.180785E-03
-6.156472E-03
-1.105015E-03
-5.575632E-03
-1.033066E-03
-6.012772E-03
-1.262892E-03
-6.480345E-03
-1.523117E-03
-6.980094E-03
-1.817055E-03
-7.513828E-03
-2.148340E-03
-7.891776E-03
-1.410627E-03
-8.200733E-03
-6.184262E-04
-8.433605E-03
+2.222018E-04
-8.583779E-03
+1.104333E-03
-7.802115E-03
-1.855130E-04
-6.929542E-03
-1.228749E-03
-6.009539E-03
-2.039765E-03
-5.078909E-03
-2.637314E-03
-5.869965E-03
-2.418330E-03
-6.722727E-03
-2.099090E-03
-7.633886E-03
-1.663034E-03
-8.598162E-03
-1.092192E-03
-9.144539E-03
-1.060156E-03
-9.724459E-03
-1.019787E-03
-1.033990E-02
-9.701786E-04
-1.099297E-02
-9.103465E-04
-1.018914E-02
-1.475923E-03
-9.407980E-03
-1.956909E-03
-8.652775E-03
-2.360384E-03
-7.926172E-03
-2.693132E-03
-8.211119E-03
-2.391677E-03
-8.488366E-03
-2.071161E-03
-8.756896E-03
-1.731541E-03
-9.015677E-03
-1.372814E-03
-9.541696E-03
-1.443819E-03
-1.009840E-02
-1.518437E-03
-1.068757E-02
-1.596850E-03
-1.131110E-02
-1.679241E-03
-1.073379E-02
-1.078546E-03
-1.016300E-02
-5.382012E-04
-9.601047E-03
-5.443577E-05
-9.049939E-03
+3.764033E-04
-9.173473E-03
-2.127831E-04
-9.259732E-03
-8.165041E-04
-9.307353E-03
-1.432475E-03
-9.315116E-03
-2.058300E-03
-9.364815E-03
-2.264332E-03
-9.410882E-03
-2.473364E-03
-9.453231E-03
-2.685353E-03
-9.491758E-03
-2.900253E-03
-9.585755E-03
-2.481604E-03
-9.661397E-03
-2.060273E-03
-9.718625E-03
-1.637058E-03
-9.757427E-03
-1.212760E-03
-1.032065E-02
-1.376358E-03
-1.091551E-02
-1.554912E-03
-1.154371E-02
-1.749602E-03
-1.220707E-02
-1.961690E-03
-1.210182E-02
-1.684747E-03
-1.199208E-02
-1.413302E-03
-1.187802E-02
-1.147382E-03
-1.175980E-02
-8.870127E-04
-1.249555E-02
-1.205798E-03
-1.327148E-02
-1.561442E-03
-1.408934E-02
-1.957209E-03
-1.495093E-02
-2.396607E-03
-1.463307E-02
-1.929030E-03
-1.431064E-02
-1.482065E-03
-1.398433E-02
-1.055308E-03
-1.365479E-02
-6.483480E-04
-1.437471E-02
-2.338901E-04
-1.511789E-02
+2.253747E-04
-1.588403E-02
+7.325012E-04
-1.667275E-02
+1.290694E-03
-1.673410E-02
+7.571086E-04
-1.677841E-02
+2.209164E-04
-1.680556E-02
-3.173389E-04
-1.681546E-02
-8.571112E-04
-1.735403E-02
-1.273365E-04
-1.787583E-02
+6.483301E-04
-1.837831E-02
+1.470500E-03
-1.885881E-02
+2.339688E-03
-1.892926E-02
+1.742454E-03
-1.898080E-02
+1.143105E-03
-1.901336E-02
+5.422387E-04
-1.902691E-02
-5.954238E-05
-1.956704E-02
+4.399834E-04
-2.010930E-02
+9.678766E-04
-2.065300E-02
+1.524996E-03
-2.119741E-02
+2.112203E-03
-2.191673E-02
+2.072341E-03
-2.265987E-02
+2.027399E-03
-2.342761E-02
+1.977086E-03
-2.422074E-02
+1.921095E-03
-2.523706E-02
+1.816121E-03
-2.629462E-02
+1.699066E-03
-2.739503E-02
+1.569118E-03
-2.853995E-02
+1.425406E-03
-2.910261E-02
+2.226883E-03
-2.965545E-02
+3.060451E-03
-3.019742E-02
+3.926522E-03
-3.072734E-02
+4.825489E-03
-3.381134E-02
+7.511216E-03
-3.705095E-02
+1.071163E-02
-4.042751E-02
+1.449490E-02
-4.391550E-02
+1.893549E-02
-4.421122E-02
+2.838719E-02
-4.283958E-02
+3.868512E-02
-3.950911E-02
+4.960177E-02
-3.394463E-02
+6.083835E-02
-2.533924E-02
+6.693609E-02
-1.567623E-02
+7.183768E-02
-5.118457E-03
+7.536452E-02
+6.141701E-03
+7.735966E-02
+1.164683E-02
+7.526948E-02
+1.688280E-02
+7.282268E-02
+2.182933E-02
+7.004641E-02
+2.646854E-02
+6.696869E-02
+2.734150E-02
+6.317650E-02
+2.805943E-02
+5.952636E-02
+2.863358E-02
+5.601674E-02
+2.907467E-02
+5.264577E-02
+3.015674E-02
+5.169643E-02
+3.121107E-02
+5.072664E-02
+3.223734E-02
+4.973718E-02
+3.323520E-02
+4.872879E-02
+3.756080E-02
+4.622634E-02
+4.170210E-02
+4.334275E-02
+4.562572E-02
+4.009116E-02
+4.929923E-02
+3.648768E-02
+4.527027E-02
+3.619004E-02
+4.147615E-02
+3.576723E-02
+3.790817E-02
+3.523452E-02
+3.455763E-02
+3.460593E-02
+3.491346E-02
+3.188322E-02
+3.513598E-02
+2.923794E-02
+3.523319E-02
+2.667337E-02
+3.521299E-02
+2.419231E-02
+3.436609E-02
+2.318635E-02
+3.353613E-02
+2.221717E-02
+3.272284E-02
+2.128353E-02
+3.192603E-02
+2.038426E-02
+3.299653E-02
+1.974190E-02
+3.406382E-02
+1.905853E-02
+3.512663E-02
+1.833362E-02
+3.618365E-02
+1.756673E-02
+3.391989E-02
+1.640911E-02
+3.179771E-02
+1.532762E-02
+2.980823E-02
+1.431726E-02
+2.794312E-02
+1.337336E-02
+2.779058E-02
+1.280621E-02
+2.763176E-02
+1.224826E-02
+2.746685E-02
+1.169947E-02
+2.729609E-02
+1.115983E-02
+2.730305E-02
+1.078367E-02
+2.730550E-02
+1.040916E-02
+2.730348E-02
+1.003635E-02
+2.729703E-02
+9.665290E-03
+2.623111E-02
+9.982364E-03
+2.519110E-02
+1.026550E-02
+2.417698E-02
+1.051633E-02
+2.318866E-02
+1.073645E-02
+2.299939E-02
+1.093135E-02
+2.280882E-02
+1.112367E-02
+2.261700E-02
+1.131341E-02
+2.242397E-02
+1.150054E-02
+2.103639E-02
+1.113350E-02
+1.973048E-02
+1.076999E-02
+1.850166E-02
+1.041082E-02
+1.734555E-02
+1.005667E-02
+1.841559E-02
+9.805998E-03
+1.951890E-02
+9.505110E-03
+2.065491E-02
+9.150745E-03
+2.182294E-02
+8.739559E-03
+2.094812E-02
+8.636752E-03
+2.010595E-02
+8.529117E-03
+1.929529E-02
+8.417139E-03
+1.851503E-02
+8.301282E-03
+1.885476E-02
+7.525782E-03
+1.916202E-02
+6.736384E-03
+1.943623E-02
+5.934450E-03
+1.967688E-02
+5.121355E-03
+1.887939E-02
+5.468569E-03
+1.809956E-02
+5.783037E-03
+1.733767E-02
+6.066331E-03
+1.659395E-02
+6.319969E-03
+1.634211E-02
+6.186374E-03
+1.609403E-02
+6.055408E-03
+1.584963E-02
+5.927020E-03
+1.560887E-02
+5.801161E-03
+1.496895E-02
+5.515507E-03
+1.435514E-02
+5.243576E-03
+1.376637E-02
+4.984715E-03
+1.320163E-02
+4.738313E-03
+1.287140E-02
+5.081910E-03
+1.253510E-02
+5.410493E-03
+1.219328E-02
+5.724086E-03
+1.184648E-02
+6.022726E-03
+1.113962E-02
+5.260919E-03
+1.046407E-02
+4.574104E-03
+9.819554E-03
+3.955931E-03
+9.205649E-03
+3.400524E-03
+8.801570E-03
+5.316979E-03
+8.007346E-03
+7.209309E-03
+6.816401E-03
+8.999774E-03
+5.237351E-03
+1.060709E-02
+6.781650E-03
+1.147966E-02
+8.590980E-03
+1.233005E-02
+1.069632E-02
+1.313312E-02
+1.313035E-02
+1.385806E-02
+1.293937E-02
+1.361142E-02
+1.275109E-02
+1.336911E-02
+1.256547E-02
+1.313104E-02
+1.238249E-02
+1.289714E-02
+1.210283E-02
+1.290212E-02
+1.182607E-02
+1.290383E-02
+1.155225E-02
+1.290235E-02
+1.128134E-02
+1.289774E-02
+1.047997E-02
+1.230575E-02
+9.731488E-03
+1.173739E-02
+9.032594E-03
+1.119198E-02
+8.380184E-03
+1.066886E-02
+8.631350E-03
+1.035411E-02
+8.871717E-03
+1.003425E-02
+9.101203E-03
+9.709625E-03
+9.319751E-03
+9.380581E-03
+8.381533E-03
+8.518713E-03
+7.537399E-03
+7.735671E-03
+6.777954E-03
+7.024284E-03
+6.094725E-03
+6.378022E-03
+6.546133E-03
+6.556262E-03
+7.024202E-03
+6.733011E-03
+7.530225E-03
+6.907574E-03
+8.065550E-03
+7.079202E-03
+7.178179E-03
+7.414500E-03
+6.301505E-03
+7.666632E-03
+5.441566E-03
+7.839886E-03
+4.603830E-03
+7.938853E-03
+3.988584E-03
+7.535589E-03
+3.431914E-03
+7.139101E-03
+2.929381E-03
+6.751004E-03
+2.476805E-03
+6.372646E-03
+2.344889E-03
+6.011010E-03
+2.219972E-03
+5.669887E-03
+2.101685E-03
+5.348112E-03
+1.989678E-03
+5.044590E-03
+2.257188E-03
+5.365678E-03
+2.552036E-03
+5.703802E-03
+2.876630E-03
+6.059543E-03
+3.233576E-03
+6.433479E-03
+1.753244E-03
+6.047462E-03
+5.421106E-04
+5.479288E-03
-4.084978E-04
+4.797471E-03
-1.116973E-03
+4.059526E-03
-1.452172E-03
+4.888623E-03
-1.878419E-03
+5.884427E-03
-2.419012E-03
+7.079872E-03
-3.102970E-03
+8.514276E-03
-3.270201E-03
+8.260516E-03
-3.427255E-03
+8.007323E-03
-3.574353E-03
+7.754966E-03
-3.711718E-03
+7.503686E-03
-4.100407E-03
+8.125978E-03
-4.528386E-03
+8.799179E-03
-4.999519E-03
+9.527383E-03
-5.518033E-03
+1.031502E-02
-5.695605E-03
+9.855369E-03
-5.853624E-03
+9.402679E-03
-5.992851E-03
+8.957392E-03
-6.114039E-03
+8.519890E-03
-6.804633E-03
+9.191385E-03
-7.568530E-03
+9.912429E-03
-8.413156E-03
+1.068632E-02
-9.346666E-03
+1.151654E-02
-9.428026E-03
+1.214505E-02
-9.498240E-03
+1.279824E-02
-9.556348E-03
+1.347675E-02
-9.601330E-03
+1.418122E-02
-1.030316E-02
+1.504950E-02
-1.105538E-02
+1.597031E-02
-1.186153E-02
+1.694677E-02
-1.272543E-02
+1.798224E-02
-1.330002E-02
+1.731538E-02
-1.384320E-02
+1.663266E-02
-1.435468E-02
+1.593547E-02
-1.483419E-02
+1.522516E-02
-1.529690E-02
+1.634250E-02
-1.576049E-02
+1.752865E-02
-1.622356E-02
+1.878725E-02
-1.668455E-02
+2.012212E-02
-1.847379E-02
+2.046489E-02
-2.037447E-02
+2.074679E-02
-2.238986E-02
+2.095961E-02
-2.452310E-02
+2.109459E-02
-2.439532E-02
+2.237212E-02
-2.422310E-02
+2.367457E-02
-2.400460E-02
+2.500108E-02
-2.373799E-02
+2.635064E-02
-2.570217E-02
+2.757024E-02
-2.781146E-02
+2.883058E-02
-3.007567E-02
+3.013161E-02
-3.250530E-02
+3.147305E-02
-3.213916E-02
+3.369356E-02
-3.167189E-02
+3.596196E-02
-3.109862E-02
+3.827553E-02
-3.041453E-02
+4.063118E-02
-3.197858E-02
+4.349641E-02
-3.361594E-02
+4.655837E-02
-3.532950E-02
+4.983025E-02
-3.712217E-02
+5.332615E-02
-3.591789E-02
+5.639663E-02
-3.455005E-02
+5.950283E-02
-3.301252E-02
+6.263889E-02
-3.129932E-02
+6.579845E-02
-3.178032E-02
+7.296331E-02
-3.204548E-02
+8.080216E-02
-3.205054E-02
+8.936895E-02
-3.174535E-02
+9.872098E-02
-2.790875E-02
+1.033526E-01
-2.372603E-02
+1.079411E-01
-1.918848E-02
+1.124682E-01
-1.428801E-02
+1.169148E-01
-3.831976E-03
+1.213069E-01
+7.305351E-03
+1.248455E-01
+1.906280E-02
+1.274453E-01
+3.136969E-02
+1.290239E-01
+3.970707E-02
+1.270929E-01
+4.792585E-02
+1.246233E-01
+5.599124E-02
+1.216221E-01
+6.386887E-02
+1.180992E-01
+6.901596E-02
+1.147159E-01
+7.398821E-02
+1.111105E-01
+7.877611E-02
+1.072921E-01
+8.337064E-02
+1.032697E-01
+8.570085E-02
+1.011247E-01
+8.797641E-02
+9.892754E-02
+9.019609E-02
+9.667958E-02
+9.235887E-02
+9.438227E-02
+9.666266E-02
+8.503948E-02
+1.001670E-01
+7.564290E-02
+1.028901E-01
+6.625225E-02
+1.048542E-01
+5.692422E-02
+1.056002E-01
+5.461215E-02
+1.062970E-01
+5.229383E-02
+1.069449E-01
+4.997028E-02
+1.075438E-01
+4.764245E-02
+1.062551E-01
+4.220510E-02
+1.047977E-01
+3.697277E-02
+1.031844E-01
+3.194597E-02
+1.014272E-01
+2.712462E-02
+1.009625E-01
+2.483910E-02
+1.004570E-01
+2.258545E-02
+9.991170E-02
+2.036415E-02
+9.932761E-02
+1.817569E-02
+9.579499E-02
+1.850710E-02
+9.237872E-02
+1.879365E-02
+8.907525E-02
+1.903797E-02
+8.588119E-02
+1.924256E-02
+8.413152E-02
+1.847596E-02
+8.241592E-02
+1.773297E-02
+8.073379E-02
+1.701292E-02
+7.908444E-02
+1.631517E-02
+7.666920E-02
+1.580751E-02
+7.432772E-02
+1.531564E-02
+7.205777E-02
+1.483907E-02
+6.985717E-02
+1.437733E-02
+6.915073E-02
+1.356936E-02
+6.844543E-02
+1.277751E-02
+6.774135E-02
+1.200157E-02
+6.703864E-02
+1.124133E-02
+6.736054E-02
+1.167800E-02
+6.768183E-02
+1.211898E-02
+6.800251E-02
+1.256425E-02
+6.832252E-02
+1.301388E-02
+6.685711E-02
+1.352964E-02
+6.541418E-02
+1.401900E-02
+6.399362E-02
+1.448270E-02
+6.259526E-02
+1.492150E-02
+6.200641E-02
+1.708710E-02
+6.134272E-02
+1.922980E-02
+6.060507E-02
+2.134700E-02
+5.979440E-02
+2.343618E-02
+6.048905E-02
+2.345784E-02
+6.119085E-02
+2.347720E-02
+6.189988E-02
+2.349421E-02
+6.261612E-02
+2.350880E-02
+6.636049E-02
+2.443489E-02
+7.032551E-02
+2.538889E-02
+7.452403E-02
+2.637090E-02
+7.896958E-02
+2.738095E-02
+8.270906E-02
+2.821775E-02
+8.662321E-02
+2.907324E-02
+9.072010E-02
+2.994735E-02
+9.500812E-02
+3.084000E-02
+1.060850E-01
+2.682714E-02
+1.179021E-01
+2.163829E-02
+1.304431E-01
+1.511039E-02
+1.436783E-01
+7.066368E-03
+1.494186E-01
-4.367818E-03
+1.544351E-01
-1.668006E-02
+1.586303E-01
-2.984303E-02
+1.619057E-01
-4.382052E-02
+1.391313E-01
-6.166754E-02
+1.162427E-01
-7.452466E-02
+9.394108E-02
-8.289127E-02
+7.278629E-02
-8.731227E-02
+6.424133E-02
-8.424161E-02
+5.640919E-02
-8.103688E-02
+4.924615E-02
-7.773618E-02
+4.271003E-02
-7.437317E-02
+3.593893E-02
-6.021038E-02
+3.020861E-02
-4.872587E-02
+2.536602E-02
-3.941641E-02
+2.127909E-02
-3.187280E-02
+2.596558E-02
-2.873391E-02
+3.018908E-02
-2.490594E-02
+3.384822E-02
-2.045716E-02
+3.685179E-02
-1.547081E-02
+3.896227E-02
-1.512940E-02
+4.115885E-02
-1.471273E-02
+4.344331E-02
-1.421495E-02
+4.581734E-02
-1.362989E-02
+4.592331E-02
-1.433731E-02
+4.602037E-02
-1.505066E-02
+4.610837E-02
-1.576985E-02
+4.618717E-02
-1.649479E-02
+4.720002E-02
-1.655645E-02
+4.823334E-02
-1.661350E-02
+4.928752E-02
-1.666572E-02
+5.036295E-02
-1.671292E-02
+5.028426E-02
-1.706393E-02
+5.020317E-02
-1.741464E-02
+5.011965E-02
-1.776505E-02
+5.003376E-02
-1.811516E-02
+5.064077E-02
-1.747781E-02
+5.124217E-02
-1.682705E-02
+5.183771E-02
-1.616285E-02
+5.242718E-02
-1.548522E-02
+5.220542E-02
-1.463958E-02
+5.197392E-02
-1.380396E-02
+5.173289E-02
-1.297843E-02
+5.148257E-02
-1.216302E-02
+5.226683E-02
-1.220139E-02
+5.306266E-02
-1.223821E-02
+5.387018E-02
-1.227341E-02
+5.468961E-02
-1.230694E-02
+5.474503E-02
-1.373539E-02
+5.476560E-02
-1.517456E-02
+5.475085E-02
-1.662369E-02
+5.470028E-02
-1.808194E-02
+5.347026E-02
-1.904816E-02
+5.223685E-02
-1.997205E-02
+5.100103E-02
-2.085416E-02
+4.976382E-02
-2.169509E-02
+4.981499E-02
-2.075038E-02
+4.985044E-02
-1.981059E-02
+4.987030E-02
-1.887595E-02
+4.987482E-02
-1.794668E-02
+5.019698E-02
-1.651858E-02
+5.047890E-02
-1.508651E-02
+5.072061E-02
-1.365160E-02
+5.092216E-02
-1.221494E-02
+5.020129E-02
-1.131753E-02
+4.948086E-02
-1.044541E-02
+4.876124E-02
-9.598149E-03
+4.804271E-02
-8.775296E-03
+4.967368E-02
-7.969445E-03
+5.133548E-02
-7.103247E-03
+5.302768E-02
-6.174213E-03
+5.474982E-02
-5.179797E-03
+5.507284E-02
-5.041425E-03
+5.539723E-02
-4.901291E-03
+5.572303E-02
-4.759378E-03
+5.605023E-02
-4.615675E-03
+5.939720E-02
-3.891547E-03
+6.292631E-02
-3.065940E-03
+6.664638E-02
-2.129714E-03
+7.056658E-02
-1.073041E-03
+7.371770E-02
-2.683739E-03
+7.697494E-02
-4.436673E-03
+8.033989E-02
-6.340592E-03
+8.381407E-02
-8.404670E-03
+8.081929E-02
-1.479108E-02
+7.740338E-02
-2.076333E-02
+7.361074E-02
-2.629968E-02
+6.948628E-02
-3.138251E-02
+6.681876E-02
-3.099854E-02
+6.424563E-02
-3.060144E-02
+6.176374E-02
-3.019257E-02
+5.937017E-02
-2.977322E-02
+5.931943E-02
-2.829129E-02
+5.924017E-02
-2.682618E-02
+5.913306E-02
-2.537829E-02
+5.899871E-02
-2.394799E-02
+6.003908E-02
-2.466051E-02
+6.109656E-02
-2.539120E-02
+6.217142E-02
-2.614050E-02
+6.326394E-02
-2.690884E-02
+6.678011E-02
-2.548232E-02
+7.037736E-02
-2.386272E-02
+7.405137E-02
-2.203935E-02
+7.779719E-02
-2.000127E-02
+7.924394E-02
-2.069978E-02
+8.071627E-02
-2.141767E-02
+8.221467E-02
-2.215544E-02
+8.373953E-02
-2.291357E-02
+8.412461E-02
-2.473054E-02
+8.447887E-02
-2.657265E-02
+8.480157E-02
-2.843955E-02
+8.509196E-02
-3.033087E-02
+8.683582E-02
-3.198626E-02
+8.860429E-02
-3.370073E-02
+9.039728E-02
-3.547598E-02
+9.221475E-02
-3.731377E-02
+9.734656E-02
-3.866053E-02
+1.027590E-01
-4.004366E-02
+1.084671E-01
-4.146314E-02
+1.144868E-01
-4.291890E-02
+1.133500E-01
-4.534278E-02
+1.121624E-01
-4.773761E-02
+1.109245E-01
-5.010236E-02
+1.096371E-01
-5.243596E-02
+1.134026E-01
-5.903386E-02
+1.171266E-01
-6.610484E-02
+1.207901E-01
-7.367168E-02
+1.243724E-01
-8.175762E-02
+1.173677E-01
-9.214206E-02
+1.094960E-01
-1.019266E-01
+1.008089E-01
-1.110390E-01
+9.136356E-02
-1.194111E-01
+8.681141E-02
-1.204406E-01
+8.228917E-02
-1.213284E-01
+7.780053E-02
-1.220772E-01
+7.334892E-02
-1.226896E-01
+7.044603E-02
-1.244180E-01
+6.750239E-02
-1.260776E-01
+6.451966E-02
-1.276676E-01
+6.149956E-02
-1.291871E-01
+5.879547E-02
-1.294582E-01
+5.610391E-02
-1.296791E-01
+5.342563E-02
-1.298505E-01
+5.076148E-02
-1.299730E-01
+4.954956E-02
-1.289826E-01
+4.835493E-02
-1.279952E-01
+4.717741E-02
-1.270109E-01
+4.601678E-02
-1.260297E-01
+4.854114E-02
-1.362838E-01
+5.117544E-02
-1.473618E-01
+5.392127E-02
-1.593291E-01
+5.677973E-02
-1.722563E-01
+4.678539E-02
-1.792515E-01
+3.614683E-02
-1.857386E-01
+2.488426E-02
-1.916662E-01
+1.302169E-02
-1.969832E-01
-1.158630E-03
-2.012903E-01
-1.589539E-02
-2.046340E-01
-3.112761E-02
-2.069573E-01
-4.678913E-02
-2.082063E-01
-6.324060E-02
-2.030432E-01
-7.916607E-02
-1.965900E-01
-9.446515E-02
-1.888978E-01
-1.090422E-01
-1.800252E-01
-1.245802E-01
-1.243339E-01
-1.260451E-01
-7.600565E-02
-1.175578E-01
-3.647331E-02
-1.027512E-01
-6.075351E-03
-9.661166E-02
-4.197662E-03
-9.081672E-02
-2.523987E-03
-8.534853E-02
-1.036897E-03
-8.018996E-02
+2.796912E-04
-7.922925E-02
+4.684816E-04
-7.827960E-02
+6.527101E-04
-7.734089E-02
+8.324574E-04
-7.641302E-02
+1.007809E-03
-7.142757E-02
+9.866736E-04
-6.676741E-02
+9.640070E-04
-6.241126E-02
+9.400983E-04
-5.833931E-02
+9.152283E-04
-5.628663E-02
+2.648788E-03
-5.425275E-02
+4.260064E-03
-5.224071E-02
+5.753865E-03
-5.025332E-02
+7.134928E-03
-4.773002E-02
+5.512255E-03
-4.530223E-02
+4.038977E-03
-4.296849E-02
+2.704712E-03
-4.072725E-02
+1.499665E-03
-3.779394E-02
+1.891639E-03
-3.506578E-02
+2.219596E-03
-3.252885E-02
+2.490635E-03
-3.017016E-02
+2.711175E-03
-3.055729E-02
+1.934614E-03
-3.092774E-02
+1.139621E-03
-3.128087E-02
+3.264510E-04
-3.161595E-02
-5.046233E-04
-2.857290E-02
+1.835079E-04
-2.580981E-02
+7.436414E-04
-2.330222E-02
+1.193800E-03
-2.102771E-02
+1.549770E-03
-2.046278E-02
+1.208942E-03
-1.990880E-02
+8.856204E-04
-1.936572E-02
+5.791619E-04
-1.883345E-02
+2.889402E-04
-1.651859E-02
-5.276612E-04
-1.445587E-02
-1.147391E-03
-1.262231E-02
-1.605026E-03
-1.099630E-02
-1.930097E-03
-1.104418E-02
-2.831952E-03
-1.102185E-02
-3.753985E-03
-1.092644E-02
-4.691030E-03
-1.075544E-02
-5.637591E-03
-1.054963E-02
-8.134687E-03
-9.852825E-03
-1.079358E-02
-8.594768E-03
-1.353401E-02
-6.714824E-03
-1.625589E-02
-6.456307E-03
-1.620116E-02
-6.200665E-03
-1.614370E-02
-5.947904E-03
-1.608354E-02
-5.698034E-03
-1.602077E-02
-5.099083E-03
-1.633538E-02
-4.484371E-03
-1.662818E-02
-3.854668E-03
-1.689840E-02
-3.210775E-03
-1.714534E-02
-4.779817E-03
-1.890687E-02
-6.653578E-03
-2.076283E-02
-8.873949E-03
-2.270292E-02
-1.148696E-02
-2.471268E-02
-1.593183E-02
-2.297420E-02
-2.012128E-02
-2.043984E-02
-2.391340E-02
-1.714555E-02
-2.717100E-02
-1.315253E-02
-2.699296E-02
-1.026005E-02
-2.658126E-02
-7.518572E-03
-2.595955E-02
-4.940554E-03
-2.515135E-02
-2.535855E-03
-2.360109E-02
-2.048940E-03
-2.214207E-02
-1.612848E-03
-2.076922E-02
-1.223195E-03
-1.947771E-02
-8.759393E-04
-1.737950E-02
+1.864251E-04
-1.545931E-02
+1.027912E-03
-1.370852E-02
+1.681637E-03
-1.211780E-02
+2.176647E-03
-8.073932E-03
-6.595693E-04
-5.023693E-03
-1.781300E-03
-2.894568E-03
-1.980229E-03
-1.506914E-03
-1.747629E-03
-1.108776E-03
-2.901556E-03
-7.712418E-05
-4.180445E-03
+1.813717E-03
-5.327885E-03
+4.732224E-03
-5.916071E-03
+4.878587E-03
-7.395008E-03
+4.891000E-03
-9.132890E-03
+4.719754E-03
-1.115800E-02
+4.303950E-03
-1.349798E-02
+4.597825E-03
-1.373284E-02
+4.901652E-03
-1.396857E-02
+5.215664E-03
-1.420503E-02
+5.540096E-03
-1.444209E-02
+5.577701E-03
-1.526214E-02
+5.603491E-03
-1.612412E-02
+5.616172E-03
-1.702994E-02
+5.614345E-03
-1.798161E-02
+6.447935E-03
-1.576709E-02
+7.027843E-03
-1.370744E-02
+7.391163E-03
-1.180694E-02
+7.571631E-03
-1.006656E-02
+8.839788E-03
-1.179037E-02
+1.032029E-02
-1.380931E-02
+1.204865E-02
-1.617391E-02
+1.406638E-02
-1.894332E-02
+1.440584E-02
-1.960212E-02
+1.475247E-02
-2.028308E-02
+1.510637E-02
-2.098690E-02
+1.546767E-02
-2.171436E-02
+1.599013E-02
-2.337096E-02
+1.651170E-02
-2.514071E-02
+1.703003E-02
-2.703064E-02
+1.754254E-02
-2.904814E-02
+1.738194E-02
-3.104306E-02
+1.714493E-02
-3.312796E-02
+1.682476E-02
-3.530451E-02
+1.641433E-02
-3.757425E-02
+1.320403E-02
-3.985842E-02
+9.715630E-03
-4.188570E-02
+5.967834E-03
-4.362484E-02
+1.982620E-03
-4.504579E-02
-7.367030E-04
-4.784582E-02
-3.793872E-03
-5.064087E-02
-7.208637E-03
-5.340938E-02
-1.100054E-02
-5.612720E-02
-2.264101E-02
-3.146679E-02
-2.284164E-02
-1.298504E-02
-1.774137E-02
-1.543005E-03
+2.891485E-02
-1.333584E-03
