#I+1.668000E+03
+1.000000E+00
+8.010000E+02
+8.010000E+02
+1.000000E+01
+2.000000E+00
+3.000000E+00
+0.000000E+00
+1.000000E+00
+2.000000E+00
+5.000000E+00
+1.000000E+00
+2.497000E+03
-1.092400E+04
+2.025600E+04
-1.299100E+04
-1.119200E+04
+0.000000E+00
+0.000000E+00
+0.000000E+00
+0.000000E+00
+0.000000E+00
+0.000000E+00
+0.000000E+00
+0.000000E+00
+0.000000E+00
+0.000000E+00
+0.000000E+00
+0.000000E+00
+0.000000E+00
+0.000000E+00
+0.000000E+00
+0.000000E+00
+0.000000E+00
+0.000000E+00
+0.000000E+00
+1.000000E+00
+1.000000E+00
+1.000000E+00
+0.000000E+00
+0.000000E+00
+1.000000E+00
+0.000000E+00
+1.000000E+00
+2.000000E+00
+3.000000E+00
+4.500000E+01
+4.500000E+01
+0.000000E+00
+0.000000E+00
+2.000000E+00
+0.000000E+00
+0.000000E+00
+0.000000E+00
+8.000000E+02
+0.000000E+00
+1.250000E-03
+5.011867E+01
+0.000000E+00
+0.000000E+00
+0.000000E+00
+1.000000E+00
+1.000000E+00
+0.000000E+00
+0.000000E+00
+9.9999904632568339E+00
+9.9999904632568339E+00
+7.873391E-04
-2.149309E-03
+1.937516E-03
-1.591265E-03
+2.713095E-03
-4.253844E-04
+2.797321E-03
+1.106088E-03
+2.025814E-03
+2.598477E-03
+8.353296E-04
+2.902671E-03
-2.813137E-04
+2.754627E-03
-1.180605E-03
+2.247114E-03
-1.772168E-03
+1.508092E-03
-1.158804E-03
+1.694964E-03
-5.932917E-04
+1.711760E-03
-1.079708E-04
+1.594867E-03
+2.780677E-04
+1.382768E-03
+2.336819E-04
+1.738468E-03
+1.499387E-04
+2.176329E-03
+1.073182E-05
+2.712981E-03
-2.052668E-04
+3.367771E-03
+1.345456E-03
+2.433683E-03
+2.011516E-03
+1.098552E-03
+1.884885E-03
-1.246468E-04
+1.256242E-03
-9.196707E-04
+1.443622E-03
-4.279395E-04
+1.453965E-03
+8.087854E-05
+1.297537E-03
+5.475507E-04
+1.002996E-03
+9.214889E-04
+1.276848E-03
+1.350628E-03
+1.608430E-03
+1.961067E-03
+2.001191E-03
+2.823838E-03
+2.453012E-03
+4.035966E-03
+4.692770E-03
+2.295101E-03
+5.739951E-03
-6.626506E-04
+4.950355E-03
-4.042116E-03
+2.198489E-03
-6.718352E-03
+4.639563E-03
-3.984158E-03
+5.219174E-03
-8.666202E-04
+4.249766E-03
+1.699655E-03
+2.381651E-03
+3.163380E-03
+1.237475E-03
+3.122433E-03
+3.108056E-04
+2.831932E-03
-3.819011E-04
+2.386164E-03
-8.483630E-04
+1.865956E-03
+4.931859E-05
+2.421759E-03
+1.289831E-03
+2.555385E-03
+2.679970E-03
+2.063996E-03
+3.910224E-03
+8.301594E-04
+3.234759E-03
-8.919338E-04
+2.066095E-03
-1.914358E-03
+8.001780E-04
-2.224829E-03
-2.631726E-04
-1.967155E-03
-1.732793E-03
-1.738868E-03
-3.008135E-03
-4.131599E-04
-3.270088E-03
+1.847058E-03
-1.834552E-03
+4.267774E-03
+4.992111E-04
+3.717998E-03
+1.888150E-03
+2.369008E-03
+2.290927E-03
+8.581880E-04
+1.943299E-03
-3.556862E-04
+2.516537E-03
+5.401283E-05
+3.127009E-03
+7.122342E-04
+3.720269E-03
+1.690173E-03
+4.210127E-03
+3.062732E-03
+3.061359E-03
+2.594158E-03
+2.205108E-03
+2.168495E-03
+1.571245E-03
+1.792495E-03
+1.105485E-03
+1.467349E-03
+1.762293E-03
+5.972605E-04
+1.815543E-03
-5.056063E-04
+1.230895E-03
-1.458931E-03
+1.977331E-04
-1.923175E-03
-1.015927E-03
-1.479879E-03
-1.608409E-03
-4.367248E-04
-1.400756E-03
+6.576116E-04
-5.960838E-04
+1.307274E-03
-1.151215E-03
+9.032652E-04
-1.464138E-03
+2.779385E-04
-1.454372E-03
-4.341531E-04
-1.112127E-03
-1.073629E-03
-6.110953E-04
-1.847828E-03
+4.006390E-04
-2.417472E-03
+1.861879E-03
-2.460116E-03
+3.515640E-03
-1.652178E-03
+4.449922E-03
-6.199818E-04
+5.128163E-03
+8.404999E-04
+5.376755E-03
+2.686324E-03
+5.018649E-03
+4.810545E-03
+4.389782E-03
+1.953665E-03
+3.312087E-03
+2.429697E-04
+2.210803E-03
-6.172726E-04
+1.293249E-03
-9.189238E-04
+2.047869E-03
-8.274404E-04
+3.040377E-03
-4.601628E-04
+4.266118E-03
+3.573578E-04
+5.662526E-03
+1.859881E-03
+5.175841E-03
+2.848889E-03
+4.520590E-03
+3.723254E-03
+3.722121E-03
+4.455066E-03
+2.810234E-03
+5.021770E-03
+3.590320E-03
+4.000123E-03
+4.091759E-03
+2.909210E-03
+4.325078E-03
+1.812299E-03
+4.312835E-03
+7.648860E-04
+3.914156E-03
-7.723126E-04
+3.068885E-03
-1.946110E-03
+1.964216E-03
-2.664122E-03
+7.895498E-04
-2.909616E-03
+1.583172E-03
-2.381396E-03
+2.138879E-03
-1.668043E-03
+2.424970E-03
-8.594577E-04
+2.439885E-03
-4.604717E-05
+2.108340E-03
+2.778340E-04
+1.780513E-03
+5.137637E-04
+1.467337E-03
+6.743936E-04
+1.176583E-03
+7.720467E-04
+1.741761E-03
+1.012145E-03
+2.568268E-03
+1.311432E-03
+3.772909E-03
+1.675018E-03
+5.523049E-03
+2.101141E-03
+5.147093E-03
+8.812315E-04
+4.613305E-03
-1.125542E-04
+3.981172E-03
-8.833780E-04
+3.301735E-03
-1.444113E-03
+4.600122E-03
-1.226815E-03
+6.252355E-03
-6.838526E-04
+8.301673E-03
+3.550430E-04
+1.077055E-02
+2.120861E-03
+9.527320E-03
-1.299589E-03
+7.526225E-03
-3.781169E-03
+5.163587E-03
-5.269614E-03
+2.783244E-03
-5.832451E-03
+4.268958E-03
-3.520694E-03
+4.586318E-03
-1.189231E-03
+3.989712E-03
+7.351163E-04
+2.830913E-03
+2.013028E-03
+3.389797E-03
+1.645527E-03
+3.921746E-03
+1.152072E-03
+4.402275E-03
+5.287064E-04
+4.804489E-03
-2.244112E-04
+4.879522E-03
+3.323248E-04
+4.890542E-03
+9.034605E-04
+4.835221E-03
+1.481694E-03
+4.712057E-03
+2.059379E-03
+5.803545E-03
+2.196343E-03
+7.127258E-03
+2.295266E-03
+8.728532E-03
+2.334274E-03
+1.066067E-02
+2.284250E-03
+9.832146E-03
+2.708598E-03
+9.035530E-03
+3.060151E-03
+8.272627E-03
+3.345447E-03
+7.544796E-03
+3.570693E-03
+7.975025E-03
+2.838768E-03
+8.335011E-03
+2.056611E-03
+8.619027E-03
+1.230886E-03
+8.821970E-03
+3.688885E-04
+7.506431E-03
+1.217720E-03
+6.294628E-03
+1.809057E-03
+5.197865E-03
+2.190805E-03
+4.220919E-03
+2.405086E-03
+5.035075E-03
+2.356545E-03
+5.959303E-03
+2.226559E-03
+7.001624E-03
+1.993582E-03
+8.169210E-03
+1.632306E-03
+7.782650E-03
+8.995932E-04
+7.363808E-03
+2.426736E-04
+6.920560E-03
-3.407173E-04
+6.460103E-03
-8.533081E-04
+7.653541E-03
-4.329631E-04
+9.016627E-03
+1.650991E-04
+1.056311E-02
+9.865642E-04
+1.230509E-02
+2.086235E-03
+1.112038E-02
+3.848291E-03
+9.745350E-03
+5.303319E-03
+8.240936E-03
+6.443297E-03
+6.665052E-03
+7.270207E-03
+8.421494E-03
+4.691715E-03
+9.256823E-03
+1.758947E-03
+9.128613E-03
-1.218825E-03
+8.092722E-03
-3.941632E-03
+8.016756E-03
-6.954091E-04
+6.912881E-03
+1.989217E-03
+5.131218E-03
+3.875725E-03
+3.039750E-03
+4.878956E-03
+4.499250E-03
+5.969093E-03
+6.515219E-03
+7.212910E-03
+9.269638E-03
+8.591658E-03
+1.299606E-02
+1.006010E-02
+1.312003E-02
+7.320574E-03
+1.285833E-02
+4.827322E-03
+1.228162E-02
+2.609298E-03
+1.145771E-02
+6.830412E-04
+1.216268E-02
+8.172289E-04
+1.291028E-02
+9.653872E-04
+1.370306E-02
+1.128725E-03
+1.454369E-02
+1.308544E-03
+1.490523E-02
+1.396706E-03
+1.527554E-02
+1.488460E-03
+1.565484E-02
+1.583933E-03
+1.604332E-02
+1.683249E-03
+1.535751E-02
+9.308128E-04
+1.467249E-02
+2.426244E-04
+1.399088E-02
-3.843776E-04
+1.331510E-02
-9.532216E-04
+1.471943E-02
-1.113574E-03
+1.627160E-02
-1.297167E-03
+1.798715E-02
-1.507119E-03
+1.988326E-02
-1.746951E-03
+1.873654E-02
-4.658236E-04
+1.758641E-02
+6.672317E-04
+1.644181E-02
+1.661321E-03
+1.531059E-02
+2.525503E-03
+1.778400E-02
+2.585161E-04
+2.020203E-02
-2.731796E-03
+2.243423E-02
-6.532569E-03
+2.431795E-02
-1.122039E-02
+2.358757E-02
-1.454884E-02
+2.242363E-02
-1.787741E-02
+2.081424E-02
-2.115222E-02
+1.875396E-02
-2.431643E-02
+1.570609E-02
-2.724925E-02
+1.221091E-02
-2.980878E-02
+8.312808E-03
-3.192816E-02
+4.066014E-03
-3.354561E-02
+1.496654E-03
-3.344303E-02
-1.033748E-03
-3.314868E-02
-3.511263E-03
-3.266784E-02
-5.922518E-03
-3.200672E-02
-7.140926E-03
-2.992244E-02
-8.189915E-03
-2.789617E-02
-9.081813E-03
-2.593284E-02
-9.828484E-03
-2.403653E-02
-1.108634E-02
-2.365500E-02
-1.233092E-02
-2.320828E-02
-1.355888E-02
-2.269671E-02
-1.476687E-02
-2.212083E-02
-1.469523E-02
-2.132513E-02
-1.461404E-02
-2.055144E-02
-1.452388E-02
-1.979933E-02
-1.442530E-02
-1.906836E-02
-1.261328E-02
-1.782435E-02
-1.099544E-02
-1.663620E-02
-9.553207E-03
-1.550468E-02
-8.269629E-03
-1.442995E-02
-8.844448E-03
-1.485690E-02
-9.449301E-03
-1.529080E-02
-1.008550E-02
-1.573141E-02
-1.075437E-02
-1.617844E-02
-1.186992E-02
-1.727208E-02
-1.309146E-02
-1.843316E-02
-1.442844E-02
-1.966526E-02
-1.589111E-02
-2.097199E-02
-1.662857E-02
-1.760075E-02
-1.696703E-02
-1.444318E-02
-1.696179E-02
-1.152086E-02
-1.666561E-02
-8.848017E-03
-1.747212E-02
-9.343008E-03
-1.831747E-02
-9.865297E-03
-1.920349E-02
-1.041638E-02
-2.013212E-02
-1.099781E-02
-1.894305E-02
-1.120564E-02
-1.779609E-02
-1.136592E-02
-1.669106E-02
-1.148199E-02
-1.562769E-02
-1.155702E-02
-1.501710E-02
-1.190365E-02
-1.440402E-02
-1.222503E-02
-1.378931E-02
-1.252146E-02
-1.317382E-02
-1.279324E-02
-1.328619E-02
-9.649342E-03
-1.298611E-02
-6.852341E-03
-1.236505E-02
-4.414803E-03
-1.150556E-02
-2.336226E-03
-1.241738E-02
-2.056509E-03
-1.338343E-02
-1.721447E-03
-1.440542E-02
-1.324984E-03
-1.548499E-02
-8.605710E-04
-1.678884E-02
+4.794988E-04
-1.807400E-02
+2.044199E-03
-1.931860E-02
+3.849613E-03
-2.049753E-02
+5.911103E-03
-1.563106E-02
+6.393774E-03
-1.175976E-02
+6.360269E-03
-8.715572E-03
+6.005033E-03
-6.349728E-03
+5.466827E-03
-3.932689E-03
+8.417329E-04
-1.850285E-03
-5.503603E-04
-6.527702E-04
-6.575921E-04
-1.236570E-04
-4.272082E-04
-5.631965E-04
-6.911784E-04
-1.581141E-03
-8.334491E-04
-3.570744E-03
-2.975518E-04
-6.821089E-03
+2.251574E-03
-6.382720E-03
+1.879959E-03
-5.965714E-03
+1.549056E-03
-5.569714E-03
+1.255206E-03
-5.194268E-03
+9.950281E-04
-5.886952E-03
-1.415326E-04
-6.372836E-03
-1.541612E-03
-6.571571E-03
-3.179708E-03
-6.401726E-03
-5.009131E-03
-6.198836E-03
-3.554119E-03
-5.839576E-03
-2.313690E-03
-5.371219E-03
-1.279591E-03
-4.833859E-03
-4.387141E-04
-5.360029E-03
-5.032975E-04
-5.943415E-03
-5.767477E-04
-6.590231E-03
-6.602305E-04
-7.307366E-03
-7.550601E-04
-7.357848E-03
-5.386720E-04
-7.402028E-03
-3.199453E-04
-7.439814E-03
-9.906017E-05
-7.471112E-03
+1.238024E-04
-7.220862E-03
+2.252061E-04
-6.977505E-03
+3.197026E-04
-6.740906E-03
+4.076188E-04
-6.510935E-03
+4.892674E-04
-4.769380E-03
-1.930190E-03
-2.693741E-03
-3.030222E-03
-8.433241E-04
-3.081635E-03
+4.815073E-04
-2.471177E-03
+7.890636E-04
-2.471487E-03
+1.103880E-03
-2.434932E-03
+1.421707E-03
-2.359778E-03
+1.737987E-03
-2.244758E-03
+4.198001E-04
-2.664133E-03
-8.695497E-04
-2.410107E-03
-1.826756E-03
-1.608639E-03
-2.256941E-03
-5.033832E-04
-1.841723E-03
-2.049438E-03
-3.695161E-04
-3.262374E-03
+1.897879E-03
-3.421027E-03
+4.207638E-03
-2.006733E-03
+3.794390E-03
-2.545504E-03
+3.316885E-03
-3.009093E-03
+2.787780E-03
-3.390617E-03
+2.220328E-03
-3.685210E-03
+3.354209E-03
-2.703846E-03
+4.083720E-03
-1.391310E-03
+4.319127E-03
+9.385730E-05
+4.030469E-03
+1.571699E-03
+5.443522E-03
-1.490291E-04
+6.240527E-03
-2.836077E-03
+5.850268E-03
-6.342470E-03
+3.682162E-03
-1.021828E-02
+2.808240E-03
-6.482563E-03
+2.088129E-03
-4.093274E-03
+1.522937E-03
-2.571728E-03
+1.093806E-03
-1.607137E-03
+1.495851E-03
-2.150612E-03
+2.045027E-03
-2.877432E-03
+2.794966E-03
-3.849292E-03
+3.818773E-03
-5.148587E-03
+3.912832E-03
-5.572072E-03
+4.001032E-03
-6.024326E-03
+4.082209E-03
-6.506962E-03
+4.155098E-03
-7.021657E-03
+4.067688E-03
-8.036288E-03
+3.897788E-03
-9.147631E-03
+3.630002E-03
-1.035952E-02
+3.247098E-03
-1.167507E-02
+3.519560E-03
-1.233012E-02
+3.812555E-03
-1.302128E-02
+4.127535E-03
-1.375050E-02
+4.466047E-03
-1.451982E-02
+3.682052E-03
-1.222469E-02
+3.034439E-03
-1.029196E-02
+2.499664E-03
-8.664479E-03
+2.058220E-03
-7.294086E-03
+2.494847E-03
-8.781632E-03
+3.023973E-03
-1.057251E-02
+3.665166E-03
-1.272856E-02
+4.442128E-03
-1.532425E-02
+3.998664E-03
-1.221592E-02
+3.555992E-03
-9.725472E-03
+3.130978E-03
-7.732487E-03
+2.733885E-03
-6.139548E-03
+3.609916E-03
-6.695797E-03
+4.646140E-03
-7.248779E-03
+5.862885E-03
-7.784390E-03
+7.281885E-03
-8.284973E-03
+6.696829E-03
-8.986572E-03
+6.046894E-03
-9.649245E-03
+5.334440E-03
-1.026719E-02
+4.562329E-03
-1.083471E-02
+6.275841E-03
-1.051855E-02
+7.998036E-03
-9.944288E-03
+9.691829E-03
-9.102458E-03
+1.131757E-02
-7.988660E-03
+1.111493E-02
-8.025317E-03
+1.091401E-02
-8.059440E-03
+1.071483E-02
-8.091079E-03
+1.051739E-02
-8.120278E-03
+1.021461E-02
-9.410208E-03
+9.782257E-03
-1.072592E-02
+9.212622E-03
-1.205671E-02
+8.498674E-03
-1.339076E-02
+1.015281E-02
-1.330825E-02
+1.188465E-02
-1.307122E-02
+1.368412E-02
-1.266466E-02
+1.553934E-02
-1.207369E-02
+1.476105E-02
-1.233857E-02
+1.399139E-02
-1.257020E-02
+1.323133E-02
-1.276965E-02
+1.248177E-02
-1.293800E-02
+1.329889E-02
-1.418404E-02
+1.416335E-02
-1.554416E-02
+1.507725E-02
-1.702837E-02
+1.604272E-02
-1.864754E-02
+1.653668E-02
-2.037768E-02
+1.701042E-02
-2.223786E-02
+1.745861E-02
-2.423610E-02
+1.787532E-02
-2.638079E-02
+1.693532E-02
-2.919472E-02
+1.573406E-02
-3.209829E-02
+1.425014E-02
-3.507724E-02
+1.246199E-02
-3.811491E-02
+1.358212E-02
-3.742356E-02
+1.467157E-02
-3.670181E-02
+1.572959E-02
-3.595086E-02
+1.675550E-02
-3.517190E-02
+1.511583E-02
-3.525690E-02
+1.349929E-02
-3.527669E-02
+1.190806E-02
-3.523321E-02
+1.034419E-02
-3.512847E-02
+1.112192E-02
-4.015435E-02
+1.191425E-02
-4.588638E-02
+1.271020E-02
-5.242201E-02
+1.349551E-02
-5.987199E-02
+1.011881E-02
-6.168350E-02
+6.576755E-03
-6.332208E-02
+2.876982E-03
-6.477495E-02
-9.719768E-04
-6.602950E-02
-8.202488E-03
-6.940205E-02
-1.618058E-02
-7.216616E-02
-2.487947E-02
-7.420836E-02
-3.425866E-02
-7.541235E-02
-3.976112E-02
-7.407965E-02
-4.524469E-02
-7.236038E-02
-5.068316E-02
-7.025091E-02
-5.604974E-02
-6.774931E-02
-6.048775E-02
-6.009070E-02
-6.404765E-02
-5.228064E-02
-6.674586E-02
-4.440738E-02
-6.860645E-02
-3.655443E-02
-6.472664E-02
-3.711537E-02
-6.098782E-02
-3.753778E-02
-5.738840E-02
-3.783145E-02
-5.392653E-02
-3.800576E-02
-5.806301E-02
-3.203122E-02
-6.153762E-02
-2.560656E-02
-6.430142E-02
-1.880512E-02
-6.631352E-02
-1.170556E-02
-6.773628E-02
-1.302323E-02
-6.917290E-02
-1.439498E-02
-7.062288E-02
-1.582235E-02
-7.208569E-02
-1.730689E-02
-7.119177E-02
-1.602181E-02
-7.029389E-02
-1.476953E-02
-6.939261E-02
-1.354962E-02
-6.848834E-02
-1.236160E-02
-6.733550E-02
-1.094894E-02
-6.618153E-02
-9.584034E-03
-6.502728E-02
-8.265963E-03
-6.387357E-02
-6.993799E-03
-6.240044E-02
-2.828222E-03
-6.071322E-02
+1.121773E-03
-5.883168E-02
+4.849357E-03
-5.677540E-02
+8.349126E-03
-5.414366E-02
+9.561168E-03
-5.158984E-02
+1.064939E-02
-4.911401E-02
+1.162118E-02
-4.671613E-02
+1.248360E-02
-4.607933E-02
+1.416286E-02
-4.538286E-02
+1.581227E-02
-4.462809E-02
+1.742977E-02
-4.381637E-02
+1.901328E-02
-4.204372E-02
+2.088638E-02
-4.020873E-02
+2.263499E-02
-3.831882E-02
+2.425824E-02
-3.638137E-02
+2.575568E-02
-3.411483E-02
+2.366583E-02
-3.198519E-02
+2.173946E-02
-2.998448E-02
+1.996414E-02
-2.810525E-02
+1.832838E-02
-2.580659E-02
+1.675419E-02
-2.369580E-02
+1.531499E-02
-2.175753E-02
+1.399923E-02
-1.997770E-02
+1.279632E-02
-1.996401E-02
+1.295465E-02
-1.994933E-02
+1.311340E-02
-1.993367E-02
+1.327255E-02
-1.991700E-02
+1.343210E-02
-1.910677E-02
+1.340167E-02
-1.832031E-02
+1.335769E-02
-1.755719E-02
+1.330096E-02
-1.681696E-02
+1.323227E-02
-1.657654E-02
+1.258268E-02
-1.633177E-02
+1.195509E-02
-1.608315E-02
+1.134896E-02
-1.583114E-02
+1.076375E-02
-1.361354E-02
+9.285444E-03
-1.170654E-02
+8.010121E-03
-1.006664E-02
+6.909908E-03
-8.656440E-03
+5.960776E-03
-9.390650E-03
+6.923997E-03
-1.017073E-02
+8.019028E-03
-1.099695E-02
+9.261956E-03
-1.186910E-02
+1.067063E-02
-9.352321E-03
+9.057729E-03
-7.349540E-03
+7.666740E-03
-5.759039E-03
+6.472214E-03
-4.498673E-03
+5.450317E-03
-8.531036E-03
+1.730027E-03
-9.507125E-03
-4.956800E-03
-5.258179E-03
-1.211420E-02
+4.357041E-03
-1.567185E-02
+4.204067E-03
-1.931186E-02
+3.767335E-03
-2.371692E-02
+2.933589E-03
-2.903048E-02
+1.555545E-03
-3.541874E-02
-3.376026E-03
-4.141171E-02
-9.987606E-03
-4.765824E-02
-1.858978E-02
-5.395371E-02
-2.951376E-02
-6.001469E-02
-3.889456E-02
-5.635936E-02
-4.784768E-02
-5.125006E-02
-5.614953E-02
-4.473222E-02
-6.358050E-02
-3.688552E-02
-6.107538E-02
-2.466245E-02
-5.730408E-02
-1.413713E-02
-5.262472E-02
-5.278328E-03
-4.735107E-02
+1.987060E-03
-4.640599E-02
+2.391154E-03
-4.547562E-02
+2.778502E-03
-4.455986E-02
+3.149567E-03
-4.365852E-02
+3.504800E-03
-4.128065E-02
+2.901102E-03
-3.902840E-02
+2.353080E-03
-3.689539E-02
+1.856479E-03
-3.487547E-02
+1.407337E-03
-3.528669E-02
+3.179281E-03
-3.561454E-02
+4.996375E-03
-3.585561E-02
+6.855053E-03
-3.600662E-02
+8.751525E-03
-3.492854E-02
+5.691047E-03
-3.367736E-02
+2.855906E-03
-3.227792E-02
+2.480407E-04
-3.075393E-02
-2.132525E-03
-3.209766E-02
-5.464786E-04
-3.340884E-02
+1.175909E-03
-3.467879E-02
+3.038315E-03
-3.589822E-02
+5.044096E-03
-3.579671E-02
+3.907905E-03
-3.566111E-02
+2.782929E-03
-3.549200E-02
+1.670134E-03
-3.528998E-02
+5.704571E-04
-3.235228E-02
+6.907681E-04
-2.965831E-02
+7.871083E-04
-2.718795E-02
+8.626302E-04
-2.492270E-02
+9.201291E-04
-2.686166E-02
-1.026231E-03
-2.878829E-02
-3.274985E-03
-3.067725E-02
-5.847760E-03
-3.249951E-02
-8.765766E-03
-3.395238E-02
-6.586849E-03
-3.528061E-02
-4.246729E-03
-3.646927E-02
-1.750598E-03
-3.750334E-02
+8.951303E-04
-3.603982E-02
+1.542148E-03
-3.462105E-02
+2.137601E-03
-3.324618E-02
+2.684291E-03
-3.191445E-02
+3.184892E-03
-3.209227E-02
+3.000394E-03
-3.226978E-02
+2.813868E-03
-3.244703E-02
+2.625305E-03
-3.262398E-02
+2.434693E-03
-2.865345E-02
-1.735668E-03
-2.470866E-02
-4.892834E-03
-2.090592E-02
-7.172090E-03
-1.733032E-02
-8.704776E-03
-1.895505E-02
-1.126298E-02
-2.059224E-02
-1.429459E-02
-2.220558E-02
-1.786407E-02
-2.374870E-02
-2.204162E-02
-2.217289E-02
-2.671903E-02
-1.984886E-02
-3.147017E-02
-1.671952E-02
-3.619573E-02
-1.273807E-02
-4.078228E-02
-1.037460E-02
-4.596628E-02
-7.315143E-03
-5.145488E-02
-3.463452E-03
-5.721643E-02
+1.283428E-03
-6.320752E-02
-1.554446E-02
-8.303870E-02
-4.296275E-02
-1.043967E-01
-8.465160E-02
-1.248663E-01
-1.447673E-01
-1.402852E-01
-1.572656E-01
-1.323465E-01
-1.694109E-01
-1.233791E-01
-1.811235E-01
-1.133908E-01
-1.923233E-01
-1.023948E-01
-1.984724E-01
-7.881580E-02
-2.018968E-01
-5.517962E-02
-2.026610E-01
-3.178421E-02
-2.008604E-01
-8.912800E-03
-2.041682E-01
+5.488093E-03
-2.064789E-01
+2.031906E-02
-2.077483E-01
+3.551371E-02
-2.079360E-01
+5.100162E-02
-1.961513E-01
+6.589831E-02
-1.835993E-01
+7.929473E-02
-1.704294E-01
+9.118424E-02
-1.567858E-01
+1.015725E-01
-1.481808E-01
+1.073670E-01
-1.394673E-01
+1.125956E-01
-1.306767E-01
+1.172653E-01
-1.218392E-01
+1.213841E-01
-1.245996E-01
+1.148089E-01
-1.270643E-01
+1.082303E-01
-1.292377E-01
+1.016598E-01
-1.311248E-01
+9.510826E-02
-1.294240E-01
+9.997524E-02
-1.275592E-01
+1.048348E-01
-1.255293E-01
+1.096820E-01
-1.233331E-01
+1.145117E-01
-1.290592E-01
+1.125191E-01
-1.348185E-01
+1.103108E-01
-1.406048E-01
+1.078818E-01
-1.464113E-01
+1.052278E-01
-1.492918E-01
+1.140636E-01
-1.520229E-01
+1.233545E-01
-1.545844E-01
+1.331148E-01
-1.569550E-01
+1.433592E-01
-1.556050E-01
+1.580821E-01
-1.533822E-01
+1.733489E-01
-1.502198E-01
+1.891341E-01
-1.460498E-01
+2.054072E-01
-1.312994E-01
+2.232436E-01
-1.146164E-01
+2.401954E-01
-9.603332E-02
+2.560701E-01
-7.560043E-02
+2.706733E-01
-3.298507E-02
+2.807880E-01
+1.094430E-02
+2.842041E-01
+5.513645E-02
+2.807582E-01
+9.852092E-02
+2.704511E-01
+1.116027E-01
+2.564141E-01
+1.234548E-01
+2.420249E-01
+1.340936E-01
+2.273673E-01
+1.435395E-01
+2.125213E-01
+1.521918E-01
+1.991402E-01
+1.598686E-01
+1.855904E-01
+1.665838E-01
+1.719318E-01
+1.723546E-01
+1.582220E-01
+1.773558E-01
+1.444835E-01
+1.814443E-01
+1.307854E-01
+1.846443E-01
+1.171798E-01
+1.869822E-01
+1.037153E-01
+1.822205E-01
+9.852521E-02
+1.775535E-01
+9.354694E-02
+1.729804E-01
+8.877291E-02
+1.685005E-01
+8.419593E-02
+1.650999E-01
+7.638009E-02
+1.615902E-01
+6.893422E-02
+1.579861E-01
+6.184866E-02
+1.543011E-01
+5.511347E-02
+1.525514E-01
+5.551314E-02
+1.508156E-01
+5.589881E-02
+1.490935E-01
+5.627071E-02
+1.473852E-01
+5.662904E-02
+1.482227E-01
+5.072463E-02
+1.488359E-01
+4.483934E-02
+1.492272E-01
+3.898128E-02
+1.493996E-01
+3.315841E-02
+1.492299E-01
+2.157511E-02
+1.482100E-01
+1.020682E-02
+1.463706E-01
-8.876050E-04
+1.437463E-01
-1.165259E-02
+1.405584E-01
-1.317737E-02
+1.374193E-01
-1.463057E-02
+1.343287E-01
-1.601430E-02
+1.312866E-01
-1.733066E-02
+1.295703E-01
-1.796885E-02
+1.278709E-01
-1.858815E-02
+1.261882E-01
-1.918888E-02
+1.245221E-01
-1.977136E-02
+1.212875E-01
-1.994040E-02
+1.181333E-01
-2.008790E-02
+1.150576E-01
-2.021484E-02
+1.120585E-01
-2.032213E-02
+1.104087E-01
-2.318672E-02
+1.086967E-01
-2.597823E-02
+1.069251E-01
-2.869568E-02
+1.050965E-01
-3.133815E-02
+1.015522E-01
-3.003690E-02
+9.812693E-02
-2.878794E-02
+9.481667E-02
-2.758922E-02
+9.161754E-02
-2.643875E-02
+8.923091E-02
-2.688821E-02
+8.689336E-02
-2.730009E-02
+8.460428E-02
-2.767580E-02
+8.236296E-02
-2.801669E-02
+8.216713E-02
-2.881708E-02
+8.196358E-02
-2.961628E-02
+8.175232E-02
-3.041423E-02
+8.153339E-02
-3.121087E-02
+7.557480E-02
-3.217291E-02
+6.993921E-02
-3.287070E-02
+6.461640E-02
-3.333127E-02
+5.959592E-02
-3.357961E-02
+5.924278E-02
-3.504357E-02
+5.885652E-02
-3.650888E-02
+5.843689E-02
-3.797480E-02
+5.798369E-02
-3.944059E-02
+5.522635E-02
-4.265132E-02
+5.229507E-02
-4.567494E-02
+4.920230E-02
-4.850236E-02
+4.596090E-02
-5.112518E-02
+4.372805E-02
-4.654538E-02
+4.156096E-02
-4.233744E-02
+3.946251E-02
-3.847349E-02
+3.743485E-02
-3.492769E-02
+3.559651E-02
-3.307510E-02
+3.384820E-02
-3.132048E-02
+3.218550E-02
-2.965868E-02
+3.060424E-02
-2.808478E-02
+2.791904E-02
-2.436808E-02
+2.544160E-02
-2.111292E-02
+2.315973E-02
-1.826477E-02
+2.106130E-02
-1.577528E-02
+1.942748E-02
-9.646291E-03
+1.718856E-02
-4.921437E-03
+1.466858E-02
-1.425172E-03
+1.210406E-02
+1.033178E-03
+1.455456E-02
+2.961619E-03
+1.725873E-02
+5.649245E-03
+2.016393E-02
+9.294664E-03
+2.317821E-02
+1.413164E-02
+2.800499E-02
+1.208224E-02
+3.305306E-02
+9.044359E-03
+3.819212E-02
+4.872031E-03
+4.325420E-02
-5.766473E-04
+4.328916E-02
-3.278263E-03
+4.315545E-02
-5.986490E-03
+4.285247E-02
-8.690814E-03
+4.238010E-02
-1.138065E-02
+4.254002E-02
-1.334396E-02
+4.261937E-02
-1.534371E-02
+4.261541E-02
-1.737707E-02
+4.252545E-02
-1.944103E-02
+4.077577E-02
-1.794136E-02
+3.908855E-02
-1.653654E-02
+3.746214E-02
-1.522122E-02
+3.589483E-02
-1.399033E-02
+3.584700E-02
-1.377075E-02
+3.579826E-02
-1.355211E-02
+3.574859E-02
-1.333441E-02
+3.569803E-02
-1.311767E-02
+3.370329E-02
-1.506859E-02
+3.164222E-02
-1.682586E-02
+2.952975E-02
-1.839117E-02
+2.738022E-02
-1.976718E-02
+2.912581E-02
-2.006561E-02
+3.096047E-02
-2.033778E-02
+3.288778E-02
-2.058040E-02
+3.491149E-02
-2.078995E-02
+3.500923E-02
-2.092781E-02
+3.510713E-02
-2.106635E-02
+3.520515E-02
-2.120559E-02
+3.530332E-02
-2.134551E-02
+3.756160E-02
-2.055651E-02
+3.986808E-02
-1.963743E-02
+4.221868E-02
-1.858132E-02
+4.460894E-02
-1.738114E-02
+4.677195E-02
-2.125141E-02
+4.886144E-02
-2.552563E-02
+5.084839E-02
-3.022835E-02
+5.270012E-02
-3.538411E-02
+4.976831E-02
-3.531640E-02
+4.695233E-02
-3.517846E-02
+4.424944E-02
-3.497588E-02
+4.165680E-02
-3.471398E-02
+4.213347E-02
-3.698004E-02
+4.256613E-02
-3.933466E-02
+4.295092E-02
-4.177963E-02
+4.328387E-02
-4.431664E-02
+4.325511E-02
-4.682299E-02
+4.315387E-02
-4.940023E-02
+4.297600E-02
-5.204835E-02
+4.271735E-02
-5.476726E-02
+4.371160E-02
-5.544326E-02
+4.472584E-02
-5.612513E-02
+4.576039E-02
-5.681286E-02
+4.681561E-02
-5.750639E-02
+4.807755E-02
-6.434195E-02
+4.913565E-02
-7.179637E-02
+4.994532E-02
-7.991140E-02
+5.045634E-02
-8.873011E-02
+4.791170E-02
-9.776808E-02
+4.461109E-02
-1.072238E-01
+4.047833E-02
-1.170747E-01
+3.543384E-02
-1.272923E-01
+2.421787E-02
-1.429373E-01
+1.020169E-02
-1.587374E-01
-6.887973E-03
-1.743888E-01
-3.285199E-02
-1.923304E-01
