#I+1.668000E+03
+1.000000E+00
+8.010000E+02
+8.010000E+02
+1.000000E+01
+2.000000E+00
+3.000000E+00
+0.000000E+00
+1.000000E+00
+2.000000E+00
+5.000000E+00
+1.000000E+00
+2.497000E+03
-1.092400E+04
+2.025600E+04
-1.299100E+04
-1.119200E+04
+0.000000E+00
+0.000000E+00
+0.000000E+00
+0.000000E+00
+0.000000E+00
+0.000000E+00
+0.000000E+00
+0.000000E+00
+0.000000E+00
+0.000000E+00
+0.000000E+00
+0.000000E+00
+0.000000E+00
+0.000000E+00
+0.000000E+00
+0.000000E+00
+0.000000E+00
+0.000000E+00
+0.000000E+00
+1.000000E+00
+1.000000E+00
+1.000000E+00
+0.000000E+00
+0.000000E+00
+1.000000E+00
+0.000000E+00
+1.000000E+00
+2.000000E+00
+3.000000E+00
+4.500000E+01
+4.500000E+01
+0.000000E+00
+0.000000E+00
+2.000000E+00
+0.000000E+00
+0.000000E+00
+0.000000E+00
+8.000000E+02
+0.000000E+00
+1.250000E-03
+6.309610E+00
+0.000000E+00
+0.000000E+00
+0.000000E+00
+1.000000E+00
+1.000000E+00
+0.000000E+00
+0.000000E+00
+9.9999904632568339E+00
+9.9999904632568339E+00
+3.455985E-03
+8.269140E-04
+3.271528E-03
+7.259151E-04
+3.096030E-03
+6.335535E-04
+2.929115E-03
+5.491966E-04
+2.770418E-03
+4.722544E-04
+2.334818E-03
+3.457340E-04
+1.966749E-03
+2.474881E-04
+1.655902E-03
+1.717446E-04
+1.393513E-03
+1.138458E-04
+1.424734E-03
+7.459595E-04
+1.174115E-03
+1.429423E-03
+6.019640E-04
+2.040783E-03
-2.783510E-04
+2.431481E-03
+8.135623E-04
+2.034763E-03
+1.505680E-03
+1.258192E-03
+1.721303E-03
+3.520621E-04
+1.506309E-03
-4.537575E-04
+1.664974E-03
-4.201258E-04
+1.836315E-03
-3.755903E-04
+2.020940E-03
-3.185371E-04
+2.219426E-03
-2.471754E-04
+1.987674E-03
-5.760969E-04
+1.724119E-03
-8.398682E-04
+1.441809E-03
-1.039126E-03
+1.152556E-03
-1.176512E-03
+1.469206E-03
-8.138247E-04
+1.672944E-03
-3.671080E-04
+1.741852E-03
+1.288179E-04
+1.664659E-03
+6.335367E-04
+1.934549E-03
+6.848752E-04
+2.246812E-03
+7.367345E-04
+2.607896E-03
+7.880518E-04
+3.025201E-03
+8.374284E-04
+2.723488E-03
+1.649640E-04
+2.345371E-03
-3.522164E-04
+1.930372E-03
-7.235565E-04
+1.510387E-03
-9.642317E-04
+2.083047E-03
-8.843743E-04
+2.779498E-03
-6.649330E-04
+3.600870E-03
-2.457189E-04
+4.535955E-03
+4.484619E-04
+3.629520E-03
+3.935361E-04
+2.903958E-03
+3.426797E-04
+2.323231E-03
+2.964526E-04
+1.858465E-03
+2.550298E-04
+1.990702E-03
+1.428321E-04
+2.123377E-03
+1.460789E-05
+2.255410E-03
-1.306619E-04
+2.385590E-03
-2.939848E-04
+2.276458E-03
+2.298827E-04
+2.064744E-03
+6.931786E-04
+1.770570E-03
+1.078627E-03
+1.416257E-03
+1.374431E-03
+1.839867E-03
+1.639387E-03
+2.382414E-03
+1.947417E-03
+3.075627E-03
+2.302862E-03
+3.959325E-03
+2.709455E-03
+3.950755E-03
+2.177024E-03
+3.894508E-03
+1.679524E-03
+3.796806E-03
+1.219032E-03
+3.663663E-03
+7.969300E-04
+3.062439E-03
+1.692493E-04
+2.495528E-03
-2.598847E-04
+1.982046E-03
-5.330913E-04
+1.531912E-03
-6.872705E-04
+1.931521E-03
-5.227685E-04
+2.371149E-03
-2.544901E-04
+2.838491E-03
+1.434135E-04
+3.314241E-03
+6.990695E-04
+3.247106E-03
+6.847203E-04
+3.181329E-03
+6.706658E-04
+3.116886E-03
+6.568996E-04
+3.053748E-03
+6.434162E-04
+3.014288E-03
+5.727845E-04
+2.974121E-03
+5.041274E-04
+2.933297E-03
+4.374247E-04
+2.891864E-03
+3.726557E-04
+2.607916E-03
+3.227739E-05
+2.320458E-03
-2.408062E-04
+2.036834E-03
-4.537358E-04
+1.762831E-03
-6.136148E-04
+1.773123E-03
-4.593238E-04
+1.770864E-03
-3.076000E-04
+1.756535E-03
-1.593893E-04
+1.730681E-03
-1.557872E-05
+2.047536E-03
+1.095171E-04
+2.412944E-03
+2.808554E-04
+2.832341E-03
+5.104608E-04
+3.311274E-03
+8.129537E-04
+3.346114E-03
+1.111221E-03
+3.357414E-03
+1.421545E-03
+3.343454E-03
+1.742353E-03
+3.302590E-03
+2.071883E-03
+3.499719E-03
+1.374092E-03
+3.561996E-03
+6.775997E-04
+3.496704E-03
+6.407113E-06
+3.315027E-03
-6.180395E-04
+3.084887E-03
-7.670927E-05
+2.798302E-03
+3.789355E-04
+2.473169E-03
+7.489632E-04
+2.125650E-03
+1.036037E-03
+2.281946E-03
+8.575545E-04
+2.425082E-03
+6.592389E-04
+2.552789E-03
+4.418424E-04
+2.662817E-03
+2.063540E-04
+2.871685E-03
+4.633450E-04
+3.075289E-03
+7.610599E-04
+3.269519E-03
+1.102504E-03
+3.449647E-03
+1.490568E-03
+3.625114E-03
+1.192157E-03
+3.775295E-03
+8.743143E-04
+3.898128E-03
+5.391306E-04
+3.991717E-03
+1.889085E-04
+3.788228E-03
+1.972106E-04
+3.595032E-03
+2.041791E-04
+3.411613E-03
+2.099279E-04
+3.237479E-03
+2.145626E-04
+3.319214E-03
-3.677610E-04
+3.296778E-03
-9.725840E-04
+3.164726E-03
-1.581376E-03
+2.920880E-03
-2.174376E-03
+3.126879E-03
-9.406138E-04
+2.923556E-03
+1.624642E-04
+2.415084E-03
+1.030295E-03
+1.721238E-03
+1.606557E-03
+2.168941E-03
+1.651131E-03
+2.689828E-03
+1.650586E-03
+3.289786E-03
+1.589584E-03
+3.973824E-03
+1.449778E-03
+3.703817E-03
+1.390420E-03
+3.451816E-03
+1.332559E-03
+3.216642E-03
+1.276256E-03
+2.997191E-03
+1.221555E-03
+2.927738E-03
+8.731369E-04
+2.830575E-03
+5.521603E-04
+2.709892E-03
+2.595023E-04
+2.569708E-03
-4.396098E-06
+2.676027E-03
+2.325960E-05
+2.786444E-03
+5.321079E-05
+2.901104E-03
+8.559677E-05
+3.020152E-03
+1.205641E-04
+3.040330E-03
+1.280363E-04
+3.060628E-03
+1.356034E-04
+3.081047E-03
+1.432666E-04
+3.101588E-03
+1.510266E-04
+3.587486E-03
+2.214712E-04
+4.148803E-03
+3.103155E-04
+4.797128E-03
+4.215900E-04
+5.545824E-03
+5.601350E-04
+4.672344E-03
-8.234357E-05
+3.881607E-03
-5.307958E-04
+3.178946E-03
-8.259051E-04
+2.564782E-03
-1.002070E-03
+2.806656E-03
-5.192609E-04
+2.958602E-03
+1.947618E-05
+3.008078E-03
+5.975872E-04
+2.945553E-03
+1.195771E-03
+2.968759E-03
+7.233584E-04
+2.924481E-03
+2.708977E-04
+2.818837E-03
-1.531140E-04
+2.658836E-03
-5.414564E-04
+2.569697E-03
-8.795502E-04
+2.437715E-03
-1.203700E-03
+2.264998E-03
-1.508494E-03
+2.054333E-03
-1.788834E-03
+2.474288E-03
-1.591762E-03
+2.892413E-03
-1.315709E-03
+3.296278E-03
-9.555317E-04
+3.671795E-03
-5.076685E-04
+2.230568E-03
+9.543313E-05
+1.311460E-03
+2.972734E-04
+7.450454E-04
+3.176871E-04
+4.072037E-04
+2.686557E-04
+7.171083E-04
+4.216756E-04
+1.258339E-03
+6.549895E-04
+2.200583E-03
+1.004681E-03
+3.835993E-03
+1.517270E-03
+3.760808E-03
+1.099237E-03
+3.653110E-03
+7.104500E-04
+3.517219E-03
+3.521707E-04
+3.357335E-03
+2.521203E-05
+3.237106E-03
+4.768363E-04
+3.060191E-03
+8.965401E-04
+2.832865E-03
+1.277794E-03
+2.562065E-03
+1.615141E-03
+2.754956E-03
+1.365708E-03
+2.923918E-03
+1.093802E-03
+3.066384E-03
+8.016791E-04
+3.179993E-03
+4.918835E-04
+3.173665E-03
+3.043162E-04
+3.156656E-03
+1.191474E-04
+3.129222E-03
-6.303685E-05
+3.091644E-03
-2.416715E-04
+3.240043E-03
-8.430077E-04
+3.283756E-03
-1.510256E-03
+3.203710E-03
-2.227708E-03
+2.982612E-03
-2.975056E-03
+3.420447E-03
-2.762391E-03
+3.851681E-03
-2.493872E-03
+4.269966E-03
-2.168103E-03
+4.668566E-03
-1.784326E-03
+4.665979E-03
-1.519087E-03
+4.650344E-03
-1.259128E-03
+4.622175E-03
-1.004992E-03
+4.582000E-03
-7.571852E-04
+3.705016E-03
+6.060401E-04
+2.680564E-03
+1.423060E-03
+1.684544E-03
+1.783611E-03
+8.284432E-04
+1.801939E-03
+1.828505E-03
+1.738449E-03
+2.980189E-03
+1.191878E-03
+4.083239E-03
+3.030623E-06
+4.825980E-03
-1.921763E-03
+4.864833E-03
-8.418829E-04
+4.689415E-03
+1.700596E-04
+4.328025E-03
+1.076840E-03
+3.814276E-03
+1.849385E-03
+4.018548E-03
+1.704528E-03
+4.221135E-03
+1.544974E-03
+4.421222E-03
+1.370392E-03
+4.617966E-03
+1.180481E-03
+4.879038E-03
+1.294595E-03
+5.154413E-03
+1.417955E-03
+5.444846E-03
+1.551244E-03
+5.751126E-03
+1.695193E-03
+5.453126E-03
+1.820690E-03
+5.163289E-03
+1.930776E-03
+4.881795E-03
+2.026373E-03
+4.608792E-03
+2.108374E-03
+4.944880E-03
+1.765605E-03
+5.261241E-03
+1.381869E-03
+5.553593E-03
+9.576039E-04
+5.817554E-03
+4.936451E-04
+5.606047E-03
+1.186880E-03
+5.315910E-03
+1.836379E-03
+4.954499E-03
+2.433738E-03
+4.530004E-03
+2.971665E-03
+4.105532E-03
+1.868603E-03
+3.615888E-03
+1.015013E-03
+3.104371E-03
+3.749848E-04
+2.602034E-03
-8.653819E-05
+3.005806E-03
+4.491133E-04
+3.356494E-03
+1.149240E-03
+3.611567E-03
+2.027021E-03
+3.719407E-03
+3.088623E-03
+4.079319E-03
+2.354264E-03
+4.304177E-03
+1.589933E-03
+4.394424E-03
+8.190264E-04
+4.354333E-03
+6.393994E-05
+4.237329E-03
-6.576335E-05
+4.119708E-03
-1.884871E-04
+4.001691E-03
-3.044039E-04
+3.883492E-03
-4.136878E-04
+3.797053E-03
-8.373181E-06
+3.672589E-03
+3.748478E-04
+3.513584E-03
+7.328695E-04
+3.323718E-03
+1.063039E-03
+3.591598E-03
+1.114322E-03
+3.880742E-03
+1.167068E-03
+4.192819E-03
+1.221192E-03
+4.529617E-03
+1.276586E-03
+4.425791E-03
+1.214503E-03
+4.324126E-03
+1.154657E-03
+4.224581E-03
+1.096979E-03
+4.127118E-03
+1.041400E-03
+4.037197E-03
+1.716767E-03
+3.838236E-03
+2.390219E-03
+3.528537E-03
+3.044382E-03
+3.109138E-03
+3.661292E-03
+2.140392E-03
+4.223435E-03
+1.082690E-03
+4.540025E-03
-3.937907E-06
+4.600802E-03
-1.059592E-03
+4.409700E-03
-7.444784E-04
+4.672186E-03
-3.954644E-04
+4.919630E-03
-1.241232E-05
+5.148687E-03
+4.045513E-04
+5.355856E-03
+4.679483E-04
+6.556678E-03
+5.394478E-04
+8.026591E-03
+6.194984E-04
+9.825869E-03
+7.083468E-04
+1.202827E-02
+1.442232E-03
+1.298668E-02
+2.290812E-03
+1.398344E-02
+3.265754E-03
+1.501528E-02
+4.379514E-03
+1.607803E-02
+6.734692E-03
+1.647146E-02
+9.282211E-03
+1.658192E-02
+1.199677E-02
+1.636740E-02
+1.484607E-02
+1.578671E-02
+1.557668E-02
+1.467182E-02
+1.623010E-02
+1.352926E-02
+1.680580E-02
+1.236406E-02
+1.730354E-02
+1.118119E-02
+1.741956E-02
+9.304373E-03
+1.738105E-02
+7.502246E-03
+1.720085E-02
+5.783758E-03
+1.689197E-02
+4.156449E-03
+1.691588E-02
+4.993671E-03
+1.690124E-02
+5.842746E-03
+1.684701E-02
+6.702040E-03
+1.675219E-02
+7.569845E-03
+1.757306E-02
+6.281606E-03
+1.829768E-02
+4.910608E-03
+1.891812E-02
+3.463785E-03
+1.942690E-02
+1.948809E-03
+1.902531E-02
+1.635603E-03
+1.862824E-02
+1.334893E-03
+1.823573E-02
+1.046343E-03
+1.784788E-02
+7.696181E-04
+1.701965E-02
+7.901128E-04
+1.622968E-02
+8.070556E-04
+1.547621E-02
+8.207312E-04
+1.475756E-02
+8.314053E-04
+1.520692E-02
+9.889935E-04
+1.566880E-02
+1.155475E-03
+1.614347E-02
+1.331236E-03
+1.663127E-02
+1.516678E-03
+1.570712E-02
+1.165488E-03
+1.483008E-02
+8.490315E-04
+1.399801E-02
+5.645781E-04
+1.320886E-02
+3.095875E-04
+1.345453E-02
+1.564395E-04
+1.370286E-02
-2.467530E-06
+1.395383E-02
-1.672712E-04
+1.420742E-02
-3.381114E-04
+1.441285E-02
-7.057159E-04
+1.461201E-02
-1.084101E-03
+1.480451E-02
-1.473269E-03
+1.498997E-02
-1.873212E-03
+1.498588E-02
-1.617736E-03
+1.497752E-02
-1.362933E-03
+1.496492E-02
-1.108872E-03
+1.494809E-02
-8.556241E-04
+1.465020E-02
-7.626450E-04
+1.435786E-02
-6.730537E-04
+1.407097E-02
-5.867538E-04
+1.378945E-02
-5.036517E-04
+1.392878E-02
+1.089612E-04
+1.404188E-02
+7.329957E-04
+1.412802E-02
+1.367375E-03
+1.418651E-02
+2.010981E-03
+1.407068E-02
+1.232060E-03
+1.391562E-02
+4.714181E-04
+1.372291E-02
-2.691617E-04
+1.349419E-02
-9.880096E-04
+1.388778E-02
-6.478919E-04
+1.428282E-02
-2.878273E-04
+1.467880E-02
+9.276553E-05
+1.507518E-02
+4.944693E-04
+1.513482E-02
+2.210784E-04
+1.518966E-02
-5.431820E-05
+1.523966E-02
-3.316401E-04
+1.528479E-02
-6.108057E-04
+1.547840E-02
-5.387362E-04
+1.567404E-02
-4.647592E-04
+1.587174E-02
-3.888409E-04
+1.607152E-02
-3.109461E-04
+1.524744E-02
-9.312170E-04
+1.444045E-02
-1.487548E-03
+1.365220E-02
-1.983845E-03
+1.288413E-02
-2.423883E-03
+1.324712E-02
-2.248537E-03
+1.361589E-02
-2.062224E-03
+1.399037E-02
-1.864567E-03
+1.437051E-02
-1.655181E-03
+1.431909E-02
-1.832229E-03
+1.426554E-02
-2.008253E-03
+1.420990E-02
-2.183230E-03
+1.415219E-02
-2.357136E-03
+1.475315E-02
-2.286815E-03
+1.537762E-02
-2.206603E-03
+1.602646E-02
-2.115825E-03
+1.670052E-02
-2.013769E-03
+1.703418E-02
-1.359436E-03
+1.734604E-02
-6.815881E-04
+1.763481E-02
+1.923678E-05
+1.789919E-02
+7.424356E-04
+1.692197E-02
+4.310503E-04
+1.599402E-02
+1.516221E-04
+1.511308E-02
-9.835755E-05
+1.427701E-02
-3.212253E-04
+1.467739E-02
-2.463153E-04
+1.508850E-02
-1.669625E-04
+1.551062E-02
-8.297952E-05
+1.594402E-02
+5.827455E-06
+1.641278E-02
-4.743366E-05
+1.689513E-02
-1.038315E-04
+1.739148E-02
-1.635040E-04
+1.790224E-02
-2.265943E-04
+1.726544E-02
-5.639939E-04
+1.664464E-02
-8.771879E-04
+1.603971E-02
-1.167340E-03
+1.545056E-02
-1.435571E-03
+1.572897E-02
-1.166842E-03
+1.600683E-02
-8.884788E-04
+1.628396E-02
-6.003365E-04
+1.656011E-02
-3.022680E-04
+1.687040E-02
-3.426128E-04
+1.718643E-02
-3.843647E-04
+1.750831E-02
-4.275620E-04
+1.783615E-02
-4.722444E-04
+1.753755E-02
-2.981983E-04
+1.724242E-02
-1.298880E-04
+1.695072E-02
+3.281590E-05
+1.666247E-02
+1.900406E-04
+1.682829E-02
+3.815932E-04
+1.699360E-02
+5.769640E-04
+1.715836E-02
+7.761858E-04
+1.732250E-02
+9.792910E-04
+1.782335E-02
+1.022136E-03
+1.833868E-02
+1.066640E-03
+1.886889E-02
+1.112865E-03
+1.941441E-02
+1.160871E-03
+1.945763E-02
+1.007390E-03
+1.949969E-02
+8.532944E-04
+1.954058E-02
+6.985931E-04
+1.958030E-02
+5.432932E-04
+1.945855E-02
+3.698371E-04
+1.933609E-02
+1.985579E-04
+1.921292E-02
+2.944784E-05
+1.908908E-02
-1.375011E-04
+1.815734E-02
+6.104450E-04
+1.724230E-02
+1.285497E-03
+1.634597E-02
+1.891881E-03
+1.547009E-02
+2.433694E-03
+1.656274E-02
+2.585211E-03
+1.773255E-02
+2.745996E-03
+1.898495E-02
+2.916599E-03
+2.032578E-02
+3.097609E-03
+2.079719E-02
+3.960664E-03
+2.124942E-02
+4.866672E-03
+2.168031E-02
+5.816153E-03
+2.208755E-02
+6.809545E-03
+2.327417E-02
+6.265954E-03
+2.449035E-02
+5.654844E-03
+2.573480E-02
+4.972260E-03
+2.700600E-02
+4.214124E-03
+2.765625E-02
+3.728272E-03
+2.830968E-02
+3.218526E-03
+2.896586E-02
+2.684323E-03
+2.962433E-02
+2.125093E-03
+2.898392E-02
+2.241474E-03
+2.835647E-02
+2.351894E-03
+2.774173E-02
+2.456549E-03
+2.713948E-02
+2.555632E-03
+2.771761E-02
+2.578526E-03
+2.830802E-02
+2.601240E-03
+2.891096E-02
+2.623756E-03
+2.952672E-02
+2.646054E-03
+2.944363E-02
+2.159303E-03
+2.935306E-02
+1.675962E-03
+2.925508E-02
+1.196137E-03
+2.914980E-02
+7.199337E-04
+2.957780E-02
+4.376978E-04
+3.000915E-02
+1.470914E-04
+3.044380E-02
-1.520402E-04
+3.088171E-02
-4.598534E-04
+3.117562E-02
-4.913377E-04
+3.147230E-02
-5.233799E-04
+3.177177E-02
-5.559878E-04
+3.207407E-02
-5.891694E-04
+3.219759E-02
-1.416239E-03
+3.230038E-02
-2.250058E-03
+3.238217E-02
-3.090125E-03
+3.244273E-02
-3.935928E-03
+3.150386E-02
-4.671416E-03
+3.057025E-02
-5.363698E-03
+2.964288E-02
-6.014022E-03
+2.872264E-02
-6.623634E-03
+2.915441E-02
-5.730796E-03
+2.956011E-02
-4.817127E-03
+2.993887E-02
-3.883323E-03
+3.028982E-02
-2.930122E-03
+3.046907E-02
-3.343101E-03
+3.064427E-02
-3.761362E-03
+3.081531E-02
-4.184890E-03
+3.098209E-02
-4.613667E-03
+3.170926E-02
-3.923920E-03
+3.243340E-02
-3.202247E-03
+3.315365E-02
-2.448098E-03
+3.386908E-02
-1.660929E-03
+3.429688E-02
-2.214918E-03
+3.472171E-02
-2.783048E-03
+3.514329E-02
-3.365460E-03
+3.556138E-02
-3.962296E-03
+3.516337E-02
-5.450145E-03
+3.470460E-02
-6.911463E-03
+3.418662E-02
-8.343833E-03
+3.361101E-02
-9.744918E-03
+3.291235E-02
-9.816071E-03
+3.222615E-02
-9.880653E-03
+3.155223E-02
-9.938879E-03
+3.089042E-02
-9.990955E-03
+2.997565E-02
-7.860577E-03
+2.898933E-02
-5.879511E-03
+2.794286E-02
-4.044590E-03
+2.684693E-02
-2.352174E-03
+2.818632E-02
-2.244955E-03
+2.959068E-02
-2.121349E-03
+3.106304E-02
-1.980008E-03
+3.260664E-02
-1.819496E-03
+3.340063E-02
-1.431040E-03
+3.420825E-02
-1.022906E-03
+3.502954E-02
-5.944491E-04
+3.586454E-02
-1.450095E-04
+3.594569E-02
+4.447733E-04
+3.601732E-02
+1.037187E-03
+3.607934E-02
+1.632079E-03
+3.613170E-02
+2.229298E-03
+3.663341E-02
+1.481515E-03
+3.712536E-02
+7.135685E-04
+3.760699E-02
-7.458711E-05
+3.807779E-02
-8.829840E-04
+3.794793E-02
+9.315992E-05
+3.779367E-02
+1.062080E-03
+3.761529E-02
+2.023181E-03
+3.741304E-02
+2.975880E-03
+3.787804E-02
+3.124673E-03
+3.834847E-02
+3.276732E-03
+3.882440E-02
+3.432114E-03
+3.930589E-02
+3.590873E-03
+3.997902E-02
+4.247014E-03
+4.065476E-02
+4.925392E-03
+4.133282E-02
+5.626454E-03
+4.201285E-02
+6.350649E-03
+4.219546E-02
+7.499347E-03
+4.234963E-02
+8.662337E-03
+4.247472E-02
+9.838985E-03
+4.257020E-02
+1.102865E-02
+4.475582E-02
+1.170409E-02
+4.705342E-02
+1.241989E-02
+4.946869E-02
+1.317840E-02
+5.200770E-02
+1.398216E-02
+5.306753E-02
+1.471308E-02
+5.414540E-02
+1.546895E-02
+5.524150E-02
+1.625047E-02
+5.635605E-02
+1.705837E-02
+5.866753E-02
+1.748268E-02
+6.107260E-02
+1.791347E-02
+6.357495E-02
+1.835060E-02
+6.617855E-02
+1.879385E-02
+6.917538E-02
+1.859890E-02
+7.229261E-02
+1.835210E-02
+7.553448E-02
+1.804954E-02
+7.890524E-02
+1.768712E-02
+8.131979E-02
+1.577887E-02
+8.373587E-02
+1.375351E-02
+8.614998E-02
+1.160817E-02
+8.855848E-02
+9.340039E-03
+9.125148E-02
+8.276137E-03
+9.400608E-02
+7.141027E-03
+9.682296E-02
+5.931742E-03
+9.970285E-02
+4.645200E-03
+1.014507E-01
+2.569258E-03
+1.031826E-01
+4.212736E-04
+1.048968E-01
-1.799600E-03
+1.065914E-01
-4.094186E-03
+1.070588E-01
-6.513738E-03
+1.074742E-01
-8.956505E-03
+1.078368E-01
-1.142144E-02
+1.081459E-01
-1.390748E-02
+1.086685E-01
-1.643449E-02
+1.091385E-01
-1.899268E-02
+1.095549E-01
-2.158111E-02
+1.099166E-01
-2.419879E-02
+1.085372E-01
-2.385731E-02
+1.071751E-01
-2.352061E-02
+1.058301E-01
-2.318859E-02
+1.045019E-01
-2.286121E-02
+1.057388E-01
-2.327838E-02
+1.069901E-01
-2.370227E-02
+1.082561E-01
-2.413299E-02
+1.095368E-01
-2.457062E-02
+1.110756E-01
-2.511348E-02
+1.126356E-01
-2.566682E-02
+1.142172E-01
-2.623083E-02
+1.158207E-01
-2.680568E-02
+1.156520E-01
-2.606970E-02
+1.154796E-01
-2.533672E-02
+1.153036E-01
-2.460677E-02
+1.151238E-01
-2.387987E-02
+1.186894E-01
-2.111376E-02
+1.222630E-01
-1.817462E-02
+1.258399E-01
-1.505793E-02
+1.294149E-01
-1.175915E-02
+1.344050E-01
-1.299073E-02
+1.395828E-01
-1.430024E-02
+1.449554E-01
-1.569182E-02
+1.505297E-01
-1.716986E-02
+1.577027E-01
-1.945546E-02
+1.652034E-01
-2.192150E-02
+1.730459E-01
-2.457995E-02
+1.812452E-01
-2.744346E-02
+1.846864E-01
-3.193376E-02
+1.881079E-01
-3.659754E-02
+1.915056E-01
-4.143824E-02
+1.948753E-01
-4.645928E-02
+1.978349E-01
-5.233926E-02
+2.007096E-01
-5.841813E-02
+2.034924E-01
-6.469797E-02
+2.061762E-01
-7.118066E-02
+2.086000E-01
-7.476114E-02
+2.110196E-01
-7.842724E-02
+2.134340E-01
-8.218028E-02
+2.158420E-01
-8.602153E-02
+2.174009E-01
-9.038024E-02
+2.189153E-01
-9.481965E-02
+2.203832E-01
-9.934016E-02
+2.218029E-01
-1.039423E-01
+2.245115E-01
-1.097440E-01
+2.271772E-01
-1.157075E-01
+2.297965E-01
-1.218352E-01
+2.323656E-01
-1.281298E-01
+2.342835E-01
-1.330886E-01
+2.361670E-01
-1.381482E-01
+2.380143E-01
-1.433097E-01
+2.398234E-01
-1.485743E-01
+2.433201E-01
-1.553880E-01
+2.468026E-01
-1.624092E-01
+2.502678E-01
-1.696424E-01
+2.537126E-01
-1.770924E-01
+2.553905E-01
-1.834866E-01
+2.570071E-01
-1.900080E-01
+2.585598E-01
-1.966580E-01
+2.600455E-01
-2.034375E-01
+2.627921E-01
-2.144724E-01
+2.653792E-01
-2.258650E-01
+2.677951E-01
-2.376218E-01
+2.700276E-01
-2.497489E-01
+2.713930E-01
-2.619060E-01
+2.725284E-01
-2.743985E-01
+2.734208E-01
-2.872302E-01
+2.740565E-01
-3.004044E-01
+2.726068E-01
-3.178030E-01
+2.705672E-01
-3.356641E-01
+2.679059E-01
-3.539827E-01
+2.645907E-01
-3.727527E-01
+2.596765E-01
-3.928931E-01
+2.539263E-01
-4.134634E-01
+2.473004E-01
-4.344477E-01
+2.397586E-01
-4.558284E-01
+2.241118E-01
-4.754395E-01
+2.072842E-01
-4.947361E-01
+1.892666E-01
-5.136596E-01
+1.700525E-01
-5.321494E-01
+1.454377E-01
-5.566348E-01
+1.187710E-01
-5.804531E-01
+9.003131E-02
-6.034712E-01
+5.920402E-02
-6.255523E-01
+2.623065E-02
-6.325287E-01
-7.315942E-03
-6.377910E-01
-4.134790E-02
-6.412975E-01
-7.577462E-02
-6.430119E-01
-1.173541E-01
-6.347231E-01
-1.581763E-01
-6.237630E-01
-1.980709E-01
-6.101953E-01
-2.368722E-01
-5.940937E-01
-2.639580E-01
-5.720326E-01
-2.894512E-01
-5.489205E-01
-3.133230E-01
-5.248584E-01
-3.355501E-01
-4.999457E-01
-3.462796E-01
-4.658642E-01
-3.550319E-01
-4.325489E-01
-3.619161E-01
-4.000629E-01
-3.670394E-01
-3.684618E-01
-3.676873E-01
-3.450208E-01
-3.675488E-01
-3.222867E-01
-3.666713E-01
-3.002627E-01
-3.651009E-01
-2.789515E-01
-3.531669E-01
-2.611366E-01
-3.414921E-01
-2.442880E-01
-3.300799E-01
-2.283595E-01
-3.189318E-01
-2.133062E-01
-3.101820E-01
-2.033270E-01
-3.016354E-01
-1.937596E-01
-2.932889E-01
-1.845883E-01
-2.851393E-01
-1.757981E-01
-2.791560E-01
-1.732556E-01
-2.732950E-01
-1.707443E-01
-2.675536E-01
-1.682642E-01
-2.619295E-01
-1.658148E-01
-2.572365E-01
-1.636027E-01
-2.526261E-01
-1.614176E-01
-2.480967E-01
-1.592593E-01
-2.436470E-01
-1.571274E-01
-2.429207E-01
-1.564566E-01
-2.421964E-01
-1.557886E-01
-2.414741E-01
-1.551232E-01
-2.407539E-01
-1.544605E-01
-2.438966E-01
-1.549319E-01
-2.470734E-01
-1.553938E-01
-2.502845E-01
-1.558460E-01
-2.535303E-01
-1.562882E-01
-2.729307E-01
-1.426655E-01
-2.919450E-01
-1.271957E-01
-3.104262E-01
-1.098492E-01
-3.282202E-01
-9.060605E-02
-3.141257E-01
-6.821041E-02
-2.996671E-01
-4.783875E-02
-2.849712E-01
-2.939395E-02
-2.701527E-01
-1.277780E-02
-2.648551E-01
-1.019456E-02
-2.596412E-01
-7.708672E-03
-2.545102E-01
-5.317465E-03
-2.494614E-01
-3.018360E-03
-2.462384E-01
-7.979599E-04
-2.430380E-01
+1.365339E-03
-2.398604E-01
+3.472479E-03
-2.367057E-01
+5.524415E-03
-2.313845E-01
+6.998111E-03
-2.261721E-01
+8.403009E-03
-2.210665E-01
+9.741375E-03
-2.160660E-01
+1.101547E-02
-2.129125E-01
+1.170949E-02
-2.098015E-01
+1.238107E-02
-2.067328E-01
+1.303072E-02
-2.037057E-01
+1.365887E-02
-2.005131E-01
+1.496042E-02
-1.973594E-01
+1.621857E-02
-1.942441E-01
+1.743426E-02
-1.911671E-01
+1.860844E-02
-1.876402E-01
+1.916786E-02
-1.841741E-01
+1.970072E-02
-1.807679E-01
+2.020777E-02
-1.774206E-01
+2.068974E-02
-1.739691E-01
+1.988995E-02
-1.705838E-01
+1.911355E-02
-1.672635E-01
+1.835994E-02
-1.640071E-01
+1.762852E-02
-1.625926E-01
+1.786768E-02
-1.611894E-01
+1.810149E-02
-1.597975E-01
+1.833005E-02
-1.584166E-01
+1.855337E-02
-1.568345E-01
+2.049506E-02
-1.552401E-01
+2.239941E-02
-1.536338E-01
+2.426659E-02
-1.520164E-01
+2.609677E-02
-1.497076E-01
+2.614592E-02
-1.474327E-01
+2.618778E-02
-1.451910E-01
+2.622255E-02
-1.429822E-01
+2.625039E-02
-1.406418E-01
+2.614529E-02
-1.383391E-01
+2.603673E-02
-1.360733E-01
+2.592484E-02
-1.338440E-01
+2.580982E-02
-1.300525E-01
+2.791559E-02
-1.263105E-01
+2.989251E-02
-1.226193E-01
+3.174474E-02
-1.189803E-01
+3.347640E-02
-1.114396E-01
+2.456667E-02
-1.040180E-01
+1.675279E-02
-9.676398E-02
+9.942723E-03
-8.971770E-02
+4.049049E-03
-9.740098E-02
+1.383979E-03
-1.056413E-01
-1.762697E-03
-1.144695E-01
-5.450158E-03
-1.239167E-01
-9.743577E-03
-1.245347E-01
-3.682008E-03
-1.248564E-01
+2.416724E-03
-1.248796E-01
+8.538136E-03
-1.246027E-01
+1.466758E-02
-1.218551E-01
+1.526028E-02
-1.191614E-01
+1.582048E-02
-1.165207E-01
+1.634927E-02
-1.139321E-01
+1.684768E-02
-1.174885E-01
+1.544546E-02
-1.211241E-01
+1.394399E-02
-1.248394E-01
+1.233912E-02
-1.286350E-01
+1.062659E-02
-1.268964E-01
+1.411430E-02
-1.250794E-01
+1.751420E-02
-1.231873E-01
+2.082506E-02
-1.212236E-01
+2.404580E-02
-1.154367E-01
+2.582919E-02
-1.098579E-01
+2.740105E-02
-1.044831E-01
+2.877532E-02
-9.930803E-02
+2.996525E-02
-9.706475E-02
+2.912821E-02
-9.487192E-02
+2.831376E-02
-9.272839E-02
+2.752131E-02
-9.063305E-02
+2.675029E-02
-8.967887E-02
+2.689693E-02
-8.873288E-02
+2.703806E-02
-8.779497E-02
+2.717378E-02
-8.686520E-02
+2.730415E-02
-8.531143E-02
+2.655454E-02
-8.378474E-02
+2.582325E-02
-8.228470E-02
+2.510984E-02
-8.081083E-02
+2.441392E-02
-8.032881E-02
+2.441839E-02
-7.984938E-02
+2.442202E-02
-7.937254E-02
+2.442482E-02
-7.889830E-02
+2.442680E-02
-7.703973E-02
+2.377940E-02
-7.522489E-02
+2.314897E-02
-7.345273E-02
+2.253507E-02
-7.172225E-02
+2.193726E-02
-6.977911E-02
+2.186726E-02
-6.788515E-02
+2.178601E-02
-6.603913E-02
+2.169413E-02
-6.511925E-02
+2.035178E-02
