Hz,real,imaginary,unitless (peak only)
9.999990,1.285389E-3,-1.468950E-4,1.293755E-3
10.028814,9.347418E-4,5.441929E-4,1.081614E-3
10.057721,3.542777E-4,8.319673E-4,9.042579E-4
10.086711,-1.785460E-4,7.345969E-4,7.559837E-4
10.115785,-4.868962E-4,4.029701E-4,6.320228E-4
10.144942,-8.651660E-4,1.179070E-4,8.731634E-4
10.174184,-1.101237E-3,-4.923992E-4,1.206308E-3
10.203510,-9.333125E-4,-1.380706E-3,1.666560E-3
10.232920,-8.862045E-5,-2.300709E-3,2.302415E-3
10.262415,9.126352E-4,-2.221612E-3,2.401762E-3
10.291995,1.828493E-3,-1.712782E-3,2.505396E-3
10.321661,2.477142E-3,-8.331615E-4,2.613502E-3
10.351412,2.711590E-3,2.825497E-4,2.726271E-3
10.381248,2.525500E-3,7.758652E-4,2.641991E-3
10.411171,2.256279E-3,1.210132E-3,2.560315E-3
10.441180,1.919059E-3,1.572704E-3,2.481166E-3
10.471275,1.530590E-3,1.854383E-3,2.404463E-3
10.501458,1.963335E-3,1.705365E-3,2.600568E-3
10.531727,2.398411E-3,1.469261E-3,2.812668E-3
10.562083,2.820449E-3,1.139839E-3,3.042066E-3
10.592527,3.211948E-3,7.131934E-4,3.290175E-3
10.623059,2.809875E-3,5.874579E-4,2.870628E-3
10.653678,2.457738E-3,4.821132E-4,2.504578E-3
10.684386,2.149390E-3,3.940180E-4,2.185207E-3
10.715183,1.879429E-3,3.204978E-4,1.906560E-3
10.746068,1.293697E-3,-3.727951E-4,1.346339E-3
10.777042,7.084437E-4,-6.340345E-4,9.507325E-4
10.808106,2.560556E-4,-6.206239E-4,6.713706E-4
10.839259,-2.755942E-5,-4.732938E-4,4.740955E-4
10.870502,2.699772E-4,-6.732625E-4,7.253758E-4
10.901835,8.121339E-4,-7.564285E-4,1.109840E-3
10.933258,1.616946E-3,-5.186108E-4,1.698079E-3
10.964772,2.576455E-3,3.346378E-4,2.598096E-3
10.996376,1.552160E-3,1.670231E-4,1.561121E-3
11.028072,9.346273E-4,7.985065E-5,9.380322E-4
11.059859,5.625087E-4,3.563373E-5,5.636362E-4
11.091738,3.383835E-4,1.398245E-5,3.386723E-4
11.123708,3.529527E-4,-2.905590E-4,4.571653E-4
11.155771,9.344970E-5,-6.099999E-4,6.171165E-4
11.187926,-4.551438E-4,-6.976988E-4,8.330303E-4
11.220174,-1.085900E-3,-2.920523E-4,1.124488E-3
11.252515,-6.305837E-4,-8.340344E-4,1.045586E-3
11.284949,1.295096E-5,-9.721339E-4,9.722202E-4
11.317476,5.642121E-4,-7.063177E-4,9.040022E-4
11.350097,8.172529E-4,-1.966130E-4,8.405706E-4
11.382813,8.286078E-4,-5.428168E-4,9.905761E-4
11.415622,7.036653E-4,-9.314312E-4,1.167351E-3
11.448526,4.106553E-4,-1.312950E-3,1.375673E-3
11.481525,-6.600064E-5,-1.619825E-3,1.621169E-3
11.514619,3.719491E-7,-1.382166E-3,1.382166E-3
11.547809,4.860829E-5,-1.177395E-3,1.178398E-3
11.581094,8.254430E-5,-1.001274E-3,1.004671E-3
11.614475,1.052992E-4,-8.500573E-4,8.565543E-4
11.647952,-9.013647E-5,-1.031449E-3,1.035380E-3
11.681526,-3.669593E-4,-1.196533E-3,1.251539E-3
11.715197,-7.358739E-4,-1.321793E-3,1.512828E-3
11.748964,-1.203595E-3,-1.376724E-3,1.828663E-3
11.782829,-7.396193E-4,-1.263935E-3,1.464434E-3
11.816792,-3.916362E-4,-1.105426E-3,1.172751E-3
11.850852,-1.417675E-4,-9.284037E-4,9.391653E-4
11.885011,2.814267E-5,-7.515770E-4,7.521037E-4
11.919268,3.968976E-5,-8.507319E-4,8.516572E-4
11.953624,5.379687E-5,-9.628866E-4,9.643883E-4
11.988079,7.093804E-5,-1.089734E-3,1.092040E-3
12.022633,9.166776E-5,-1.233188E-3,1.236590E-3
12.057287,-2.715994E-4,-1.155642E-3,1.187129E-3
12.092040,-5.818814E-4,-9.799020E-4,1.139646E-3
12.126894,-8.153351E-4,-7.295219E-4,1.094063E-3
12.161848,-9.569180E-4,-4.329457E-4,1.050302E-3
12.196903,-1.260963E-3,-1.511910E-4,1.269995E-3
12.232060,-1.509092E-3,2.843112E-4,1.535640E-3
12.267317,-1.636817E-3,8.767709E-4,1.856851E-3
12.302676,-1.568605E-3,1.606432E-3,2.245250E-3
12.338137,-5.054608E-4,1.306307E-3,1.400689E-3
12.373700,3.065801E-5,8.732752E-4,8.738132E-4
12.409366,2.318847E-4,4.933454E-4,5.451240E-4
12.445134,2.540642E-4,2.260552E-4,3.400729E-4
12.481006,3.734237E-4,9.001743E-5,3.841203E-4
12.516981,4.199484E-4,-1.090366E-4,4.338728E-4
12.553059,3.603726E-4,-3.321141E-4,4.900696E-4
12.589242,1.823044E-4,-5.226639E-4,5.535453E-4
12.625529,6.404625E-5,-7.157222E-4,7.185821E-4
12.661921,-1.459538E-4,-9.213347E-4,9.328237E-4
12.698417,-4.754265E-4,-1.113708E-3,1.210940E-3
12.735019,-9.511187E-4,-1.251593E-3,1.571977E-3
12.771726,-7.057517E-4,-1.239668E-3,1.426486E-3
12.808539,-4.864667E-4,-1.199574E-3,1.294460E-3
12.845458,-2.940142E-4,-1.137264E-3,1.174655E-3
12.882483,-1.283571E-4,-1.058181E-3,1.065937E-3
12.919615,1.213852E-4,-9.840543E-4,9.915126E-4
12.956855,3.302203E-4,-8.611408E-4,9.222846E-4
12.994201,4.911878E-4,-7.033563E-4,8.578902E-4
13.031655,6.011232E-4,-5.248253E-4,7.979917E-4
13.069218,7.743518E-4,-2.540964E-4,8.149759E-4
13.106888,8.294146E-4,6.949932E-5,8.323213E-4
13.144667,7.522962E-4,3.957418E-4,8.500360E-4
13.182555,5.498208E-4,6.718199E-4,8.681272E-4
13.220552,5.917278E-4,6.920526E-4,9.105375E-4
13.258659,6.361288E-4,7.123220E-4,9.550196E-4
13.296875,6.831464E-4,7.325731E-4,1.001675E-3
13.335202,7.329070E-4,7.527458E-4,1.050609E-3
13.373639,8.057343E-4,6.940785E-4,1.063463E-3
13.412187,8.739700E-4,6.284673E-4,1.076473E-3
13.450846,9.369609E-4,5.562612E-4,1.089643E-3
13.489616,9.940790E-4,4.778710E-4,1.102975E-3
13.528498,1.214040E-3,4.571849E-4,1.297271E-3
13.567492,1.469611E-3,4.102259E-4,1.525792E-3
13.606599,1.764190E-3,3.288062E-4,1.794570E-3
13.645818,2.100911E-3,2.029817E-4,2.110694E-3
13.685151,1.839085E-3,-3.173610E-4,1.866267E-3
13.724597,1.494318E-3,-6.999945E-4,1.650145E-3
13.764156,1.110966E-3,-9.458241E-4,1.459051E-3
13.803829,7.266464E-4,-1.065976E-3,1.290085E-3
13.843617,8.120997E-4,-3.610192E-4,8.887299E-4
13.883520,6.065982E-4,8.291808E-5,6.122392E-4
13.923537,3.252816E-4,2.684754E-4,4.217667E-4
13.963670,9.322066E-5,2.751910E-4,2.905515E-4
14.003919,-1.631831E-4,3.712291E-4,4.055117E-4
14.044283,-5.177165E-4,2.286430E-4,5.659576E-4
14.084764,-7.485637E-4,-2.521349E-4,7.898858E-4
14.125362,-5.334906E-4,-9.647299E-4,1.102414E-3
14.166077,-3.089003E-4,-1.094956E-3,1.137694E-3
14.206909,-5.257398E-5,-1.172926E-3,1.174104E-3
14.247858,2.233369E-4,-1.190918E-3,1.211679E-3
14.288926,5.048040E-4,-1.144033E-3,1.250455E-3
14.330112,6.003933E-4,-5.136688E-4,7.901441E-4
14.371417,4.824773E-4,-1.284402E-4,4.992807E-4
14.412841,3.099670E-4,5.876396E-5,3.154881E-4
14.454384,1.605058E-4,1.182337E-4,1.993523E-4
14.496047,2.998357E-4,-1.558283E-5,3.002404E-4
14.537830,3.343091E-4,-3.044824E-4,4.521859E-4
14.579734,9.856657E-5,-6.738572E-4,6.810278E-4
14.621758,-5.287220E-4,-8.789053E-4,1.025681E-3
14.663903,-1.791143E-4,-9.914602E-4,1.007509E-3
14.706170,1.811822E-4,-9.729337E-4,9.896600E-4
14.748559,5.055935E-4,-8.303047E-4,9.721269E-4
14.791070,7.537823E-4,-5.862202E-4,9.549041E-4
14.833703,7.085839E-4,-3.625965E-4,7.959694E-4
14.876460,6.367314E-4,-1.865200E-4,6.634882E-4
14.919339,5.504602E-4,-5.353113E-5,5.530570E-4
14.962342,4.590954E-4,4.192809E-5,4.610060E-4
15.005469,5.682312E-4,-7.649082E-5,5.733564E-4
15.048721,6.677041E-4,-2.503280E-4,7.130869E-4
15.092097,7.400931E-4,-4.886744E-4,8.868712E-4
15.135598,7.617552E-4,-7.977193E-4,1.103008E-3
15.179225,1.228068E-3,-4.163986E-4,1.296742E-3
15.222977,1.506308E-3,2.348259E-4,1.524502E-3
15.266855,1.441624E-3,1.064868E-3,1.792268E-3
15.310860,9.222674E-4,1.894502E-3,2.107063E-3
15.354992,-2.203276E-4,1.202333E-3,1.222354E-3
15.399251,-5.162939E-4,4.860907E-4,7.091146E-4
15.443637,-4.083656E-4,4.965258E-5,4.113731E-4
15.488151,-2.078934E-4,-1.171857E-4,2.386465E-4
15.532794,-3.546420E-4,7.295057E-5,3.620673E-4
15.577565,-3.332110E-4,4.367153E-4,5.493176E-4
15.622466,5.362900E-5,8.316807E-4,8.334080E-4
15.667496,8.897370E-4,8.984044E-4,1.264422E-3
15.712655,6.686092E-4,1.041333E-3,1.237503E-3
15.757945,4.278038E-4,1.133087E-3,1.211157E-3
15.803366,1.785918E-4,1.171842E-3,1.185373E-3
15.848917,-6.786576E-5,1.158150E-3,1.160137E-3
15.894599,2.891401E-5,1.206090E-3,1.206437E-3
15.940414,1.333222E-4,1.247481E-3,1.254585E-3
15.986360,2.450749E-4,1.281430E-3,1.304655E-3
16.032439,3.638014E-4,1.307036E-3,1.356722E-3
16.078650,-6.178717E-6,1.378170E-3,1.378184E-3
16.124995,-3.874807E-4,1.345296E-3,1.399987E-3
16.171473,-7.510612E-4,1.207630E-3,1.422133E-3
16.218086,-1.068317E-3,9.724480E-4,1.444630E-3
16.264832,-7.720852E-4,1.640410E-3,1.813025E-3
16.311714,-1.079752E-4,2.272801E-3,2.275364E-3
16.358730,9.656554E-4,2.687376E-3,2.855605E-3
16.405882,2.409619E-3,2.652816E-3,3.583810E-3
16.453170,3.210494E-4,2.947413E-3,2.964847E-3
16.500594,-1.219591E-3,2.128087E-3,2.452785E-3
16.548155,-1.851564E-3,8.301899E-4,2.029164E-3
16.595853,-1.642731E-3,-3.456677E-4,1.678705E-3
16.643689,-1.423208E-3,7.647398E-4,1.615657E-3
16.691662,-5.728189E-4,1.445625E-3,1.554977E-3
16.739774,4.753185E-4,1.419088E-3,1.496576E-3
16.788024,1.230104E-3,7.493353E-4,1.440368E-3
16.836414,1.278226E-3,8.384233E-4,1.528665E-3
16.884942,1.326112E-3,9.346256E-4,1.622374E-3
16.933611,1.373496E-3,1.038365E-3,1.721828E-3
16.982420,1.420079E-3,1.150083E-3,1.827379E-3
17.031370,2.082661E-3,-1.621095E-4,2.088961E-3
17.080461,1.600827E-3,-1.771960E-3,2.387989E-3
17.129693,-6.471879E-5,-2.729054E-3,2.729821E-3
17.179067,-2.199346E-3,-2.213804E-3,3.120585E-3
17.228584,-1.385736E-3,-2.386304E-3,2.759477E-3
17.278243,-6.510966E-4,-2.351687E-3,2.440155E-3
17.328046,-3.039303E-5,-2.157572E-3,2.157786E-3
17.377992,4.571274E-4,-1.852524E-3,1.908091E-3
17.428082,1.064337E-3,-1.718553E-3,2.021444E-3
17.478316,1.632803E-3,-1.385682E-3,2.141532E-3
17.528695,2.097414E-3,-8.649273E-4,2.268754E-3
17.579219,2.396124E-3,-1.886098E-4,2.403536E-3
17.629889,2.103568E-3,6.771221E-4,2.209863E-3
17.680705,1.552182E-3,1.311077E-3,2.031795E-3
17.731668,8.617033E-4,1.657461E-3,1.868076E-3
17.782777,1.534556E-4,1.710680E-3,1.717549E-3
17.834034,1.171472E-3,1.046716E-3,1.570975E-3
17.885438,1.436532E-3,-3.290433E-5,1.436909E-3
17.936991,9.389358E-4,-9.196423E-4,1.314284E-3
17.988692,5.247120E-5,-1.200978E-3,1.202124E-3
18.040542,7.133757E-4,-1.005995E-3,1.233260E-3
18.092542,1.174568E-3,-4.702423E-4,1.265203E-3
18.144691,1.274036E-3,2.481288E-4,1.297974E-3
18.196991,9.601155E-4,9.226667E-4,1.331591E-3
18.249442,9.148783E-4,6.618527E-4,1.129182E-3
18.302044,8.461949E-4,4.481478E-4,9.575397E-4
18.354797,7.633652E-4,2.767641E-4,8.119882E-4
18.407702,6.736355E-4,1.425860E-4,6.885605E-4
18.460760,8.501938E-4,1.499775E-4,8.633208E-4
18.513971,1.071750E-3,1.517191E-4,1.082436E-3
18.567336,1.349454E-3,1.444637E-4,1.357165E-3
18.620854,1.697127E-3,1.235432E-4,1.701618E-3
18.674526,1.502877E-3,-4.797871E-4,1.577604E-3
18.728353,1.127390E-3,-9.318121E-4,1.462628E-3
18.782335,6.482188E-4,-1.191065E-3,1.356032E-3
18.836473,1.464094E-4,-1.248651E-3,1.257205E-3
18.890767,7.849304E-4,-1.505765E-3,1.698071E-3
18.945217,1.714487E-3,-1.523426E-3,2.293533E-3
18.999824,2.896324E-3,-1.098959E-3,3.097806E-3
19.054589,4.184113E-3,4.837789E-6,4.184116E-3
19.109512,3.317043E-3,2.226919E-4,3.324510E-3
19.164592,2.618208E-3,3.500602E-4,2.641506E-3
19.219832,2.057488E-3,4.144883E-4,2.098823E-3
19.275231,1.609562E-3,4.362396E-4,1.667632E-3
19.330789,1.696165E-3,-3.265484E-4,1.727313E-3
19.386508,1.429627E-3,-1.075709E-3,1.789129E-3
19.442387,8.407062E-4,-1.651487E-3,1.853158E-3
19.498427,3.071740E-5,-1.919233E-3,1.919479E-3
19.554629,1.251794E-3,-1.664278E-3,2.082501E-3
19.610993,2.160422E-3,-6.613039E-4,2.259369E-3
19.667519,2.317535E-3,7.985594E-4,2.451258E-3
19.724209,1.523708E-3,2.179670E-3,2.659445E-3
19.781061,1.941587E-3,1.761204E-3,2.621374E-3
19.838078,2.251578E-3,1.267543E-3,2.583848E-3
19.895258,2.441419E-3,7.252366E-4,2.546860E-3
19.952604,2.505137E-3,1.624836E-4,2.510401E-3
20.010115,2.232039E-3,3.721077E-4,2.262844E-3
20.067792,1.968167E-3,5.354286E-4,2.039697E-3
20.125635,1.716757E-3,6.580570E-4,1.838557E-3
20.183644,1.480199E-3,7.453157E-4,1.657252E-3
20.241821,1.450593E-3,3.185999E-4,1.485169E-3
20.300166,1.330182E-3,-4.532320E-5,1.330954E-3
20.358679,1.144865E-3,-3.345737E-4,1.192751E-3
20.417360,9.197685E-4,-5.445845E-4,1.068900E-3
20.476211,7.524077E-4,4.805864E-5,7.539410E-4
20.535231,4.194042E-4,3.269521E-4,5.317871E-4
20.594421,1.145227E-4,3.571818E-4,3.750924E-4
20.653782,-7.517079E-5,2.536651E-4,2.645688E-4
20.713314,5.289923E-5,3.654505E-4,3.692593E-4
20.773017,2.805383E-4,4.323315E-4,5.153758E-4
20.832893,6.081563E-4,3.841282E-4,7.193112E-4
20.892941,9.952758E-4,1.316438E-4,1.003944E-3
20.953163,1.303571E-3,2.139756E-4,1.321016E-3
21.013558,1.705656E-3,3.349075E-4,1.738225E-3
21.074127,2.229512E-3,5.104543E-4,2.287201E-3
21.134870,2.911276E-3,7.628264E-4,3.009557E-3
21.195789,2.668026E-3,9.804673E-4,2.842478E-3
21.256883,2.419654E-3,1.163081E-3,2.684676E-3
21.318154,2.169632E-3,1.312301E-3,2.535633E-3
21.379601,1.921079E-3,1.429977E-3,2.394865E-3
21.441225,1.898760E-3,1.852290E-3,2.652596E-3
21.503026,1.812169E-3,2.312632E-3,2.938065E-3
21.565006,1.649430E-3,2.805273E-3,3.254255E-3
21.627165,1.398346E-3,3.322179E-3,3.604476E-3
21.689502,1.884564E-3,2.718999E-3,3.308253E-3
21.752020,2.207083E-3,2.085269E-3,3.036373E-3
21.814717,2.376805E-3,1.455084E-3,2.786839E-3
21.877595,2.409968E-3,8.570001E-4,2.557811E-3
21.940655,2.293949E-3,1.162908E-3,2.571878E-3
22.003896,2.139119E-3,1.453164E-3,2.586023E-3
22.067320,1.947584E-3,1.722846E-3,2.600246E-3
22.130926,1.722071E-3,1.967315E-3,2.614547E-3
22.194716,1.940541E-3,1.963446E-3,2.760583E-3
22.258689,2.170545E-3,1.945420E-3,2.914777E-3
22.322847,2.411799E-3,1.911736E-3,3.077582E-3
22.387190,2.663915E-3,1.860833E-3,3.249483E-3
22.451718,2.161570E-3,2.319531E-3,3.170585E-3
22.516433,1.588593E-3,2.654571E-3,3.093602E-3
22.581334,9.734830E-4,2.857202E-3,3.018488E-3
22.646421,3.452189E-4,2.924896E-3,2.945198E-3
22.711697,5.049814E-4,2.054289E-3,2.115445E-3
22.777161,5.417928E-4,1.419584E-3,1.519460E-3
22.842813,5.118480E-4,9.639113E-4,1.091381E-3
22.908655,4.501669E-4,6.417615E-4,7.839056E-4
22.974686,8.522955E-4,7.742021E-4,1.151432E-3
23.040908,1.471276E-3,8.341117E-4,1.691270E-3
23.107320,2.377561E-3,7.200619E-4,2.484207E-3
23.173924,3.639341E-3,2.639641E-4,3.648901E-3
23.240720,3.357782E-3,-6.892999E-5,3.358489E-3
23.307709,3.071317E-3,-3.499594E-4,3.091191E-3
23.374891,2.784787E-3,-5.830390E-4,2.845167E-3
23.442266,2.502290E-3,-7.721690E-4,2.618721E-3
23.509835,2.549646E-3,-6.450607E-4,2.629981E-3
23.577599,2.590569E-3,-5.151265E-4,2.641288E-3
23.645559,2.624894E-3,-3.826902E-4,2.652644E-3
23.713714,2.652472E-3,-2.480865E-4,2.664049E-3
23.782066,2.690892E-3,1.073280E-4,2.693032E-3
23.850615,2.681699E-3,4.685852E-4,2.722330E-3
23.919362,2.624017E-3,8.293079E-4,2.751948E-3
23.988306,2.517823E-3,1.182990E-3,2.781887E-3
24.057450,2.736937E-3,1.131966E-3,2.961785E-3
24.126792,2.967407E-3,1.066727E-3,3.153317E-3
24.196335,3.209241E-3,9.858000E-4,3.357235E-3
24.266078,3.462376E-3,8.876194E-4,3.574341E-3
24.336022,2.855611E-3,2.625610E-4,2.867656E-3
24.406167,2.295440E-3,-1.553651E-4,2.300692E-3
24.476515,1.798530E-3,-4.151428E-4,1.845821E-3
24.547066,1.371857E-3,-5.576952E-4,1.480883E-3
24.617820,1.752910E-3,-5.333942E-4,1.832267E-3
24.688778,2.219717E-3,-4.607328E-4,2.267029E-3
24.759940,2.786765E-3,-3.188684E-4,2.804949E-3
24.831307,3.469574E-3,-8.049548E-5,3.470508E-3
24.902881,2.748722E-3,-8.746966E-6,2.748736E-3
24.974660,2.176765E-3,3.664249E-5,2.177073E-3
25.046646,1.723131E-3,6.351909E-5,1.724301E-3
25.118840,1.363487E-3,7.761146E-5,1.365694E-3
25.191242,1.819134E-3,4.753519E-5,1.819755E-3
25.263853,2.424755E-3,-1.117942E-5,2.424781E-3
25.336673,3.228945E-3,-1.141770E-4,3.230963E-3
25.409703,4.295788E-3,-2.842837E-4,4.305184E-3
25.482943,3.571244E-3,-6.240088E-4,3.625351E-3
25.556395,2.934072E-3,-8.433530E-4,3.052871E-3
25.630058,2.380870E-3,-9.697551E-4,2.570791E-3
25.703933,1.906327E-3,-1.025883E-3,2.164837E-3
25.778022,2.480820E-3,-1.091788E-3,2.710437E-3
25.852324,3.204375E-3,-1.117199E-3,3.393546E-3
25.926840,4.109965E-3,-1.077320E-3,4.248815E-3
26.001571,5.236303E-3,-9.379418E-4,5.319643E-3
26.076517,4.605946E-3,-2.713396E-4,4.613931E-3
26.151680,3.994747E-3,2.382000E-4,4.001842E-3
26.227059,3.416137E-3,6.144299E-4,3.470953E-3
26.302655,2.879252E-3,8.791826E-4,3.010491E-3
26.378469,2.973164E-3,1.231150E-3,3.217986E-3
26.454502,3.036934E-3,1.615281E-3,3.439782E-3
26.530754,3.065333E-3,2.030537E-3,3.676866E-3
26.607225,3.052895E-3,2.475275E-3,3.930287E-3
26.683917,3.696438E-3,1.786565E-3,4.105541E-3
26.760830,4.186044E-3,9.323073E-4,4.288608E-3
26.837965,4.479521E-3,-5.345533E-5,4.479840E-3
26.915322,4.542110E-3,-1.126014E-3,4.679602E-3
26.992902,5.137629E-3,-8.399599E-4,5.205839E-3
27.070706,5.772213E-3,-4.692113E-4,5.791252E-3
27.148734,6.442497E-3,-1.038156E-6,6.442497E-3
27.226987,7.143606E-3,5.783712E-4,7.166981E-3
27.305466,6.561545E-3,-1.698818E-4,6.563744E-3
27.384170,5.958545E-3,-7.945044E-4,6.011281E-3
27.463102,5.348532E-3,-1.304504E-3,5.505318E-3
27.542261,4.743307E-3,-1.709440E-3,5.041939E-3
27.621648,5.161320E-3,-1.581223E-3,5.398101E-3
27.701264,5.601660E-3,-1.422359E-3,5.779420E-3
27.781109,6.064284E-3,-1.229563E-3,6.187679E-3
27.861185,6.548976E-3,-9.993215E-4,6.624782E-3
27.941492,5.853656E-3,-1.458502E-3,6.032621E-3
28.022029,5.184474E-3,-1.816189E-3,5.493388E-3
28.102800,4.547558E-3,-2.084056E-3,5.002357E-3
28.183802,3.947471E-3,-2.273205E-3,4.555216E-3
28.265039,3.985555E-3,-2.269543E-3,4.586445E-3
28.346509,4.023881E-3,-2.265672E-3,4.617888E-3
28.428215,4.062449E-3,-2.261587E-3,4.649545E-3
28.510155,4.101261E-3,-2.257285E-3,4.681418E-3
28.592333,4.128938E-3,-3.201123E-3,5.224492E-3
28.674746,3.995429E-3,-4.246411E-3,5.830563E-3
28.757398,3.666603E-3,-5.375532E-3,6.506944E-3
28.840288,3.107891E-3,-6.563117E-3,7.261783E-3
28.923416,2.778006E-3,-6.479426E-3,7.049842E-3
29.006784,2.460993E-3,-6.386318E-3,6.844088E-3
29.090393,2.156810E-3,-6.284538E-3,6.644339E-3
29.174242,1.865383E-3,-6.174809E-3,6.450420E-3
29.258333,1.198843E-3,-5.540763E-3,5.668975E-3
29.342667,6.596345E-4,-4.938339E-3,4.982199E-3
29.427244,2.297418E-4,-4.372590E-3,4.378621E-3
29.512064,-1.069727E-4,-3.846679E-3,3.848166E-3
29.597129,-1.071884E-4,-4.094894E-3,4.096297E-3
29.682439,-1.069869E-4,-4.359116E-3,4.360429E-3
29.767995,-1.063135E-4,-4.640372E-3,4.641590E-3
29.853798,-1.051079E-4,-4.939766E-3,4.940884E-3
29.939848,-3.068629E-5,-3.989480E-3,3.989598E-3
30.026146,1.897889E-5,-3.221410E-3,3.221466E-3
30.112692,5.065432E-5,-2.600732E-3,2.601225E-3
30.199488,6.942121E-5,-2.099254E-3,2.100402E-3
30.286535,-4.708151E-5,-1.304537E-3,1.305386E-3
30.373832,-8.519624E-5,-8.068039E-4,8.112897E-4
30.461381,-8.745947E-5,-4.965685E-4,5.042117E-4
30.549182,-7.554393E-5,-3.041225E-4,3.133646E-4
30.637236,1.400982E-4,-5.486620E-4,5.662663E-4
30.725544,6.926049E-4,-7.532506E-4,1.023273E-3
30.814107,1.747019E-3,-6.059090E-4,1.849108E-3
30.902925,3.298955E-3,5.311357E-4,3.341438E-3
30.991999,3.220961E-3,9.156014E-5,3.222262E-3
31.081329,3.090932E-3,-3.188528E-4,3.107335E-3
31.170918,2.914838E-3,-6.948198E-4,2.996507E-3
31.260764,2.699049E-3,-1.032043E-3,2.889633E-3
31.350869,2.718742E-3,-5.343907E-4,2.770764E-3
31.441234,2.656086E-3,-6.096428E-5,2.656786E-3
31.531860,2.519576E-3,3.761242E-4,2.547495E-3
31.622746,2.319220E-3,7.668183E-4,2.442702E-3
31.713895,2.415930E-3,8.099548E-4,2.548086E-3
31.805307,2.516625E-3,8.553715E-4,2.658018E-3
31.896981,2.621466E-3,9.031839E-4,2.772693E-3
31.988921,2.730622E-3,9.535138E-4,2.892315E-3
32.081125,3.557105E-3,6.329665E-4,3.612983E-3
32.173595,4.512622E-3,7.332077E-5,4.513218E-3
32.266331,5.579724E-3,-8.068475E-4,5.637759E-3
32.359335,6.720706E-3,-2.104483E-3,7.042495E-3
32.452607,5.630900E-3,-2.176620E-3,6.036945E-3
32.546147,4.694656E-3,-2.177276E-3,5.174971E-3
32.639958,3.893771E-3,-2.125390E-3,4.436072E-3
32.734038,3.211610E-3,-2.036145E-3,3.802673E-3
32.828390,3.603258E-3,-1.661435E-3,3.967850E-3
32.923014,3.956460E-3,-1.219711E-3,4.140202E-3
33.017910,4.260628E-3,-7.139976E-4,4.320040E-3
33.113081,4.505227E-3,-1.488903E-4,4.507687E-3
33.208525,4.505801E-3,-5.505754E-4,4.539314E-3
33.304244,4.470603E-3,-9.535447E-4,4.571164E-3
33.400240,4.399410E-3,-1.354617E-3,4.603238E-3
33.496512,4.292279E-3,-1.750581E-3,4.635536E-3
33.593062,4.547800E-3,-1.378320E-3,4.752079E-3
33.689889,4.773184E-3,-9.740290E-4,4.871552E-3
33.786996,4.964759E-3,-5.399127E-4,4.994030E-3
33.884383,5.118980E-3,-7.857148E-5,5.119583E-3
33.982051,5.116134E-3,-6.103833E-4,5.152416E-3
34.080000,5.058042E-3,-1.142451E-3,5.185459E-3
34.178231,4.944620E-3,-1.669037E-3,5.218712E-3
34.276746,4.776378E-3,-2.184388E-3,5.252175E-3
34.375544,5.377139E-3,-2.067897E-3,5.761061E-3
34.474628,6.026958E-3,-1.899665E-3,6.319252E-3
34.573997,6.726981E-3,-1.671466E-3,6.931527E-3
34.673652,7.477901E-3,-1.374211E-3,7.603122E-3
34.773595,7.300121E-3,-1.882386E-3,7.538909E-3
34.873825,7.088727E-3,-2.372574E-3,7.475236E-3
34.974345,6.845347E-3,-2.842620E-3,7.412103E-3
35.075154,6.571739E-3,-3.290507E-3,7.349503E-3
35.176254,6.530647E-3,-3.630385E-3,7.471884E-3
35.277645,6.474006E-3,-3.973798E-3,7.596303E-3
35.379329,6.401417E-3,-4.320121E-3,7.722796E-3
35.481305,6.312494E-3,-4.668697E-3,7.851389E-3
35.583576,5.710323E-3,-5.098038E-3,7.654919E-3
35.686141,5.087246E-3,-5.460930E-3,7.463366E-3
35.789002,4.449827E-3,-5.757435E-3,7.276608E-3
35.892159,3.804428E-3,-5.988202E-3,7.094522E-3
35.995614,4.473508E-3,-4.933656E-3,6.659822E-3
36.099367,4.924481E-3,-3.851491E-3,6.251759E-3
36.203419,5.169275E-3,-2.778523E-3,5.868696E-3
36.307771,5.224804E-3,-1.746915E-3,5.509110E-3
36.412424,5.289848E-3,-1.491331E-3,5.496049E-3
36.517378,5.342462E-3,-1.233539E-3,5.483021E-3
36.622635,5.382585E-3,-9.741409E-4,5.470025E-3
36.728195,5.410180E-3,-7.137383E-4,5.457057E-3
36.834060,6.147814E-3,-1.190046E-3,6.261935E-3
36.940229,6.959924E-3,-1.786409E-3,7.185527E-3
37.046705,7.849069E-3,-2.525416E-3,8.245339E-3
37.153487,8.816643E-3,-3.433116E-3,9.461473E-3
37.260578,7.441976E-3,-3.163959E-3,8.086634E-3
37.367977,6.274669E-3,-2.897990E-3,6.911571E-3
37.475686,5.284424E-3,-2.640182E-3,5.907258E-3
37.583705,4.445224E-3,-2.393982E-3,5.048878E-3
37.692035,5.430833E-3,-1.747309E-3,5.705001E-3
37.800678,6.393201E-3,-8.263871E-4,6.446389E-3
37.909634,7.273435E-3,3.944914E-4,7.284125E-3
38.018903,8.000808E-3,1.931795E-3,8.230721E-3
38.128488,8.131081E-3,1.228566E-3,8.223372E-3
38.238389,8.199735E-3,5.173158E-4,8.216037E-3
38.348606,8.206354E-3,-1.965722E-4,8.208708E-3
38.459142,8.151004E-3,-9.077037E-4,8.201390E-3
38.569995,9.047670E-3,-1.557513E-3,9.180750E-3
38.681169,1.000633E-2,-2.343388E-3,1.027707E-2
38.792662,1.102518E-2,-3.285436E-3,1.150429E-2
38.904477,1.210090E-2,-4.406006E-3,1.287807E-2
39.016615,1.142056E-2,-4.913942E-3,1.243286E-2
39.129075,1.073681E-2,-5.366002E-3,1.200304E-2
39.241860,1.005284E-2,-5.764023E-3,1.158808E-2
39.354970,9.371651E-3,-6.109945E-3,1.118746E-2
39.468406,1.015509E-2,-4.984085E-3,1.131225E-2
39.582169,1.080346E-2,-3.758051E-3,1.143843E-2
39.696259,1.130399E-2,-2.448023E-3,1.156603E-2
39.810679,1.164582E-2,-1.071814E-3,1.169504E-2
39.925428,1.201417E-2,-1.102764E-3,1.206467E-2
40.040509,1.239417E-2,-1.134599E-3,1.244599E-2
40.155921,1.278619E-2,-1.167345E-3,1.283937E-2
40.271665,1.319062E-2,-1.201029E-3,1.324519E-2
40.387743,1.486346E-2,-1.373060E-3,1.492675E-2
40.504156,1.674840E-2,-1.569412E-3,1.682177E-2
40.620904,1.887238E-2,-1.793486E-3,1.895741E-2
40.737989,2.126566E-2,-2.049157E-3,2.136416E-2
40.855411,2.180699E-2,-3.559500E-3,2.209558E-2
40.973172,2.226303E-2,-5.154955E-3,2.285205E-2
41.091272,2.262527E-2,-6.832448E-3,2.363441E-2
41.209713,2.288513E-2,-8.588238E-3,2.444355E-2
41.328495,2.255332E-2,-9.751024E-3,2.457101E-2
41.447619,2.216285E-2,-1.090211E-2,2.469915E-2
41.567087,2.171406E-2,-1.203855E-2,2.482795E-2
41.686899,2.120742E-2,-1.315740E-2,2.495740E-2
41.807056,2.194076E-2,-1.437345E-2,2.622962E-2
41.927560,2.267973E-2,-1.567012E-2,2.756670E-2
42.048411,2.342255E-2,-1.705162E-2,2.897194E-2
42.169610,2.416717E-2,-1.852233E-2,3.044879E-2
42.291159,2.389862E-2,-1.932043E-2,3.073147E-2
42.413058,2.360677E-2,-2.011865E-2,3.101676E-2
42.535308,2.329143E-2,-2.091636E-2,3.130471E-2
42.657911,2.295237E-2,-2.171295E-2,3.159531E-2
42.780867,2.329637E-2,-2.294954E-2,3.270172E-2
42.904178,2.362645E-2,-2.423639E-2,3.384689E-2
43.027844,2.394106E-2,-2.557495E-2,3.503216E-2
43.151867,2.423858E-2,-2.696671E-2,3.625896E-2
43.276246,2.329055E-2,-2.802711E-2,3.644130E-2
43.400985,2.229711E-2,-2.905507E-2,3.662456E-2
43.526083,2.125933E-2,-3.004869E-2,3.680873E-2
43.651542,2.017839E-2,-3.100606E-2,3.699383E-2
43.777362,1.936107E-2,-3.140800E-2,3.689598E-2
43.903545,1.853633E-2,-3.178877E-2,3.679839E-2
44.030091,1.770472E-2,-3.214826E-2,3.670106E-2
44.157003,1.686678E-2,-3.248637E-2,3.660400E-2
44.284280,1.732527E-2,-3.307124E-2,3.733459E-2
44.411924,1.779510E-2,-3.366607E-2,3.807978E-2
44.539936,1.827654E-2,-3.427098E-2,3.883982E-2
44.668317,1.876983E-2,-3.488616E-2,3.961503E-2
44.797068,1.854164E-2,-3.628578E-2,4.074862E-2
44.926190,1.827642E-2,-3.772015E-2,4.191464E-2
45.055684,1.797240E-2,-3.918947E-2,4.311405E-2
45.185551,1.762771E-2,-4.069386E-2,4.434779E-2
45.315793,1.621347E-2,-4.349574E-2,4.641935E-2
45.446410,1.458281E-2,-4.634763E-2,4.858766E-2
45.577404,1.272322E-2,-4.924005E-2,5.085728E-2
45.708775,1.062211E-2,-5.216236E-2,5.323289E-2
45.840525,8.548522E-3,-5.426420E-2,5.493342E-2
45.972655,6.314048E-3,-5.633553E-2,5.668826E-2
46.105166,3.915104E-3,-5.836802E-2,5.849918E-2
46.238058,1.348405E-3,-6.035281E-2,6.036787E-2
46.371334,-1.599321E-3,-6.169892E-2,6.171964E-2
46.504993,-4.675929E-3,-6.292821E-2,6.310170E-2
46.639038,-7.878391E-3,-6.403182E-2,6.451467E-2
46.773470,-1.120316E-2,-6.500082E-2,6.595921E-2
46.908288,-1.518487E-2,-6.471999E-2,6.647750E-2
47.043496,-1.917377E-2,-6.419764E-2,6.699978E-2
47.179093,-2.315540E-2,-6.343199E-2,6.752622E-2
47.315081,-2.711504E-2,-6.242198E-2,6.805681E-2
47.451461,-2.952261E-2,-6.062593E-2,6.743210E-2
47.588234,-3.182868E-2,-5.874460E-2,6.681312E-2
47.725401,-3.403059E-2,-5.678322E-2,6.619981E-2
47.862964,-3.612598E-2,-5.474707E-2,6.559213E-2
48.000923,-3.909934E-2,-5.312382E-2,6.596134E-2
48.139279,-4.200199E-2,-5.134056E-2,6.633265E-2
48.278035,-4.482535E-2,-4.940023E-2,6.670603E-2
48.417191,-4.756098E-2,-4.730616E-2,6.708144E-2
48.556747,-4.815837E-2,-4.615674E-2,6.670587E-2
48.696706,-4.873114E-2,-4.500296E-2,6.633242E-2
48.837068,-4.927934E-2,-4.384526E-2,6.596105E-2
48.977835,-4.980303E-2,-4.268412E-2,6.559174E-2
49.119008,-5.077706E-2,-4.099872E-2,6.526258E-2
49.260587,-5.169664E-2,-3.929409E-2,6.493511E-2
49.402575,-5.256145E-2,-3.757190E-2,6.460924E-2
49.544972,-5.337136E-2,-3.583390E-2,6.428507E-2
49.687779,-5.422515E-2,-3.449253E-2,6.426587E-2
49.830998,-5.504528E-2,-3.313085E-2,6.424668E-2
49.974630,-5.583125E-2,-3.174972E-2,6.422751E-2
50.118676,-5.658255E-2,-3.034995E-2,6.420829E-2
50.263137,-5.654170E-2,-2.906108E-2,6.357287E-2
50.408014,-5.647887E-2,-2.778585E-2,6.294375E-2
50.553309,-5.639448E-2,-2.652454E-2,6.232085E-2
50.699022,-5.628897E-2,-2.527735E-2,6.170407E-2
50.845156,-5.651122E-2,-2.374865E-2,6.129858E-2
50.991711,-5.669516E-2,-2.222508E-2,6.089577E-2
51.138688,-5.684116E-2,-2.070754E-2,6.049562E-2
51.286089,-5.694962E-2,-1.919689E-2,6.009808E-2
51.433915,-5.736478E-2,-1.802770E-2,6.013082E-2
51.582167,-5.775592E-2,-1.684954E-2,6.016355E-2
51.730847,-5.812290E-2,-1.566293E-2,6.019634E-2
51.879954,-5.846547E-2,-1.446834E-2,6.022910E-2
52.029492,-5.793979E-2,-1.340386E-2,5.947002E-2
52.179461,-5.740478E-2,-1.236084E-2,5.872052E-2
52.329862,-5.686086E-2,-1.133914E-2,5.798046E-2
52.480696,-5.630847E-2,-1.033862E-2,5.724972E-2
52.631965,-5.669408E-2,-9.930255E-3,5.755718E-2
52.783670,-5.707840E-2,-9.516528E-3,5.786629E-2
52.935813,-5.746134E-2,-9.097429E-3,5.817705E-2
53.088394,-5.784287E-2,-8.672947E-3,5.848947E-2
53.241415,-5.813790E-2,-8.446967E-3,5.874833E-2
53.394876,-5.843318E-2,-8.218644E-3,5.900833E-2
53.548781,-5.872873E-2,-7.987963E-3,5.926948E-2
53.703128,-5.902455E-2,-7.754902E-3,5.953181E-2
53.857921,-5.907404E-2,-6.686508E-3,5.945125E-2
54.013160,-5.910432E-2,-5.618847E-3,5.937080E-2
54.168846,-5.911546E-2,-4.552259E-3,5.929048E-2
54.324981,-5.910750E-2,-3.487105E-3,5.921027E-2
54.481566,-5.880121E-2,-3.727437E-3,5.891923E-2
54.638603,-5.849538E-2,-3.965250E-3,5.862962E-2
54.796092,-5.819003E-2,-4.200558E-3,5.834145E-2
54.954035,-5.788510E-2,-4.433366E-3,5.805463E-2
55.112433,-5.878312E-2,-4.040622E-3,5.892183E-2
55.271288,-5.969141E-2,-3.634905E-3,5.980198E-2
55.430601,-6.061002E-2,-3.215941E-3,6.069528E-2
55.590373,-6.153897E-2,-2.783442E-3,6.160189E-2
55.750605,-6.188884E-2,-9.401789E-4,6.189598E-2
55.911299,-6.218464E-2,9.215985E-4,6.219147E-2
56.072457,-6.242558E-2,2.800339E-3,6.248836E-2
56.234079,-6.261088E-2,4.694465E-3,6.278663E-2
56.396167,-6.375276E-2,5.436500E-3,6.398414E-2
56.558722,-6.490861E-2,6.204552E-3,6.520448E-2
56.721745,-6.607844E-2,6.999263E-3,6.644810E-2
56.885239,-6.726222E-2,7.821260E-3,6.771542E-2
57.049204,-6.748073E-2,8.884424E-3,6.806307E-2
57.213641,-6.768419E-2,9.956257E-3,6.841255E-2
57.378552,-6.787233E-2,1.103657E-2,6.876379E-2
57.543939,-6.804495E-2,1.212517E-2,6.911682E-2
57.709802,-6.867053E-2,1.350071E-2,6.998508E-2
57.876144,-6.927906E-2,1.490457E-2,7.086420E-2
58.042965,-6.986989E-2,1.633680E-2,7.175439E-2
58.210266,-7.044221E-2,1.779741E-2,7.265571E-2
58.378050,-7.022883E-2,1.849523E-2,7.262343E-2
58.546318,-7.000859E-2,1.919056E-2,7.259119E-2
58.715070,-6.978144E-2,1.988335E-2,7.255892E-2
58.884309,-6.954746E-2,2.057352E-2,7.252668E-2
59.054036,-7.039733E-2,2.243278E-2,7.388514E-2
59.224252,-7.122345E-2,2.434453E-2,7.526909E-2
59.394959,-7.202418E-2,2.630922E-2,7.667893E-2
59.566158,-7.279797E-2,2.832728E-2,7.811517E-2
59.737850,-7.326637E-2,2.990377E-2,7.913404E-2
59.910037,-7.371463E-2,3.150842E-2,8.016625E-2
60.082720,-7.414199E-2,3.314122E-2,8.121192E-2
60.255901,-7.454766E-2,3.480227E-2,8.227121E-2
60.429581,-7.534398E-2,3.659227E-2,8.375983E-2
60.603762,-7.612665E-2,3.842690E-2,8.527540E-2
60.778445,-7.689469E-2,4.030669E-2,8.681833E-2
60.953632,-7.764713E-2,4.223219E-2,8.838911E-2
61.129323,-7.880475E-2,4.485343E-2,9.067535E-2
61.305521,-7.994021E-2,4.756487E-2,9.302072E-2
61.482226,-8.105116E-2,5.036841E-2,9.542676E-2
61.659441,-8.213513E-2,5.326588E-2,9.789501E-2
61.837167,-8.160131E-2,5.683907E-2,9.944573E-2
62.015405,-8.093931E-2,6.044892E-2,1.010210E-1
62.194157,-8.014588E-2,6.409173E-2,1.026212E-1
62.373424,-7.921793E-2,6.776352E-2,1.042467E-1
62.553208,-7.980306E-2,7.201509E-2,1.074928E-1
62.733510,-8.028992E-2,7.641347E-2,1.108399E-1
62.914331,-8.067147E-2,8.096053E-2,1.142913E-1
63.095674,-8.094044E-2,8.565791E-2,1.178500E-1
63.277540,-7.867162E-2,9.062321E-2,1.200075E-1
63.459930,-7.615016E-2,9.557752E-2,1.222044E-1
63.642845,-7.337217E-2,1.005098E-1,1.244415E-1
63.826288,-7.033406E-2,1.054086E-1,1.267196E-1
64.010259,-6.970434E-2,1.144822E-1,1.340331E-1
64.194761,-6.864072E-2,1.240437E-1,1.417688E-1
64.379794,-6.709720E-2,1.341016E-1,1.499509E-1
64.565361,-6.502463E-2,1.446631E-1,1.586052E-1
64.751463,-5.666453E-2,1.497107E-1,1.600755E-1
64.938101,-4.793390E-2,1.542847E-1,1.615594E-1
65.125277,-3.885890E-2,1.583591E-1,1.630571E-1
65.312993,-2.946766E-2,1.619088E-1,1.645685E-1
65.501250,-1.780428E-2,1.641522E-1,1.651149E-1
65.690049,-5.970600E-3,1.655554E-1,1.656630E-1
65.879393,5.972869E-3,1.661055E-1,1.662129E-1
66.069282,1.796466E-2,1.657945E-1,1.667649E-1
66.259718,2.773538E-2,1.627925E-1,1.651383E-1
66.450704,3.721222E-2,1.592372E-1,1.635275E-1
66.642240,4.636528E-2,1.551526E-1,1.619323E-1
66.834328,5.516649E-2,1.505646E-1,1.603529E-1
67.026970,6.329177E-2,1.434570E-1,1.567985E-1
67.220167,7.077403E-2,1.360109E-1,1.533230E-1
67.413921,7.760747E-2,1.282747E-1,1.499244E-1
67.608233,8.378957E-2,1.202964E-1,1.466012E-1
67.803106,8.645998E-2,1.136097E-1,1.427673E-1
67.998540,8.878393E-2,1.069942E-1,1.390336E-1
68.194537,9.077381E-2,1.004621E-1,1.353976E-1
68.391100,9.244193E-2,9.402482E-2,1.318567E-1
68.588228,9.227268E-2,8.823900E-2,1.276729E-1
68.785926,9.193616E-2,8.264448E-2,1.236219E-1
68.984193,9.144349E-2,7.724009E-2,1.196994E-1
69.183031,9.080540E-2,7.202436E-2,1.159014E-1
69.382443,9.009765E-2,6.870218E-2,1.133030E-1
69.582429,8.934386E-2,6.546824E-2,1.107629E-1
69.782992,8.854674E-2,6.232148E-2,1.082797E-1
69.984133,8.770894E-2,5.926069E-2,1.058522E-1
70.185854,8.642234E-2,5.558898E-2,1.027568E-1
70.388156,8.509310E-2,5.205376E-2,9.975184E-2
70.591041,8.372553E-2,4.865197E-2,9.683480E-2
70.794511,8.232369E-2,4.538050E-2,9.400308E-2
70.998567,8.130114E-2,4.407201E-2,9.247820E-2
71.203212,8.028616E-2,4.279187E-2,9.097808E-2
71.408447,7.927875E-2,4.153959E-2,8.950228E-2
71.614273,7.827909E-2,4.031467E-2,8.805049E-2
71.820692,7.745241E-2,3.988143E-2,8.711719E-2
72.027706,7.663445E-2,3.945284E-2,8.619377E-2
72.235317,7.582511E-2,3.902886E-2,8.528012E-2
72.443527,7.502438E-2,3.860944E-2,8.437622E-2
72.652337,7.538538E-2,3.724895E-2,8.408591E-2
72.861748,7.572289E-2,3.588743E-2,8.379656E-2
73.071763,7.603700E-2,3.452530E-2,8.350821E-2
73.282383,7.632782E-2,3.316291E-2,8.322088E-2
73.493611,7.995315E-2,3.145572E-2,8.591838E-2
73.705447,8.363192E-2,2.956311E-2,8.870330E-2
73.917894,8.735915E-2,2.747728E-2,9.157850E-2
74.130953,9.112935E-2,2.519031E-2,9.454687E-2
74.344627,8.948626E-2,1.947413E-2,9.158074E-2
74.558916,8.759053E-2,1.403392E-2,8.870768E-2
74.773823,8.546527E-2,8.874157E-3,8.592475E-2
74.989349,8.313303E-2,3.997949E-3,8.322911E-2
75.205497,8.258985E-2,2.945985E-3,8.264238E-2
75.422268,8.203755E-2,1.908206E-3,8.205974E-2
75.639663,8.147646E-2,8.846204E-4,8.148126E-2
75.857685,8.090673E-2,-1.247628E-4,8.090683E-2
76.076336,8.024572E-2,-1.189186E-3,8.025453E-2
76.295616,7.957612E-2,-2.236231E-3,7.960753E-2
76.515529,7.889815E-2,-3.265923E-3,7.896572E-2
76.736076,7.821213E-2,-4.278298E-3,7.832906E-2
76.957258,7.859947E-2,-5.072764E-3,7.876300E-2
77.179078,7.898109E-2,-5.875410E-3,7.919932E-2
77.401537,7.935692E-2,-6.686228E-3,7.963810E-2
77.624638,7.972689E-2,-7.505211E-3,8.007937E-2
77.848381,8.064102E-2,-8.798236E-3,8.111956E-2
78.072770,8.154751E-2,-1.012163E-2,8.217325E-2
78.297805,8.244584E-2,-1.147567E-2,8.324066E-2
78.523489,8.333535E-2,-1.286062E-2,8.432186E-2
78.749823,8.414291E-2,-1.492146E-2,8.545572E-2
78.976810,8.491431E-2,-1.702781E-2,8.660477E-2
79.204451,8.564813E-2,-1.917946E-2,8.776932E-2
79.432748,8.634280E-2,-2.137616E-2,8.894953E-2
79.661703,8.643906E-2,-2.457112E-2,8.986351E-2
79.891318,8.642571E-2,-2.780036E-2,9.078691E-2
80.121595,8.630048E-2,-3.106039E-2,9.171979E-2
80.352536,8.606125E-2,-3.434769E-2,9.266230E-2
80.584142,8.728640E-2,-3.785411E-2,9.514121E-2
80.816416,8.843772E-2,-4.148980E-2,9.768641E-2
81.049359,8.950935E-2,-4.525595E-2,1.002997E-1
81.282974,9.049530E-2,-4.915359E-2,1.029829E-1
81.517262,8.916388E-2,-5.433296E-2,1.044139E-1
81.752226,8.755477E-2,-5.951077E-2,1.058649E-1
81.987867,8.566453E-2,-6.467302E-2,1.073360E-1
82.224187,8.349036E-2,-6.980528E-2,1.088275E-1
82.461188,7.961728E-2,-7.775517E-2,1.112869E-1
82.698872,7.504146E-2,-8.555500E-2,1.138019E-1
82.937241,6.976099E-2,-9.314649E-2,1.163738E-1
83.176298,6.377847E-2,-1.004699E-1,1.190038E-1
83.416043,5.340632E-2,-1.038922E-1,1.168153E-1
83.656480,4.296223E-2,-1.063146E-1,1.146671E-1
83.897609,3.253686E-2,-1.077532E-1,1.125584E-1
84.139434,2.221737E-2,-1.082317E-1,1.104885E-1
84.381956,1.396996E-2,-1.101561E-1,1.110384E-1
84.625176,5.558179E-3,-1.114525E-1,1.115910E-1
84.869098,-2.970201E-3,-1.121071E-1,1.121464E-1
85.113723,-1.156626E-2,-1.121096E-1,1.127047E-1
85.359053,-1.917719E-2,-1.063312E-1,1.080467E-1
85.605090,-2.603415E-2,-1.002561E-1,1.035812E-1
85.851836,-3.214888E-2,-9.395213E-2,9.930032E-2
86.099293,-3.753749E-2,-8.748300E-2,9.519632E-2
86.347464,-3.612221E-2,-7.596372E-2,8.411481E-2
86.596350,-3.448037E-2,-6.584109E-2,7.432325E-2
86.845953,-3.268602E-2,-5.695941E-2,6.567153E-2
87.096276,-3.079929E-2,-4.917855E-2,5.802694E-2
87.347320,-3.072285E-2,-4.885473E-2,5.771203E-2
87.599088,-3.064622E-2,-4.853279E-2,5.739880E-2
87.851582,-3.056943E-2,-4.821276E-2,5.708730E-2
88.104803,-3.049244E-2,-4.789459E-2,5.677747E-2
88.358755,-3.104727E-2,-4.529499E-2,5.491420E-2
88.613438,-3.149825E-2,-4.276394E-2,5.311209E-2
88.868855,-3.185108E-2,-4.030257E-2,5.136914E-2
89.125009,-3.211132E-2,-3.791174E-2,4.968337E-2
89.381901,-3.161455E-2,-3.510774E-2,4.724440E-2
89.639533,-3.106150E-2,-3.245694E-2,4.492516E-2
89.897908,-3.045938E-2,-2.995341E-2,4.271979E-2
90.157028,-2.981485E-2,-2.759122E-2,4.062266E-2
90.416894,-2.699316E-2,-2.535728E-2,3.703542E-2
90.677510,-2.443593E-2,-2.330143E-2,3.376494E-2
90.938877,-2.211861E-2,-2.140974E-2,3.078327E-2
91.200997,-2.001887E-2,-1.966936E-2,2.806490E-2
91.463873,-1.931935E-2,-2.153100E-2,2.892786E-2
91.727506,-1.847914E-2,-2.340075E-2,2.981734E-2
91.991899,-1.749368E-2,-2.526977E-2,3.073418E-2
92.257055,-1.635883E-2,-2.712859E-2,3.167920E-2
92.522974,-1.843962E-2,-2.582690E-2,3.173403E-2
92.789661,-2.041694E-2,-2.436568E-2,3.178896E-2
93.057115,-2.227855E-2,-2.275313E-2,3.184397E-2
93.325341,-2.401288E-2,-2.099842E-2,3.189909E-2
93.594340,-2.436874E-2,-1.986781E-2,3.144146E-2
93.864114,-2.468083E-2,-1.874197E-2,3.099040E-2
94.134666,-2.494994E-2,-1.762233E-2,3.054580E-2
94.405998,-2.517694E-2,-1.651026E-2,3.010759E-2
94.678111,-2.448232E-2,-1.516467E-2,2.879846E-2
94.951009,-2.378486E-2,-1.389518E-2,2.754624E-2
95.224694,-2.308657E-2,-1.269854E-2,2.634848E-2
95.499168,-2.238927E-2,-1.157157E-2,2.520279E-2
95.774432,-2.173461E-2,-1.020057E-2,2.400927E-2
96.050490,-2.106151E-2,-8.919286E-3,2.287227E-2
96.327344,-2.037411E-2,-7.724066E-3,2.178912E-2
96.604996,-1.967624E-2,-6.611309E-3,2.075726E-2
96.883448,-1.944578E-2,-6.266397E-3,2.043052E-2
97.162702,-1.921475E-2,-5.929756E-3,2.010892E-2
97.442762,-1.898326E-2,-5.601262E-3,1.979238E-2
97.723629,-1.875142E-2,-5.280792E-3,1.948082E-2
98.005305,-1.841830E-2,-4.454733E-3,1.894936E-2
98.287794,-1.806461E-2,-3.663820E-3,1.843241E-2
98.571096,-1.769218E-2,-2.907812E-3,1.792955E-2
98.855215,-1.730284E-2,-2.186412E-3,1.744043E-2
99.140153,-1.606343E-2,-1.363587E-3,1.612120E-2
99.425913,-1.488756E-2,-6.506128E-4,1.490177E-2
99.712496,-1.377453E-2,-3.668651E-5,1.377458E-2
99.999905,-1.365870E-2,-1.453404E-3,1.373581E-2
