#I+1.668000E+03
+1.000000E+00
+8.010000E+02
+8.010000E+02
+1.000000E+01
+2.000000E+00
+3.000000E+00
+0.000000E+00
+1.000000E+00
+2.000000E+00
+5.000000E+00
+1.000000E+00
+2.497000E+03
-1.092400E+04
+2.025600E+04
-1.299100E+04
-1.119200E+04
+0.000000E+00
+0.000000E+00
+0.000000E+00
+0.000000E+00
+0.000000E+00
+0.000000E+00
+0.000000E+00
+0.000000E+00
+0.000000E+00
+0.000000E+00
+0.000000E+00
+0.000000E+00
+0.000000E+00
+0.000000E+00
+0.000000E+00
+0.000000E+00
+0.000000E+00
+0.000000E+00
+0.000000E+00
+1.000000E+00
+1.000000E+00
+1.000000E+00
+0.000000E+00
+0.000000E+00
+1.000000E+00
+0.000000E+00
+1.000000E+00
+2.000000E+00
+3.000000E+00
+4.500000E+01
+4.500000E+01
+0.000000E+00
+0.000000E+00
+2.000000E+00
+0.000000E+00
+0.000000E+00
+0.000000E+00
+8.000000E+02
+0.000000E+00
+1.250000E-03
+7.943275E+02
+0.000000E+00
+0.000000E+00
+0.000000E+00
+1.000000E+00
+1.000000E+00
+0.000000E+00
+0.000000E+00
+9.9999904632568339E+00
+9.9999904632568339E+00
+3.274687E-03
-3.357939E-04
+3.074090E-03
-4.159826E-05
+2.863156E-03
+2.154944E-04
+2.645673E-03
+4.372167E-04
+2.425022E-03
+6.254936E-04
+2.469312E-03
+9.204032E-04
+2.483337E-03
+1.233891E-03
+2.463654E-03
+1.563504E-03
+2.406924E-03
+1.906296E-03
+2.440524E-03
+1.549137E-03
+2.436990E-03
+1.211417E-03
+2.400591E-03
+8.955362E-04
+2.335557E-03
+6.033269E-04
+2.520612E-03
+7.615121E-04
+2.715438E-03
+9.422399E-04
+2.919923E-03
+1.147988E-03
+3.133832E-03
+1.381451E-03
+3.182199E-03
+1.202614E-03
+3.220608E-03
+1.022645E-03
+3.249080E-03
+8.420882E-04
+3.267665E-03
+6.614780E-04
+3.021519E-03
+6.036636E-04
+2.793897E-03
+5.508097E-04
+2.583405E-03
+5.024968E-04
+2.388754E-03
+4.583401E-04
+2.358846E-03
+7.051149E-04
+2.303566E-03
+9.505780E-04
+2.222871E-03
+1.192134E-03
+2.116979E-03
+1.427162E-03
+2.061335E-03
+1.527522E-03
+2.000981E-03
+1.625782E-03
+1.935992E-03
+1.721723E-03
+1.866453E-03
+1.815127E-03
+2.249931E-03
+1.432917E-03
+2.555178E-03
+9.697304E-04
+2.765104E-03
+4.415704E-04
+2.865889E-03
-1.319535E-04
+2.841644E-03
+4.905189E-04
+2.683172E-03
+1.096279E-03
+2.396563E-03
+1.656595E-03
+1.994006E-03
+2.144579E-03
+1.970727E-03
+1.506812E-03
+1.860420E-03
+9.775364E-04
+1.692893E-03
+5.512611E-04
+1.492258E-03
+2.191520E-04
+1.726186E-03
+6.034957E-04
+1.916432E-03
+1.114755E-03
+2.025537E-03
+1.767075E-03
+2.005661E-03
+2.568694E-03
+1.990762E-03
+2.368310E-03
+1.969765E-03
+2.178710E-03
+1.943354E-03
+1.999552E-03
+1.912162E-03
+1.830485E-03
+2.508773E-03
+1.755233E-03
+3.177516E-03
+1.563970E-03
+3.908251E-03
+1.227368E-03
+4.684222E-03
+7.136877E-04
+4.140948E-03
+7.489404E-04
+3.657775E-03
+7.668586E-04
+3.228387E-03
+7.708677E-04
+2.847088E-03
+7.638530E-04
+2.959437E-03
+5.142285E-04
+3.050575E-03
+2.505940E-04
+3.118902E-03
-2.531432E-05
+3.162953E-03
-3.115879E-04
+2.980402E-03
+5.279671E-05
+2.770816E-03
+3.724568E-04
+2.540892E-03
+6.475191E-04
+2.296862E-03
+8.788285E-04
+2.641463E-03
+5.495584E-04
+2.957014E-03
+1.326023E-04
+3.225744E-03
-3.742324E-04
+3.428029E-03
-9.702087E-04
+2.968000E-03
-7.600932E-04
+2.567978E-03
-5.893874E-04
+2.220398E-03
-4.512662E-04
+1.918604E-03
-3.400266E-04
+2.118669E-03
-2.191635E-04
+2.327246E-03
-7.158528E-05
+2.542996E-03
+1.057922E-04
+2.764211E-03
+3.162259E-04
+2.627098E-03
+4.929808E-04
+2.483562E-03
+6.529357E-04
+2.335025E-03
+7.963503E-04
+2.182831E-03
+9.235699E-04
+2.452191E-03
+4.970707E-04
+2.641289E-03
-7.282807E-07
+2.732379E-03
-5.554353E-04
+2.710126E-03
-1.148433E-03
+3.246378E-03
-7.559246E-04
+3.768589E-03
-2.140350E-04
+4.246174E-03
+4.917999E-04
+4.642189E-03
+1.371900E-03
+4.114355E-03
+1.334402E-03
+3.643755E-03
+1.288517E-03
+3.224478E-03
+1.236484E-03
+2.851184E-03
+1.180162E-03
+3.295212E-03
+1.050043E-03
+3.778886E-03
+8.629862E-04
+4.301484E-03
+6.086131E-04
+4.861220E-03
+2.753998E-04
+4.603618E-03
+1.562671E-04
+4.357425E-03
+4.911389E-05
+4.122279E-03
-4.695362E-05
+3.897822E-03
-1.327733E-04
+3.957163E-03
+2.043511E-04
+3.987930E-03
+5.507671E-04
+3.988971E-03
+9.041050E-04
+3.959310E-03
+1.261865E-03
+3.815327E-03
+1.053246E-03
+3.670508E-03
+8.600681E-04
+3.525472E-03
+6.816148E-04
+3.380777E-03
+5.171852E-04
+2.748494E-03
+1.684184E-05
+2.187378E-03
-3.072371E-04
+1.703412E-03
-4.994647E-04
+1.296169E-03
-5.958533E-04
+1.805721E-03
-4.607658E-04
+2.428711E-03
-1.673189E-04
+3.160216E-03
+3.563015E-04
+3.977018E-03
+1.201217E-03
+3.425595E-03
+1.387450E-03
+2.921951E-03
+1.507608E-03
+2.466004E-03
+1.573115E-03
+2.056757E-03
+1.594084E-03
+2.434756E-03
+1.362459E-03
+2.798638E-03
+1.056640E-03
+3.135727E-03
+6.744025E-04
+3.432232E-03
+2.154096E-04
+3.497321E-03
+5.588419E-04
+3.530222E-03
+9.173196E-04
+3.528649E-03
+1.288051E-03
+3.490522E-03
+1.667951E-03
+2.729345E-03
+1.160055E-03
+2.129310E-03
+7.966709E-04
+1.657547E-03
+5.385441E-04
+1.287563E-03
+3.567169E-04
+1.210766E-03
+2.868034E-04
+1.136844E-03
+2.244336E-04
+1.065862E-03
+1.689833E-04
+9.978569E-04
+1.198695E-04
+1.394070E-03
+2.399248E-04
+1.942419E-03
+4.370440E-04
+2.699104E-03
+7.533793E-04
+3.740103E-03
+1.252204E-03
+3.486033E-03
+1.397667E-03
+3.236445E-03
+1.521866E-03
+2.992296E-03
+1.626099E-03
+2.754427E-03
+1.711654E-03
+2.602920E-03
+1.061991E-03
+2.378922E-03
+5.288454E-04
+2.109929E-03
+1.058191E-04
+1.818501E-03
-2.165534E-04
+2.486928E-03
-3.481266E-04
+3.399585E-03
-5.473410E-04
+4.645157E-03
-8.461688E-04
+6.344323E-03
-1.290943E-03
+5.093948E-03
-4.026776E-04
+4.029197E-03
+1.732297E-04
+3.139830E-03
+5.222458E-04
+2.409621E-03
+7.103413E-04
+2.762674E-03
+6.968091E-04
+3.162175E-03
+6.656196E-04
+3.613522E-03
+6.123326E-04
+4.122627E-03
+5.316749E-04
+4.141989E-03
+7.719627E-04
+4.147950E-03
+1.016236E-03
+4.140125E-03
+1.263782E-03
+4.118157E-03
+1.513856E-03
+3.785109E-03
+1.263031E-03
+3.475470E-03
+1.044171E-03
+3.187986E-03
+8.537251E-04
+2.921424E-03
+6.885004E-04
+3.081968E-03
+1.231197E-03
+3.168678E-03
+1.850942E-03
+3.162034E-03
+2.542852E-03
+3.041487E-03
+3.298391E-03
+3.766531E-03
+2.550856E-03
+4.308953E-03
+1.644966E-03
+4.634419E-03
+6.250915E-04
+4.719320E-03
-4.570123E-04
+4.347931E-03
-6.899092E-04
+3.990595E-03
-8.847896E-04
+3.648428E-03
-1.045231E-03
+3.322260E-03
-1.174610E-03
+3.644198E-03
-7.921365E-04
+3.931432E-03
-3.478071E-04
+4.174012E-03
+1.568598E-04
+4.361697E-03
+7.189490E-04
+4.466240E-03
+4.028649E-04
+4.548489E-03
+7.530335E-05
+4.607332E-03
-2.622116E-04
+4.641755E-03
-6.080555E-04
+3.696599E-03
+4.626659E-04
+2.753987E-03
+1.097679E-03
+1.900719E-03
+1.397661E-03
+1.183448E-03
+1.457549E-03
+1.833332E-03
+1.743134E-03
+2.751115E-03
+2.012427E-03
+4.024069E-03
+2.213645E-03
+5.759859E-03
+2.262510E-03
+5.957871E-03
+2.306147E-03
+6.162516E-03
+2.350179E-03
+6.374006E-03
+2.394584E-03
+6.592575E-03
+2.439343E-03
+6.526166E-03
+2.457247E-03
+6.460185E-03
+2.474632E-03
+6.394631E-03
+2.491503E-03
+6.329502E-03
+2.507867E-03
+6.335101E-03
+2.157715E-03
+6.323750E-03
+1.813659E-03
+6.296049E-03
+1.476405E-03
+6.252623E-03
+1.146615E-03
+6.803379E-03
+9.604384E-04
+7.389887E-03
+7.349068E-04
+8.013258E-03
+4.652859E-04
+8.674478E-03
+1.464137E-04
+8.259000E-03
+4.852692E-04
+7.849632E-03
+7.915614E-04
+7.447393E-03
+1.067071E-03
+7.053164E-03
+1.313538E-03
+6.925694E-03
+8.085611E-04
+6.768792E-03
+3.273186E-04
+6.584917E-03
-1.289700E-04
+6.376534E-03
-5.592831E-04
+6.329053E-03
-2.381959E-04
+6.266293E-03
+7.676943E-05
+6.188740E-03
+3.849315E-04
+6.096893E-03
+6.856403E-04
+6.138979E-03
+9.322219E-04
+6.171885E-03
+1.183240E-03
+6.195328E-03
+1.438386E-03
+6.209041E-03
+1.697337E-03
+6.126869E-03
+1.410417E-03
+6.035305E-03
+1.133660E-03
+5.934973E-03
+8.671927E-04
+5.826497E-03
+6.111137E-04
+5.797376E-03
+7.225614E-04
+5.766175E-03
+8.331131E-04
+5.732919E-03
+9.427309E-04
+5.697629E-03
+1.051378E-03
+5.745006E-03
+6.067412E-04
+5.757888E-03
+1.610748E-04
+5.736399E-03
-2.829600E-04
+5.680864E-03
-7.227274E-04
+5.920644E-03
-4.344468E-04
+6.152942E-03
-1.227822E-04
+6.376204E-03
+2.126757E-04
+6.588791E-03
+5.722643E-04
+6.680678E-03
+2.635862E-04
+6.758743E-03
-5.250081E-05
+6.822494E-03
-3.754103E-04
+6.871465E-03
-7.045254E-04
+7.022056E-03
-2.307040E-05
+7.106005E-03
+6.814204E-04
+7.120225E-03
+1.402527E-03
+7.062231E-03
+2.133441E-03
+7.107564E-03
+1.858743E-03
+7.142396E-03
+1.583691E-03
+7.166765E-03
+1.308680E-03
+7.180725E-03
+1.034100E-03
+7.072511E-03
+1.119022E-03
+6.964550E-03
+1.201348E-03
+6.856875E-03
+1.281115E-03
+6.749517E-03
+1.358362E-03
+6.059284E-03
+1.438316E-03
+5.432815E-03
+1.489084E-03
+4.864902E-03
+1.515455E-03
+4.350678E-03
+1.521595E-03
+4.662859E-03
+1.061945E-03
+4.931173E-03
+5.516711E-04
+5.148363E-03
-5.683864E-06
+5.307353E-03
-6.056238E-04
+5.967976E-03
-4.622222E-05
+6.635879E-03
+6.532710E-04
+7.295334E-03
+1.509266E-03
+7.926917E-03
+2.538136E-03
+8.225517E-03
+2.684431E-03
+8.535070E-03
+2.838240E-03
+8.855967E-03
+2.999926E-03
+9.188613E-03
+3.169861E-03
+8.590790E-03
+2.406161E-03
+8.001642E-03
+1.738844E-03
+7.425665E-03
+1.159365E-03
+6.866514E-03
+6.596540E-04
+6.852525E-03
+1.120491E-03
+6.807744E-03
+1.582410E-03
+6.731958E-03
+2.043360E-03
+6.625100E-03
+2.501270E-03
+6.925295E-03
+2.193663E-03
+7.215687E-03
+1.861880E-03
+7.494687E-03
+1.505881E-03
+7.760673E-03
+1.125711E-03
+7.349976E-03
+1.155923E-03
+6.960000E-03
+1.179933E-03
+6.589745E-03
+1.198292E-03
+6.238264E-03
+1.211515E-03
+6.751160E-03
+1.253799E-03
+7.305718E-03
+1.294945E-03
+7.905280E-03
+1.334492E-03
+8.553451E-03
+1.371913E-03
+7.987043E-03
+1.018284E-03
+7.450274E-03
+7.067359E-04
+6.942295E-03
+4.333921E-04
+6.462208E-03
+1.946768E-04
+6.899937E-03
+3.968898E-04
+7.361791E-03
+6.257704E-04
+7.848648E-03
+8.838534E-04
+8.361368E-03
+1.173873E-03
+8.051744E-03
+1.602603E-03
+7.727436E-03
+2.001643E-03
+7.390517E-03
+2.371047E-03
+7.042994E-03
+2.710985E-03
+6.989702E-03
+2.208430E-03
+6.908079E-03
+1.724385E-03
+6.800090E-03
+1.259975E-03
+6.667715E-03
+8.161719E-04
+7.126390E-03
+1.261500E-03
+7.594238E-03
+1.766974E-03
+8.068493E-03
+2.337683E-03
+8.545896E-03
+2.978941E-03
+9.231387E-03
+2.911412E-03
+9.962058E-03
+2.817298E-03
+1.074019E-02
+2.693319E-03
+1.156808E-02
+2.535892E-03
+1.062488E-02
+1.728495E-03
+9.728832E-03
+1.042424E-03
+8.881582E-03
+4.641337E-04
+8.083964E-03
-1.875145E-05
+8.189181E-03
+5.172411E-04
+8.260196E-03
+1.067106E-03
+8.295650E-03
+1.628755E-03
+8.294305E-03
+2.199978E-03
+8.594790E-03
+2.136563E-03
+8.903852E-03
+2.066278E-03
+9.221656E-03
+1.988765E-03
+9.548364E-03
+1.903653E-03
+9.062530E-03
+2.181832E-03
+8.587243E-03
+2.429598E-03
+8.123202E-03
+2.648671E-03
+7.671011E-03
+2.840718E-03
+7.620784E-03
+3.058149E-03
+7.564497E-03
+3.274976E-03
+7.502149E-03
+3.491032E-03
+7.433734E-03
+3.706158E-03
+8.273458E-03
+4.276725E-03
+9.205552E-03
+4.930149E-03
+1.023985E-02
+5.677969E-03
+1.138717E-02
+6.533281E-03
+1.087416E-02
+6.120176E-03
+1.038333E-02
+5.731571E-03
+9.913774E-03
+5.366073E-03
+9.464616E-03
+5.022368E-03
+9.334387E-03
+5.160769E-03
+9.202408E-03
+5.296289E-03
+9.068722E-03
+5.428920E-03
+8.933386E-03
+5.558641E-03
+8.556535E-03
+5.778848E-03
+8.178899E-03
+5.980968E-03
+7.801156E-03
+6.165317E-03
+7.423951E-03
+6.332234E-03
+7.454352E-03
+7.522094E-03
+7.379246E-03
+8.811688E-03
+7.180980E-03
+1.019958E-02
+6.840602E-03
+1.168259E-02
+7.877724E-03
+1.276603E-02
+9.054428E-03
+1.393962E-02
+1.038807E-02
+1.520948E-02
+1.189804E-02
+1.658195E-02
+1.335746E-02
+1.712061E-02
+1.493203E-02
+1.763094E-02
+1.662779E-02
+1.810623E-02
+1.845090E-02
+1.853908E-02
+2.048750E-02
+1.770968E-02
+2.252585E-02
+1.669539E-02
+2.455169E-02
+1.549011E-02
+2.654975E-02
+1.408858E-02
+2.706138E-02
+1.291139E-02
+2.752117E-02
+1.171633E-02
+2.792856E-02
+1.050567E-02
+2.828303E-02
+9.281689E-03
+2.859209E-02
+7.504133E-03
+2.879185E-02
+5.723600E-03
+2.888307E-02
+3.946674E-03
+2.886693E-02
+2.179832E-03
+2.835077E-02
+1.912282E-03
+2.784205E-02
+1.653739E-03
+2.734068E-02
+1.403978E-03
+2.684661E-02
+1.162779E-03
+2.614794E-02
+9.501647E-04
+2.546621E-02
+7.478829E-04
+2.480106E-02
+5.555468E-04
+2.415211E-02
+3.727821E-04
+2.453280E-02
-2.749575E-04
+2.490180E-02
-9.429365E-04
+2.525840E-02
-1.631149E-03
+2.560185E-02
-2.339570E-03
+2.518130E-02
-2.416150E-03
+2.476714E-02
-2.489631E-03
+2.435929E-02
-2.560088E-03
+2.395766E-02
-2.627600E-03
+2.418825E-02
-2.697608E-03
+2.442097E-02
-2.768727E-03
+2.465585E-02
-2.840976E-03
+2.489290E-02
-2.914365E-03
+2.551604E-02
-3.074688E-03
+2.615448E-02
-3.241248E-03
+2.680859E-02
-3.414254E-03
+2.747876E-02
-3.593929E-03
+2.671983E-02
-3.059351E-03
+2.597508E-02
-2.552447E-03
+2.524453E-02
-2.072176E-03
+2.452813E-02
-1.617525E-03
+2.500073E-02
-1.258278E-03
+2.547624E-02
-8.849945E-04
+2.595451E-02
-4.973734E-04
+2.643533E-02
-9.510979E-05
+2.662684E-02
-9.842047E-04
+2.678988E-02
-1.886284E-03
+2.692381E-02
-2.800487E-03
+2.702798E-02
-3.725922E-03
+2.636442E-02
-3.138498E-03
+2.570821E-02
-2.578904E-03
+2.505968E-02
-2.046255E-03
+2.441907E-02
-1.539682E-03
+2.533495E-02
-1.763314E-03
+2.628407E-02
-2.001627E-03
+2.726756E-02
-2.255401E-03
+2.828665E-02
-2.525456E-03
+2.815315E-02
-2.740521E-03
+2.801849E-02
-2.953661E-03
+2.788266E-02
-3.164876E-03
+2.774569E-02
-3.374159E-03
+2.831454E-02
-3.170084E-03
+2.889241E-02
-2.956545E-03
+2.947937E-02
-2.733273E-03
+3.007551E-02
-2.499991E-03
+2.951351E-02
-2.138815E-03
+2.895876E-02
-1.790537E-03
+2.841124E-02
-1.454828E-03
+2.787091E-02
-1.131367E-03
+2.983485E-02
-1.328076E-03
+3.193668E-02
-1.546909E-03
+3.418606E-02
-1.790007E-03
+3.659328E-02
-2.059702E-03
+3.588969E-02
-3.663334E-03
+3.512608E-02
-5.208678E-03
+3.430606E-02
-6.694020E-03
+3.343325E-02
-8.117838E-03
+3.375340E-02
-7.809964E-03
+3.407244E-02
-7.496466E-03
+3.439028E-02
-7.177320E-03
+3.470682E-02
-6.852495E-03
+3.522690E-02
-6.936972E-03
+3.575478E-02
-7.022443E-03
+3.629055E-02
-7.108920E-03
+3.683437E-02
-7.196418E-03
+3.700868E-02
-7.681222E-03
+3.717851E-02
-8.171489E-03
+3.734375E-02
-8.667203E-03
+3.750431E-02
-9.168366E-03
+3.691671E-02
-1.112256E-02
+3.622758E-02
-1.304033E-02
+3.543914E-02
-1.491643E-02
+3.455383E-02
-1.674574E-02
+3.205455E-02
-1.654689E-02
+2.971203E-02
-1.630084E-02
+2.751784E-02
-1.601417E-02
+2.546395E-02
-1.569288E-02
+2.749312E-02
-1.551758E-02
+2.962613E-02
-1.525035E-02
+3.186492E-02
-1.488196E-02
+3.421115E-02
-1.440257E-02
+3.401529E-02
-1.503604E-02
+3.380782E-02
-1.566714E-02
+3.358879E-02
-1.629566E-02
+3.335816E-02
-1.692137E-02
+3.400219E-02
-1.811842E-02
+3.464060E-02
-1.936456E-02
+3.527220E-02
-2.066113E-02
+3.589576E-02
-2.200949E-02
+3.473923E-02
-2.520921E-02
+3.331063E-02
-2.836959E-02
+3.160862E-02
-3.146843E-02
+2.963358E-02
-3.448310E-02
+2.164526E-02
-3.617422E-02
+1.408002E-02
-3.646126E-02
+7.122464E-03
-3.553206E-02
+9.117267E-04
-3.358731E-02
-1.604106E-03
-2.513389E-02
-2.907075E-03
-1.865255E-02
-3.438826E-03
-1.372579E-02
-3.500632E-03
-1.001195E-02
+3.165105E-03
-1.022171E-02
+8.698439E-03
-6.393910E-03
+1.089147E-02
+3.014166E-05
+8.817537E-03
+6.556925E-03
+9.943234E-03
+7.703894E-03
+1.120564E-02
+9.042060E-03
+1.262016E-02
+1.060215E-02
+1.420378E-02
+1.241968E-02
+1.701120E-02
+1.318575E-02
+2.025974E-02
+1.386894E-02
+2.400501E-02
+1.442803E-02
+2.830756E-02
+1.481233E-02
+2.990953E-02
+1.340539E-02
+3.146235E-02
+1.186491E-02
+3.295653E-02
+1.019077E-02
+3.438237E-02
+8.383395E-03
+3.448396E-02
+6.580465E-03
+3.449415E-02
+4.789165E-03
+3.441436E-02
+3.013979E-03
+3.424621E-02
+1.259267E-03
+3.258472E-02
+2.436328E-03
+3.095913E-02
+3.497857E-03
+2.937192E-02
+4.450600E-03
+2.782520E-02
+5.301078E-03
+2.833837E-02
+6.429688E-03
+2.882415E-02
+7.605142E-03
+2.928017E-02
+8.827647E-03
+2.970399E-02
+1.009732E-02
+3.068386E-02
+1.164536E-02
+3.165149E-02
+1.329968E-02
+3.260245E-02
+1.506468E-02
+3.353191E-02
+1.694475E-02
+3.433876E-02
+1.910874E-02
+3.509177E-02
+2.140410E-02
+3.578299E-02
+2.383449E-02
+3.640399E-02
+2.640344E-02
+3.869658E-02
+2.725442E-02
+4.112170E-02
+2.811648E-02
+4.368643E-02
+2.898823E-02
+4.639823E-02
+2.986819E-02
+4.991611E-02
+3.179315E-02
+5.369895E-02
+3.383944E-02
+5.776658E-02
+3.601449E-02
+6.214040E-02
+3.832621E-02
+6.569855E-02
+3.722072E-02
+6.933348E-02
+3.594128E-02
+7.304110E-02
+3.447909E-02
+7.681678E-02
+3.282524E-02
+8.036552E-02
+3.203443E-02
+8.401965E-02
+3.112556E-02
+8.777983E-02
+3.009175E-02
+9.164663E-02
+2.892586E-02
+9.454761E-02
+2.691175E-02
+9.745531E-02
+2.476801E-02
+1.003660E-01
+2.249156E-02
+1.032760E-01
+2.007931E-02
+1.058648E-01
+1.705005E-02
+1.084021E-01
+1.387894E-02
+1.108822E-01
+1.056504E-02
+1.132994E-01
+7.107564E-03
+1.139952E-01
+5.912133E-03
+1.146817E-01
+4.702601E-03
+1.153588E-01
+3.478986E-03
+1.160262E-01
+2.241312E-03
+1.170494E-01
-1.736984E-03
+1.179438E-01
-5.782957E-03
+1.187061E-01
-9.892723E-03
+1.193330E-01
-1.406224E-02
+1.172074E-01
-1.582585E-02
+1.150862E-01
-1.752612E-02
+1.129703E-01
-1.916412E-02
+1.108607E-01
-2.074094E-02
+1.124755E-01
-1.974250E-02
+1.140991E-01
-1.871334E-02
+1.157313E-01
-1.765295E-02
+1.173719E-01
-1.656089E-02
+1.177749E-01
-1.753143E-02
+1.181722E-01
-1.850942E-02
+1.185640E-01
-1.949486E-02
+1.189500E-01
-2.048774E-02
+1.195029E-01
-2.095329E-02
+1.200573E-01
-2.142290E-02
+1.206131E-01
-2.189663E-02
+1.211703E-01
-2.237447E-02
+1.221845E-01
-2.394991E-02
+1.231919E-01
-2.555301E-02
+1.241920E-01
-2.718395E-02
+1.251843E-01
-2.884295E-02
+1.269714E-01
-2.805568E-02
+1.287730E-01
-2.724257E-02
+1.305892E-01
-2.640317E-02
+1.324200E-01
-2.553705E-02
+1.348088E-01
-2.532476E-02
+1.372375E-01
-2.509712E-02
+1.397066E-01
-2.485370E-02
+1.422166E-01
-2.459400E-02
+1.489607E-01
-2.484814E-02
+1.560189E-01
-2.507207E-02
+1.634056E-01
-2.526242E-02
+1.711359E-01
-2.541559E-02
+1.745978E-01
-2.899729E-02
+1.780761E-01
-3.272150E-02
+1.815684E-01
-3.659173E-02
+1.850725E-01
-4.061159E-02
+1.881736E-01
-4.672211E-02
+1.911747E-01
-5.305935E-02
+1.940670E-01
-5.962572E-02
+1.968418E-01
-6.642337E-02
+1.989042E-01
-6.983416E-02
+2.009546E-01
-7.332040E-02
+2.029919E-01
-7.688318E-02
+2.050151E-01
-8.052339E-02
+2.068789E-01
-8.488895E-02
+2.087040E-01
-8.934914E-02
+2.104880E-01
-9.390478E-02
+2.122290E-01
-9.855677E-02
+2.143924E-01
-1.021726E-01
+2.165513E-01
-1.058642E-01
+2.187051E-01
-1.096326E-01
+2.208528E-01
-1.134788E-01
+2.227617E-01
-1.183997E-01
+2.246315E-01
-1.234257E-01
+2.264601E-01
-1.285580E-01
+2.282452E-01
-1.337977E-01
+2.330241E-01
-1.394205E-01
+2.378770E-01
-1.452354E-01
+2.428042E-01
-1.512480E-01
+2.478059E-01
-1.574643E-01
+2.491991E-01
-1.645361E-01
+2.504902E-01
-1.717524E-01
+2.516748E-01
-1.791138E-01
+2.527484E-01
-1.866209E-01
+2.569119E-01
-1.945357E-01
+2.610839E-01
-2.027050E-01
+2.652616E-01
-2.111354E-01
+2.694417E-01
-2.198336E-01
+2.710968E-01
-2.307726E-01
+2.725573E-01
-2.420048E-01
+2.738122E-01
-2.535331E-01
+2.748503E-01
-2.653597E-01
+2.745768E-01
-2.798170E-01
+2.738956E-01
-2.946394E-01
+2.727858E-01
-3.098248E-01
+2.712266E-01
-3.253706E-01
+2.680132E-01
-3.438653E-01
+2.640828E-01
-3.627819E-01
+2.594008E-01
-3.821080E-01
+2.539315E-01
-4.018305E-01
+2.447761E-01
-4.203528E-01
+2.347262E-01
-4.389550E-01
+2.237587E-01
-4.576055E-01
+2.118510E-01
-4.762719E-01
+1.950806E-01
-5.013160E-01
+1.765682E-01
-5.263113E-01
+1.562622E-01
-5.511715E-01
+1.341142E-01
-5.758044E-01
+1.055838E-01
-5.889002E-01
+7.606898E-02
-6.006509E-01
+4.562917E-02
-6.109911E-01
+1.432792E-02
-6.198570E-01
-2.932487E-02
-6.241979E-01
-7.351841E-02
-6.254825E-01
-1.180400E-01
-6.236564E-01
-1.626719E-01
-6.186794E-01
-1.933371E-01
-6.045920E-01
-2.229908E-01
-5.890395E-01
-2.515665E-01
-5.720879E-01
-2.790008E-01
-5.538057E-01
-2.994929E-01
-5.212234E-01
-3.175963E-01
-4.885961E-01
-3.333853E-01
-4.560527E-01
-3.469386E-01
-4.237136E-01
-3.531700E-01
-3.977259E-01
-3.582076E-01
-3.722629E-01
-3.621067E-01
-3.473552E-01
-3.649228E-01
-3.230312E-01
-3.543718E-01
-3.018542E-01
-3.439108E-01
-2.818223E-01
-3.335561E-01
-2.628822E-01
-3.233231E-01
-2.449829E-01
-3.162464E-01
-2.312166E-01
-3.091859E-01
-2.180407E-01
-3.021505E-01
-2.054347E-01
-2.951493E-01
-1.933785E-01
-2.855765E-01
-1.894005E-01
-2.763017E-01
-1.854852E-01
-2.673160E-01
-1.816325E-01
-2.586107E-01
-1.778422E-01
-2.529432E-01
-1.744869E-01
-2.473991E-01
-1.711937E-01
-2.419758E-01
-1.679617E-01
-2.366705E-01
-1.647896E-01
-2.343820E-01
-1.653873E-01
-2.321021E-01
-1.659676E-01
-2.298306E-01
-1.665306E-01
-2.275676E-01
-1.670764E-01
-2.304613E-01
-1.686222E-01
-2.333908E-01
-1.701810E-01
-2.363566E-01
-1.717529E-01
-2.393592E-01
-1.733380E-01
-2.595676E-01
-1.643561E-01
-2.799537E-01
-1.537289E-01
-3.004176E-01
-1.413831E-01
-3.208508E-01
-1.272492E-01
-3.116371E-01
-9.539701E-02
-3.005466E-01
-6.611855E-02
-2.878852E-01
-3.940489E-02
-2.739399E-01
-1.522447E-02
-2.682831E-01
-1.186274E-02
-2.627092E-01
-8.635228E-03
-2.572181E-01
-5.538172E-03
-2.518092E-01
-2.567811E-03
-2.468907E-01
-1.610918E-03
-2.420650E-01
-6.904603E-04
-2.373305E-01
+1.946098E-04
-2.326853E-01
+1.045331E-03
-2.279518E-01
+3.332861E-03
-2.232917E-01
+5.526992E-03
-2.187045E-01
+7.630349E-03
-2.141894E-01
+9.645427E-03
-2.101466E-01
+1.040827E-02
-2.061760E-01
+1.113906E-02
-2.022762E-01
+1.183872E-02
-1.984461E-01
+1.250817E-02
-1.941692E-01
+1.331540E-02
-1.899787E-01
+1.408239E-02
-1.858729E-01
+1.481047E-02
-1.818501E-01
+1.550092E-02
-1.792186E-01
+1.597365E-02
-1.766227E-01
+1.642969E-02
-1.740616E-01
+1.686940E-02
-1.715349E-01
+1.729311E-02
-1.678878E-01
+1.595490E-02
-1.643128E-01
+1.466634E-02
-1.608085E-01
+1.342591E-02
-1.573739E-01
+1.223220E-02
-1.552029E-01
+1.060174E-02
-1.530483E-01
+9.014981E-03
-1.509103E-01
+7.471147E-03
-1.487891E-01
+5.969462E-03
-1.488551E-01
+6.531703E-03
-1.489190E-01
+7.094526E-03
-1.489808E-01
+7.657924E-03
-1.490405E-01
+8.221852E-03
-1.473686E-01
+8.828042E-03
-1.457121E-01
+9.419778E-03
-1.440711E-01
+9.997295E-03
-1.424454E-01
+1.056082E-02
-1.412751E-01
+9.500781E-03
-1.401079E-01
+8.457949E-03
-1.389437E-01
+7.432139E-03
-1.377827E-01
+6.423187E-03
-1.367302E-01
+1.017957E-02
-1.355809E-01
+1.388308E-02
-1.343368E-01
+1.753138E-02
-1.330001E-01
+2.112226E-02
-1.243301E-01
+1.573463E-02
-1.161074E-01
+1.097840E-02
-1.083192E-01
+6.796288E-03
-1.009520E-01
+3.135409E-03
-1.080599E-01
+6.091587E-04
-1.155936E-01
-2.286057E-03
-1.235727E-01
-5.587482E-03
-1.320171E-01
-9.335475E-03
-1.269303E-01
-3.142938E-03
-1.217829E-01
+2.568108E-03
-1.165989E-01
+7.815054E-03
-1.114001E-01
+1.261556E-02
-1.116558E-01
+1.101716E-02
-1.118886E-01
+9.414004E-03
-1.120984E-01
+7.806432E-03
-1.122852E-01
+6.194807E-03
-1.172930E-01
+5.765057E-03
-1.225196E-01
+5.284897E-03
-1.279746E-01
+4.750722E-03
-1.336676E-01
+4.158706E-03
-1.330408E-01
+8.571485E-03
-1.322702E-01
+1.294736E-02
-1.313575E-01
+1.728171E-02
-1.303045E-01
+2.156996E-02
-1.252778E-01
+2.641019E-02
-1.202046E-01
+3.088466E-02
-1.151020E-01
+3.500297E-02
-1.099860E-01
+3.877505E-02
-1.066155E-01
+3.660927E-02
-1.033406E-01
+3.454255E-02
-1.001587E-01
+3.257079E-02
-9.706782E-02
+3.069014E-02
-9.583481E-02
+2.979900E-02
-9.461515E-02
+2.892629E-02
-9.340866E-02
+2.807168E-02
-9.221528E-02
+2.723489E-02
-9.016378E-02
+2.659565E-02
-8.815788E-02
+2.597138E-02
-8.619662E-02
+2.536172E-02
-8.427896E-02
+2.476631E-02
-8.281486E-02
+2.530182E-02
-8.136602E-02
+2.581423E-02
-7.993241E-02
+2.630405E-02
-7.851405E-02
+2.677172E-02
-7.686965E-02
+2.662498E-02
-7.525779E-02
+2.647332E-02
-7.367776E-02
+2.631697E-02
-7.212897E-02
+2.615616E-02
-6.966524E-02
+2.452799E-02
-6.727900E-02
+2.298291E-02
-6.496815E-02
+2.151714E-02
-6.298934E-02
+2.056855E-02
