Hz,real,imaginary,unitless (peak only)
9.999990,3.274687E-3,-3.357939E-4,3.291859E-3
10.028814,3.074090E-3,-4.159826E-5,3.074371E-3
10.057721,2.863156E-3,2.154944E-4,2.871254E-3
10.086711,2.645673E-3,4.372167E-4,2.681556E-3
10.115785,2.425022E-3,6.254936E-4,2.504391E-3
10.144942,2.469312E-3,9.204032E-4,2.635269E-3
10.174184,2.483337E-3,1.233891E-3,2.772986E-3
10.203510,2.463654E-3,1.563504E-3,2.917899E-3
10.232920,2.406924E-3,1.906296E-3,3.070382E-3
10.262415,2.440524E-3,1.549137E-3,2.890672E-3
10.291995,2.436990E-3,1.211417E-3,2.721480E-3
10.321661,2.400591E-3,8.955362E-4,2.562191E-3
10.351412,2.335557E-3,6.033269E-4,2.412225E-3
10.381248,2.520612E-3,7.615121E-4,2.633132E-3
10.411171,2.715438E-3,9.422399E-4,2.874269E-3
10.441180,2.919923E-3,1.147988E-3,3.137487E-3
10.471275,3.133832E-3,1.381451E-3,3.424808E-3
10.501458,3.182199E-3,1.202614E-3,3.401863E-3
10.531727,3.220608E-3,1.022645E-3,3.379071E-3
10.562083,3.249080E-3,8.420882E-4,3.356432E-3
10.592527,3.267665E-3,6.614780E-4,3.333945E-3
10.623059,3.021519E-3,6.036636E-4,3.081231E-3
10.653678,2.793897E-3,5.508097E-4,2.847675E-3
10.684386,2.583405E-3,5.024968E-4,2.631822E-3
10.715183,2.388754E-3,4.583401E-4,2.432328E-3
10.746068,2.358846E-3,7.051149E-4,2.461979E-3
10.777042,2.303566E-3,9.505780E-4,2.491990E-3
10.808106,2.222871E-3,1.192134E-3,2.522368E-3
10.839259,2.116979E-3,1.427162E-3,2.553114E-3
10.870502,2.061335E-3,1.527522E-3,2.565624E-3
10.901835,2.000981E-3,1.625782E-3,2.578196E-3
10.933258,1.935992E-3,1.721723E-3,2.590829E-3
10.964772,1.866453E-3,1.815127E-3,2.603523E-3
10.996376,2.249931E-3,1.432917E-3,2.667478E-3
11.028072,2.555178E-3,9.697304E-4,2.733004E-3
11.059859,2.765104E-3,4.415704E-4,2.800140E-3
11.091738,2.865889E-3,-1.319535E-4,2.868925E-3
11.123708,2.841644E-3,4.905189E-4,2.883669E-3
11.155771,2.683172E-3,1.096279E-3,2.898489E-3
11.187926,2.396563E-3,1.656595E-3,2.913387E-3
11.220174,1.994006E-3,2.144579E-3,2.928358E-3
11.252515,1.970727E-3,1.506812E-3,2.480776E-3
11.284949,1.860420E-3,9.775364E-4,2.101604E-3
11.317476,1.692893E-3,5.512611E-4,1.780386E-3
11.350097,1.492258E-3,2.191520E-4,1.508264E-3
11.382813,1.726186E-3,6.034957E-4,1.828640E-3
11.415622,1.916432E-3,1.114755E-3,2.217068E-3
11.448526,2.025537E-3,1.767075E-3,2.688002E-3
11.481525,2.005661E-3,2.568694E-3,3.258967E-3
11.514619,1.990762E-3,2.368310E-3,3.093869E-3
11.547809,1.969765E-3,2.178710E-3,2.937133E-3
11.581094,1.943354E-3,1.999552E-3,2.788339E-3
11.614475,1.912162E-3,1.830485E-3,2.647081E-3
11.647952,2.508773E-3,1.755233E-3,3.061827E-3
11.681526,3.177516E-3,1.563970E-3,3.541555E-3
11.715197,3.908251E-3,1.227368E-3,4.096445E-3
11.748964,4.684222E-3,7.136877E-4,4.738279E-3
11.782829,4.140948E-3,7.489404E-4,4.208130E-3
11.816792,3.657775E-3,7.668586E-4,3.737297E-3
11.850852,3.228387E-3,7.708677E-4,3.319144E-3
11.885011,2.847088E-3,7.638530E-4,2.947776E-3
11.919268,2.959437E-3,5.142285E-4,3.003781E-3
11.953624,3.050575E-3,2.505940E-4,3.060850E-3
11.988079,3.118902E-3,-2.531432E-5,3.119005E-3
12.022633,3.162953E-3,-3.115879E-4,3.178263E-3
12.057287,2.980402E-3,5.279671E-5,2.980870E-3
12.092040,2.770816E-3,3.724568E-4,2.795737E-3
12.126894,2.540892E-3,6.475191E-4,2.622101E-3
12.161848,2.296862E-3,8.788285E-4,2.459251E-3
12.196903,2.641463E-3,5.495584E-4,2.698025E-3
12.232060,2.957014E-3,1.326023E-4,2.959986E-3
12.267317,3.225744E-3,-3.742324E-4,3.247380E-3
12.302676,3.428029E-3,-9.702087E-4,3.562680E-3
12.338137,2.968000E-3,-7.600932E-4,3.063783E-3
12.373700,2.567978E-3,-5.893874E-4,2.634746E-3
12.409366,2.220398E-3,-4.512662E-4,2.265791E-3
12.445134,1.918604E-3,-3.400266E-4,1.948502E-3
12.481006,2.118669E-3,-2.191635E-4,2.129974E-3
12.516981,2.327246E-3,-7.158528E-5,2.328347E-3
12.553059,2.542996E-3,1.057922E-4,2.545196E-3
12.589242,2.764211E-3,3.162259E-4,2.782240E-3
12.625529,2.627098E-3,4.929808E-4,2.672952E-3
12.661921,2.483562E-3,6.529357E-4,2.567957E-3
12.698417,2.335025E-3,7.963503E-4,2.467086E-3
12.735019,2.182831E-3,9.235699E-4,2.370176E-3
12.771726,2.452191E-3,4.970707E-4,2.502063E-3
12.808539,2.641289E-3,-7.282807E-7,2.641289E-3
12.845458,2.732379E-3,-5.554353E-4,2.788262E-3
12.882483,2.710126E-3,-1.148433E-3,2.943413E-3
12.919615,3.246378E-3,-7.559246E-4,3.333225E-3
12.956855,3.768589E-3,-2.140350E-4,3.774662E-3
12.994201,4.246174E-3,4.917999E-4,4.274560E-3
13.031655,4.642189E-3,1.371900E-3,4.840664E-3
13.069218,4.114355E-3,1.334402E-3,4.325338E-3
13.106888,3.643755E-3,1.288517E-3,3.864871E-3
13.144667,3.224478E-3,1.236484E-3,3.453426E-3
13.182555,2.851184E-3,1.180162E-3,3.085779E-3
13.220552,3.295212E-3,1.050043E-3,3.458470E-3
13.258659,3.778886E-3,8.629862E-4,3.876174E-3
13.296875,4.301484E-3,6.086131E-4,4.344327E-3
13.335202,4.861220E-3,2.753998E-4,4.869015E-3
13.373639,4.603618E-3,1.562671E-4,4.606269E-3
13.412187,4.357425E-3,4.911389E-5,4.357702E-3
13.450846,4.122279E-3,-4.695362E-5,4.122546E-3
13.489616,3.897822E-3,-1.327733E-4,3.900083E-3
13.528498,3.957163E-3,2.043511E-4,3.962436E-3
13.567492,3.987930E-3,5.507671E-4,4.025783E-3
13.606599,3.988971E-3,9.041050E-4,4.090146E-3
13.645818,3.959310E-3,1.261865E-3,4.155531E-3
13.685151,3.815327E-3,1.053246E-3,3.958036E-3
13.724597,3.670508E-3,8.600681E-4,3.769927E-3
13.764156,3.525472E-3,6.816148E-4,3.590759E-3
13.803829,3.380777E-3,5.171852E-4,3.420107E-3
13.843617,2.748494E-3,1.684184E-5,2.748546E-3
13.883520,2.187378E-3,-3.072371E-4,2.208850E-3
13.923537,1.703412E-3,-4.994647E-4,1.775127E-3
13.963670,1.296169E-3,-5.958533E-4,1.426568E-3
14.003919,1.805721E-3,-4.607658E-4,1.863581E-3
14.044283,2.428711E-3,-1.673189E-4,2.434468E-3
14.084764,3.160216E-3,3.563015E-4,3.180238E-3
14.125362,3.977018E-3,1.201217E-3,4.154467E-3
14.166077,3.425595E-3,1.387450E-3,3.695906E-3
14.206909,2.921951E-3,1.507608E-3,3.287960E-3
14.247858,2.466004E-3,1.573115E-3,2.925041E-3
14.288926,2.056757E-3,1.594084E-3,2.602182E-3
14.330112,2.434756E-3,1.362459E-3,2.790041E-3
14.371417,2.798638E-3,1.056640E-3,2.991465E-3
14.412841,3.135727E-3,6.744025E-4,3.207429E-3
14.454384,3.432232E-3,2.154096E-4,3.438985E-3
14.496047,3.497321E-3,5.588419E-4,3.541689E-3
14.537830,3.530222E-3,9.173196E-4,3.647457E-3
14.579734,3.528649E-3,1.288051E-3,3.756386E-3
14.621758,3.490522E-3,1.667951E-3,3.868566E-3
14.663903,2.729345E-3,1.160055E-3,2.965645E-3
14.706170,2.129310E-3,7.966709E-4,2.273466E-3
14.748559,1.657547E-3,5.385441E-4,1.742840E-3
14.791070,1.287563E-3,3.567169E-4,1.336063E-3
14.833703,1.210766E-3,2.868034E-4,1.244271E-3
14.876460,1.136844E-3,2.244336E-4,1.158786E-3
14.919339,1.065862E-3,1.689833E-4,1.079174E-3
14.962342,9.978569E-4,1.198695E-4,1.005031E-3
15.005469,1.394070E-3,2.399248E-4,1.414565E-3
15.048721,1.942419E-3,4.370440E-4,1.990979E-3
15.092097,2.699104E-3,7.533793E-4,2.802275E-3
15.135598,3.740103E-3,1.252204E-3,3.944158E-3
15.179225,3.486033E-3,1.397667E-3,3.755782E-3
15.222977,3.236445E-3,1.521866E-3,3.576402E-3
15.266855,2.992296E-3,1.626099E-3,3.405589E-3
15.310860,2.754427E-3,1.711654E-3,3.242935E-3
15.354992,2.602920E-3,1.061991E-3,2.811231E-3
15.399251,2.378922E-3,5.288454E-4,2.436996E-3
15.443637,2.109929E-3,1.058191E-4,2.112581E-3
15.488151,1.818501E-3,-2.165534E-4,1.831350E-3
15.532794,2.486928E-3,-3.481266E-4,2.511176E-3
15.577565,3.399585E-3,-5.473410E-4,3.443365E-3
15.622466,4.645157E-3,-8.461688E-4,4.721598E-3
15.667496,6.344323E-3,-1.290943E-3,6.474331E-3
15.712655,5.093948E-3,-4.026776E-4,5.109839E-3
15.757945,4.029197E-3,1.732297E-4,4.032919E-3
15.803366,3.139830E-3,5.222458E-4,3.182966E-3
15.848917,2.409621E-3,7.103413E-4,2.512142E-3
15.894599,2.762674E-3,6.968091E-4,2.849195E-3
15.940414,3.162175E-3,6.656196E-4,3.231470E-3
15.986360,3.613522E-3,6.123326E-4,3.665036E-3
16.032439,4.122627E-3,5.316749E-4,4.156769E-3
16.078650,4.141989E-3,7.719627E-4,4.213312E-3
16.124995,4.147950E-3,1.016236E-3,4.270623E-3
16.171473,4.140125E-3,1.263782E-3,4.328716E-3
16.218086,4.118157E-3,1.513856E-3,4.387594E-3
16.264832,3.785109E-3,1.263031E-3,3.990275E-3
16.311714,3.475470E-3,1.044171E-3,3.628937E-3
16.358730,3.187986E-3,8.537251E-4,3.300318E-3
16.405882,2.921424E-3,6.885004E-4,3.001458E-3
16.453170,3.081968E-3,1.231197E-3,3.318791E-3
16.500594,3.168678E-3,1.850942E-3,3.669674E-3
16.548155,3.162034E-3,2.542852E-3,4.057654E-3
16.595853,3.041487E-3,3.298391E-3,4.486650E-3
16.643689,3.766531E-3,2.550856E-3,4.549024E-3
16.691662,4.308953E-3,1.644966E-3,4.612265E-3
16.739774,4.634419E-3,6.250915E-4,4.676385E-3
16.788024,4.719320E-3,-4.570123E-4,4.741397E-3
16.836414,4.347931E-3,-6.899092E-4,4.402327E-3
16.884942,3.990595E-3,-8.847896E-4,4.087505E-3
16.933611,3.648428E-3,-1.045231E-3,3.795199E-3
16.982420,3.322260E-3,-1.174610E-3,3.523793E-3
17.031370,3.644198E-3,-7.921365E-4,3.729297E-3
17.080461,3.931432E-3,-3.478071E-4,3.946787E-3
17.129693,4.174012E-3,1.568598E-4,4.176958E-3
17.179067,4.361697E-3,7.189490E-4,4.420553E-3
17.228584,4.466240E-3,4.028649E-4,4.484373E-3
17.278243,4.548489E-3,7.530335E-5,4.549112E-3
17.328046,4.607332E-3,-2.622116E-4,4.614787E-3
17.377992,4.641755E-3,-6.080555E-4,4.681412E-3
17.428082,3.696599E-3,4.626659E-4,3.725440E-3
17.478316,2.753987E-3,1.097679E-3,2.964683E-3
17.528695,1.900719E-3,1.397661E-3,2.359277E-3
17.579219,1.183448E-3,1.457549E-3,1.877498E-3
17.629889,1.833332E-3,1.743134E-3,2.529747E-3
17.680705,2.751115E-3,2.012427E-3,3.408592E-3
17.731668,4.024069E-3,2.213645E-3,4.592750E-3
17.782777,5.759859E-3,2.262510E-3,6.188290E-3
17.834034,5.957871E-3,2.306147E-3,6.388626E-3
17.885438,6.162516E-3,2.350179E-3,6.595449E-3
17.936991,6.374006E-3,2.394584E-3,6.808964E-3
17.988692,6.592575E-3,2.439343E-3,7.029398E-3
18.040542,6.526166E-3,2.457247E-3,6.973443E-3
18.092542,6.460185E-3,2.474632E-3,6.917933E-3
18.144691,6.394631E-3,2.491503E-3,6.862863E-3
18.196991,6.329502E-3,2.507867E-3,6.808230E-3
18.249442,6.335101E-3,2.157715E-3,6.692476E-3
18.302044,6.323750E-3,1.813659E-3,6.578691E-3
18.354797,6.296049E-3,1.476405E-3,6.466839E-3
18.407702,6.252623E-3,1.146615E-3,6.356888E-3
18.460760,6.803379E-3,9.604384E-4,6.870837E-3
18.513971,7.389887E-3,7.349068E-4,7.426339E-3
18.567336,8.013258E-3,4.652859E-4,8.026755E-3
18.620854,8.674478E-3,1.464137E-4,8.675714E-3
18.674526,8.259000E-3,4.852692E-4,8.273244E-3
18.728353,7.849632E-3,7.915614E-4,7.889442E-3
18.782335,7.447393E-3,1.067071E-3,7.523450E-3
18.836473,7.053164E-3,1.313538E-3,7.174434E-3
18.890767,6.925694E-3,8.085611E-4,6.972733E-3
18.945217,6.768792E-3,3.273186E-4,6.776701E-3
18.999824,6.584917E-3,-1.289700E-4,6.586180E-3
19.054589,6.376534E-3,-5.592831E-4,6.401014E-3
19.109512,6.329053E-3,-2.381959E-4,6.333534E-3
19.164592,6.266293E-3,7.676943E-5,6.266763E-3
19.219832,6.188740E-3,3.849315E-4,6.200700E-3
19.275231,6.096893E-3,6.856403E-4,6.135325E-3
19.330789,6.138979E-3,9.322219E-4,6.209356E-3
19.386508,6.171885E-3,1.183240E-3,6.284284E-3
19.442387,6.195328E-3,1.438386E-3,6.360113E-3
19.498427,6.209041E-3,1.697337E-3,6.436858E-3
19.554629,6.126869E-3,1.410417E-3,6.287114E-3
19.610993,6.035305E-3,1.133660E-3,6.140854E-3
19.667519,5.934973E-3,8.671927E-4,5.997994E-3
19.724209,5.826497E-3,6.111137E-4,5.858458E-3
19.781061,5.797376E-3,7.225614E-4,5.842231E-3
19.838078,5.766175E-3,8.331131E-4,5.826049E-3
19.895258,5.732919E-3,9.427309E-4,5.809914E-3
19.952604,5.697629E-3,1.051378E-3,5.793822E-3
20.010115,5.745006E-3,6.067412E-4,5.776957E-3
20.067792,5.757888E-3,1.610748E-4,5.760141E-3
20.125635,5.736399E-3,-2.829600E-4,5.743374E-3
20.183644,5.680864E-3,-7.227274E-4,5.726653E-3
20.241821,5.920644E-3,-4.344468E-4,5.936562E-3
20.300166,6.152942E-3,-1.227822E-4,6.154167E-3
20.358679,6.376204E-3,2.126757E-4,6.379750E-3
20.417360,6.588791E-3,5.722643E-4,6.613596E-3
20.476211,6.680678E-3,2.635862E-4,6.685876E-3
20.535231,6.758743E-3,-5.250081E-5,6.758947E-3
20.594421,6.822494E-3,-3.754103E-4,6.832815E-3
20.653782,6.871465E-3,-7.045254E-4,6.907488E-3
20.713314,7.022056E-3,-2.307040E-5,7.022094E-3
20.773017,7.106005E-3,6.814204E-4,7.138602E-3
20.832893,7.120225E-3,1.402527E-3,7.257044E-3
20.892941,7.062231E-3,2.133441E-3,7.377444E-3
20.953163,7.107564E-3,1.858743E-3,7.346590E-3
21.013558,7.142396E-3,1.583691E-3,7.315866E-3
21.074127,7.166765E-3,1.308680E-3,7.285270E-3
21.134870,7.180725E-3,1.034100E-3,7.254804E-3
21.195789,7.072511E-3,1.119022E-3,7.160490E-3
21.256883,6.964550E-3,1.201348E-3,7.067404E-3
21.318154,6.856875E-3,1.281115E-3,6.975528E-3
21.379601,6.749517E-3,1.358362E-3,6.884848E-3
21.441225,6.059284E-3,1.438316E-3,6.227654E-3
21.503026,5.432815E-3,1.489084E-3,5.633192E-3
21.565006,4.864902E-3,1.515455E-3,5.095476E-3
21.627165,4.350678E-3,1.521595E-3,4.609083E-3
21.689502,4.662859E-3,1.061945E-3,4.782257E-3
21.752020,4.931173E-3,5.516711E-4,4.961936E-3
21.814717,5.148363E-3,-5.683864E-6,5.148366E-3
21.877595,5.307353E-3,-6.056238E-4,5.341795E-3
21.940655,5.967976E-3,-4.622222E-5,5.968155E-3
22.003896,6.635879E-3,6.532710E-4,6.667957E-3
22.067320,7.295334E-3,1.509266E-3,7.449818E-3
22.130926,7.926917E-3,2.538136E-3,8.323350E-3
22.194716,8.225517E-3,2.684431E-3,8.652474E-3
22.258689,8.535070E-3,2.838240E-3,8.994611E-3
22.322847,8.855967E-3,2.999926E-3,9.350278E-3
22.387190,9.188613E-3,3.169861E-3,9.720012E-3
22.451718,8.590790E-3,2.406161E-3,8.921395E-3
22.516433,8.001642E-3,1.738844E-3,8.188397E-3
22.581334,7.425665E-3,1.159365E-3,7.515626E-3
22.646421,6.866514E-3,6.596540E-4,6.898127E-3
22.711697,6.852525E-3,1.120491E-3,6.943529E-3
22.777161,6.807744E-3,1.582410E-3,6.989235E-3
22.842813,6.731958E-3,2.043360E-3,7.035238E-3
22.908655,6.625100E-3,2.501270E-3,7.081547E-3
22.974686,6.925295E-3,2.193663E-3,7.264425E-3
23.040908,7.215687E-3,1.861880E-3,7.452029E-3
23.107320,7.494687E-3,1.505881E-3,7.644476E-3
23.173924,7.760673E-3,1.125711E-3,7.841892E-3
23.240720,7.349976E-3,1.155923E-3,7.440316E-3
23.307709,6.960000E-3,1.179933E-3,7.059309E-3
23.374891,6.589745E-3,1.198292E-3,6.697809E-3
23.442266,6.238264E-3,1.211515E-3,6.354818E-3
23.509835,6.751160E-3,1.253799E-3,6.866598E-3
23.577599,7.305718E-3,1.294945E-3,7.419596E-3
23.645559,7.905280E-3,1.334492E-3,8.017127E-3
23.713714,8.553451E-3,1.371913E-3,8.662775E-3
23.782066,7.987043E-3,1.018284E-3,8.051693E-3
23.850615,7.450274E-3,7.067359E-4,7.483720E-3
23.919362,6.942295E-3,4.333921E-4,6.955810E-3
23.988306,6.462208E-3,1.946768E-4,6.465140E-3
24.057450,6.899937E-3,3.968898E-4,6.911342E-3
24.126792,7.361791E-3,6.257704E-4,7.388339E-3
24.196335,7.848648E-3,8.838534E-4,7.898258E-3
24.266078,8.361368E-3,1.173873E-3,8.443367E-3
24.336022,8.051744E-3,1.602603E-3,8.209684E-3
24.406167,7.727436E-3,2.001643E-3,7.982471E-3
24.476515,7.390517E-3,2.371047E-3,7.761547E-3
24.547066,7.042994E-3,2.710985E-3,7.546735E-3
24.617820,6.989702E-3,2.208430E-3,7.330286E-3
24.688778,6.908079E-3,1.724385E-3,7.120046E-3
24.759940,6.800090E-3,1.259975E-3,6.915834E-3
24.831307,6.667715E-3,8.161719E-4,6.717482E-3
24.902881,7.126390E-3,1.261500E-3,7.237183E-3
24.974660,7.594238E-3,1.766974E-3,7.797092E-3
25.046646,8.068493E-3,2.337683E-3,8.400318E-3
25.118840,8.545896E-3,2.978941E-3,9.050217E-3
25.191242,9.231387E-3,2.911412E-3,9.679609E-3
25.263853,9.962058E-3,2.817298E-3,1.035277E-2
25.336673,1.074019E-2,2.693319E-3,1.107274E-2
25.409703,1.156808E-2,2.535892E-3,1.184277E-2
25.482943,1.062488E-2,1.728495E-3,1.076456E-2
25.556395,9.728832E-3,1.042424E-3,9.784519E-3
25.630058,8.881582E-3,4.641337E-4,8.893701E-3
25.703933,8.083964E-3,-1.875145E-5,8.083986E-3
25.778022,8.189181E-3,5.172411E-4,8.205500E-3
25.852324,8.260196E-3,1.067106E-3,8.328839E-3
25.926840,8.295650E-3,1.628755E-3,8.454032E-3
26.001571,8.294305E-3,2.199978E-3,8.581107E-3
26.076517,8.594790E-3,2.136563E-3,8.856372E-3
26.151680,8.903852E-3,2.066278E-3,9.140464E-3
26.227059,9.221656E-3,1.988765E-3,9.433670E-3
26.302655,9.548364E-3,1.903653E-3,9.736280E-3
26.378469,9.062530E-3,2.181832E-3,9.321472E-3
26.454502,8.587243E-3,2.429598E-3,8.924331E-3
26.530754,8.123202E-3,2.648671E-3,8.544113E-3
26.607225,7.671011E-3,2.840718E-3,8.180103E-3
26.683917,7.620784E-3,3.058149E-3,8.211493E-3
26.760830,7.564497E-3,3.274976E-3,8.243002E-3
26.837965,7.502149E-3,3.491032E-3,8.274633E-3
26.915322,7.433734E-3,3.706158E-3,8.306384E-3
26.992902,8.273458E-3,4.276725E-3,9.313457E-3
27.070706,9.205552E-3,4.930149E-3,1.044263E-2
27.148734,1.023985E-2,5.677969E-3,1.170871E-2
27.226987,1.138717E-2,6.533281E-3,1.312827E-2
27.305466,1.087416E-2,6.120176E-3,1.247814E-2
27.384170,1.038333E-2,5.731571E-3,1.186020E-2
27.463102,9.913774E-3,5.366073E-3,1.127287E-2
27.542261,9.464616E-3,5.022368E-3,1.071462E-2
27.621648,9.334387E-3,5.160769E-3,1.066604E-2
27.701264,9.202408E-3,5.296289E-3,1.061767E-2
27.781109,9.068722E-3,5.428920E-3,1.056953E-2
27.861185,8.933386E-3,5.558641E-3,1.052159E-2
27.941492,8.556535E-3,5.778848E-3,1.032518E-2
28.022029,8.178899E-3,5.980968E-3,1.013244E-2
28.102800,7.801156E-3,6.165317E-3,9.943298E-3
28.183802,7.423951E-3,6.332234E-3,9.757676E-3
28.265039,7.454352E-3,7.522094E-3,1.059005E-2
28.346509,7.379246E-3,8.811688E-3,1.149344E-2
28.428215,7.180980E-3,1.019958E-2,1.247389E-2
28.510155,6.840602E-3,1.168259E-2,1.353797E-2
28.592333,7.877724E-3,1.276603E-2,1.500100E-2
28.674746,9.054428E-3,1.393962E-2,1.662214E-2
28.757398,1.038807E-2,1.520948E-2,1.841848E-2
28.840288,1.189804E-2,1.658195E-2,2.040893E-2
28.923416,1.335746E-2,1.712061E-2,2.171490E-2
29.006784,1.493203E-2,1.763094E-2,2.310445E-2
29.090393,1.662779E-2,1.810623E-2,2.458290E-2
29.174242,1.845090E-2,1.853908E-2,2.615594E-2
29.258333,2.048750E-2,1.770968E-2,2.708081E-2
29.342667,2.252585E-2,1.669539E-2,2.803837E-2
29.427244,2.455169E-2,1.549011E-2,2.902979E-2
29.512064,2.654975E-2,1.408858E-2,3.005624E-2
29.597129,2.706138E-2,1.291139E-2,2.998370E-2
29.682439,2.752117E-2,1.171633E-2,2.991132E-2
29.767995,2.792856E-2,1.050567E-2,2.983913E-2
29.853798,2.828303E-2,9.281689E-3,2.976709E-2
29.939848,2.859209E-2,7.504133E-3,2.956044E-2
30.026146,2.879185E-2,5.723600E-3,2.935524E-2
30.112692,2.888307E-2,3.946674E-3,2.915147E-2
30.199488,2.886693E-2,2.179832E-3,2.894912E-2
30.286535,2.835077E-2,1.912282E-3,2.841519E-2
30.373832,2.784205E-2,1.653739E-3,2.789112E-2
30.461381,2.734068E-2,1.403978E-3,2.737670E-2
30.549182,2.684661E-2,1.162779E-3,2.687178E-2
30.637236,2.614794E-2,9.501647E-4,2.616520E-2
30.725544,2.546621E-2,7.478829E-4,2.547719E-2
30.814107,2.480106E-2,5.555468E-4,2.480728E-2
30.902925,2.415211E-2,3.727821E-4,2.415499E-2
30.991999,2.453280E-2,-2.749575E-4,2.453434E-2
31.081329,2.490180E-2,-9.429365E-4,2.491965E-2
31.170918,2.525840E-2,-1.631149E-3,2.531101E-2
31.260764,2.560185E-2,-2.339570E-3,2.570853E-2
31.350869,2.518130E-2,-2.416150E-3,2.529695E-2
31.441234,2.476714E-2,-2.489631E-3,2.489196E-2
31.531860,2.435929E-2,-2.560088E-3,2.449345E-2
31.622746,2.395766E-2,-2.627600E-3,2.410132E-2
31.713895,2.418825E-2,-2.697608E-3,2.433821E-2
31.805307,2.442097E-2,-2.768727E-3,2.457742E-2
31.896981,2.465585E-2,-2.840976E-3,2.481899E-2
31.988921,2.489290E-2,-2.914365E-3,2.506292E-2
32.081125,2.551604E-2,-3.074688E-3,2.570062E-2
32.173595,2.615448E-2,-3.241248E-3,2.635455E-2
32.266331,2.680859E-2,-3.414254E-3,2.702513E-2
32.359335,2.747876E-2,-3.593929E-3,2.771279E-2
32.452607,2.671983E-2,-3.059351E-3,2.689440E-2
32.546147,2.597508E-2,-2.552447E-3,2.610019E-2
32.639958,2.524453E-2,-2.072176E-3,2.532943E-2
32.734038,2.452813E-2,-1.617525E-3,2.458141E-2
32.828390,2.500073E-2,-1.258278E-3,2.503237E-2
32.923014,2.547624E-2,-8.849945E-4,2.549161E-2
33.017910,2.595451E-2,-4.973734E-4,2.595928E-2
33.113081,2.643533E-2,-9.510979E-5,2.643550E-2
33.208525,2.662684E-2,-9.842047E-4,2.664502E-2
33.304244,2.678988E-2,-1.886284E-3,2.685620E-2
33.400240,2.692381E-2,-2.800487E-3,2.706906E-2
33.496512,2.702798E-2,-3.725922E-3,2.728359E-2
33.593062,2.636442E-2,-3.138498E-3,2.655057E-2
33.689889,2.570821E-2,-2.578904E-3,2.583724E-2
33.786996,2.505968E-2,-2.046255E-3,2.514308E-2
33.884383,2.441907E-2,-1.539682E-3,2.446756E-2
33.982051,2.533495E-2,-1.763314E-3,2.539624E-2
34.080000,2.628407E-2,-2.001627E-3,2.636018E-2
34.178231,2.726756E-2,-2.255401E-3,2.736068E-2
34.276746,2.828665E-2,-2.525456E-3,2.839916E-2
34.375544,2.815315E-2,-2.740521E-3,2.828622E-2
34.474628,2.801849E-2,-2.953661E-3,2.817374E-2
34.573997,2.788266E-2,-3.164876E-3,2.806170E-2
34.673652,2.774569E-2,-3.374159E-3,2.795010E-2
34.773595,2.831454E-2,-3.170084E-3,2.849145E-2
34.873825,2.889241E-2,-2.956545E-3,2.904329E-2
34.974345,2.947937E-2,-2.733273E-3,2.960581E-2
35.075154,3.007551E-2,-2.499991E-3,3.017924E-2
35.176254,2.951351E-2,-2.138815E-3,2.959091E-2
35.277645,2.895876E-2,-1.790537E-3,2.901406E-2
35.379329,2.841124E-2,-1.454828E-3,2.844846E-2
35.481305,2.787091E-2,-1.131367E-3,2.789386E-2
35.583576,2.983485E-2,-1.328076E-3,2.986439E-2
35.686141,3.193668E-2,-1.546909E-3,3.197412E-2
35.789002,3.418606E-2,-1.790007E-3,3.423289E-2
35.892159,3.659328E-2,-2.059702E-3,3.665120E-2
35.995614,3.588969E-2,-3.663334E-3,3.607617E-2
36.099367,3.512608E-2,-5.208678E-3,3.551017E-2
36.203419,3.430606E-2,-6.694020E-3,3.495305E-2
36.307771,3.343325E-2,-8.117838E-3,3.440467E-2
36.412424,3.375340E-2,-7.809964E-3,3.464517E-2
36.517378,3.407244E-2,-7.496466E-3,3.488736E-2
36.622635,3.439028E-2,-7.177320E-3,3.513126E-2
36.728195,3.470682E-2,-6.852495E-3,3.537683E-2
36.834060,3.522690E-2,-6.936972E-3,3.590343E-2
36.940229,3.575478E-2,-7.022443E-3,3.643788E-2
37.046705,3.629055E-2,-7.108920E-3,3.698028E-2
37.153487,3.683437E-2,-7.196418E-3,3.753078E-2
37.260578,3.700868E-2,-7.681222E-3,3.779740E-2
37.367977,3.717851E-2,-8.171489E-3,3.806593E-2
37.475686,3.734375E-2,-8.667203E-3,3.833635E-2
37.583705,3.750431E-2,-9.168366E-3,3.860871E-2
37.692035,3.691671E-2,-1.112256E-2,3.855587E-2
37.800678,3.622758E-2,-1.304033E-2,3.850309E-2
37.909634,3.543914E-2,-1.491643E-2,3.845039E-2
38.018903,3.455383E-2,-1.674574E-2,3.839775E-2
38.128488,3.205455E-2,-1.654689E-2,3.607345E-2
38.238389,2.971203E-2,-1.630084E-2,3.388985E-2
38.348606,2.751784E-2,-1.601417E-2,3.183842E-2
38.459142,2.546395E-2,-1.569288E-2,2.991119E-2
38.569995,2.749312E-2,-1.551758E-2,3.157003E-2
38.681169,2.962613E-2,-1.525035E-2,3.332088E-2
38.792662,3.186492E-2,-1.488196E-2,3.516882E-2
38.904477,3.421115E-2,-1.440257E-2,3.711922E-2
39.016615,3.401529E-2,-1.503604E-2,3.719035E-2
39.129075,3.380782E-2,-1.566714E-2,3.726162E-2
39.241860,3.358879E-2,-1.629566E-2,3.733303E-2
39.354970,3.335816E-2,-1.692137E-2,3.740454E-2
39.468406,3.400219E-2,-1.811842E-2,3.852825E-2
39.582169,3.464060E-2,-1.936456E-2,3.968573E-2
39.696259,3.527220E-2,-2.066113E-2,4.087799E-2
39.810679,3.589576E-2,-2.200949E-2,4.210609E-2
39.925428,3.473923E-2,-2.520921E-2,4.292224E-2
40.040509,3.331063E-2,-2.836959E-2,4.375422E-2
40.155921,3.160862E-2,-3.146843E-2,4.460232E-2
40.271665,2.963358E-2,-3.448310E-2,4.546684E-2
40.387743,2.164526E-2,-3.617422E-2,4.215556E-2
40.504156,1.408002E-2,-3.646126E-2,3.908542E-2
40.620904,7.122464E-3,-3.553206E-2,3.623888E-2
40.737989,9.117267E-4,-3.358731E-2,3.359968E-2
40.855411,-1.604106E-3,-2.513389E-2,2.518503E-2
40.973172,-2.907075E-3,-1.865255E-2,1.887773E-2
41.091272,-3.438826E-3,-1.372579E-2,1.415001E-2
41.209713,-3.500632E-3,-1.001195E-2,1.060630E-2
41.328495,3.165105E-3,-1.022171E-2,1.070053E-2
41.447619,8.698439E-3,-6.393910E-3,1.079560E-2
41.567087,1.089147E-2,3.014166E-5,1.089151E-2
41.686899,8.817537E-3,6.556925E-3,1.098828E-2
41.807056,9.943234E-3,7.703894E-3,1.257847E-2
41.927560,1.120564E-2,9.042060E-3,1.439879E-2
42.048411,1.262016E-2,1.060215E-2,1.648254E-2
42.169610,1.420378E-2,1.241968E-2,1.886785E-2
42.291159,1.701120E-2,1.318575E-2,2.152313E-2
42.413058,2.025974E-2,1.386894E-2,2.455208E-2
42.535308,2.400501E-2,1.442803E-2,2.800729E-2
42.657911,2.830756E-2,1.481233E-2,3.194876E-2
42.780867,2.990953E-2,1.340539E-2,3.277628E-2
42.904178,3.146235E-2,1.186491E-2,3.362522E-2
43.027844,3.295653E-2,1.019077E-2,3.449615E-2
43.151867,3.438237E-2,8.383395E-3,3.538967E-2
43.276246,3.448396E-2,6.580465E-3,3.510621E-2
43.400985,3.449415E-2,4.789165E-3,3.482503E-2
43.526083,3.441436E-2,3.013979E-3,3.454609E-2
43.651542,3.424621E-2,1.259267E-3,3.426935E-2
43.777362,3.258472E-2,2.436328E-3,3.267567E-2
43.903545,3.095913E-2,3.497857E-3,3.115610E-2
44.030091,2.937192E-2,4.450600E-3,2.970720E-2
44.157003,2.782520E-2,5.301078E-3,2.832566E-2
44.284280,2.833837E-2,6.429688E-3,2.905863E-2
44.411924,2.882415E-2,7.605142E-3,2.981057E-2
44.539936,2.928017E-2,8.827647E-3,3.058195E-2
44.668317,2.970399E-2,1.009732E-2,3.137328E-2
44.797068,3.068386E-2,1.164536E-2,3.281941E-2
44.926190,3.165149E-2,1.329968E-2,3.433218E-2
45.055684,3.260245E-2,1.506468E-2,3.591468E-2
45.185551,3.353191E-2,1.694475E-2,3.757011E-2
45.315793,3.433876E-2,1.910874E-2,3.929751E-2
45.446410,3.509177E-2,2.140410E-2,4.110435E-2
45.577404,3.578299E-2,2.383449E-2,4.299425E-2
45.708775,3.640399E-2,2.640344E-2,4.497101E-2
45.840525,3.869658E-2,2.725442E-2,4.733105E-2
45.972655,4.112170E-2,2.811648E-2,4.981496E-2
46.105166,4.368643E-2,2.898823E-2,5.242921E-2
46.238058,4.639823E-2,2.986819E-2,5.518065E-2
46.371334,4.991611E-2,3.179315E-2,5.918127E-2
46.504993,5.369895E-2,3.383944E-2,6.347192E-2
46.639038,5.776658E-2,3.601449E-2,6.807365E-2
46.773470,6.214040E-2,3.832621E-2,7.300909E-2
46.908288,6.569855E-2,3.722072E-2,7.550948E-2
47.043496,6.933348E-2,3.594128E-2,7.809550E-2
47.179093,7.304110E-2,3.447909E-2,8.077011E-2
47.315081,7.681678E-2,3.282524E-2,8.353630E-2
47.451461,8.036552E-2,3.203443E-2,8.651486E-2
47.588234,8.401965E-2,3.112556E-2,8.959968E-2
47.725401,8.777983E-2,3.009175E-2,9.279446E-2
47.862964,9.164663E-2,2.892586E-2,9.610312E-2
48.000923,9.454761E-2,2.691175E-2,9.830307E-2
48.139279,9.745531E-2,2.476801E-2,1.005534E-1
48.278035,1.003660E-1,2.249156E-2,1.028553E-1
48.417191,1.032760E-1,2.007931E-2,1.052098E-1
48.556747,1.058648E-1,1.705005E-2,1.072290E-1
48.696706,1.084021E-1,1.387894E-2,1.092870E-1
48.837068,1.108822E-1,1.056504E-2,1.113844E-1
48.977835,1.132994E-1,7.107564E-3,1.135221E-1
49.119008,1.139952E-1,5.912133E-3,1.141484E-1
49.260587,1.146817E-1,4.702601E-3,1.147781E-1
49.402575,1.153588E-1,3.478986E-3,1.154112E-1
49.544972,1.160262E-1,2.241312E-3,1.160478E-1
49.687779,1.170494E-1,-1.736984E-3,1.170623E-1
49.830998,1.179438E-1,-5.782957E-3,1.180855E-1
49.974630,1.187061E-1,-9.892723E-3,1.191176E-1
50.118676,1.193330E-1,-1.406224E-2,1.201587E-1
50.263137,1.172074E-1,-1.582585E-2,1.182710E-1
50.408014,1.150862E-1,-1.752612E-2,1.164131E-1
50.553309,1.129703E-1,-1.916412E-2,1.145843E-1
50.699022,1.108607E-1,-2.074094E-2,1.127842E-1
50.845156,1.124755E-1,-1.974250E-2,1.141950E-1
50.991711,1.140991E-1,-1.871334E-2,1.156235E-1
51.138688,1.157313E-1,-1.765295E-2,1.170699E-1
51.286089,1.173719E-1,-1.656089E-2,1.185345E-1
51.433915,1.177749E-1,-1.753143E-2,1.190726E-1
51.582167,1.181722E-1,-1.850942E-2,1.196130E-1
51.730847,1.185640E-1,-1.949486E-2,1.201560E-1
51.879954,1.189500E-1,-2.048774E-2,1.207015E-1
52.029492,1.195029E-1,-2.095329E-2,1.213259E-1
52.179461,1.200573E-1,-2.142290E-2,1.219537E-1
52.329862,1.206131E-1,-2.189663E-2,1.225846E-1
52.480696,1.211703E-1,-2.237447E-2,1.232187E-1
52.631965,1.221845E-1,-2.394991E-2,1.245096E-1
52.783670,1.231919E-1,-2.555301E-2,1.258142E-1
52.935813,1.241920E-1,-2.718395E-2,1.271323E-1
53.088394,1.251843E-1,-2.884295E-2,1.284641E-1
53.241415,1.269714E-1,-2.805568E-2,1.300341E-1
53.394876,1.287730E-1,-2.724257E-2,1.316231E-1
53.548781,1.305892E-1,-2.640317E-2,1.332316E-1
53.703128,1.324200E-1,-2.553705E-2,1.348599E-1
53.857921,1.348088E-1,-2.532476E-2,1.371669E-1
54.013160,1.372375E-1,-2.509712E-2,1.395134E-1
54.168846,1.397066E-1,-2.485370E-2,1.419001E-1
54.324981,1.422166E-1,-2.459400E-2,1.443275E-1
54.481566,1.489607E-1,-2.484814E-2,1.510189E-1
54.638603,1.560189E-1,-2.507207E-2,1.580206E-1
54.796092,1.634056E-1,-2.526242E-2,1.653468E-1
54.954035,1.711359E-1,-2.541559E-2,1.730129E-1
55.112433,1.745978E-1,-2.899729E-2,1.769894E-1
55.271288,1.780761E-1,-3.272150E-2,1.810574E-1
55.430601,1.815684E-1,-3.659173E-2,1.852189E-1
55.590373,1.850725E-1,-4.061159E-2,1.894759E-1
55.750605,1.881736E-1,-4.672211E-2,1.938872E-1
55.911299,1.911747E-1,-5.305935E-2,1.984013E-1
56.072457,1.940670E-1,-5.962572E-2,2.030203E-1
56.234079,1.968418E-1,-6.642337E-2,2.077469E-1
56.396167,1.989042E-1,-6.983416E-2,2.108072E-1
56.558722,2.009546E-1,-7.332040E-2,2.139127E-1
56.721745,2.029919E-1,-7.688318E-2,2.170639E-1
56.885239,2.050151E-1,-8.052339E-2,2.202617E-1
57.049204,2.068789E-1,-8.488895E-2,2.236180E-1
57.213641,2.087040E-1,-8.934914E-2,2.270256E-1
57.378552,2.104880E-1,-9.390478E-2,2.304849E-1
57.543939,2.122290E-1,-9.855677E-2,2.339970E-1
57.709802,2.143924E-1,-1.021726E-1,2.374939E-1
57.876144,2.165513E-1,-1.058642E-1,2.410429E-1
58.042965,2.187051E-1,-1.096326E-1,2.446451E-1
58.210266,2.208528E-1,-1.134788E-1,2.483010E-1
58.378050,2.227617E-1,-1.183997E-1,2.522722E-1
58.546318,2.246315E-1,-1.234257E-1,2.563069E-1
58.715070,2.264601E-1,-1.285580E-1,2.604061E-1
58.884309,2.282452E-1,-1.337977E-1,2.645708E-1
59.054036,2.330241E-1,-1.394205E-1,2.715480E-1
59.224252,2.378770E-1,-1.452354E-1,2.787091E-1
59.394959,2.428042E-1,-1.512480E-1,2.860591E-1
59.566158,2.478059E-1,-1.574643E-1,2.936031E-1
59.737850,2.491991E-1,-1.645361E-1,2.986173E-1
59.910037,2.504902E-1,-1.717524E-1,3.037173E-1
60.082720,2.516748E-1,-1.791138E-1,3.089044E-1
60.255901,2.527484E-1,-1.866209E-1,3.141801E-1
60.429581,2.569119E-1,-1.945357E-1,3.222543E-1
60.603762,2.610839E-1,-2.027050E-1,3.305361E-1
60.778445,2.652616E-1,-2.111354E-1,3.390308E-1
60.953632,2.694417E-1,-2.198336E-1,3.477436E-1
61.129323,2.710968E-1,-2.307726E-1,3.560189E-1
61.305521,2.725573E-1,-2.420048E-1,3.644912E-1
61.482226,2.738122E-1,-2.535331E-1,3.731650E-1
61.659441,2.748503E-1,-2.653597E-1,3.820451E-1
61.837167,2.745768E-1,-2.798170E-1,3.920331E-1
62.015405,2.738956E-1,-2.946394E-1,4.022825E-1
62.194157,2.727858E-1,-3.098248E-1,4.127996E-1
62.373424,2.712266E-1,-3.253706E-1,4.235917E-1
62.553208,2.680132E-1,-3.438653E-1,4.359753E-1
62.733510,2.640828E-1,-3.627819E-1,4.487209E-1
62.914331,2.594008E-1,-3.821080E-1,4.618390E-1
63.095674,2.539315E-1,-4.018305E-1,4.753409E-1
63.277540,2.447761E-1,-4.203528E-1,4.864276E-1
63.459930,2.347262E-1,-4.389550E-1,4.977729E-1
63.642845,2.237587E-1,-4.576055E-1,5.093827E-1
63.826288,2.118510E-1,-4.762719E-1,5.212636E-1
64.010259,1.950806E-1,-5.013160E-1,5.379351E-1
64.194761,1.765682E-1,-5.263113E-1,5.551395E-1
64.379794,1.562622E-1,-5.511715E-1,5.728943E-1
64.565361,1.341142E-1,-5.758044E-1,5.912168E-1
64.751463,1.055838E-1,-5.889002E-1,5.982904E-1
64.938101,7.606898E-2,-6.006509E-1,6.054486E-1
65.125277,4.562917E-2,-6.109911E-1,6.126925E-1
65.312993,1.432792E-2,-6.198570E-1,6.200226E-1
65.501250,-2.932487E-2,-6.241979E-1,6.248864E-1
65.690049,-7.351841E-2,-6.254825E-1,6.297883E-1
65.879393,-1.180400E-1,-6.236564E-1,6.347289E-1
66.069282,-1.626719E-1,-6.186794E-1,6.397080E-1
66.259718,-1.933371E-1,-6.045920E-1,6.347525E-1
66.450704,-2.229908E-1,-5.890395E-1,6.298352E-1
66.642240,-2.515665E-1,-5.720879E-1,6.249562E-1
66.834328,-2.790008E-1,-5.538057E-1,6.201147E-1
67.026970,-2.994929E-1,-5.212234E-1,6.011404E-1
67.220167,-3.175963E-1,-4.885961E-1,5.827466E-1
67.413921,-3.333853E-1,-4.560527E-1,5.649158E-1
67.608233,-3.469386E-1,-4.237136E-1,5.476309E-1
67.803106,-3.531700E-1,-3.977259E-1,5.318975E-1
67.998540,-3.582076E-1,-3.722629E-1,5.166163E-1
68.194537,-3.621067E-1,-3.473552E-1,5.017738E-1
68.391100,-3.649228E-1,-3.230312E-1,4.873580E-1
68.588228,-3.543718E-1,-3.018542E-1,4.655055E-1
68.785926,-3.439108E-1,-2.818223E-1,4.446329E-1
68.984193,-3.335561E-1,-2.628822E-1,4.246960E-1
69.183031,-3.233231E-1,-2.449829E-1,4.056531E-1
69.382443,-3.162464E-1,-2.312166E-1,3.917562E-1
69.582429,-3.091859E-1,-2.180407E-1,3.783354E-1
69.782992,-3.021505E-1,-2.054347E-1,3.653742E-1
69.984133,-2.951493E-1,-1.933785E-1,3.528574E-1
70.185854,-2.855765E-1,-1.894005E-1,3.426755E-1
70.388156,-2.763017E-1,-1.854852E-1,3.327873E-1
70.591041,-2.673160E-1,-1.816325E-1,3.231845E-1
70.794511,-2.586107E-1,-1.778422E-1,3.138588E-1
70.998567,-2.529432E-1,-1.744869E-1,3.072880E-1
71.203212,-2.473991E-1,-1.711937E-1,3.008548E-1
71.408447,-2.419758E-1,-1.679617E-1,2.945563E-1
71.614273,-2.366705E-1,-1.647896E-1,2.883896E-1
71.820692,-2.343820E-1,-1.653873E-1,2.868586E-1
72.027706,-2.321021E-1,-1.659676E-1,2.853360E-1
72.235317,-2.298306E-1,-1.665306E-1,2.838213E-1
72.443527,-2.275676E-1,-1.670764E-1,2.823146E-1
72.652337,-2.304613E-1,-1.686222E-1,2.855624E-1
72.861748,-2.333908E-1,-1.701810E-1,2.888474E-1
73.071763,-2.363566E-1,-1.717529E-1,2.921703E-1
73.282383,-2.393592E-1,-1.733380E-1,2.955315E-1
73.493611,-2.595676E-1,-1.643561E-1,3.072267E-1
73.705447,-2.799537E-1,-1.537289E-1,3.193848E-1
73.917894,-3.004176E-1,-1.413831E-1,3.320240E-1
74.130953,-3.208508E-1,-1.272492E-1,3.451631E-1
74.344627,-3.116371E-1,-9.539701E-2,3.259114E-1
74.558916,-3.005466E-1,-6.611855E-2,3.077335E-1
74.773823,-2.878852E-1,-3.940489E-2,2.905695E-1
74.989349,-2.739399E-1,-1.522447E-2,2.743626E-1
75.205497,-2.682831E-1,-1.186274E-2,2.685452E-1
75.422268,-2.627092E-1,-8.635228E-3,2.628511E-1
75.639663,-2.572181E-1,-5.538172E-3,2.572777E-1
75.857685,-2.518092E-1,-2.567811E-3,2.518223E-1
76.076336,-2.468907E-1,-1.610918E-3,2.468960E-1
76.295616,-2.420650E-1,-6.904603E-4,2.420660E-1
76.515529,-2.373305E-1,1.946098E-4,2.373306E-1
76.736076,-2.326853E-1,1.045331E-3,2.326876E-1
76.957258,-2.279518E-1,3.332861E-3,2.279762E-1
77.179078,-2.232917E-1,5.526992E-3,2.233601E-1
77.401537,-2.187045E-1,7.630349E-3,2.188376E-1
77.624638,-2.141894E-1,9.645427E-3,2.144065E-1
77.848381,-2.101466E-1,1.040827E-2,2.104042E-1
78.072770,-2.061760E-1,1.113906E-2,2.064767E-1
78.297805,-2.022762E-1,1.183872E-2,2.026223E-1
78.523489,-1.984461E-1,1.250817E-2,1.988399E-1
78.749823,-1.941692E-1,1.331540E-2,1.946252E-1
78.976810,-1.899787E-1,1.408239E-2,1.904999E-1
79.204451,-1.858729E-1,1.481047E-2,1.864620E-1
79.432748,-1.818501E-1,1.550092E-2,1.825096E-1
79.661703,-1.792186E-1,1.597365E-2,1.799291E-1
79.891318,-1.766227E-1,1.642969E-2,1.773852E-1
80.121595,-1.740616E-1,1.686940E-2,1.748771E-1
80.352536,-1.715349E-1,1.729311E-2,1.724044E-1
80.584142,-1.678878E-1,1.595490E-2,1.686442E-1
80.816416,-1.643128E-1,1.466634E-2,1.649661E-1
81.049359,-1.608085E-1,1.342591E-2,1.613680E-1
81.282974,-1.573739E-1,1.223220E-2,1.578486E-1
81.517262,-1.552029E-1,1.060174E-2,1.555646E-1
81.752226,-1.530483E-1,9.014981E-3,1.533136E-1
81.987867,-1.509103E-1,7.471147E-3,1.510951E-1
82.224187,-1.487891E-1,5.969462E-3,1.489088E-1
82.461188,-1.488551E-1,6.531703E-3,1.489983E-1
82.698872,-1.489190E-1,7.094526E-3,1.490879E-1
82.937241,-1.489808E-1,7.657924E-3,1.491775E-1
83.176298,-1.490405E-1,8.221852E-3,1.492671E-1
83.416043,-1.473686E-1,8.828042E-3,1.476328E-1
83.656480,-1.457121E-1,9.419778E-3,1.460163E-1
83.897609,-1.440711E-1,9.997295E-3,1.444175E-1
84.139434,-1.424454E-1,1.056082E-2,1.428364E-1
84.381956,-1.412751E-1,9.500781E-3,1.415942E-1
84.625176,-1.401079E-1,8.457949E-3,1.403630E-1
84.869098,-1.389437E-1,7.432139E-3,1.391423E-1
85.113723,-1.377827E-1,6.423187E-3,1.379323E-1
85.359053,-1.367302E-1,1.017957E-2,1.371086E-1
85.605090,-1.355809E-1,1.388308E-2,1.362898E-1
85.851836,-1.343368E-1,1.753138E-2,1.354759E-1
86.099293,-1.330001E-1,2.112226E-2,1.346669E-1
86.347464,-1.243301E-1,1.573463E-2,1.253218E-1
86.596350,-1.161074E-1,1.097840E-2,1.166253E-1
86.845953,-1.083192E-1,6.796288E-3,1.085322E-1
87.096276,-1.009520E-1,3.135409E-3,1.010007E-1
87.347320,-1.080599E-1,6.091587E-4,1.080616E-1
87.599088,-1.155936E-1,-2.286057E-3,1.156162E-1
87.851582,-1.235727E-1,-5.587482E-3,1.236990E-1
88.104803,-1.320171E-1,-9.335475E-3,1.323468E-1
88.358755,-1.269303E-1,-3.142938E-3,1.269692E-1
88.613438,-1.217829E-1,2.568108E-3,1.218100E-1
88.868855,-1.165989E-1,7.815054E-3,1.168605E-1
89.125009,-1.114001E-1,1.261556E-2,1.121122E-1
89.381901,-1.116558E-1,1.101716E-2,1.121980E-1
89.639533,-1.118886E-1,9.414004E-3,1.122839E-1
89.897908,-1.120984E-1,7.806432E-3,1.123699E-1
90.157028,-1.122852E-1,6.194807E-3,1.124560E-1
90.416894,-1.172930E-1,5.765057E-3,1.174346E-1
90.677510,-1.225196E-1,5.284897E-3,1.226335E-1
90.938877,-1.279746E-1,4.750722E-3,1.280627E-1
91.200997,-1.336676E-1,4.158706E-3,1.337323E-1
91.463873,-1.330408E-1,8.571485E-3,1.333166E-1
91.727506,-1.322702E-1,1.294736E-2,1.329024E-1
91.991899,-1.313575E-1,1.728171E-2,1.324894E-1
92.257055,-1.303045E-1,2.156996E-2,1.320777E-1
92.522974,-1.252778E-1,2.641019E-2,1.280313E-1
92.789661,-1.202046E-1,3.088466E-2,1.241089E-1
93.057115,-1.151020E-1,3.500297E-2,1.203066E-1
93.325341,-1.099860E-1,3.877505E-2,1.166209E-1
93.594340,-1.066155E-1,3.660927E-2,1.127258E-1
93.864114,-1.033406E-1,3.454255E-2,1.089609E-1
94.134666,-1.001587E-1,3.257079E-2,1.053215E-1
94.405998,-9.706782E-2,3.069014E-2,1.018040E-1
94.678111,-9.583481E-2,2.979900E-2,1.003608E-1
94.951009,-9.461515E-2,2.892629E-2,9.893815E-2
95.224694,-9.340866E-2,2.807168E-2,9.753562E-2
95.499168,-9.221528E-2,2.723489E-2,9.615299E-2
95.774432,-9.016378E-2,2.659565E-2,9.400445E-2
96.050490,-8.815788E-2,2.597138E-2,9.190389E-2
96.327344,-8.619662E-2,2.536172E-2,8.985029E-2
96.604996,-8.427896E-2,2.476631E-2,8.784255E-2
96.883448,-8.281486E-2,2.530182E-2,8.659378E-2
97.162702,-8.136602E-2,2.581423E-2,8.536278E-2
97.442762,-7.993241E-2,2.630405E-2,8.414923E-2
97.723629,-7.851405E-2,2.677172E-2,8.295288E-2
98.005305,-7.686965E-2,2.662498E-2,8.135006E-2
98.287794,-7.525779E-2,2.647332E-2,7.977827E-2
98.571096,-7.367776E-2,2.631697E-2,7.823679E-2
98.855215,-7.212897E-2,2.615616E-2,7.672505E-2
99.140153,-6.966524E-2,2.452799E-2,7.385708E-2
99.425913,-6.727900E-2,2.298291E-2,7.109626E-2
99.712496,-6.496815E-2,2.151714E-2,6.843864E-2
99.999905,-6.298934E-2,2.056855E-2,6.626252E-2
