#I+1.668000E+03
+1.000000E+00
+8.010000E+02
+8.010000E+02
+1.000000E+01
+2.000000E+00
+3.000000E+00
+0.000000E+00
+1.000000E+00
+2.000000E+00
+5.000000E+00
+1.000000E+00
+2.497000E+03
-1.092400E+04
+2.025600E+04
-1.299100E+04
-1.119200E+04
+0.000000E+00
+0.000000E+00
+0.000000E+00
+0.000000E+00
+0.000000E+00
+0.000000E+00
+0.000000E+00
+0.000000E+00
+0.000000E+00
+0.000000E+00
+0.000000E+00
+0.000000E+00
+0.000000E+00
+0.000000E+00
+0.000000E+00
+0.000000E+00
+0.000000E+00
+0.000000E+00
+0.000000E+00
+1.000000E+00
+1.000000E+00
+1.000000E+00
+0.000000E+00
+0.000000E+00
+1.000000E+00
+0.000000E+00
+1.000000E+00
+2.000000E+00
+3.000000E+00
+4.500000E+01
+4.500000E+01
+0.000000E+00
+0.000000E+00
+2.000000E+00
+0.000000E+00
+0.000000E+00
+0.000000E+00
+8.000000E+02
+0.000000E+00
+1.250000E-03
+1.995261E+02
+0.000000E+00
+0.000000E+00
+0.000000E+00
+1.000000E+00
+1.000000E+00
+0.000000E+00
+0.000000E+00
+9.9999904632568339E+00
+9.9999904632568339E+00
+1.728969E-03
+5.597155E-06
+1.739609E-03
+1.138448E-04
+1.743541E-03
+2.234464E-04
+1.740639E-03
+3.339908E-04
+1.730798E-03
+4.450561E-04
+1.710240E-03
+4.520564E-04
+1.689845E-03
+4.588485E-04
+1.669612E-03
+4.654361E-04
+1.649541E-03
+4.718217E-04
+1.809374E-03
+4.402928E-04
+1.981349E-03
+3.991806E-04
+2.166080E-03
+3.471495E-04
+2.364169E-03
+2.827246E-04
+2.297927E-03
+7.142184E-04
+2.153020E-03
+1.130939E-03
+1.932635E-03
+1.518562E-03
+1.642567E-03
+1.863434E-03
+1.479277E-03
+1.703522E-03
+1.332049E-03
+1.557183E-03
+1.199317E-03
+1.423279E-03
+1.079669E-03
+1.300765E-03
+1.349790E-03
+1.083592E-03
+1.576254E-03
+8.103464E-04
+1.747427E-03
+4.897999E-04
+1.853433E-03
+1.331362E-04
+1.861396E-03
+1.147954E-04
+1.869202E-03
+9.630834E-05
+1.876848E-03
+7.767607E-05
+1.884331E-03
+5.889968E-05
+1.826476E-03
+2.657653E-04
+1.747310E-03
+4.605941E-04
+1.648748E-03
+6.413566E-04
+1.532873E-03
+8.062894E-04
+1.304374E-03
+4.320074E-04
+1.076946E-03
+1.687477E-04
+8.647699E-04
-7.760655E-06
+6.757950E-04
-1.183543E-04
+8.804101E-04
-1.042400E-04
+1.143396E-03
-7.135612E-05
+1.480346E-03
-1.006948E-05
+1.910692E-03
+9.316702E-05
+1.741778E-03
+5.550535E-04
+1.472398E-03
+9.401730E-04
+1.129075E-03
+1.229733E-03
+7.409173E-04
+1.412885E-03
+1.172110E-03
+1.178765E-03
+1.529393E-03
+8.130852E-04
+1.772634E-03
+3.391605E-04
+1.869056E-03
-2.074587E-04
+2.026998E-03
-2.753738E-05
+2.177682E-03
+1.819863E-04
+2.317488E-03
+4.225134E-04
+2.442389E-03
+6.951696E-04
+2.099024E-03
+1.036744E-03
+1.730836E-03
+1.289342E-03
+1.354943E-03
+1.457129E-03
+9.861777E-04
+1.546730E-03
+8.873482E-04
+1.457454E-03
+7.971564E-04
+1.372524E-03
+7.149145E-04
+1.291801E-03
+6.399843E-04
+1.215145E-03
+7.746109E-04
+9.106941E-04
+8.311254E-04
+6.264673E-04
+8.251240E-04
+3.742661E-04
+7.720980E-04
+1.611517E-04
+8.088368E-04
+2.842212E-04
+8.307950E-04
+4.220874E-04
+8.347084E-04
+5.737803E-04
+8.171987E-04
+7.377855E-04
+1.097072E-03
+5.662019E-04
+1.351447E-03
+3.001117E-04
+1.551144E-03
-6.115391E-05
+1.664333E-03
-5.099740E-04
+1.765331E-03
-4.718910E-04
+1.869840E-03
-4.281098E-04
+1.977818E-03
-3.782180E-04
+2.089203E-03
-3.217840E-04
+1.983380E-03
+1.172642E-05
+1.835870E-03
+3.050300E-04
+1.655701E-03
+5.548991E-04
+1.451713E-03
+7.596809E-04
+1.534326E-03
+8.013445E-04
+1.621639E-03
+8.452904E-04
+1.713920E-03
+8.916437E-04
+1.811452E-03
+9.405370E-04
+1.892122E-03
+1.041555E-03
+1.974863E-03
+1.150495E-03
+2.059594E-03
+1.267868E-03
+2.146211E-03
+1.394214E-03
+1.931217E-03
+8.552273E-04
+1.685511E-03
+4.441764E-04
+1.431519E-03
+1.413894E-04
+1.184941E-03
-7.209620E-05
+1.315924E-03
+4.167176E-05
+1.448924E-03
+1.807140E-04
+1.581565E-03
+3.478737E-04
+1.710931E-03
+5.460464E-04
+1.478957E-03
+1.260044E-04
+1.214930E-03
-1.699064E-04
+9.478551E-04
-3.599040E-04
+6.977631E-04
-4.639927E-04
+1.098887E-03
-2.822801E-04
+1.530759E-03
+1.288019E-04
+1.899728E-03
+8.468431E-04
+2.051481E-03
+1.929309E-03
+2.465413E-03
+1.420129E-03
+2.754055E-03
+8.232995E-04
+2.899143E-03
+1.694108E-04
+2.889826E-03
-5.072152E-04
+2.639568E-03
-2.425365E-04
+2.394624E-03
-2.276765E-05
+2.157790E-03
+1.569585E-04
+1.931228E-03
+3.012318E-04
+2.034294E-03
+2.626854E-04
+2.141352E-03
+2.194020E-04
+2.252467E-03
+1.710389E-04
+2.367700E-03
+1.172350E-04
+2.130791E-03
+3.220051E-04
+1.897839E-03
+4.856013E-04
+1.672222E-03
+6.123184E-04
+1.456600E-03
+7.063489E-04
+1.679890E-03
+7.036979E-04
+1.930570E-03
+6.869520E-04
+2.211150E-03
+6.526835E-04
+2.524239E-03
+5.968850E-04
+2.310129E-03
+8.984735E-04
+2.067638E-03
+1.155611E-03
+1.804157E-03
+1.366929E-03
+1.526869E-03
+1.532107E-03
+2.032922E-03
+1.550083E-03
+2.628401E-03
+1.490241E-03
+3.316163E-03
+1.324978E-03
+4.095140E-03
+1.021513E-03
+4.090161E-03
+4.581278E-04
+4.012543E-03
-8.576778E-05
+3.867234E-03
-6.014389E-04
+3.660147E-03
-1.081082E-03
+3.806558E-03
-7.629286E-04
+3.926004E-03
-4.272864E-04
+4.016542E-03
-7.637359E-05
+4.076407E-03
+2.873858E-04
+4.209899E-03
+2.727549E-04
+4.347621E-03
+2.568676E-04
+4.489706E-03
+2.396583E-04
+4.636281E-03
+2.210586E-04
+3.848776E-03
+4.059766E-04
+3.184381E-03
+5.222053E-04
+2.625759E-03
+5.871487E-04
+2.157637E-03
+6.144653E-04
+2.207017E-03
+4.267707E-04
+2.240076E-03
+2.351328E-04
+2.256502E-03
+4.097009E-05
+2.256104E-03
-1.542744E-04
+2.450488E-03
+3.212923E-04
+2.556187E-03
+8.727434E-04
+2.550498E-03
+1.486371E-03
+2.412060E-03
+2.142589E-03
+2.721613E-03
+1.854683E-03
+2.997472E-03
+1.522811E-03
+3.233483E-03
+1.150817E-03
+3.423915E-03
+7.434004E-04
+3.712796E-03
+8.606514E-04
+4.025222E-03
+9.925759E-04
+4.363031E-03
+1.140819E-03
+4.728203E-03
+1.307195E-03
+3.351373E-03
+5.887650E-04
+2.353051E-03
+1.840961E-04
+1.636898E-03
-2.905463E-05
+1.128279E-03
-1.286971E-04
+1.596615E-03
-1.086649E-04
+2.254634E-03
-5.036638E-05
+3.177218E-03
+7.399182E-05
+4.467999E-03
+3.083484E-04
+4.000020E-03
+3.885510E-04
+3.578237E-03
+4.487646E-04
+3.198393E-03
+4.922057E-04
+2.856589E-03
+5.216534E-04
+2.885071E-03
+8.200441E-04
+2.884715E-03
+1.129651E-03
+2.853600E-03
+1.447926E-03
+2.789996E-03
+1.772055E-03
+2.732790E-03
+1.322613E-03
+2.633171E-03
+9.185408E-04
+2.499639E-03
+5.603408E-04
+2.339998E-03
+2.475776E-04
+2.465045E-03
+1.678359E-04
+2.593120E-03
+7.925097E-05
+2.724028E-03
-1.873185E-05
+2.857536E-03
-1.266870E-04
+2.979849E-03
+6.816118E-05
+3.093388E-03
+2.793009E-04
+3.196667E-03
+5.067651E-04
+3.288140E-03
+7.504855E-04
+3.531257E-03
+8.083422E-04
+3.792349E-03
+8.706519E-04
+4.072743E-03
+9.377574E-04
+4.373866E-03
+1.010026E-03
+4.528464E-03
+6.334089E-04
+4.651626E-03
+2.374276E-04
+4.741156E-03
-1.753890E-04
+4.795051E-03
-6.022773E-04
+4.647105E-03
+4.952937E-05
+4.421401E-03
+6.513478E-04
+4.128107E-03
+1.195427E-03
+3.777913E-03
+1.675705E-03
+3.634862E-03
+1.115576E-03
+3.442666E-03
+6.196644E-04
+3.212633E-03
+1.878089E-04
+2.955076E-03
-1.813807E-04
+3.252311E-03
-3.335196E-04
+3.573400E-03
-5.148001E-04
+3.919492E-03
-7.293107E-04
+4.291673E-03
-9.816147E-04
+4.779867E-03
-6.099747E-04
+5.271875E-03
-1.529114E-04
+5.758894E-03
+3.976094E-04
+6.230480E-03
+1.049397E-03
+5.534503E-03
+1.173626E-03
+4.907169E-03
+1.258539E-03
+4.342732E-03
+1.310866E-03
+3.835795E-03
+1.336409E-03
+3.849705E-03
+1.221394E-03
+3.860327E-03
+1.106691E-03
+3.867687E-03
+9.923901E-04
+3.871817E-03
+8.785789E-04
+4.376818E-03
+1.032400E-03
+4.947311E-03
+1.211486E-03
+5.591736E-03
+1.419820E-03
+6.319615E-03
+1.661992E-03
+6.025163E-03
+2.239647E-03
+5.680916E-03
+2.776567E-03
+5.291873E-03
+3.268784E-03
+4.863315E-03
+3.712897E-03
+5.179833E-03
+3.107540E-03
+5.423755E-03
+2.478810E-03
+5.593884E-03
+1.835136E-03
+5.689966E-03
+1.184921E-03
+5.611758E-03
+1.190663E-03
+5.534542E-03
+1.196039E-03
+5.458307E-03
+1.201059E-03
+5.383045E-03
+1.205732E-03
+5.405140E-03
+1.496648E-03
+5.412863E-03
+1.793171E-03
+5.405703E-03
+2.094660E-03
+5.383178E-03
+2.400442E-03
+6.056272E-03
+2.220720E-03
+6.777846E-03
+1.974438E-03
+7.547406E-03
+1.651873E-03
+8.363685E-03
+1.242448E-03
+7.750253E-03
+4.925545E-04
+7.131045E-03
-1.464796E-04
+6.515092E-03
-6.836090E-04
+5.909977E-03
-1.127725E-03
+5.635354E-03
-3.017239E-04
+5.275787E-03
+4.313042E-04
+4.849014E-03
+1.067192E-03
+4.372046E-03
+1.604305E-03
+4.888664E-03
+9.644787E-04
+5.327658E-03
+2.019275E-04
+5.664104E-03
-6.773436E-04
+5.872653E-03
-1.662820E-03
+6.272218E-03
-1.487020E-03
+6.685809E-03
-1.283326E-03
+7.112927E-03
-1.049561E-03
+7.552956E-03
-7.834524E-04
+6.454171E-03
-1.082336E-03
+5.492906E-03
-1.279994E-03
+4.655405E-03
-1.398020E-03
+3.928659E-03
-1.454246E-03
+4.573465E-03
-1.256522E-03
+5.281466E-03
-9.705020E-04
+6.052124E-03
-5.787116E-04
+6.883121E-03
-6.149530E-05
+6.888834E-03
-4.341301E-05
+6.894502E-03
-2.530109E-05
+6.900125E-03
-7.159640E-06
+6.905708E-03
+1.101124E-05
+7.013372E-03
-3.263800E-05
+7.122437E-03
-7.765052E-05
+7.232917E-03
-1.240564E-04
+7.344821E-03
-1.718865E-04
+7.247127E-03
+2.392975E-05
+7.145631E-03
+2.144479E-04
+7.040533E-03
+3.996415E-04
+6.932021E-03
+5.794902E-04
+6.834622E-03
+7.324488E-04
+6.734873E-03
+8.813058E-04
+6.632899E-03
+1.026056E-03
+6.528818E-03
+1.166698E-03
+6.754835E-03
+6.822125E-04
+6.947785E-03
+1.700918E-04
+7.104832E-03
-3.676599E-04
+7.223233E-03
-9.287758E-04
+7.479438E-03
-5.516697E-04
+7.721831E-03
-1.495875E-04
+7.948628E-03
+2.774053E-04
+8.157993E-03
+7.291433E-04
+8.047609E-03
+4.390317E-04
+7.929167E-03
+1.574911E-04
+7.803096E-03
-1.153459E-04
+7.669815E-03
-3.793637E-04
+8.092208E-03
-1.242757E-04
+8.527951E-03
+1.595693E-04
+8.976733E-03
+4.741833E-04
+9.438148E-03
+8.216741E-04
+8.421587E-03
+2.223544E-04
+7.487080E-03
-2.550062E-04
+6.631955E-03
-6.285213E-04
+5.852866E-03
-9.141251E-04
+6.098262E-03
-6.779860E-04
+6.341384E-03
-4.224004E-04
+6.581261E-03
-1.467965E-04
+6.816863E-03
+1.493731E-04
+7.186028E-03
+8.364614E-05
+7.574386E-03
+1.037973E-05
+7.982889E-03
-7.104028E-05
+8.412534E-03
-1.612716E-04
+8.785235E-03
-2.320934E-04
+9.173969E-03
-3.088833E-04
+9.579400E-03
-3.920276E-04
+1.000222E-02
-4.819352E-04
+9.703280E-03
-1.239085E-04
+9.401495E-03
+2.125803E-04
+9.097701E-03
+5.281133E-04
+8.792670E-03
+8.232823E-04
+8.944372E-03
+4.243329E-04
+9.079440E-03
+1.317409E-05
+9.197103E-03
-4.095768E-04
+9.296590E-03
-8.432585E-04
+9.548074E-03
-1.187856E-03
+9.795306E-03
-1.551480E-03
+1.003752E-02
-1.934562E-03
+1.027388E-02
-2.337517E-03
+1.001370E-02
-1.923773E-03
+9.748461E-03
-1.532133E-03
+9.479074E-03
-1.162039E-03
+9.206371E-03
-8.129185E-04
+9.002352E-03
-1.457327E-03
+8.755555E-03
-2.076950E-03
+8.468436E-03
-2.669128E-03
+8.143591E-03
-3.231417E-03
+8.187963E-03
-2.121216E-03
+8.097636E-03
-1.052366E-03
+7.883212E-03
-3.924770E-05
+7.556585E-03
+9.056347E-04
+7.420341E-03
+3.078995E-04
+7.242457E-03
-2.632911E-04
+7.026068E-03
-8.054982E-04
+6.774423E-03
-1.316588E-03
+7.099620E-03
-6.912242E-04
+7.372987E-03
-1.589425E-05
+7.588132E-03
+7.057736E-04
+7.738818E-03
+1.469417E-03
+8.685520E-03
+1.724433E-03
+9.747325E-03
+2.019987E-03
+1.093814E-02
+2.362189E-03
+1.227353E-02
+2.758041E-03
+1.181245E-02
+1.197733E-03
+1.120413E-02
-2.122532E-04
+1.047479E-02
-1.464745E-03
+9.649863E-03
-2.555985E-03
+1.018400E-02
-1.921050E-03
+1.068932E-02
-1.223455E-03
+1.116009E-02
-4.631485E-04
+1.159041E-02
+3.594964E-04
+1.123836E-02
+4.756702E-04
+1.089562E-02
+5.844982E-04
+1.056197E-02
+6.863031E-04
+1.023724E-02
+7.813954E-04
+1.025026E-02
+2.934958E-04
+1.024007E-02
-1.938736E-04
+1.020677E-02
-6.796127E-04
+1.015048E-02
-1.162627E-03
+1.004106E-02
-8.832739E-04
+9.925896E-03
-6.106010E-04
+9.805245E-03
-3.446658E-04
+9.679342E-03
-8.551775E-05
+1.014543E-02
+7.672525E-04
+1.055811E-02
+1.701677E-03
+1.090762E-02
+2.716898E-03
+1.118382E-02
+3.811146E-03
+1.221250E-02
+3.558766E-03
+1.330668E-02
+3.237639E-03
+1.446799E-02
+2.839409E-03
+1.569775E-02
+2.355010E-03
+1.639535E-02
+1.878167E-03
+1.710288E-02
+1.357453E-03
+1.781915E-02
+7.907957E-04
+1.854281E-02
+1.760875E-04
+1.818156E-02
-4.060638E-04
+1.780929E-02
-9.654277E-04
+1.742693E-02
-1.502111E-03
+1.703538E-02
-2.016248E-03
+1.636269E-02
-1.831731E-03
+1.571593E-02
-1.658719E-03
+1.509413E-02
-1.496590E-03
+1.449633E-02
-1.344757E-03
+1.479300E-02
-1.895325E-03
+1.507703E-02
-2.469600E-03
+1.534727E-02
-3.067694E-03
+1.560254E-02
-3.689679E-03
+1.538850E-02
-2.928558E-03
+1.514676E-02
-2.194871E-03
+1.487916E-02
-1.489156E-03
+1.458752E-02
-8.118617E-04
+1.486134E-02
-1.542729E-03
+1.510529E-02
-2.302695E-03
+1.531732E-02
-3.090925E-03
+1.549537E-02
-3.906471E-03
+1.585711E-02
-3.209194E-03
+1.618958E-02
-2.486743E-03
+1.649124E-02
-1.740232E-03
+1.676059E-02
-9.708653E-04
+1.661696E-02
-1.325344E-03
+1.646673E-02
-1.674130E-03
+1.631007E-02
-2.017122E-03
+1.614714E-02
-2.354221E-03
+1.702746E-02
-1.998926E-03
+1.794161E-02
-1.599961E-03
+1.888996E-02
-1.154140E-03
+1.987289E-02
-6.581050E-04
+1.991599E-02
-1.106179E-03
+1.994916E-02
-1.556525E-03
+1.997232E-02
-2.008928E-03
+1.998539E-02
-2.463168E-03
+2.055014E-02
-2.176358E-03
+2.112458E-02
-1.872144E-03
+2.170867E-02
-1.549901E-03
+2.230233E-02
-1.208988E-03
+2.162461E-02
-1.457641E-03
+2.096384E-02
-1.690261E-03
+2.031971E-02
-1.907544E-03
+1.969196E-02
-2.110156E-03
+1.985526E-02
-2.293795E-03
+2.001854E-02
-2.480483E-03
+2.018175E-02
-2.670249E-03
+2.034486E-02
-2.863116E-03
+2.078238E-02
-3.580646E-03
+2.120855E-02
-4.330630E-03
+2.162208E-02
-5.113554E-03
+2.202158E-02
-5.929870E-03
+2.249840E-02
-5.300716E-03
+2.296125E-02
-4.648081E-03
+2.340918E-02
-3.972107E-03
+2.384126E-02
-3.272964E-03
+2.405820E-02
-3.901959E-03
+2.426232E-02
-4.544157E-03
+2.445317E-02
-5.199411E-03
+2.463023E-02
-5.867553E-03
+2.396987E-02
-5.225278E-03
+2.331818E-02
-4.615375E-03
+2.267550E-02
-4.036673E-03
+2.204211E-02
-3.488031E-03
+2.270690E-02
-3.547294E-03
+2.339165E-02
-3.606972E-03
+2.409695E-02
-3.667039E-03
+2.482340E-02
-3.727462E-03
+2.476856E-02
-3.919004E-03
+2.471229E-02
-4.109918E-03
+2.465456E-02
-4.300195E-03
+2.459540E-02
-4.489820E-03
+2.528476E-02
-4.022586E-03
+2.597959E-02
-3.528160E-03
+2.667940E-02
-3.005768E-03
+2.738364E-02
-2.454630E-03
+2.734195E-02
-3.954959E-03
+2.721838E-02
-5.458060E-03
+2.701249E-02
-6.959480E-03
+2.672408E-02
-8.454727E-03
+2.664558E-02
-7.298072E-03
+2.652375E-02
-6.161922E-03
+2.636001E-02
-5.047639E-03
+2.615584E-02
-3.956507E-03
+2.619024E-02
-4.248845E-03
+2.622161E-02
-4.542413E-03
+2.624993E-02
-4.837180E-03
+2.627516E-02
-5.133118E-03
+2.714558E-02
-5.066981E-03
+2.804279E-02
-4.991229E-03
+2.896754E-02
-4.905329E-03
+2.992063E-02
-4.808721E-03
+2.760745E-02
-7.081614E-03
+2.524523E-02
-9.010950E-03
+2.286668E-02
-1.061431E-02
+2.050094E-02
-1.191096E-02
+1.990545E-02
-1.008827E-02
+1.924773E-02
-8.407606E-03
+1.853919E-02
-6.863774E-03
+1.779026E-02
-5.451252E-03
+1.908364E-02
-4.946307E-03
+2.042932E-02
-4.351917E-03
+2.182621E-02
-3.660426E-03
+2.327281E-02
-2.863782E-03
+2.323865E-02
-2.956099E-03
+2.320414E-02
-3.048188E-03
+2.316929E-02
-3.140045E-03
+2.313409E-02
-3.231670E-03
+2.352165E-02
-3.400978E-03
+2.391515E-02
-3.575132E-03
+2.431464E-02
-3.754242E-03
+2.472023E-02
-3.938424E-03
+2.557519E-02
-3.234514E-03
+2.643188E-02
-2.481638E-03
+2.728872E-02
-1.678305E-03
+2.814405E-02
-8.230308E-04
+2.832783E-02
-1.209332E-03
+2.850765E-02
-1.600793E-03
+2.868343E-02
-1.997398E-03
+2.885506E-02
-2.399127E-03
+2.912595E-02
-2.153892E-03
+2.939692E-02
-1.904045E-03
+2.966792E-02
-1.649547E-03
+2.993892E-02
-1.390357E-03
+3.080792E-02
-2.303886E-03
+3.167672E-02
-3.270454E-03
+3.254380E-02
-4.291669E-03
+3.340749E-02
-5.369139E-03
+3.041130E-02
-3.533468E-03
+2.763033E-02
-1.992477E-03
+2.505554E-02
-7.093622E-04
+2.267731E-02
+3.487878E-04
+2.309643E-02
+1.535165E-03
+2.346192E-02
+2.766220E-03
+2.377042E-02
+4.040026E-03
+2.401861E-02
+5.354443E-03
+2.498237E-02
+7.253849E-03
+2.587226E-02
+9.322150E-03
+2.667290E-02
+1.156371E-02
+2.736784E-02
+1.398210E-02
+2.976074E-02
+1.602579E-02
+3.234331E-02
+1.832995E-02
+3.512826E-02
+2.092504E-02
+3.812882E-02
+2.384483E-02
+4.160907E-02
+2.575755E-02
+4.540571E-02
+2.782161E-02
+4.954735E-02
+3.004877E-02
+5.406523E-02
+3.245173E-02
+5.719665E-02
+3.269102E-02
+6.047285E-02
+3.287113E-02
+6.389897E-02
+3.298622E-02
+6.748022E-02
+3.303004E-02
+7.068704E-02
+3.153273E-02
+7.393380E-02
+2.987355E-02
+7.721575E-02
+2.804625E-02
+8.052780E-02
+2.604454E-02
+8.343838E-02
+2.480778E-02
+8.640085E-02
+2.346487E-02
+8.941399E-02
+2.201149E-02
+9.247662E-02
+2.044332E-02
+9.538056E-02
+1.892540E-02
+9.832762E-02
+1.730263E-02
+1.013166E-01
+1.557126E-02
+1.043461E-01
+1.372749E-02
+1.054838E-01
+1.075615E-02
+1.065422E-01
+7.730451E-03
+1.075190E-01
+4.652350E-03
+1.084122E-01
+1.523875E-03
+1.090174E-01
-5.604423E-04
+1.095855E-01
-2.667510E-03
+1.101161E-01
-4.796735E-03
+1.106083E-01
-6.947511E-03
+1.117267E-01
-8.002033E-03
+1.128476E-01
-9.077715E-03
+1.139710E-01
-1.017481E-02
+1.150965E-01
-1.129355E-02
+1.164288E-01
-1.276432E-02
+1.177611E-01
-1.426914E-02
+1.190929E-01
-1.580845E-02
+1.204239E-01
-1.738269E-02
+1.216360E-01
-1.883337E-02
+1.228469E-01
-2.031341E-02
+1.240566E-01
-2.182312E-02
+1.252646E-01
-2.336286E-02
+1.266145E-01
-2.516903E-02
+1.279603E-01
-2.701489E-02
+1.293015E-01
-2.890090E-02
+1.306374E-01
-3.082753E-02
+1.315003E-01
-3.195832E-02
+1.323628E-01
-3.310416E-02
+1.332245E-01
-3.426521E-02
+1.340856E-01
-3.544156E-02
+1.346839E-01
-3.762222E-02
+1.352564E-01
-3.982919E-02
+1.358025E-01
-4.206228E-02
+1.363213E-01
-4.432132E-02
+1.376716E-01
-4.548370E-02
+1.390317E-01
-4.666590E-02
+1.404017E-01
-4.786817E-02
+1.417817E-01
-4.909077E-02
+1.438087E-01
-5.122242E-02
+1.458518E-01
-5.340943E-02
+1.479110E-01
-5.565294E-02
+1.499856E-01
-5.795404E-02
+1.521680E-01
-5.959433E-02
+1.543784E-01
-6.127150E-02
+1.566172E-01
-6.298627E-02
+1.588846E-01
-6.473945E-02
+1.602464E-01
-6.754155E-02
+1.615926E-01
-7.039802E-02
+1.629224E-01
-7.330944E-02
+1.642349E-01
-7.627638E-02
+1.656040E-01
-7.881992E-02
+1.669662E-01
-8.140902E-02
+1.683212E-01
-8.404420E-02
+1.696682E-01
-8.672588E-02
+1.716901E-01
-8.962269E-02
+1.737200E-01
-9.258448E-02
+1.757573E-01
-9.561245E-02
+1.778016E-01
-9.870775E-02
+1.805261E-01
-1.018327E-01
+1.832812E-01
-1.050364E-01
+1.860668E-01
-1.083206E-01
+1.888830E-01
-1.116871E-01
+1.913430E-01
-1.151503E-01
+1.938194E-01
-1.186941E-01
+1.963114E-01
-1.223200E-01
+1.988190E-01
-1.260297E-01
+2.015978E-01
-1.296781E-01
+2.044028E-01
-1.334120E-01
+2.072336E-01
-1.372330E-01
+2.100903E-01
-1.411430E-01
+2.134721E-01
-1.473062E-01
+2.168586E-01
-1.536647E-01
+2.202476E-01
-1.602233E-01
+2.236365E-01
-1.669870E-01
+2.264402E-01
-1.746033E-01
+2.291914E-01
-1.824496E-01
+2.318853E-01
-1.905309E-01
+2.345169E-01
-1.988519E-01
+2.365501E-01
-2.072054E-01
+2.384918E-01
-2.157813E-01
+2.403364E-01
-2.245831E-01
+2.420781E-01
-2.336142E-01
+2.429003E-01
-2.468778E-01
+2.433928E-01
-2.605498E-01
+2.435350E-01
-2.746333E-01
+2.433056E-01
-2.891311E-01
+2.435735E-01
-3.036144E-01
+2.434998E-01
-3.185356E-01
+2.430637E-01
-3.338994E-01
+2.422437E-01
-3.497099E-01
+2.344960E-01
-3.683882E-01
+2.258023E-01
-3.872373E-01
+2.161316E-01
-4.062236E-01
+2.054534E-01
-4.253110E-01
+1.936025E-01
-4.469472E-01
+1.804723E-01
-4.687355E-01
+1.660174E-01
-4.906266E-01
+1.501929E-01
-5.125672E-01
+1.281039E-01
-5.306121E-01
+1.046680E-01
-5.479456E-01
+7.989226E-02
-5.644871E-01
+5.378773E-02
-5.801534E-01
+1.560529E-02
-5.903260E-01
-2.369013E-02
-5.980605E-01
-6.394814E-02
-6.032552E-01
-1.050097E-01
-6.058167E-01
-1.377971E-01
-5.980867E-01
-1.700543E-01
-5.885893E-01
-2.016862E-01
-5.773586E-01
-2.326003E-01
-5.644349E-01
-2.593041E-01
-5.349454E-01
-2.835248E-01
-5.047099E-01
-3.052883E-01
-4.738953E-01
-3.246291E-01
-4.426630E-01
-3.360867E-01
-4.184282E-01
-3.462371E-01
-3.942651E-01
-3.551139E-01
-3.702282E-01
-3.627519E-01
-3.463690E-01
-3.555407E-01
-3.223235E-01
-3.480483E-01
-2.995024E-01
-3.403171E-01
-2.778596E-01
-3.323868E-01
-2.573499E-01
-3.254284E-01
-2.409486E-01
-3.183874E-01
-2.252979E-01
-3.112827E-01
-2.103717E-01
-3.041314E-01
-1.961445E-01
-2.932571E-01
-1.899404E-01
-2.827697E-01
-1.839301E-01
-2.726561E-01
-1.781078E-01
-2.629024E-01
-1.724674E-01
-2.568842E-01
-1.670931E-01
-2.509981E-01
-1.618778E-01
-2.452417E-01
-1.568173E-01
-2.396121E-01
-1.519071E-01
-2.364086E-01
-1.532724E-01
-2.332135E-01
-1.545956E-01
-2.300272E-01
-1.558775E-01
-2.268501E-01
-1.571184E-01
-2.264879E-01
-1.567645E-01
-2.261262E-01
-1.564116E-01
-2.257651E-01
-1.560594E-01
-2.254045E-01
-1.557077E-01
-2.398091E-01
-1.524306E-01
-2.546088E-01
-1.484617E-01
-2.697905E-01
-1.437601E-01
-2.853387E-01
-1.382842E-01
-2.852556E-01
-1.062719E-01
-2.822712E-01
-7.568423E-02
-2.766437E-01
-4.672135E-02
-2.686372E-01
-1.955101E-02
-2.631730E-01
-1.575205E-02
-2.577772E-01
-1.210268E-02
-2.524498E-01
-8.598829E-03
-2.471915E-01
-5.236574E-03
-2.427370E-01
-3.704597E-03
-2.383545E-01
-2.226308E-03
-2.340429E-01
-8.003170E-04
-2.298011E-01
+5.747156E-04
-2.244733E-01
+2.702614E-03
-2.192490E-01
+4.731583E-03
-2.141269E-01
+6.664884E-03
-2.091055E-01
+8.505723E-03
-2.050976E-01
+9.229546E-03
-2.011629E-01
+9.922652E-03
-1.973000E-01
+1.058593E-02
-1.935075E-01
+1.122023E-02
-1.897083E-01
+1.134826E-02
-1.859829E-01
+1.146696E-02
-1.823302E-01
+1.157667E-02
-1.787486E-01
+1.167771E-02
-1.750968E-01
+1.249644E-02
-1.715134E-01
+1.327724E-02
-1.679972E-01
+1.402129E-02
-1.645471E-01
+1.472975E-02
-1.612664E-01
+1.455254E-02
-1.580509E-01
+1.437655E-02
-1.548995E-01
+1.420179E-02
-1.518109E-01
+1.402824E-02
-1.491533E-01
+1.255939E-02
-1.465324E-01
+1.113857E-02
-1.439480E-01
+9.764606E-03
-1.413998E-01
+8.436365E-03
-1.403492E-01
+4.878786E-03
-1.392202E-01
+1.378746E-03
-1.380151E-01
-2.062339E-03
-1.367359E-01
-5.443119E-03
-1.387003E-01
-5.108493E-03
-1.406916E-01
-4.763178E-03
-1.427102E-01
-4.406939E-03
-1.447565E-01
-4.039536E-03
-1.442991E-01
-1.412477E-03
-1.437959E-01
+1.196705E-03
-1.432476E-01
+3.787248E-03
-1.426544E-01
+6.358436E-03
-1.398619E-01
+7.958101E-03
-1.371032E-01
+9.493629E-03
-1.343785E-01
+1.096665E-02
-1.316879E-01
+1.237872E-02
-1.326003E-01
+1.220664E-02
-1.335185E-01
+1.203163E-02
-1.344426E-01
+1.185366E-02
-1.353725E-01
+1.167274E-02
-1.333817E-01
+1.267516E-02
-1.314099E-01
+1.364646E-02
-1.294573E-01
+1.458721E-02
-1.275239E-01
+1.549801E-02
-1.249754E-01
+1.580166E-02
-1.224749E-01
+1.608735E-02
-1.200216E-01
+1.635564E-02
-1.176146E-01
+1.660709E-02
-1.164518E-01
+1.762085E-02
-1.152890E-01
+1.861457E-02
-1.141263E-01
+1.958844E-02
-1.129640E-01
+2.054260E-02
-1.109897E-01
+2.098876E-02
-1.090444E-01
+2.141406E-02
-1.071276E-01
+2.181904E-02
-1.052392E-01
+2.220422E-02
-1.021754E-01
+2.175410E-02
-9.920035E-02
+2.131146E-02
-9.631164E-02
+2.087621E-02
-9.350674E-02
+2.044830E-02
-9.286915E-02
+2.132468E-02
-9.222542E-02
+2.219046E-02
-9.157561E-02
+2.304561E-02
-9.091990E-02
+2.389015E-02
-8.710666E-02
+2.288821E-02
-8.345334E-02
+2.192827E-02
-7.995327E-02
+2.100861E-02
-7.659988E-02
+2.012749E-02
-7.514070E-02
+1.646149E-02
-7.357775E-02
+1.296242E-02
-7.192080E-02
+9.629508E-03
-7.017921E-02
+6.461606E-03
-7.137837E-02
+3.257866E-03
-7.244278E-02
-4.295626E-05
-7.336627E-02
-3.435791E-03
-7.414259E-02
-6.915201E-03
-7.794444E-02
-7.146665E-03
-8.194102E-02
-7.383705E-03
-8.614229E-02
-7.626283E-03
-9.055872E-02
-7.874331E-03
-9.250359E-02
-7.804447E-03
-9.448953E-02
-7.727985E-03
-9.651752E-02
-7.644695E-03
-9.858839E-02
-7.554344E-03
-9.972902E-02
-5.321315E-03
-1.008285E-01
-3.039764E-03
-1.018854E-01
-7.101801E-04
-1.092618E-01
+5.302721E-03
