Hz,real,imaginary,unitless (peak only)
9.999990,1.728969E-3,5.597155E-6,1.728978E-3
10.028814,1.739609E-3,1.138448E-4,1.743330E-3
10.057721,1.743541E-3,2.234464E-4,1.757801E-3
10.086711,1.740639E-3,3.339908E-4,1.772392E-3
10.115785,1.730798E-3,4.450561E-4,1.787103E-3
10.144942,1.710240E-3,4.520564E-4,1.768976E-3
10.174184,1.689845E-3,4.588485E-4,1.751033E-3
10.203510,1.669612E-3,4.654361E-4,1.733273E-3
10.232920,1.649541E-3,4.718217E-4,1.715693E-3
10.262415,1.809374E-3,4.402928E-4,1.862174E-3
10.291995,1.981349E-3,3.991806E-4,2.021160E-3
10.321661,2.166080E-3,3.471495E-4,2.193722E-3
10.351412,2.364169E-3,2.827246E-4,2.381014E-3
10.381248,2.297927E-3,7.142184E-4,2.406362E-3
10.411171,2.153020E-3,1.130939E-3,2.431978E-3
10.441180,1.932635E-3,1.518562E-3,2.457867E-3
10.471275,1.642567E-3,1.863434E-3,2.484032E-3
10.501458,1.479277E-3,1.703522E-3,2.256158E-3
10.531727,1.332049E-3,1.557183E-3,2.049188E-3
10.562083,1.199317E-3,1.423279E-3,1.861205E-3
10.592527,1.079669E-3,1.300765E-3,1.690466E-3
10.623059,1.349790E-3,1.083592E-3,1.730926E-3
10.653678,1.576254E-3,8.103464E-4,1.772354E-3
10.684386,1.747427E-3,4.897999E-4,1.814774E-3
10.715183,1.853433E-3,1.331362E-4,1.858209E-3
10.746068,1.861396E-3,1.147954E-4,1.864932E-3
10.777042,1.869202E-3,9.630834E-5,1.871681E-3
10.808106,1.876848E-3,7.767607E-5,1.878455E-3
10.839259,1.884331E-3,5.889968E-5,1.885251E-3
10.870502,1.826476E-3,2.657653E-4,1.845710E-3
10.901835,1.747310E-3,4.605941E-4,1.806997E-3
10.933258,1.648748E-3,6.413566E-4,1.769098E-3
10.964772,1.532873E-3,8.062894E-4,1.731994E-3
10.996376,1.304374E-3,4.320074E-4,1.374053E-3
11.028072,1.076946E-3,1.687477E-4,1.090086E-3
11.059859,8.647699E-4,-7.760655E-6,8.648047E-4
11.091738,6.757950E-4,-1.183543E-4,6.860806E-4
11.123708,8.804101E-4,-1.042400E-4,8.865596E-4
11.155771,1.143396E-3,-7.135612E-5,1.145620E-3
11.187926,1.480346E-3,-1.006948E-5,1.480380E-3
11.220174,1.910692E-3,9.316702E-5,1.912962E-3
11.252515,1.741778E-3,5.550535E-4,1.828080E-3
11.284949,1.472398E-3,9.401730E-4,1.746963E-3
11.317476,1.129075E-3,1.229733E-3,1.669447E-3
11.350097,7.409173E-4,1.412885E-3,1.595369E-3
11.382813,1.172110E-3,1.178765E-3,1.662326E-3
11.415622,1.529393E-3,8.130852E-4,1.732094E-3
11.448526,1.772634E-3,3.391605E-4,1.804788E-3
11.481525,1.869056E-3,-2.074587E-4,1.880534E-3
11.514619,2.026998E-3,-2.753738E-5,2.027185E-3
11.547809,2.177682E-3,1.819863E-4,2.185273E-3
11.581094,2.317488E-3,4.225134E-4,2.355688E-3
11.614475,2.442389E-3,6.951696E-4,2.539395E-3
11.647952,2.099024E-3,1.036744E-3,2.341098E-3
11.681526,1.730836E-3,1.289342E-3,2.158285E-3
11.715197,1.354943E-3,1.457129E-3,1.989748E-3
11.748964,9.861777E-4,1.546730E-3,1.834372E-3
11.782829,8.873482E-4,1.457454E-3,1.706329E-3
11.816792,7.971564E-4,1.372524E-3,1.587224E-3
11.850852,7.149145E-4,1.291801E-3,1.476432E-3
11.885011,6.399843E-4,1.215145E-3,1.373374E-3
11.919268,7.746109E-4,9.106941E-4,1.195569E-3
11.953624,8.311254E-4,6.264673E-4,1.040784E-3
11.988079,8.251240E-4,3.742661E-4,9.060379E-4
12.022633,7.720980E-4,1.611517E-4,7.887365E-4
12.057287,8.088368E-4,2.842212E-4,8.573206E-4
12.092040,8.307950E-4,4.220874E-4,9.318681E-4
12.126894,8.347084E-4,5.737803E-4,1.012898E-3
12.161848,8.171987E-4,7.377855E-4,1.100973E-3
12.196903,1.097072E-3,5.662019E-4,1.234565E-3
12.232060,1.351447E-3,3.001117E-4,1.384368E-3
12.267317,1.551144E-3,-6.115391E-5,1.552349E-3
12.302676,1.664333E-3,-5.099740E-4,1.740712E-3
12.338137,1.765331E-3,-4.718910E-4,1.827314E-3
12.373700,1.869840E-3,-4.281098E-4,1.918223E-3
12.409366,1.977818E-3,-3.782180E-4,2.013657E-3
12.445134,2.089203E-3,-3.217840E-4,2.113839E-3
12.481006,1.983380E-3,1.172642E-5,1.983415E-3
12.516981,1.835870E-3,3.050300E-4,1.861038E-3
12.553059,1.655701E-3,5.548991E-4,1.746213E-3
12.589242,1.451713E-3,7.596809E-4,1.638471E-3
12.625529,1.534326E-3,8.013445E-4,1.730985E-3
12.661921,1.621639E-3,8.452904E-4,1.828723E-3
12.698417,1.713920E-3,8.916437E-4,1.931981E-3
12.735019,1.811452E-3,9.405370E-4,2.041070E-3
12.771726,1.892122E-3,1.041555E-3,2.159852E-3
12.808539,1.974863E-3,1.150495E-3,2.285546E-3
12.845458,2.059594E-3,1.267868E-3,2.418557E-3
12.882483,2.146211E-3,1.394214E-3,2.559307E-3
12.919615,1.931217E-3,8.552273E-4,2.112111E-3
12.956855,1.685511E-3,4.441764E-4,1.743055E-3
12.994201,1.431519E-3,1.413894E-4,1.438484E-3
13.031655,1.184941E-3,-7.209620E-5,1.187132E-3
13.069218,1.315924E-3,4.167176E-5,1.316584E-3
13.106888,1.448924E-3,1.807140E-4,1.460150E-3
13.144667,1.581565E-3,3.478737E-4,1.619371E-3
13.182555,1.710931E-3,5.460464E-4,1.795954E-3
13.220552,1.478957E-3,1.260044E-4,1.484315E-3
13.258659,1.214930E-3,-1.699064E-4,1.226753E-3
13.296875,9.478551E-4,-3.599040E-4,1.013884E-3
13.335202,6.977631E-4,-4.639927E-4,8.379514E-4
13.373639,1.098887E-3,-2.822801E-4,1.134564E-3
13.412187,1.530759E-3,1.288019E-4,1.536168E-3
13.450846,1.899728E-3,8.468431E-4,2.079930E-3
13.489616,2.051481E-3,1.929309E-3,2.816169E-3
13.528498,2.465413E-3,1.420129E-3,2.845176E-3
13.567492,2.754055E-3,8.232995E-4,2.874481E-3
13.606599,2.899143E-3,1.694108E-4,2.904089E-3
13.645818,2.889826E-3,-5.072152E-4,2.934001E-3
13.685151,2.639568E-3,-2.425365E-4,2.650687E-3
13.724597,2.394624E-3,-2.276765E-5,2.394732E-3
13.764156,2.157790E-3,1.569585E-4,2.163491E-3
13.803829,1.931228E-3,3.012318E-4,1.954580E-3
13.843617,2.034294E-3,2.626854E-4,2.051184E-3
13.883520,2.141352E-3,2.194020E-4,2.152563E-3
13.923537,2.252467E-3,1.710389E-4,2.258952E-3
13.963670,2.367700E-3,1.172350E-4,2.370601E-3
14.003919,2.130791E-3,3.220051E-4,2.154984E-3
14.044283,1.897839E-3,4.856013E-4,1.958980E-3
14.084764,1.672222E-3,6.123184E-4,1.780803E-3
14.125362,1.456600E-3,7.063489E-4,1.618831E-3
14.166077,1.679890E-3,7.036979E-4,1.821324E-3
14.206909,1.930570E-3,6.869520E-4,2.049147E-3
14.247858,2.211150E-3,6.526835E-4,2.305467E-3
14.288926,2.524239E-3,5.968850E-4,2.593849E-3
14.330112,2.310129E-3,8.984735E-4,2.478699E-3
14.371417,2.067638E-3,1.155611E-3,2.368663E-3
14.412841,1.804157E-3,1.366929E-3,2.263510E-3
14.454384,1.526869E-3,1.532107E-3,2.163026E-3
14.496047,2.032922E-3,1.550083E-3,2.556468E-3
14.537830,2.628401E-3,1.490241E-3,3.021475E-3
14.579734,3.316163E-3,1.324978E-3,3.571065E-3
14.621758,4.095140E-3,1.021513E-3,4.220623E-3
14.663903,4.090161E-3,4.581278E-4,4.115738E-3
14.706170,4.012543E-3,-8.576778E-5,4.013460E-3
14.748559,3.867234E-3,-6.014389E-4,3.913723E-3
14.791070,3.660147E-3,-1.081082E-3,3.816466E-3
14.833703,3.806558E-3,-7.629286E-4,3.882260E-3
14.876460,3.926004E-3,-4.272864E-4,3.949187E-3
14.919339,4.016542E-3,-7.637359E-5,4.017268E-3
14.962342,4.076407E-3,2.873858E-4,4.086525E-3
15.005469,4.209899E-3,2.727549E-4,4.218725E-3
15.048721,4.347621E-3,2.568676E-4,4.355203E-3
15.092097,4.489706E-3,2.396583E-4,4.496098E-3
15.135598,4.636281E-3,2.210586E-4,4.641548E-3
15.179225,3.848776E-3,4.059766E-4,3.870128E-3
15.222977,3.184381E-3,5.222053E-4,3.226915E-3
15.266855,2.625759E-3,5.871487E-4,2.690605E-3
15.310860,2.157637E-3,6.144653E-4,2.243427E-3
15.354992,2.207017E-3,4.267707E-4,2.247901E-3
15.399251,2.240076E-3,2.351328E-4,2.252383E-3
15.443637,2.256502E-3,4.097009E-5,2.256874E-3
15.488151,2.256104E-3,-1.542744E-4,2.261373E-3
15.532794,2.450488E-3,3.212923E-4,2.471461E-3
15.577565,2.556187E-3,8.727434E-4,2.701069E-3
15.622466,2.550498E-3,1.486371E-3,2.952006E-3
15.667496,2.412060E-3,2.142589E-3,3.226255E-3
15.712655,2.721613E-3,1.854683E-3,3.293482E-3
15.757945,2.997472E-3,1.522811E-3,3.362111E-3
15.803366,3.233483E-3,1.150817E-3,3.432170E-3
15.848917,3.423915E-3,7.434004E-4,3.503689E-3
15.894599,3.712796E-3,8.606514E-4,3.811243E-3
15.940414,4.025222E-3,9.925759E-4,4.145795E-3
15.986360,4.363031E-3,1.140819E-3,4.509713E-3
16.032439,4.728203E-3,1.307195E-3,4.905575E-3
16.078650,3.351373E-3,5.887650E-4,3.402697E-3
16.124995,2.353051E-3,1.840961E-4,2.360242E-3
16.171473,1.636898E-3,-2.905463E-5,1.637156E-3
16.218086,1.128279E-3,-1.286971E-4,1.135595E-3
16.264832,1.596615E-3,-1.086649E-4,1.600309E-3
16.311714,2.254634E-3,-5.036638E-5,2.255196E-3
16.358730,3.177218E-3,7.399182E-5,3.178079E-3
16.405882,4.467999E-3,3.083484E-4,4.478626E-3
16.453170,4.000020E-3,3.885510E-4,4.018847E-3
16.500594,3.578237E-3,4.487646E-4,3.606268E-3
16.548155,3.198393E-3,4.922057E-4,3.236045E-3
16.595853,2.856589E-3,5.216534E-4,2.903829E-3
16.643689,2.885071E-3,8.200441E-4,2.999351E-3
16.691662,2.884715E-3,1.129651E-3,3.098014E-3
16.739774,2.853600E-3,1.447926E-3,3.199925E-3
16.788024,2.789996E-3,1.772055E-3,3.305186E-3
16.836414,2.732790E-3,1.322613E-3,3.036025E-3
16.884942,2.633171E-3,9.185408E-4,2.788782E-3
16.933611,2.499639E-3,5.603408E-4,2.561675E-3
16.982420,2.339998E-3,2.475776E-4,2.353059E-3
17.031370,2.465045E-3,1.678359E-4,2.470752E-3
17.080461,2.593120E-3,7.925097E-5,2.594331E-3
17.129693,2.724028E-3,-1.873185E-5,2.724092E-3
17.179067,2.857536E-3,-1.266870E-4,2.860343E-3
17.228584,2.979849E-3,6.816118E-5,2.980628E-3
17.278243,3.093388E-3,2.793009E-4,3.105971E-3
17.328046,3.196667E-3,5.067651E-4,3.236586E-3
17.377992,3.288140E-3,7.504855E-4,3.372698E-3
17.428082,3.531257E-3,8.083422E-4,3.622595E-3
17.478316,3.792349E-3,8.706519E-4,3.891008E-3
17.528695,4.072743E-3,9.377574E-4,4.179309E-3
17.579219,4.373866E-3,1.010026E-3,4.488971E-3
17.629889,4.528464E-3,6.334089E-4,4.572548E-3
17.680705,4.651626E-3,2.374276E-4,4.657681E-3
17.731668,4.741156E-3,-1.753890E-4,4.744399E-3
17.782777,4.795051E-3,-6.022773E-4,4.832727E-3
17.834034,4.647105E-3,4.952937E-5,4.647369E-3
17.885438,4.421401E-3,6.513478E-4,4.469121E-3
17.936991,4.128107E-3,1.195427E-3,4.297710E-3
17.988692,3.777913E-3,1.675705E-3,4.132870E-3
18.040542,3.634862E-3,1.115576E-3,3.802201E-3
18.092542,3.442666E-3,6.196644E-4,3.497990E-3
18.144691,3.212633E-3,1.878089E-4,3.218118E-3
18.196991,2.955076E-3,-1.813807E-4,2.960637E-3
18.249442,3.252311E-3,-3.335196E-4,3.269367E-3
18.302044,3.573400E-3,-5.148001E-4,3.610292E-3
18.354797,3.919492E-3,-7.293107E-4,3.986767E-3
18.407702,4.291673E-3,-9.816147E-4,4.402502E-3
18.460760,4.779867E-3,-6.099747E-4,4.818630E-3
18.513971,5.271875E-3,-1.529114E-4,5.274092E-3
18.567336,5.758894E-3,3.976094E-4,5.772604E-3
18.620854,6.230480E-3,1.049397E-3,6.318237E-3
18.674526,5.534503E-3,1.173626E-3,5.657572E-3
18.728353,4.907169E-3,1.258539E-3,5.065987E-3
18.782335,4.342732E-3,1.310866E-3,4.536264E-3
18.836473,3.835795E-3,1.336409E-3,4.061935E-3
18.890767,3.849705E-3,1.221394E-3,4.038816E-3
18.945217,3.860327E-3,1.106691E-3,4.015830E-3
18.999824,3.867687E-3,9.923901E-4,3.992974E-3
19.054589,3.871817E-3,8.785789E-4,3.970248E-3
19.109512,4.376818E-3,1.032400E-3,4.496931E-3
19.164592,4.947311E-3,1.211486E-3,5.093485E-3
19.219832,5.591736E-3,1.419820E-3,5.769177E-3
19.275231,6.319615E-3,1.661992E-3,6.534505E-3
19.330789,6.025163E-3,2.239647E-3,6.427955E-3
19.386508,5.680916E-3,2.776567E-3,6.323142E-3
19.442387,5.291873E-3,3.268784E-3,6.220038E-3
19.498427,4.863315E-3,3.712897E-3,6.118614E-3
19.554629,5.179833E-3,3.107540E-3,6.040486E-3
19.610993,5.423755E-3,2.478810E-3,5.963356E-3
19.667519,5.593884E-3,1.835136E-3,5.887212E-3
19.724209,5.689966E-3,1.184921E-3,5.812035E-3
19.781061,5.611758E-3,1.190663E-3,5.736681E-3
19.838078,5.534542E-3,1.196039E-3,5.662302E-3
19.895258,5.458307E-3,1.201059E-3,5.588887E-3
19.952604,5.383045E-3,1.205732E-3,5.516427E-3
20.010115,5.405140E-3,1.496648E-3,5.608520E-3
20.067792,5.412863E-3,1.793171E-3,5.702153E-3
20.125635,5.405703E-3,2.094660E-3,5.797346E-3
20.183644,5.383178E-3,2.400442E-3,5.894126E-3
20.241821,6.056272E-3,2.220720E-3,6.450584E-3
20.300166,6.777846E-3,1.974438E-3,7.059575E-3
20.358679,7.547406E-3,1.651873E-3,7.726061E-3
20.417360,8.363685E-3,1.242448E-3,8.455466E-3
20.476211,7.750253E-3,4.925545E-4,7.765889E-3
20.535231,7.131045E-3,-1.464796E-4,7.132549E-3
20.594421,6.515092E-3,-6.836090E-4,6.550858E-3
20.653782,5.909977E-3,-1.127725E-3,6.016610E-3
20.713314,5.635354E-3,-3.017239E-4,5.643426E-3
20.773017,5.275787E-3,4.313042E-4,5.293388E-3
20.832893,4.849014E-3,1.067192E-3,4.965061E-3
20.892941,4.372046E-3,1.604305E-3,4.657100E-3
20.953163,4.888664E-3,9.644787E-4,4.982896E-3
21.013558,5.327658E-3,2.019275E-4,5.331483E-3
21.074127,5.664104E-3,-6.773436E-4,5.704460E-3
21.134870,5.872653E-3,-1.662820E-3,6.103526E-3
21.195789,6.272218E-3,-1.487020E-3,6.446080E-3
21.256883,6.685809E-3,-1.283326E-3,6.807861E-3
21.318154,7.112927E-3,-1.049561E-3,7.189945E-3
21.379601,7.552956E-3,-7.834524E-4,7.593480E-3
21.441225,6.454171E-3,-1.082336E-3,6.544293E-3
21.503026,5.492906E-3,-1.279994E-3,5.640071E-3
21.565006,4.655405E-3,-1.398020E-3,4.860788E-3
21.627165,3.928659E-3,-1.454246E-3,4.189176E-3
21.689502,4.573465E-3,-1.256522E-3,4.742935E-3
21.752020,5.281466E-3,-9.705020E-4,5.369894E-3
21.814717,6.052124E-3,-5.787116E-4,6.079730E-3
21.877595,6.883121E-3,-6.149530E-5,6.883396E-3
21.940655,6.888834E-3,-4.341301E-5,6.888971E-3
22.003896,6.894502E-3,-2.530109E-5,6.894548E-3
22.067320,6.900125E-3,-7.159640E-6,6.900129E-3
22.130926,6.905708E-3,1.101124E-5,6.905717E-3
22.194716,7.013372E-3,-3.263800E-5,7.013448E-3
22.258689,7.122437E-3,-7.765052E-5,7.122860E-3
22.322847,7.232917E-3,-1.240564E-4,7.233981E-3
22.387190,7.344821E-3,-1.718865E-4,7.346832E-3
22.451718,7.247127E-3,2.392975E-5,7.247167E-3
22.516433,7.145631E-3,2.144479E-4,7.148848E-3
22.581334,7.040533E-3,3.996415E-4,7.051866E-3
22.646421,6.932021E-3,5.794902E-4,6.956200E-3
22.711697,6.834622E-3,7.324488E-4,6.873757E-3
22.777161,6.734873E-3,8.813058E-4,6.792291E-3
22.842813,6.632899E-3,1.026056E-3,6.711791E-3
22.908655,6.528818E-3,1.166698E-3,6.632243E-3
22.974686,6.754835E-3,6.822125E-4,6.789198E-3
23.040908,6.947785E-3,1.700918E-4,6.949867E-3
23.107320,7.104832E-3,-3.676599E-4,7.114338E-3
23.173924,7.223233E-3,-9.287758E-4,7.282700E-3
23.240720,7.479438E-3,-5.516697E-4,7.499755E-3
23.307709,7.721831E-3,-1.495875E-4,7.723280E-3
23.374891,7.948628E-3,2.774053E-4,7.953467E-3
23.442266,8.157993E-3,7.291433E-4,8.190513E-3
23.509835,8.047609E-3,4.390317E-4,8.059576E-3
23.577599,7.929167E-3,1.574911E-4,7.930731E-3
23.645559,7.803096E-3,-1.153459E-4,7.803948E-3
23.713714,7.669815E-3,-3.793637E-4,7.679191E-3
23.782066,8.092208E-3,-1.242757E-4,8.093162E-3
23.850615,8.527951E-3,1.595693E-4,8.529444E-3
23.919362,8.976733E-3,4.741833E-4,8.989248E-3
23.988306,9.438148E-3,8.216741E-4,9.473847E-3
24.057450,8.421587E-3,2.223544E-4,8.424522E-3
24.126792,7.487080E-3,-2.550062E-4,7.491421E-3
24.196335,6.631955E-3,-6.285213E-4,6.661671E-3
24.266078,5.852866E-3,-9.141251E-4,5.923822E-3
24.336022,6.098262E-3,-6.779860E-4,6.135834E-3
24.406167,6.341384E-3,-4.224004E-4,6.355437E-3
24.476515,6.581261E-3,-1.467965E-4,6.582898E-3
24.547066,6.816863E-3,1.493731E-4,6.818499E-3
24.617820,7.186028E-3,8.364614E-5,7.186515E-3
24.688778,7.574386E-3,1.037973E-5,7.574393E-3
24.759940,7.982889E-3,-7.104028E-5,7.983205E-3
24.831307,8.412534E-3,-1.612716E-4,8.414080E-3
24.902881,8.785235E-3,-2.320934E-4,8.788300E-3
24.974660,9.173969E-3,-3.088833E-4,9.179168E-3
25.046646,9.579400E-3,-3.920276E-4,9.587418E-3
25.118840,1.000222E-2,-4.819352E-4,1.001382E-2
25.191242,9.703280E-3,-1.239085E-4,9.704071E-3
25.263853,9.401495E-3,2.125803E-4,9.403898E-3
25.336673,9.097701E-3,5.281133E-4,9.113016E-3
25.409703,8.792670E-3,8.232823E-4,8.831129E-3
25.482943,8.944372E-3,4.243329E-4,8.954432E-3
25.556395,9.079440E-3,1.317409E-5,9.079450E-3
25.630058,9.197103E-3,-4.095768E-4,9.206218E-3
25.703933,9.296590E-3,-8.432585E-4,9.334756E-3
25.778022,9.548074E-3,-1.187856E-3,9.621680E-3
25.852324,9.795306E-3,-1.551480E-3,9.917414E-3
25.926840,1.003752E-2,-1.934562E-3,1.022225E-2
26.001571,1.027388E-2,-2.337517E-3,1.053644E-2
26.076517,1.001370E-2,-1.923773E-3,1.019682E-2
26.151680,9.748461E-3,-1.532133E-3,9.868127E-3
26.227059,9.479074E-3,-1.162039E-3,9.550036E-3
26.302655,9.206371E-3,-8.129185E-4,9.242191E-3
26.378469,9.002352E-3,-1.457327E-3,9.119547E-3
26.454502,8.755555E-3,-2.076950E-3,8.998526E-3
26.530754,8.468436E-3,-2.669128E-3,8.879113E-3
26.607225,8.143591E-3,-3.231417E-3,8.761286E-3
26.683917,8.187963E-3,-2.121216E-3,8.458268E-3
26.760830,8.097636E-3,-1.052366E-3,8.165732E-3
26.837965,7.883212E-3,-3.924770E-5,7.883310E-3
26.915322,7.556585E-3,9.056347E-4,7.610660E-3
26.992902,7.420341E-3,3.078995E-4,7.426726E-3
27.070706,7.242457E-3,-2.632911E-4,7.247241E-3
27.148734,7.026068E-3,-8.054982E-4,7.072090E-3
27.226987,6.774423E-3,-1.316588E-3,6.901175E-3
27.305466,7.099620E-3,-6.912242E-4,7.133190E-3
27.384170,7.372987E-3,-1.589425E-5,7.373004E-3
27.463102,7.588132E-3,7.057736E-4,7.620883E-3
27.542261,7.738818E-3,1.469417E-3,7.877086E-3
27.621648,8.685520E-3,1.724433E-3,8.855051E-3
27.701264,9.747325E-3,2.019987E-3,9.954431E-3
27.781109,1.093814E-2,2.362189E-3,1.119030E-2
27.861185,1.227353E-2,2.758041E-3,1.257960E-2
27.941492,1.181245E-2,1.197733E-3,1.187302E-2
28.022029,1.120413E-2,-2.122532E-4,1.120614E-2
28.102800,1.047479E-2,-1.464745E-3,1.057671E-2
28.183802,9.649863E-3,-2.555985E-3,9.982631E-3
28.265039,1.018400E-2,-1.921050E-3,1.036360E-2
28.346509,1.068932E-2,-1.223455E-3,1.075911E-2
28.428215,1.116009E-2,-4.631485E-4,1.116970E-2
28.510155,1.159041E-2,3.594964E-4,1.159598E-2
28.592333,1.123836E-2,4.756702E-4,1.124842E-2
28.674746,1.089562E-2,5.844982E-4,1.091129E-2
28.757398,1.056197E-2,6.863031E-4,1.058424E-2
28.840288,1.023724E-2,7.813954E-4,1.026702E-2
28.923416,1.025026E-2,2.934958E-4,1.025446E-2
29.006784,1.024007E-2,-1.938736E-4,1.024191E-2
29.090393,1.020677E-2,-6.796127E-4,1.022937E-2
29.174242,1.015048E-2,-1.162627E-3,1.021685E-2
29.258333,1.004106E-2,-8.832739E-4,1.007983E-2
29.342667,9.925896E-3,-6.106010E-4,9.944659E-3
29.427244,9.805245E-3,-3.446658E-4,9.811301E-3
29.512064,9.679342E-3,-8.551775E-5,9.679720E-3
29.597129,1.014543E-2,7.672525E-4,1.017440E-2
29.682439,1.055811E-2,1.701677E-3,1.069436E-2
29.767995,1.090762E-2,2.716898E-3,1.124089E-2
29.853798,1.118382E-2,3.811146E-3,1.181536E-2
29.939848,1.221250E-2,3.558766E-3,1.272045E-2
30.026146,1.330668E-2,3.237639E-3,1.369489E-2
30.112692,1.446799E-2,2.839409E-3,1.474398E-2
30.199488,1.569775E-2,2.355010E-3,1.587342E-2
30.286535,1.639535E-2,1.878167E-3,1.650258E-2
30.373832,1.710288E-2,1.357453E-3,1.715667E-2
30.461381,1.781915E-2,7.907957E-4,1.783669E-2
30.549182,1.854281E-2,1.760875E-4,1.854365E-2
30.637236,1.818156E-2,-4.060638E-4,1.818609E-2
30.725544,1.780929E-2,-9.654277E-4,1.783544E-2
30.814107,1.742693E-2,-1.502111E-3,1.749155E-2
30.902925,1.703538E-2,-2.016248E-3,1.715428E-2
30.991999,1.636269E-2,-1.831731E-3,1.646490E-2
31.081329,1.571593E-2,-1.658719E-3,1.580322E-2
31.170918,1.509413E-2,-1.496590E-3,1.516814E-2
31.260764,1.449633E-2,-1.344757E-3,1.455857E-2
31.350869,1.479300E-2,-1.895325E-3,1.491392E-2
31.441234,1.507703E-2,-2.469600E-3,1.527795E-2
31.531860,1.534727E-2,-3.067694E-3,1.565086E-2
31.622746,1.560254E-2,-3.689679E-3,1.603287E-2
31.713895,1.538850E-2,-2.928558E-3,1.566469E-2
31.805307,1.514676E-2,-2.194871E-3,1.530496E-2
31.896981,1.487916E-2,-1.489156E-3,1.495349E-2
31.988921,1.458752E-2,-8.118617E-4,1.461009E-2
32.081125,1.486134E-2,-1.542729E-3,1.494120E-2
32.173595,1.510529E-2,-2.302695E-3,1.527980E-2
32.266331,1.531732E-2,-3.090925E-3,1.562607E-2
32.359335,1.549537E-2,-3.906471E-3,1.598021E-2
32.452607,1.585711E-2,-3.209194E-3,1.617859E-2
32.546147,1.618958E-2,-2.486743E-3,1.637945E-2
32.639958,1.649124E-2,-1.740232E-3,1.658280E-2
32.734038,1.676059E-2,-9.708653E-4,1.678869E-2
32.828390,1.661696E-2,-1.325344E-3,1.666973E-2
32.923014,1.646673E-2,-1.674130E-3,1.655161E-2
33.017910,1.631007E-2,-2.017122E-3,1.643433E-2
33.113081,1.614714E-2,-2.354221E-3,1.631786E-2
33.208525,1.702746E-2,-1.998926E-3,1.714439E-2
33.304244,1.794161E-2,-1.599961E-3,1.801281E-2
33.400240,1.888996E-2,-1.154140E-3,1.892519E-2
33.496512,1.987289E-2,-6.581050E-4,1.988378E-2
33.593062,1.991599E-2,-1.106179E-3,1.994669E-2
33.689889,1.994916E-2,-1.556525E-3,2.000979E-2
33.786996,1.997232E-2,-2.008928E-3,2.007310E-2
33.884383,1.998539E-2,-2.463168E-3,2.013661E-2
33.982051,2.055014E-2,-2.176358E-3,2.066506E-2
34.080000,2.112458E-2,-1.872144E-3,2.120738E-2
34.178231,2.170867E-2,-1.549901E-3,2.176393E-2
34.276746,2.230233E-2,-1.208988E-3,2.233508E-2
34.375544,2.162461E-2,-1.457641E-3,2.167368E-2
34.474628,2.096384E-2,-1.690261E-3,2.103187E-2
34.573997,2.031971E-2,-1.907544E-3,2.040905E-2
34.673652,1.969196E-2,-2.110156E-3,1.980470E-2
34.773595,1.985526E-2,-2.293795E-3,1.998732E-2
34.873825,2.001854E-2,-2.480483E-3,2.017163E-2
34.974345,2.018175E-2,-2.670249E-3,2.035763E-2
35.075154,2.034486E-2,-2.863116E-3,2.054533E-2
35.176254,2.078238E-2,-3.580646E-3,2.108858E-2
35.277645,2.120855E-2,-4.330630E-3,2.164618E-2
35.379329,2.162208E-2,-5.113554E-3,2.221852E-2
35.481305,2.202158E-2,-5.929870E-3,2.280599E-2
35.583576,2.249840E-2,-5.300716E-3,2.311440E-2
35.686141,2.296125E-2,-4.648081E-3,2.342699E-2
35.789002,2.340918E-2,-3.972107E-3,2.374379E-2
35.892159,2.384126E-2,-3.272964E-3,2.406487E-2
35.995614,2.405820E-2,-3.901959E-3,2.437257E-2
36.099367,2.426232E-2,-4.544157E-3,2.468420E-2
36.203419,2.445317E-2,-5.199411E-3,2.499983E-2
36.307771,2.463023E-2,-5.867553E-3,2.531949E-2
36.412424,2.396987E-2,-5.225278E-3,2.453280E-2
36.517378,2.331818E-2,-4.615375E-3,2.377055E-2
36.622635,2.267550E-2,-4.036673E-3,2.303200E-2
36.728195,2.204211E-2,-3.488031E-3,2.231638E-2
36.834060,2.270690E-2,-3.547294E-3,2.298231E-2
36.940229,2.339165E-2,-3.606972E-3,2.366811E-2
37.046705,2.409695E-2,-3.667039E-3,2.437438E-2
37.153487,2.482340E-2,-3.727462E-3,2.510170E-2
37.260578,2.476856E-2,-3.919004E-3,2.507669E-2
37.367977,2.471229E-2,-4.109918E-3,2.505172E-2
37.475686,2.465456E-2,-4.300195E-3,2.502677E-2
37.583705,2.459540E-2,-4.489820E-3,2.500184E-2
37.692035,2.528476E-2,-4.022586E-3,2.560274E-2
37.800678,2.597959E-2,-3.528160E-3,2.621807E-2
37.909634,2.667940E-2,-3.005768E-3,2.684818E-2
38.018903,2.738364E-2,-2.454630E-3,2.749343E-2
38.128488,2.734195E-2,-3.954959E-3,2.762651E-2
38.238389,2.721838E-2,-5.458060E-3,2.776023E-2
38.348606,2.701249E-2,-6.959480E-3,2.789460E-2
38.459142,2.672408E-2,-8.454727E-3,2.802961E-2
38.569995,2.664558E-2,-7.298072E-3,2.762696E-2
38.681169,2.652375E-2,-6.161922E-3,2.723010E-2
38.792662,2.636001E-2,-5.047639E-3,2.683894E-2
38.904477,2.615584E-2,-3.956507E-3,2.645339E-2
39.016615,2.619024E-2,-4.248845E-3,2.653265E-2
39.129075,2.622161E-2,-4.542413E-3,2.661215E-2
39.241860,2.624993E-2,-4.837180E-3,2.669189E-2
39.354970,2.627516E-2,-5.133118E-3,2.677187E-2
39.468406,2.714558E-2,-5.066981E-3,2.761443E-2
39.582169,2.804279E-2,-4.991229E-3,2.848351E-2
39.696259,2.896754E-2,-4.905329E-3,2.937994E-2
39.810679,2.992063E-2,-4.808721E-3,3.030459E-2
39.925428,2.760745E-2,-7.081614E-3,2.850124E-2
40.040509,2.524523E-2,-9.010950E-3,2.680520E-2
40.155921,2.286668E-2,-1.061431E-2,2.521009E-2
40.271665,2.050094E-2,-1.191096E-2,2.370990E-2
40.387743,1.990545E-2,-1.008827E-2,2.231592E-2
40.504156,1.924773E-2,-8.407606E-3,2.100388E-2
40.620904,1.853919E-2,-6.863774E-3,1.976899E-2
40.737989,1.779026E-2,-5.451252E-3,1.860671E-2
40.855411,1.908364E-2,-4.946307E-3,1.971424E-2
40.973172,2.042932E-2,-4.351917E-3,2.088771E-2
41.091272,2.182621E-2,-3.660426E-3,2.213102E-2
41.209713,2.327281E-2,-2.863782E-3,2.344835E-2
41.328495,2.323865E-2,-2.956099E-3,2.342591E-2
41.447619,2.320414E-2,-3.048188E-3,2.340349E-2
41.567087,2.316929E-2,-3.140045E-3,2.338110E-2
41.686899,2.313409E-2,-3.231670E-3,2.335872E-2
41.807056,2.352165E-2,-3.400978E-3,2.376625E-2
41.927560,2.391515E-2,-3.575132E-3,2.418090E-2
42.048411,2.431464E-2,-3.754242E-3,2.460277E-2
42.169610,2.472023E-2,-3.938424E-3,2.503200E-2
42.291159,2.557519E-2,-3.234514E-3,2.577891E-2
42.413058,2.643188E-2,-2.481638E-3,2.654812E-2
42.535308,2.728872E-2,-1.678305E-3,2.734028E-2
42.657911,2.814405E-2,-8.230308E-4,2.815608E-2
42.780867,2.832783E-2,-1.209332E-3,2.835363E-2
42.904178,2.850765E-2,-1.600793E-3,2.855256E-2
43.027844,2.868343E-2,-1.997398E-3,2.875289E-2
43.151867,2.885506E-2,-2.399127E-3,2.895462E-2
43.276246,2.912595E-2,-2.153892E-3,2.920548E-2
43.400985,2.939692E-2,-1.904045E-3,2.945852E-2
43.526083,2.966792E-2,-1.649547E-3,2.971374E-2
43.651542,2.993892E-2,-1.390357E-3,2.997119E-2
43.777362,3.080792E-2,-2.303886E-3,3.089394E-2
43.903545,3.167672E-2,-3.270454E-3,3.184510E-2
44.030091,3.254380E-2,-4.291669E-3,3.282556E-2
44.157003,3.340749E-2,-5.369139E-3,3.383619E-2
44.284280,3.041130E-2,-3.533468E-3,3.061589E-2
44.411924,2.763033E-2,-1.992477E-3,2.770208E-2
44.539936,2.505554E-2,-7.093622E-4,2.506558E-2
44.668317,2.267731E-2,3.487878E-4,2.267999E-2
44.797068,2.309643E-2,1.535165E-3,2.314739E-2
44.926190,2.346192E-2,2.766220E-3,2.362443E-2
45.055684,2.377042E-2,4.040026E-3,2.411130E-2
45.185551,2.401861E-2,5.354443E-3,2.460820E-2
45.315793,2.498237E-2,7.253849E-3,2.601417E-2
45.446410,2.587226E-2,9.322150E-3,2.750048E-2
45.577404,2.667290E-2,1.156371E-2,2.907169E-2
45.708775,2.736784E-2,1.398210E-2,3.073268E-2
45.840525,2.976074E-2,1.602579E-2,3.380130E-2
45.972655,3.234331E-2,1.832995E-2,3.717629E-2
46.105166,3.512826E-2,2.092504E-2,4.088829E-2
46.238058,3.812882E-2,2.384483E-2,4.497091E-2
46.371334,4.160907E-2,2.575755E-2,4.893635E-2
46.504993,4.540571E-2,2.782161E-2,5.325148E-2
46.639038,4.954735E-2,3.004877E-2,5.794712E-2
46.773470,5.406523E-2,3.245173E-2,6.305683E-2
46.908288,5.719665E-2,3.269102E-2,6.587989E-2
47.043496,6.047285E-2,3.287113E-2,6.882933E-2
47.179093,6.389897E-2,3.298622E-2,7.191084E-2
47.315081,6.748022E-2,3.303004E-2,7.513031E-2
47.451461,7.068704E-2,3.153273E-2,7.740136E-2
47.588234,7.393380E-2,2.987355E-2,7.974105E-2
47.725401,7.721575E-2,2.804625E-2,8.215147E-2
47.862964,8.052780E-2,2.604454E-2,8.463477E-2
48.000923,8.343838E-2,2.480778E-2,8.704820E-2
48.139279,8.640085E-2,2.346487E-2,8.953048E-2
48.278035,8.941399E-2,2.201149E-2,9.208348E-2
48.417191,9.247662E-2,2.044332E-2,9.470932E-2
48.556747,9.538056E-2,1.892540E-2,9.724002E-2
48.696706,9.832762E-2,1.730263E-2,9.983838E-2
48.837068,1.013166E-1,1.557126E-2,1.025062E-1
48.977835,1.043461E-1,1.372749E-2,1.052452E-1
49.119008,1.054838E-1,1.075615E-2,1.060308E-1
49.260587,1.065422E-1,7.730451E-3,1.068223E-1
49.402575,1.075190E-1,4.652350E-3,1.076196E-1
49.544972,1.084122E-1,1.523875E-3,1.084229E-1
49.687779,1.090174E-1,-5.604423E-4,1.090188E-1
49.830998,1.095855E-1,-2.667510E-3,1.096180E-1
49.974630,1.101161E-1,-4.796735E-3,1.102205E-1
50.118676,1.106083E-1,-6.947511E-3,1.108263E-1
50.263137,1.117267E-1,-8.002033E-3,1.120129E-1
50.408014,1.128476E-1,-9.077715E-3,1.132121E-1
50.553309,1.139710E-1,-1.017481E-2,1.144243E-1
50.699022,1.150965E-1,-1.129355E-2,1.156492E-1
50.845156,1.164288E-1,-1.276432E-2,1.171264E-1
50.991711,1.177611E-1,-1.426914E-2,1.186224E-1
51.138688,1.190929E-1,-1.580845E-2,1.201375E-1
51.286089,1.204239E-1,-1.738269E-2,1.216720E-1
51.433915,1.216360E-1,-1.883337E-2,1.230854E-1
51.582167,1.228469E-1,-2.031341E-2,1.245150E-1
51.730847,1.240566E-1,-2.182312E-2,1.259615E-1
51.879954,1.252646E-1,-2.336286E-2,1.274247E-1
52.029492,1.266145E-1,-2.516903E-2,1.290919E-1
52.179461,1.279603E-1,-2.701489E-2,1.307809E-1
52.329862,1.293015E-1,-2.890090E-2,1.324920E-1
52.480696,1.306374E-1,-3.082753E-2,1.342254E-1
52.631965,1.315003E-1,-3.195832E-2,1.353280E-1
52.783670,1.323628E-1,-3.310416E-2,1.364397E-1
52.935813,1.332245E-1,-3.426521E-2,1.375604E-1
53.088394,1.340856E-1,-3.544156E-2,1.386905E-1
53.241415,1.346839E-1,-3.762222E-2,1.398399E-1
53.394876,1.352564E-1,-3.982919E-2,1.409988E-1
53.548781,1.358025E-1,-4.206228E-2,1.421673E-1
53.703128,1.363213E-1,-4.432132E-2,1.433453E-1
53.857921,1.376716E-1,-4.548370E-2,1.449905E-1
54.013160,1.390317E-1,-4.666590E-2,1.466544E-1
54.168846,1.404017E-1,-4.786817E-2,1.483374E-1
54.324981,1.417817E-1,-4.909077E-2,1.500398E-1
54.481566,1.438087E-1,-5.122242E-2,1.526587E-1
54.638603,1.458518E-1,-5.340943E-2,1.553233E-1
54.796092,1.479110E-1,-5.565294E-2,1.580345E-1
54.954035,1.499856E-1,-5.795404E-2,1.607929E-1
55.112433,1.521680E-1,-5.959433E-2,1.634215E-1
55.271288,1.543784E-1,-6.127150E-2,1.660930E-1
55.430601,1.566172E-1,-6.298627E-2,1.688082E-1
55.590373,1.588846E-1,-6.473945E-2,1.715678E-1
55.750605,1.602464E-1,-6.754155E-2,1.738987E-1
55.911299,1.615926E-1,-7.039802E-2,1.762613E-1
56.072457,1.629224E-1,-7.330944E-2,1.786560E-1
56.234079,1.642349E-1,-7.627638E-2,1.810834E-1
56.396167,1.656040E-1,-7.881992E-2,1.834046E-1
56.558722,1.669662E-1,-8.140902E-2,1.857556E-1
56.721745,1.683212E-1,-8.404420E-2,1.881368E-1
56.885239,1.696682E-1,-8.672588E-2,1.905484E-1
57.049204,1.716901E-1,-8.962269E-2,1.936743E-1
57.213641,1.737200E-1,-9.258448E-2,1.968515E-1
57.378552,1.757573E-1,-9.561245E-2,2.000809E-1
57.543939,1.778016E-1,-9.870775E-2,2.033633E-1
57.709802,1.805261E-1,-1.018327E-1,2.072669E-1
57.876144,1.832812E-1,-1.050364E-1,2.112455E-1
58.042965,1.860668E-1,-1.083206E-1,2.153003E-1
58.210266,1.888830E-1,-1.116871E-1,2.194329E-1
58.378050,1.913430E-1,-1.151503E-1,2.233198E-1
58.546318,1.938194E-1,-1.186941E-1,2.272757E-1
58.715070,1.963114E-1,-1.223200E-1,2.313014E-1
58.884309,1.988190E-1,-1.260297E-1,2.353986E-1
59.054036,2.015978E-1,-1.296781E-1,2.397042E-1
59.224252,2.044028E-1,-1.334120E-1,2.440886E-1
59.394959,2.072336E-1,-1.372330E-1,2.485531E-1
59.566158,2.100903E-1,-1.411430E-1,2.530993E-1
59.737850,2.134721E-1,-1.473062E-1,2.593636E-1
59.910037,2.168586E-1,-1.536647E-1,2.657828E-1
60.082720,2.202476E-1,-1.602233E-1,2.723610E-1
60.255901,2.236365E-1,-1.669870E-1,2.791020E-1
60.429581,2.264402E-1,-1.746033E-1,2.859396E-1
60.603762,2.291914E-1,-1.824496E-1,2.929446E-1
60.778445,2.318853E-1,-1.905309E-1,3.001213E-1
60.953632,2.345169E-1,-1.988519E-1,3.074740E-1
61.129323,2.365501E-1,-2.072054E-1,3.144678E-1
61.305521,2.384918E-1,-2.157813E-1,3.216208E-1
61.482226,2.403364E-1,-2.245831E-1,3.289364E-1
61.659441,2.420781E-1,-2.336142E-1,3.364185E-1
61.837167,2.429003E-1,-2.468778E-1,3.463368E-1
62.015405,2.433928E-1,-2.605498E-1,3.565477E-1
62.194157,2.435350E-1,-2.746333E-1,3.670596E-1
62.373424,2.433056E-1,-2.891311E-1,3.778815E-1
62.553208,2.435735E-1,-3.036144E-1,3.892425E-1
62.733510,2.434998E-1,-3.185356E-1,4.009452E-1
62.914331,2.430637E-1,-3.338994E-1,4.129997E-1
63.095674,2.422437E-1,-3.497099E-1,4.254163E-1
63.277540,2.344960E-1,-3.683882E-1,4.366901E-1
63.459930,2.258023E-1,-3.872373E-1,4.482627E-1
63.642845,2.161316E-1,-4.062236E-1,4.601418E-1
63.826288,2.054534E-1,-4.253110E-1,4.723352E-1
64.010259,1.936025E-1,-4.469472E-1,4.870767E-1
64.194761,1.804723E-1,-4.687355E-1,5.022780E-1
64.379794,1.660174E-1,-4.906266E-1,5.179539E-1
64.565361,1.501929E-1,-5.125672E-1,5.341189E-1
64.751463,1.281039E-1,-5.306121E-1,5.458569E-1
64.938101,1.046680E-1,-5.479456E-1,5.578528E-1
65.125277,7.989226E-2,-5.644871E-1,5.701127E-1
65.312993,5.378773E-2,-5.801534E-1,5.826415E-1
65.501250,1.560529E-2,-5.903260E-1,5.905322E-1
65.690049,-2.369013E-2,-5.980605E-1,5.985295E-1
65.879393,-6.394814E-2,-6.032552E-1,6.066351E-1
66.069282,-1.050097E-1,-6.058167E-1,6.148503E-1
66.259718,-1.377971E-1,-5.980867E-1,6.137554E-1
66.450704,-1.700543E-1,-5.885893E-1,6.126629E-1
66.642240,-2.016862E-1,-5.773586E-1,6.115720E-1
66.834328,-2.326003E-1,-5.644349E-1,6.104831E-1
67.026970,-2.593041E-1,-5.349454E-1,5.944789E-1
67.220167,-2.835248E-1,-5.047099E-1,5.788941E-1
67.413921,-3.052883E-1,-4.738953E-1,5.637177E-1
67.608233,-3.246291E-1,-4.426630E-1,5.489395E-1
67.803106,-3.360867E-1,-4.184282E-1,5.366903E-1
67.998540,-3.462371E-1,-3.942651E-1,5.247143E-1
68.194537,-3.551139E-1,-3.702282E-1,5.130057E-1
68.391100,-3.627519E-1,-3.463690E-1,5.015580E-1
68.588228,-3.555407E-1,-3.223235E-1,4.798975E-1
68.785926,-3.480483E-1,-2.995024E-1,4.591724E-1
68.984193,-3.403171E-1,-2.778596E-1,4.393423E-1
69.183031,-3.323868E-1,-2.573499E-1,4.203688E-1
69.382443,-3.254284E-1,-2.409486E-1,4.049196E-1
69.582429,-3.183874E-1,-2.252979E-1,3.900380E-1
69.782992,-3.112827E-1,-2.103717E-1,3.757036E-1
69.984133,-3.041314E-1,-1.961445E-1,3.618958E-1
70.185854,-2.932571E-1,-1.899404E-1,3.493953E-1
70.388156,-2.827697E-1,-1.839301E-1,3.373262E-1
70.591041,-2.726561E-1,-1.781078E-1,3.256743E-1
70.794511,-2.629024E-1,-1.724674E-1,3.144244E-1
70.998567,-2.568842E-1,-1.670931E-1,3.064467E-1
71.203212,-2.509981E-1,-1.618778E-1,2.986712E-1
71.408447,-2.452417E-1,-1.568173E-1,2.910930E-1
71.614273,-2.396121E-1,-1.519071E-1,2.837071E-1
71.820692,-2.364086E-1,-1.532724E-1,2.817471E-1
72.027706,-2.332135E-1,-1.545956E-1,2.798005E-1
72.235317,-2.300272E-1,-1.558775E-1,2.778674E-1
72.443527,-2.268501E-1,-1.571184E-1,2.759477E-1
72.652337,-2.264879E-1,-1.567645E-1,2.754485E-1
72.861748,-2.261262E-1,-1.564116E-1,2.749503E-1
73.071763,-2.257651E-1,-1.560594E-1,2.744529E-1
73.282383,-2.254045E-1,-1.557077E-1,2.739563E-1
73.493611,-2.398091E-1,-1.524306E-1,2.841540E-1
73.705447,-2.546088E-1,-1.484617E-1,2.947313E-1
73.917894,-2.697905E-1,-1.437601E-1,3.057023E-1
74.130953,-2.853387E-1,-1.382842E-1,3.170815E-1
74.344627,-2.852556E-1,-1.062719E-1,3.044084E-1
74.558916,-2.822712E-1,-7.568423E-2,2.922416E-1
74.773823,-2.766437E-1,-4.672135E-2,2.805613E-1
74.989349,-2.686372E-1,-1.955101E-2,2.693477E-1
75.205497,-2.631730E-1,-1.575205E-2,2.636440E-1
75.422268,-2.577772E-1,-1.210268E-2,2.580612E-1
75.639663,-2.524498E-1,-8.598829E-3,2.525962E-1
75.857685,-2.471915E-1,-5.236574E-3,2.472470E-1
76.076336,-2.427370E-1,-3.704597E-3,2.427653E-1
76.295616,-2.383545E-1,-2.226308E-3,2.383649E-1
76.515529,-2.340429E-1,-8.003170E-4,2.340443E-1
76.736076,-2.298011E-1,5.747156E-4,2.298018E-1
76.957258,-2.244733E-1,2.702614E-3,2.244896E-1
77.179078,-2.192490E-1,4.731583E-3,2.193000E-1
77.401537,-2.141269E-1,6.664884E-3,2.142306E-1
77.624638,-2.091055E-1,8.505723E-3,2.092784E-1
77.848381,-2.050976E-1,9.229546E-3,2.053052E-1
78.072770,-2.011629E-1,9.922652E-3,2.014075E-1
78.297805,-1.973000E-1,1.058593E-2,1.975838E-1
78.523489,-1.935075E-1,1.122023E-2,1.938325E-1
78.749823,-1.897083E-1,1.134826E-2,1.900474E-1
78.976810,-1.859829E-1,1.146696E-2,1.863361E-1
79.204451,-1.823302E-1,1.157667E-2,1.826973E-1
79.432748,-1.787486E-1,1.167771E-2,1.791296E-1
79.661703,-1.750968E-1,1.249644E-2,1.755422E-1
79.891318,-1.715134E-1,1.327724E-2,1.720265E-1
80.121595,-1.679972E-1,1.402129E-2,1.685813E-1
80.352536,-1.645471E-1,1.472975E-2,1.652051E-1
80.584142,-1.612664E-1,1.455254E-2,1.619217E-1
80.816416,-1.580509E-1,1.437655E-2,1.587034E-1
81.049359,-1.548995E-1,1.420179E-2,1.555492E-1
81.282974,-1.518109E-1,1.402824E-2,1.524577E-1
81.517262,-1.491533E-1,1.255939E-2,1.496811E-1
81.752226,-1.465324E-1,1.113857E-2,1.469551E-1
81.987867,-1.439480E-1,9.764606E-3,1.442788E-1
82.224187,-1.413998E-1,8.436365E-3,1.416512E-1
82.461188,-1.403492E-1,4.878786E-3,1.404340E-1
82.698872,-1.392202E-1,1.378746E-3,1.392270E-1
82.937241,-1.380151E-1,-2.062339E-3,1.380305E-1
83.176298,-1.367359E-1,-5.443119E-3,1.368442E-1
83.416043,-1.387003E-1,-5.108493E-3,1.387943E-1
83.656480,-1.406916E-1,-4.763178E-3,1.407722E-1
83.897609,-1.427102E-1,-4.406939E-3,1.427782E-1
84.139434,-1.447565E-1,-4.039536E-3,1.448129E-1
84.381956,-1.442991E-1,-1.412477E-3,1.443060E-1
84.625176,-1.437959E-1,1.196705E-3,1.438009E-1
84.869098,-1.432476E-1,3.787248E-3,1.432977E-1
85.113723,-1.426544E-1,6.358436E-3,1.427960E-1
85.359053,-1.398619E-1,7.958101E-3,1.400881E-1
85.605090,-1.371032E-1,9.493629E-3,1.374315E-1
85.851836,-1.343785E-1,1.096665E-2,1.348253E-1
86.099293,-1.316879E-1,1.237872E-2,1.322684E-1
86.347464,-1.326003E-1,1.220664E-2,1.331610E-1
86.596350,-1.335185E-1,1.203163E-2,1.340595E-1
86.845953,-1.344426E-1,1.185366E-2,1.349642E-1
87.096276,-1.353725E-1,1.167274E-2,1.358748E-1
87.347320,-1.333817E-1,1.267516E-2,1.339826E-1
87.599088,-1.314099E-1,1.364646E-2,1.321166E-1
87.851582,-1.294573E-1,1.458721E-2,1.302765E-1
88.104803,-1.275239E-1,1.549801E-2,1.284622E-1
88.358755,-1.249754E-1,1.580166E-2,1.259704E-1
88.613438,-1.224749E-1,1.608735E-2,1.235269E-1
88.868855,-1.200216E-1,1.635564E-2,1.211309E-1
89.125009,-1.176146E-1,1.660709E-2,1.187813E-1
89.381901,-1.164518E-1,1.762085E-2,1.177774E-1
89.639533,-1.152890E-1,1.861457E-2,1.167821E-1
89.897908,-1.141263E-1,1.958844E-2,1.157952E-1
90.157028,-1.129640E-1,2.054260E-2,1.148167E-1
90.416894,-1.109897E-1,2.098876E-2,1.129568E-1
90.677510,-1.090444E-1,2.141406E-2,1.111271E-1
90.938877,-1.071276E-1,2.181904E-2,1.093270E-1
91.200997,-1.052392E-1,2.220422E-2,1.075561E-1
91.463873,-1.021754E-1,2.175410E-2,1.044656E-1
91.727506,-9.920035E-2,2.131146E-2,1.014637E-1
91.991899,-9.631164E-2,2.087621E-2,9.854820E-2
92.257055,-9.350674E-2,2.044830E-2,9.571647E-2
92.522974,-9.286915E-2,2.132468E-2,9.528600E-2
92.789661,-9.222542E-2,2.219046E-2,9.485750E-2
93.057115,-9.157561E-2,2.304561E-2,9.443089E-2
93.325341,-9.091990E-2,2.389015E-2,9.400621E-2
93.594340,-8.710666E-2,2.288821E-2,9.006354E-2
93.864114,-8.345334E-2,2.192827E-2,8.628620E-2
94.134666,-7.995327E-2,2.100861E-2,8.266733E-2
94.405998,-7.659988E-2,2.012749E-2,7.920011E-2
94.678111,-7.514070E-2,1.646149E-2,7.692272E-2
94.951009,-7.357775E-2,1.296242E-2,7.471084E-2
95.224694,-7.192080E-2,9.629508E-3,7.256259E-2
95.499168,-7.017921E-2,6.461606E-3,7.047605E-2
95.774432,-7.137837E-2,3.257866E-3,7.145268E-2
96.050490,-7.244278E-2,-4.295626E-5,7.244279E-2
96.327344,-7.336627E-2,-3.435791E-3,7.344668E-2
96.604996,-7.414259E-2,-6.915201E-3,7.446438E-2
96.883448,-7.794444E-2,-7.146665E-3,7.827139E-2
97.162702,-8.194102E-2,-7.383705E-3,8.227302E-2
97.442762,-8.614229E-2,-7.626283E-3,8.647921E-2
97.723629,-9.055872E-2,-7.874331E-3,9.090042E-2
98.005305,-9.250359E-2,-7.804447E-3,9.283223E-2
98.287794,-9.448953E-2,-7.727985E-3,9.480503E-2
98.571096,-9.651752E-2,-7.644695E-3,9.681980E-2
98.855215,-9.858839E-2,-7.554344E-3,9.887739E-2
99.140153,-9.972902E-2,-5.321315E-3,9.987089E-2
99.425913,-1.008285E-1,-3.039764E-3,1.008743E-1
99.712496,-1.018854E-1,-7.101801E-4,1.018879E-1
99.999905,-1.092618E-1,5.302721E-3,1.093904E-1
