#I+1.668000E+03
+1.000000E+00
+8.010000E+02
+8.010000E+02
+1.000000E+01
+2.000000E+00
+3.000000E+00
+0.000000E+00
+1.000000E+00
+2.000000E+00
+5.000000E+00
+1.000000E+00
+2.497000E+03
-1.092400E+04
+2.025600E+04
-1.299100E+04
-1.119200E+04
+0.000000E+00
+0.000000E+00
+0.000000E+00
+0.000000E+00
+0.000000E+00
+0.000000E+00
+0.000000E+00
+0.000000E+00
+0.000000E+00
+0.000000E+00
+0.000000E+00
+0.000000E+00
+0.000000E+00
+0.000000E+00
+0.000000E+00
+0.000000E+00
+0.000000E+00
+0.000000E+00
+0.000000E+00
+1.000000E+00
+1.000000E+00
+1.000000E+00
+0.000000E+00
+0.000000E+00
+1.000000E+00
+0.000000E+00
+1.000000E+00
+2.000000E+00
+3.000000E+00
+4.500000E+01
+4.500000E+01
+0.000000E+00
+0.000000E+00
+2.000000E+00
+0.000000E+00
+0.000000E+00
+0.000000E+00
+8.000000E+02
+0.000000E+00
+1.250000E-03
+1.995261E+02
+0.000000E+00
+0.000000E+00
+0.000000E+00
+1.000000E+00
+1.000000E+00
+0.000000E+00
+0.000000E+00
+9.9999904632568339E+00
+9.9999904632568339E+00
-6.970681E-05
-1.791613E-05
-6.907624E-05
-3.416314E-06
-6.568503E-05
+1.011163E-05
-5.988258E-05
+2.219205E-05
-5.208956E-05
+3.244458E-05
-5.559329E-05
+1.641980E-05
-5.474750E-05
+9.483864E-07
-5.008127E-05
-1.292387E-05
-4.233956E-05
-2.437809E-05
-2.928177E-05
-4.520540E-05
-5.998926E-06
-5.907349E-05
+2.381653E-05
-6.097278E-05
+5.402326E-05
-4.784510E-05
+3.024143E-05
-5.274076E-05
+9.938800E-06
-5.024483E-05
-5.596102E-06
-4.278532E-05
-1.598847E-05
-3.264733E-05
-3.297504E-05
-2.359009E-05
-4.485829E-05
-5.708121E-06
-4.706097E-05
+1.813672E-05
-3.660391E-05
+4.271228E-05
-4.658936E-05
+3.418160E-05
-5.458672E-05
+2.331648E-05
-6.005020E-05
+1.058027E-05
-6.254211E-05
-3.436111E-06
-5.770954E-05
+1.897362E-06
-5.284097E-05
+6.404633E-06
-4.800605E-05
+1.015030E-05
-4.326359E-05
+1.319932E-05
-4.220874E-05
+4.870802E-06
-3.982399E-05
-2.645854E-06
-3.634796E-05
-9.187216E-06
-3.202871E-05
-1.464267E-05
-3.871065E-05
-8.849222E-06
-4.476474E-05
-9.255031E-07
-4.963885E-05
+9.206904E-06
-5.270536E-05
+2.150843E-05
-6.085855E-05
+1.206709E-05
-6.762125E-05
+2.721592E-07
-7.240744E-05
-1.375222E-05
-7.461581E-05
-2.975148E-05
-5.998553E-05
-1.228450E-05
-4.665889E-05
-1.147377E-06
-3.516189E-05
+5.415895E-06
-2.565291E-05
+8.793600E-06
-3.459211E-05
+6.977853E-06
-4.581561E-05
+3.113616E-06
-5.963738E-05
-3.782266E-06
-7.629519E-05
-1.503163E-05
-5.879274E-05
+1.473473E-05
-3.656625E-05
+2.991330E-05
-1.585250E-05
+3.323626E-05
-1.423199E-07
+2.870131E-05
-1.117197E-05
+1.990579E-05
-1.544936E-05
+9.533580E-06
-1.442251E-05
+6.698787E-07
-1.028875E-05
-5.098344E-06
-1.642017E-05
-5.121748E-06
-2.549625E-05
-3.713888E-06
-3.859179E-05
+5.040687E-07
-5.697246E-05
+9.824807E-06
-4.693776E-05
+3.352834E-06
-3.828728E-05
-1.077996E-06
-3.092290E-05
-3.967519E-06
-2.472475E-05
-5.712635E-06
-2.855753E-05
-1.058512E-05
-3.237415E-05
-1.697198E-05
-3.593970E-05
-2.515908E-05
-3.893079E-05
-3.545069E-05
-4.651352E-05
-2.622218E-05
-5.191811E-05
-1.538213E-05
-5.480456E-05
-3.442626E-06
-5.495281E-05
+9.013167E-06
-5.283445E-05
+7.841312E-06
-5.078568E-05
+6.748386E-06
-4.880485E-05
+5.730139E-06
-4.689021E-05
+4.782528E-06
-3.115628E-05
+1.344050E-05
-1.847880E-05
+1.597640E-05
-9.225821E-06
+1.497129E-05
-3.090956E-06
+1.227690E-05
-1.356756E-05
+1.732853E-05
-3.377650E-05
+1.796877E-05
-6.633975E-05
+4.737421E-06
-1.087535E-04
-3.924632E-05
-8.357693E-05
-3.018648E-05
-6.422882E-05
-2.321805E-05
-4.935975E-05
-1.785825E-05
-3.793292E-05
-1.373573E-05
-3.463994E-05
-7.695015E-07
-2.840202E-05
+8.879129E-06
-2.067782E-05
+1.501972E-05
-1.270666E-05
+1.789750E-05
-1.606134E-05
+8.356610E-06
-1.493400E-05
+9.094121E-08
-1.099645E-05
-5.552270E-06
-5.982824E-06
-8.213110E-06
-1.541202E-05
-9.300015E-06
-3.155518E-05
-4.596163E-06
-5.468242E-05
+1.417606E-05
-7.954760E-05
+6.071825E-05
-8.473887E-05
+2.881212E-05
-8.004955E-05
+2.834198E-07
-6.794579E-05
-2.256682E-05
-5.117404E-05
-3.849042E-05
-6.308510E-05
-2.324804E-05
-7.045859E-05
-4.323040E-06
-7.215700E-05
+1.693456E-05
-6.744416E-05
+3.882357E-05
-5.604752E-05
+2.751562E-05
-4.632569E-05
+1.906522E-05
-3.809573E-05
+1.281397E-05
-3.117642E-05
+8.244451E-06
-2.677783E-05
+2.059547E-05
-1.752464E-05
+3.074513E-05
-4.473514E-06
+3.680134E-05
+1.058814E-05
+3.736438E-05
-1.798128E-06
+3.958653E-05
-1.450576E-05
+3.774372E-05
-2.621374E-05
+3.186201E-05
-3.565152E-05
+2.239265E-05
-4.251982E-05
+2.453409E-05
-5.061637E-05
+2.672917E-05
-6.014643E-05
+2.893307E-05
-7.134724E-05
+3.108464E-05
-6.106919E-05
+2.336323E-05
-5.214786E-05
+1.727537E-05
-4.442757E-05
+1.250672E-05
-3.776579E-05
+8.799363E-06
-4.183155E-05
+1.144636E-05
-4.626248E-05
+1.457820E-05
-5.108081E-05
+1.826752E-05
-5.630828E-05
+2.259638E-05
-5.389633E-05
+2.215558E-05
-5.158343E-05
+2.171279E-05
-4.936572E-05
+2.126888E-05
-4.723940E-05
+2.082470E-05
-4.848402E-05
+6.630433E-07
-4.215916E-05
-1.722414E-05
-3.012517E-05
-3.036638E-05
-1.489727E-05
-3.731081E-05
-3.375916E-05
-3.430947E-05
-5.320430E-05
-2.224710E-05
-6.909196E-05
+9.554036E-08
-7.628241E-05
+3.214511E-05
-6.305506E-05
+2.785991E-05
-5.210283E-05
+2.410208E-05
-4.303741E-05
+2.081601E-05
-3.553629E-05
+1.794982E-05
-4.247664E-05
+2.180223E-05
-5.076976E-05
+2.647611E-05
-6.067879E-05
+3.214564E-05
-7.251794E-05
+3.902174E-05
-6.623774E-05
+3.632447E-05
-6.049642E-05
+3.380440E-05
-5.524817E-05
+3.145078E-05
-5.045097E-05
+2.925349E-05
-5.044735E-05
+3.562643E-05
-4.984087E-05
+4.234803E-05
-4.856553E-05
+4.938033E-05
-4.655532E-05
+5.667711E-05
-4.816851E-05
+4.734427E-05
-4.873321E-05
+3.864108E-05
-4.839943E-05
+3.061693E-05
-4.730930E-05
+2.330239E-05
-5.129111E-05
+2.005240E-05
-5.514612E-05
+1.631781E-05
-5.882621E-05
+1.209022E-05
-6.228061E-05
+7.365131E-06
-5.767956E-05
+2.013240E-05
-5.061259E-05
+3.130490E-05
-4.153653E-05
+4.044090E-05
-3.097900E-05
+4.721659E-05
-3.510314E-05
+3.989899E-05
-3.797872E-05
+3.253605E-05
-3.968499E-05
+2.529587E-05
-4.031801E-05
+1.832457E-05
-4.711992E-05
+1.460796E-05
-5.411657E-05
+9.548812E-06
-6.114053E-05
+2.978777E-06
-6.798325E-05
-5.264771E-06
-5.439367E-05
+1.130947E-06
-4.310313E-05
+5.147754E-06
-3.382403E-05
+7.455196E-06
-2.627560E-05
+8.562447E-06
-2.454950E-05
+8.634581E-06
-2.292292E-05
+8.664798E-06
-2.139097E-05
+8.657726E-06
-1.994890E-05
+8.617631E-06
-2.180163E-05
+8.572236E-06
-2.379622E-05
+8.457131E-06
-2.594116E-05
+8.261844E-06
-2.824521E-05
+7.974797E-06
-2.846600E-05
+2.003071E-05
-2.397176E-05
+3.360636E-05
-1.360443E-05
+4.702807E-05
+3.273431E-06
+5.796781E-05
-1.376735E-05
+5.299503E-05
-2.763576E-05
+4.361850E-05
-3.738640E-05
+3.120198E-05
-4.256333E-05
+1.724253E-05
-4.669838E-05
+2.373781E-05
-5.076626E-05
+3.152235E-05
-5.463235E-05
+4.076567E-05
-5.812715E-05
+5.164733E-05
-6.079542E-05
+5.270541E-05
-6.356962E-05
+5.376655E-05
-6.645343E-05
+5.482947E-05
-6.945072E-05
+5.589289E-05
-6.656758E-05
+4.091558E-05
-6.240413E-05
+2.821214E-05
-5.737908E-05
+1.762734E-05
-5.183923E-05
+8.979988E-06
-4.552735E-05
+2.016490E-05
-3.716056E-05
+2.898204E-05
-2.745170E-05
+3.515288E-05
-1.711923E-05
+3.858559E-05
-2.235387E-05
+4.192997E-05
-2.850248E-05
+4.525959E-05
-3.567602E-05
+4.849837E-05
-4.399285E-05
+5.155191E-05
-5.361128E-06
+5.115290E-05
+1.863133E-05
+3.430002E-05
+2.639540E-05
+1.344706E-05
+2.228952E-05
-2.933235E-06
+2.909413E-05
+1.324965E-05
+2.511331E-05
+3.789389E-05
+1.750628E-06
+6.462082E-05
-4.655834E-05
+7.926217E-05
-4.912688E-05
+6.676568E-05
-5.026918E-05
+5.531841E-05
-5.022981E-05
+4.494478E-05
-4.923033E-05
+3.564398E-05
-4.316893E-05
+1.715056E-05
-3.520255E-05
+4.590353E-06
-2.694024E-05
-3.216578E-06
-1.935220E-05
-7.446729E-06
-2.647262E-05
-2.043367E-06
-3.322820E-05
+7.195808E-06
-3.813023E-05
+2.100742E-05
-3.908229E-05
+3.974955E-05
-4.293152E-05
+3.887437E-05
-4.687128E-05
+3.773472E-05
-5.088902E-05
+3.631532E-05
-5.497074E-05
+3.460101E-05
-4.978338E-05
+4.080362E-05
-4.391760E-05
+4.626261E-05
-3.747647E-05
+5.090675E-05
-3.057015E-05
+5.467868E-05
-3.645576E-05
+5.511515E-05
-4.268133E-05
+5.511166E-05
-4.922992E-05
+5.461861E-05
-5.607973E-05
+5.358512E-05
-5.212214E-05
+5.229640E-05
-4.838593E-05
+5.097806E-05
-4.486103E-05
+4.963666E-05
-4.153781E-05
+4.827823E-05
-4.499742E-05
+4.244780E-05
-4.775132E-05
+3.646638E-05
-4.980823E-05
+3.041032E-05
-5.118433E-05
+2.435246E-05
-4.683999E-05
+3.281584E-05
-4.109783E-05
+4.050762E-05
-3.409437E-05
+4.719716E-05
-2.600417E-05
+5.267791E-05
-3.116718E-05
+5.884593E-05
-3.721655E-05
+6.566769E-05
-4.429134E-05
+7.320147E-05
-5.255099E-05
+8.150887E-05
-6.329963E-05
+6.332401E-05
-6.945820E-05
+4.481948E-05
-7.141223E-05
+2.692045E-05
-6.968972E-05
+1.038674E-05
-6.301045E-05
+1.473382E-05
-5.657067E-05
+1.821192E-05
-5.041528E-05
+2.091260E-05
-4.457850E-05
+2.292296E-05
-4.544765E-05
+2.795655E-05
-4.596049E-05
+3.336963E-05
-4.606431E-05
+3.915648E-05
-4.570363E-05
+4.530677E-05
-4.300169E-05
+1.726566E-05
-3.336078E-05
-5.812207E-07
-2.196964E-05
-9.722886E-06
-1.185386E-05
-1.259943E-05
-2.262959E-05
-8.661229E-06
-3.381707E-05
+2.874640E-06
-4.089165E-05
+2.424240E-05
-3.678556E-05
+5.550088E-05
-3.677716E-05
+5.548454E-05
-3.676877E-05
+5.546820E-05
-3.676039E-05
+5.545186E-05
-3.675195E-05
+5.543553E-05
-4.329753E-05
+4.503328E-05
-4.759363E-05
+3.431876E-05
-4.975854E-05
+2.369462E-05
-4.996939E-05
+1.351295E-05
-4.263047E-05
+1.610971E-05
-3.597799E-05
+1.775808E-05
-3.000800E-05
+1.863407E-05
-2.470205E-05
+1.889159E-05
-2.563074E-05
+2.742319E-05
-2.503178E-05
+3.776458E-05
-2.225280E-05
+4.995515E-05
-1.650936E-05
+6.391136E-05
-2.028648E-05
+6.538602E-05
-2.427282E-05
+6.672552E-05
-2.846915E-05
+6.791459E-05
-3.287555E-05
+6.893732E-05
-4.050973E-05
+5.939167E-05
-4.623638E-05
+4.941267E-05
-5.012619E-05
+3.930530E-05
-5.228882E-05
+2.934309E-05
-5.471630E-05
+2.596789E-05
-5.693004E-05
+2.239924E-05
-5.891505E-05
+1.865038E-05
-6.065712E-05
+1.473567E-05
-5.509066E-05
+3.418209E-05
-4.330077E-05
+5.157122E-05
-2.603523E-05
+6.491500E-05
-4.675600E-06
+7.249352E-05
-2.789410E-05
+3.256453E-05
-2.470641E-05
+5.488561E-06
-1.360768E-05
-6.163395E-06
-4.239736E-06
-7.731151E-06
-1.262903E-05
-9.406629E-06
-2.749881E-05
-5.895602E-06
-4.904066E-05
+1.085301E-05
-7.158496E-05
+5.405730E-05
-7.954992E-05
+4.983167E-05
-8.746820E-05
+4.470094E-05
-9.525540E-05
+3.863095E-05
-1.028203E-04
+3.159382E-05
-1.063259E-04
+4.370949E-05
-1.088682E-04
+5.694731E-05
-1.102752E-04
+7.128487E-05
-1.103661E-04
+8.668135E-05
-8.843986E-05
+9.538633E-05
-6.710297E-05
+1.001696E-04
-4.687538E-05
+1.014485E-04
-2.817241E-05
+9.968040E-05
-2.371810E-05
+9.864331E-05
-1.939889E-05
+9.745611E-05
-1.521770E-05
+9.612732E-05
-1.117715E-05
+9.466523E-05
-8.744437E-06
+8.127642E-05
-6.777175E-06
+6.977368E-05
-5.192299E-06
+5.989239E-05
-3.920936E-06
+5.140494E-05
-1.144129E-05
+4.085444E-05
-1.581172E-05
+3.112891E-05
-1.777287E-05
+2.257633E-05
-1.797849E-05
+1.535829E-05
-2.047165E-05
+2.013028E-05
-2.308605E-05
+2.612220E-05
-2.574367E-05
+3.360207E-05
-2.832721E-05
+4.288785E-05
-2.452891E-05
+5.249657E-05
-1.871030E-05
+6.258725E-05
-1.055914E-05
+7.288273E-05
+2.271182E-07
+8.302244E-05
-1.579933E-05
+8.477464E-05
-3.249390E-05
+8.346828E-05
-4.927970E-05
+7.891144E-05
-6.553099E-05
+7.101950E-05
-4.006136E-05
+6.451823E-05
-2.136612E-05
+5.572879E-05
-8.238340E-06
+4.617651E-05
+4.794107E-07
+3.685988E-05
+3.379691E-07
+4.141837E-05
+1.542254E-07
+4.653951E-05
-8.011297E-08
+5.229261E-05
-3.747535E-07
+5.875549E-05
-1.204550E-05
+5.610495E-05
-2.267733E-05
+5.124915E-05
-3.187716E-05
+4.449144E-05
-3.932943E-05
+3.620008E-05
-3.448991E-05
+4.025688E-05
-2.924877E-05
+4.368497E-05
-2.368576E-05
+4.644688E-05
-1.788389E-05
+4.851500E-05
-3.255813E-05
+4.890862E-05
-4.888138E-05
+4.547480E-05
-6.601819E-05
+3.737576E-05
-8.282416E-05
+2.390582E-05
-7.922542E-05
+2.728510E-05
-7.556549E-05
+3.038838E-05
-7.185979E-05
+3.322073E-05
-6.812298E-05
+3.578775E-05
-6.886669E-05
+4.738523E-05
-6.817370E-05
+5.999073E-05
-6.580098E-05
+7.349827E-05
-6.150025E-05
+8.776221E-05
-5.749646E-05
+8.526780E-05
-5.369784E-05
+8.280544E-05
-5.009550E-05
+8.037731E-05
-4.668086E-05
+7.798550E-05
-5.883992E-05
+7.661465E-05
-7.150912E-05
+7.367747E-05
-8.452493E-05
+6.902411E-05
-9.769639E-05
+6.251641E-05
-9.442009E-05
+6.543124E-05
-9.107123E-05
+6.819698E-05
-8.765604E-05
+7.081249E-05
-8.418069E-05
+7.327688E-05
-6.956885E-05
+6.020969E-05
-5.749246E-05
+4.947178E-05
-4.751175E-05
+4.064810E-05
-3.926313E-05
+3.339754E-05
-5.188998E-05
+3.822686E-05
-6.806121E-05
+4.314747E-05
-8.866134E-05
+4.787234E-05
-1.147685E-04
+5.196629E-05
-1.165319E-04
+6.007836E-05
-1.179356E-04
+6.860257E-05
-1.189436E-04
+7.753611E-05
-1.195188E-04
+8.687396E-05
-9.352200E-05
+8.647768E-05
-7.130624E-05
+8.350554E-05
-5.258823E-05
+7.871112E-05
-3.704927E-05
+7.271087E-05
-2.273744E-05
+9.535959E-05
+3.669026E-07
+1.177660E-04
+3.366956E-05
+1.374076E-04
+7.810006E-05
+1.509423E-04
+5.496215E-05
+1.477768E-04
+3.401032E-05
+1.422618E-04
+1.533560E-05
+1.348291E-04
-1.026526E-06
+1.258861E-04
+1.161598E-05
+1.339476E-04
+2.587143E-05
+1.412424E-04
+4.176440E-05
+1.475594E-04
+5.929963E-05
+1.526715E-04
+6.514512E-05
+1.332956E-04
+6.894702E-05
+1.153613E-04
+7.101391E-05
+9.888348E-05
+7.162559E-05
+8.385257E-05
+6.327785E-05
+8.519391E-05
+5.517549E-05
+8.593533E-05
+4.734804E-05
+8.611676E-05
+3.982119E-05
+8.577858E-05
+2.573633E-05
+6.670052E-05
+1.606860E-05
+5.160348E-05
+9.533143E-06
+3.973082E-05
+5.198705E-06
+3.044742E-05
+6.307660E-06
+3.798234E-05
+7.647273E-06
+4.738094E-05
+9.263846E-06
+5.910392E-05
+1.121247E-05
+7.372589E-05
-3.554511E-05
+4.952761E-05
-4.907572E-05
+8.670895E-06
-3.365757E-05
-2.295444E-05
-6.578400E-06
-3.264797E-05
-3.372384E-05
-2.269633E-05
-4.874919E-05
+9.234345E-06
-3.439448E-05
+4.984490E-05
+1.291191E-05
+7.278098E-05
+1.872130E-05
+7.660389E-05
+2.516758E-05
+8.027688E-05
+3.228167E-05
+8.374675E-05
+4.009289E-05
+8.695460E-05
+6.067075E-05
+6.324203E-05
+7.138595E-05
+3.657866E-05
+7.268718E-05
+1.031007E-05
+6.596233E-05
-1.280356E-05
+5.669287E-05
+4.422081E-06
+4.524926E-05
+1.638438E-05
+3.321841E-05
+2.356324E-05
+2.178657E-05
+2.670777E-05
+3.217643E-05
+1.374531E-05
+3.540882E-05
-2.806364E-06
+3.051417E-05
-1.921180E-05
+1.838126E-05
-3.165539E-05
+1.737775E-05
-3.702954E-05
+1.573705E-05
-4.291426E-05
+1.333727E-05
-4.930524E-05
+1.004318E-05
-5.618590E-05
+3.208660E-06
-4.878690E-05
-1.906315E-06
-4.183828E-05
-5.600225E-06
-3.543651E-05
-8.136323E-06
-2.963539E-05
-2.375267E-05
-4.230525E-05
-5.250383E-05
-5.576884E-05
-1.016810E-04
-6.544597E-05
-1.807103E-04
-6.154222E-05
-1.879867E-04
-3.637792E-05
-1.917673E-04
-1.037763E-05
-1.919599E-04
+1.597408E-05
-1.885392E-04
+4.218317E-05
-2.045916E-04
+5.110526E-05
-2.218671E-04
+6.127295E-05
-2.404438E-04
+7.283273E-05
-2.604029E-04
+8.594662E-05
-2.393666E-04
+8.001773E-05
-2.200263E-04
+7.448702E-05
-2.022454E-04
+6.932877E-05
-1.858982E-04
+6.451869E-05
-1.778252E-04
+8.326002E-05
-1.678745E-04
+1.010252E-04
-1.561613E-04
+1.176274E-04
-1.428192E-04
+1.328930E-04
-1.376390E-04
+1.201694E-04
-1.324123E-04
+1.084121E-04
-1.271708E-04
+9.756077E-05
-1.219420E-04
+8.755784E-05
-1.317678E-04
+9.245150E-05
-1.423600E-04
+9.758344E-05
-1.537768E-04
+1.029619E-04
-1.660806E-04
+1.085952E-04
-1.580685E-04
+1.050255E-04
-1.504312E-04
+1.015551E-04
-1.431516E-04
+9.818251E-05
-1.362134E-04
+9.490568E-05
-1.414642E-04
+1.019529E-04
-1.468607E-04
+1.094420E-04
-1.524028E-04
+1.173975E-04
-1.580899E-04
+1.258453E-04
-1.518345E-04
+1.417554E-04
-1.441371E-04
+1.575543E-04
-1.349707E-04
+1.731228E-04
-1.243174E-04
+1.883362E-04
-1.114406E-04
+2.008725E-04
-9.739083E-05
+2.125887E-04
-8.221482E-05
+2.233807E-04
-6.596819E-05
+2.331467E-04
-8.458643E-05
+2.261453E-04
-1.025038E-04
+2.176691E-04
-1.196044E-04
+2.077855E-04
-1.357788E-04
+1.965712E-04
-1.283572E-04
+2.066896E-04
-1.203057E-04
+2.166136E-04
-1.116234E-04
+2.263087E-04
-1.023105E-04
+2.357395E-04
-9.523185E-05
+2.542982E-04
-8.675944E-05
+2.735003E-04
-7.678136E-05
+2.933064E-04
-6.518183E-05
+3.136683E-04
-4.202050E-05
+3.173814E-04
-1.866545E-05
+3.193881E-04
+4.757877E-06
+3.196798E-04
+2.812378E-05
+3.182571E-04
+5.141936E-05
+3.074743E-04
+7.326611E-05
+2.952238E-04
+9.359252E-05
+2.816548E-04
+1.123402E-04
+2.669184E-04
+1.114947E-04
+2.595251E-04
+1.106169E-04
+2.523203E-04
+1.097087E-04
+2.452996E-04
+1.087722E-04
+2.384584E-04
+1.160760E-04
+2.385584E-04
+1.234692E-04
+2.384757E-04
+1.309486E-04
+2.382057E-04
+1.385099E-04
+2.377438E-04
+1.682295E-04
+2.092793E-04
+1.927696E-04
+1.774900E-04
+2.118281E-04
+1.432455E-04
+2.252398E-04
+1.074289E-04
+1.878650E-04
+1.349083E-04
+1.492679E-04
+1.538511E-04
+1.109547E-04
+1.648064E-04
+7.420940E-05
+1.685217E-04
+7.986578E-05
+1.783361E-04
+8.593320E-05
+1.887133E-04
+9.244053E-05
+1.996848E-04
+9.941864E-05
+2.112842E-04
+1.307702E-04
+2.029728E-04
+1.617687E-04
+1.901700E-04
+1.917914E-04
+1.728121E-04
+2.201915E-04
+1.509186E-04
+1.321024E-04
+1.409888E-04
+7.139066E-05
+1.202396E-04
+3.171511E-05
+9.611105E-05
+7.434258E-06
+7.287295E-05
+4.061996E-05
+8.138445E-05
+8.290344E-05
+7.670572E-05
+1.299653E-04
+5.271247E-05
+1.741002E-04
+4.186812E-06
+1.848043E-04
+3.465085E-05
+1.909287E-04
+6.897106E-05
+1.915039E-04
+1.066064E-04
+1.855908E-04
+1.468122E-04
+1.368042E-04
+1.708074E-04
+8.785935E-05
+1.823124E-04
+4.136289E-05
+1.825282E-04
-5.853118E-07
+1.730778E-04
+2.380668E-06
+1.618845E-04
+4.965298E-06
+1.513656E-04
+7.204670E-06
+1.414838E-04
+9.131921E-06
+1.322038E-04
+4.834272E-05
+1.498840E-04
+9.862841E-05
+1.590641E-04
+1.592578E-04
+1.552720E-04
+2.281089E-04
+1.335584E-04
+2.482680E-04
+1.347715E-04
+2.698425E-04
+1.353703E-04
+2.929076E-04
+1.352640E-04
+3.175405E-04
+1.343531E-04
+2.298318E-04
+7.599413E-05
+1.651433E-04
+4.013417E-05
+1.178407E-04
+1.871185E-05
+8.352364E-05
+6.405789E-06
+1.045311E-04
+2.847647E-05
+1.258399E-04
+6.162624E-05
+1.448335E-04
+1.089221E-04
+1.574414E-04
+1.736221E-04
+1.423559E-04
+1.697727E-04
+1.282473E-04
+1.655839E-04
+1.150739E-04
+1.611100E-04
+1.027942E-04
+1.564012E-04
+1.460678E-04
+4.308634E-05
+1.133664E-04
-5.003771E-05
+4.409714E-05
-9.067827E-05
-2.028852E-05
-7.949891E-05
+8.720579E-06
-9.091375E-05
+4.340728E-05
-9.193328E-05
+8.012164E-05
-7.992452E-05
+1.140482E-04
-5.350602E-05
+1.071083E-04
-8.409181E-05
+9.236047E-05
-1.146185E-04
+6.940313E-05
-1.431840E-04
+3.827629E-05
-1.676871E-04
+5.584077E-05
-1.791538E-04
+7.591747E-05
-1.901382E-04
+9.868598E-05
-2.003852E-04
+1.243198E-04
-2.096020E-04
+6.418615E-05
-1.268236E-04
+3.241454E-05
-7.630709E-05
+1.589209E-05
-4.567073E-05
+7.469832E-06
-2.719780E-05
+1.485154E-05
-4.698842E-05
+2.905634E-05
-8.105028E-05
+5.612341E-05
-1.395748E-04
+1.072748E-04
-2.399534E-04
+1.381314E-04
-2.046594E-04
+1.609670E-04
-1.670028E-04
+1.759980E-04
-1.284592E-04
+1.836630E-04
-9.035923E-05
+1.907064E-04
-1.103268E-04
+1.968261E-04
-1.322803E-04
+2.018101E-04
-1.562998E-04
+2.054255E-04
-1.824558E-04
+1.701530E-04
-5.132738E-05
+1.138333E-04
+1.607656E-05
+6.246353E-05
+4.035304E-05
+2.571225E-05
+4.065435E-05
+6.781165E-05
+2.108238E-05
+9.639536E-05
-4.121107E-05
+6.889713E-05
-1.385843E-04
-5.521077E-05
-2.217058E-04
-1.396418E-05
-1.469647E-04
+5.205248E-06
-9.524440E-05
+1.248159E-05
-6.035534E-05
+1.377691E-05
-3.736378E-05
+9.466324E-06
-6.233576E-05
-5.172608E-06
-9.969216E-05
-3.977432E-05
-1.529660E-04
-1.104064E-04
-2.245682E-04
-1.441943E-04
-2.057406E-04
-1.748074E-04
-1.818471E-04
-2.014888E-04
-1.534178E-04
-2.235695E-04
-1.210961E-04
-1.951254E-04
-1.109427E-04
-1.702047E-04
-1.014644E-04
-1.483816E-04
-9.264598E-05
-1.292805E-04
-8.446626E-05
-1.841440E-04
-6.769040E-05
-2.472797E-04
-3.127142E-05
-3.150526E-04
+3.182542E-05
-3.809559E-04
+1.292719E-04
-4.142498E-04
+1.050819E-04
-4.474887E-04
+7.668223E-05
-4.803182E-04
+4.382896E-05
-5.123419E-04
+6.293260E-06
-5.129391E-04
+3.818156E-05
-5.115533E-04
+7.016853E-05
-5.081749E-04
+1.021311E-04
-5.028016E-04
+1.339453E-04
-4.693057E-04
+1.428411E-04
-4.374515E-04
+1.501143E-04
-4.071978E-04
+1.559130E-04
-3.785010E-04
+1.603753E-04
-3.818877E-04
+1.796347E-04
-3.845931E-04
+1.995274E-04
-3.865741E-04
+2.200427E-04
-3.877874E-04
+2.411673E-04
-3.858938E-04
+2.620718E-04
-3.831026E-04
+2.833304E-04
-3.793808E-04
+3.049133E-04
-3.746959E-04
+3.267892E-04
-3.471750E-04
+3.630686E-04
-3.161671E-04
+3.970598E-04
-2.818595E-04
+4.284297E-04
-2.444711E-04
+4.568607E-04
-1.413315E-04
+5.673572E-04
+2.023853E-06
+6.597737E-04
+1.843878E-04
+7.213048E-04
+4.009022E-04
+7.382735E-04
+1.729738E-04
+4.665618E-04
+6.218500E-05
+2.880912E-04
+1.223556E-05
+1.741377E-04
-7.468351E-06
+1.031263E-04
+2.164845E-05
+1.159228E-04
+5.747566E-05
+1.216004E-04
+9.864200E-05
+1.174802E-04
+1.428585E-04
+1.010051E-04
+1.393601E-04
+1.069119E-04
+1.356196E-04
+1.127006E-04
+1.316409E-04
+1.183612E-04
+1.274281E-04
+1.238841E-04
+1.036683E-04
+1.259359E-04
+8.178661E-05
+1.253967E-04
+6.188107E-05
+1.226845E-04
+4.399868E-05
+1.181906E-04
+5.644143E-05
+1.247022E-04
+7.039933E-05
+1.308266E-04
+8.596903E-05
+1.364191E-04
+1.032443E-04
+1.413155E-04
+8.624592E-05
+1.247068E-04
+7.189678E-05
+1.099410E-04
+5.980070E-05
+9.683070E-05
+4.961882E-05
+8.520474E-05
+6.042864E-05
+6.869844E-05
+6.731668E-05
+5.173454E-05
+7.055198E-05
+3.505596E-05
+7.051251E-05
+1.929095E-05
+7.165882E-05
+2.743194E-05
+7.201535E-05
+3.605369E-05
+7.149732E-05
+4.509604E-05
+7.002243E-05
+5.448735E-05
+5.867764E-05
+5.747933E-05
+4.792817E-05
+5.903857E-05
+3.787690E-05
+5.934256E-05
+2.859989E-05
+5.856534E-05
+1.022212E-05
+4.744372E-05
-1.078595E-06
+3.612317E-05
-7.227577E-06
+2.592207E-05
-9.852027E-06
+1.744979E-05
-1.780906E-05
+1.995440E-05
-2.889762E-05
+2.095818E-05
-4.364318E-05
+1.911441E-05
-6.234802E-05
+1.251748E-05
-8.742842E-05
+3.753459E-05
-1.164419E-04
+8.188905E-05
-1.452568E-04
+1.557673E-04
-1.646853E-04
+2.728105E-04
-4.075601E-05
+2.152850E-04
+2.532678E-05
+1.485119E-04
+5.191309E-05
+8.964199E-05
+5.493903E-05
+4.533066E-05
+4.436458E-05
+6.758787E-05
+2.543033E-05
+8.817484E-05
-2.008528E-06
+1.041458E-04
-3.712062E-05
+1.122579E-04
-5.117893E-05
+1.237156E-04
-6.800036E-05
+1.354959E-04
-8.796879E-05
+1.474127E-04
-1.115024E-04
+1.592238E-04
-1.041767E-04
+1.652350E-04
-9.653148E-05
+1.709124E-04
-8.858195E-05
+1.762393E-04
-8.034391E-05
+1.811994E-04
-9.009153E-05
+1.981336E-04
-1.009697E-04
+2.166272E-04
-1.131052E-04
+2.368216E-04
-1.266393E-04
+2.588704E-04
-9.577982E-05
+2.684794E-04
-6.438319E-05
+2.745034E-04
-3.285583E-05
+2.769445E-04
-1.597074E-06
+2.758493E-04
+2.227682E-06
+2.650844E-04
+5.756055E-06
+2.546883E-04
+9.004658E-06
+2.446506E-04
+1.198947E-05
+2.349608E-04
+1.956806E-05
+2.270789E-04
+2.663850E-05
+2.191910E-04
+3.321675E-05
+2.113146E-04
+3.931885E-05
+2.034660E-04
+4.587766E-05
+2.104437E-04
+5.286492E-05
+2.175320E-04
+6.030013E-05
+2.247247E-04
+6.820341E-05
+2.320150E-04
+6.929673E-05
+2.174122E-04
+7.001603E-05
+2.036133E-04
+7.039974E-05
+1.905809E-04
+7.048320E-05
+1.782788E-04
+9.924867E-05
+1.741432E-04
+1.284141E-04
+1.656203E-04
+1.573465E-04
+1.524971E-04
+1.853591E-04
+1.346465E-04
+1.400667E-04
+1.457589E-04
+9.900045E-05
+1.483709E-04
+6.292599E-05
+1.442565E-04
+3.223280E-05
+1.350759E-04
+4.410337E-05
+1.338761E-04
+5.600755E-05
+1.316518E-04
+6.785848E-05
+1.283884E-04
+7.956697E-05
+1.240786E-04
+6.169844E-05
+1.413773E-04
+4.037278E-05
+1.562976E-04
+1.586803E-05
+1.681883E-04
+2.498261E-05
+2.022375E-04
