#I+1.668000E+03
+1.000000E+00
+8.010000E+02
+8.010000E+02
+1.000000E+01
+2.000000E+00
+3.000000E+00
+0.000000E+00
+1.000000E+00
+2.000000E+00
+5.000000E+00
+1.000000E+00
+2.497000E+03
-1.092400E+04
+2.025600E+04
-1.299100E+04
-1.119200E+04
+0.000000E+00
+0.000000E+00
+0.000000E+00
+0.000000E+00
+0.000000E+00
+0.000000E+00
+0.000000E+00
+0.000000E+00
+0.000000E+00
+0.000000E+00
+0.000000E+00
+0.000000E+00
+0.000000E+00
+0.000000E+00
+0.000000E+00
+0.000000E+00
+0.000000E+00
+0.000000E+00
+0.000000E+00
+1.000000E+00
+1.000000E+00
+1.000000E+00
+0.000000E+00
+0.000000E+00
+1.000000E+00
+0.000000E+00
+1.000000E+00
+2.000000E+00
+3.000000E+00
+4.500000E+01
+4.500000E+01
+0.000000E+00
+0.000000E+00
+2.000000E+00
+0.000000E+00
+0.000000E+00
+0.000000E+00
+8.000000E+02
+0.000000E+00
+1.250000E-03
+7.943275E+02
+0.000000E+00
+0.000000E+00
+0.000000E+00
+1.000000E+00
+1.000000E+00
+0.000000E+00
+0.000000E+00
+9.9999904632568339E+00
+9.9999904632568339E+00
+2.554352E-03
+7.215391E-03
+3.454771E-03
+6.960529E-03
+4.331184E-03
+6.593806E-03
+5.169750E-03
+6.117270E-03
+5.956772E-03
+5.534674E-03
+5.717755E-03
+4.745810E-03
+5.459388E-03
+4.038238E-03
+5.187514E-03
+3.405818E-03
+4.907151E-03
+2.842664E-03
+5.047525E-03
+3.403965E-03
+5.156766E-03
+4.015415E-03
+5.228984E-03
+4.678301E-03
+5.257783E-03
+5.393558E-03
+5.189392E-03
+5.053821E-03
+5.115156E-03
+4.728920E-03
+5.035670E-03
+4.418424E-03
+4.951495E-03
+4.121910E-03
+5.091489E-03
+4.241099E-03
+5.235440E-03
+4.363730E-03
+5.383461E-03
+4.489911E-03
+5.535671E-03
+4.619741E-03
+5.816328E-03
+4.751123E-03
+6.110094E-03
+4.884896E-03
+6.417531E-03
+5.021009E-03
+6.739241E-03
+5.159418E-03
+6.675028E-03
+4.691592E-03
+6.595028E-03
+4.244768E-03
+6.500688E-03
+3.818731E-03
+6.393391E-03
+3.413222E-03
+6.111507E-03
+3.521872E-03
+5.833880E-03
+3.618672E-03
+5.560764E-03
+3.704076E-03
+5.292394E-03
+3.778537E-03
+5.111170E-03
+4.401003E-03
+4.865401E-03
+5.026919E-03
+4.552639E-03
+5.650326E-03
+4.170914E-03
+6.264835E-03
+4.019550E-03
+5.891723E-03
+3.872112E-03
+5.539789E-03
+3.728626E-03
+5.207882E-03
+3.589095E-03
+4.894913E-03
+4.135448E-03
+4.776857E-03
+4.692384E-03
+4.608427E-03
+5.256061E-03
+4.386839E-03
+5.822272E-03
+4.109538E-03
+5.111716E-03
+4.365976E-03
+4.422014E-03
+4.545105E-03
+3.758616E-03
+4.653425E-03
+3.126081E-03
+4.697529E-03
+3.504045E-03
+4.597194E-03
+3.883856E-03
+4.469818E-03
+4.263782E-03
+4.314682E-03
+4.642001E-03
+4.131152E-03
+4.441143E-03
+3.629337E-03
+4.236431E-03
+3.174380E-03
+4.029981E-03
+2.762783E-03
+3.823614E-03
+2.391237E-03
+3.783818E-03
+3.211747E-03
+3.610070E-03
+4.098951E-03
+3.279853E-03
+5.037487E-03
+2.771081E-03
+6.007058E-03
+3.445532E-03
+5.350969E-03
+4.000052E-03
+4.635490E-03
+4.432357E-03
+3.879515E-03
+4.742797E-03
+3.101355E-03
+5.131445E-03
+3.128578E-03
+5.544336E-03
+3.144411E-03
+5.982541E-03
+3.147357E-03
+6.447147E-03
+3.135795E-03
+6.697933E-03
+3.065278E-03
+6.953827E-03
+2.986791E-03
+7.214778E-03
+2.899994E-03
+7.480712E-03
+2.804530E-03
+7.196424E-03
+3.092693E-03
+6.904677E-03
+3.361750E-03
+6.606507E-03
+3.611751E-03
+6.302929E-03
+3.842789E-03
+6.442935E-03
+3.601335E-03
+6.573695E-03
+3.354789E-03
+6.695024E-03
+3.103507E-03
+6.806758E-03
+2.847849E-03
+6.583265E-03
+3.396152E-03
+6.315610E-03
+3.926926E-03
+6.005167E-03
+4.436613E-03
+5.653593E-03
+4.921763E-03
+6.313064E-03
+3.752129E-03
+6.743508E-03
+2.509007E-03
+6.940299E-03
+1.235237E-03
+6.906490E-03
-2.708029E-05
+7.126353E-03
+4.408453E-04
+7.321394E-03
+9.384657E-04
+7.488818E-03
+1.465033E-03
+7.625789E-03
+2.019588E-03
+7.669524E-03
+2.124965E-03
+7.712434E-03
+2.231769E-03
+7.754493E-03
+2.340004E-03
+7.795676E-03
+2.449672E-03
+7.831747E-03
+2.133415E-03
+7.855454E-03
+1.818116E-03
+7.866928E-03
+1.504240E-03
+7.866314E-03
+1.192245E-03
+7.818984E-03
+1.958323E-03
+7.697632E-03
+2.726401E-03
+7.501434E-03
+3.489382E-03
+7.230240E-03
+4.240026E-03
+7.230257E-03
+4.289049E-03
+7.230024E-03
+4.338217E-03
+7.229543E-03
+4.387529E-03
+7.228811E-03
+4.436986E-03
+7.168659E-03
+3.576644E-03
+7.040880E-03
+2.772129E-03
+6.854088E-03
+2.025737E-03
+6.616586E-03
+1.338916E-03
+6.739200E-03
+1.160156E-03
+6.858070E-03
+9.755277E-04
+6.972977E-03
+7.850690E-04
+7.083694E-03
+5.888235E-04
+7.446534E-03
+1.115704E-03
+7.793368E-03
+1.697890E-03
+8.119432E-03
+2.337420E-03
+8.419545E-03
+3.036118E-03
+8.759143E-03
+2.566815E-03
+9.075629E-03
+2.067988E-03
+9.366760E-03
+1.540545E-03
+9.630302E-03
+9.855500E-04
+1.009444E-02
+3.772518E-04
+1.053674E-02
-2.874471E-04
+1.095252E-02
-1.009404E-03
+1.133682E-02
-1.789197E-03
+1.017446E-02
+2.244962E-05
+8.903122E-03
+1.445403E-03
+7.590850E-03
+2.512839E-03
+6.292566E-03
+3.263333E-03
+7.185354E-03
+3.277122E-03
+8.179540E-03
+3.242236E-03
+9.283805E-03
+3.147488E-03
+1.050720E-02
+2.979939E-03
+1.029105E-02
+2.940175E-03
+1.007931E-02
+2.900796E-03
+9.871883E-03
+2.861805E-03
+9.668695E-03
+2.823203E-03
+9.727737E-03
+2.642205E-03
+9.783396E-03
+2.459985E-03
+9.835647E-03
+2.276606E-03
+9.884456E-03
+2.092128E-03
+1.021801E-02
+1.843934E-03
+1.055297E-02
+1.578689E-03
+1.088886E-02
+1.295888E-03
+1.122517E-02
+9.950215E-04
+1.085279E-02
+1.160254E-03
+1.048929E-02
+1.313737E-03
+1.013459E-02
+1.455998E-03
+9.788616E-03
+1.587544E-03
+1.013443E-02
+1.551915E-03
+1.049163E-02
+1.511922E-03
+1.086055E-02
+1.467315E-03
+1.124154E-02
+1.417828E-03
+1.079612E-02
+1.441234E-03
+1.036779E-02
+1.460629E-03
+9.955918E-03
+1.476288E-03
+9.559890E-03
+1.488468E-03
+1.095382E-02
+1.789747E-03
+1.255027E-02
+2.147350E-03
+1.437857E-02
+2.571310E-03
+1.647225E-02
+3.073387E-03
+1.488891E-02
+2.842471E-03
+1.345752E-02
+2.627596E-03
+1.216352E-02
+2.427807E-03
+1.099374E-02
+2.242183E-03
+1.128386E-02
+1.855394E-03
+1.156428E-02
+1.450170E-03
+1.183409E-02
+1.026550E-03
+1.209238E-02
+5.846074E-04
+1.315306E-02
+7.958679E-04
+1.430467E-02
+1.039794E-03
+1.555480E-02
+1.320471E-03
+1.691169E-02
+1.642449E-03
+1.615585E-02
+2.544024E-03
+1.537811E-02
+3.367139E-03
+1.458380E-02
+4.113614E-03
+1.377795E-02
+4.785498E-03
+1.496701E-02
+3.878789E-03
+1.614589E-02
+2.819113E-03
+1.730093E-02
+1.598683E-03
+1.841705E-02
+2.104333E-04
+1.853279E-02
+1.006989E-03
+1.861491E-02
+1.813940E-03
+1.866276E-02
+2.629906E-03
+1.867573E-02
+3.453470E-03
+1.951831E-02
+3.238709E-03
+2.039180E-02
+2.998854E-03
+2.129700E-02
+2.732270E-03
+2.223473E-02
+2.437236E-03
+2.158831E-02
+1.797020E-03
+2.094628E-02
+1.193549E-03
+2.030943E-02
+6.255402E-04
+1.967848E-02
+9.173467E-05
+1.990780E-02
+7.655859E-04
+2.011679E-02
+1.455237E-03
+2.030468E-02
+2.160181E-03
+2.047068E-02
+2.879874E-03
+2.143883E-02
+2.260022E-03
+2.242537E-02
+1.578950E-03
+2.342888E-02
+8.334074E-04
+2.444772E-02
+2.005818E-05
+2.356836E-02
+1.262697E-03
+2.265739E-02
+2.415969E-03
+2.172050E-02
+3.481476E-03
+2.076307E-02
+4.461055E-03
+2.247261E-02
+3.497346E-03
+2.424134E-02
+2.362223E-03
+2.606286E-02
+1.040202E-03
+2.792937E-02
-4.848787E-04
+2.854540E-02
-1.670648E-05
+2.916681E-02
+4.722118E-04
+2.979336E-02
+9.824193E-04
+3.042478E-02
+1.514468E-03
+3.072056E-02
+4.083906E-04
+3.097802E-02
-7.172852E-04
+3.119615E-02
-1.861307E-03
+3.137399E-02
-3.022374E-03
+3.272454E-02
-4.339051E-03
+3.408875E-02
-5.767769E-03
+3.546310E-02
-7.314268E-03
+3.684362E-02
-8.984426E-03
+3.729873E-02
-8.761106E-03
+3.775658E-02
-8.531602E-03
+3.821718E-02
-8.295821E-03
+3.868047E-02
-8.053662E-03
+4.053945E-02
-1.212848E-02
+4.215080E-02
-1.664653E-02
+4.345740E-02
-2.161491E-02
+4.439766E-02
-2.703600E-02
+3.926209E-02
-3.773616E-02
+3.157900E-02
-4.751220E-02
+2.150058E-02
-5.576437E-02
+9.318722E-03
-6.191391E-02
+2.511952E-03
-5.960845E-02
-3.701628E-03
-5.672979E-02
-9.294732E-03
-5.336858E-02
-1.425075E-02
-4.961351E-02
-1.255663E-02
-5.049277E-02
-1.081825E-02
-5.131706E-02
-9.037288E-03
-5.208433E-02
-7.215490E-03
-5.279265E-02
-9.599844E-03
-5.145629E-02
-1.187560E-02
-5.003122E-02
-1.404058E-02
-4.852431E-02
-1.609294E-02
-4.694236E-02
-1.858081E-02
-4.297600E-02
-2.063010E-02
-3.906258E-02
-2.227074E-02
-3.523112E-02
-2.353298E-02
-3.150671E-02
-2.378259E-02
-3.084930E-02
-2.401989E-02
-3.019445E-02
-2.424503E-02
-2.954230E-02
-2.445815E-02
-2.889299E-02
-2.342373E-02
-3.015305E-02
-2.232790E-02
-3.137907E-02
-2.117165E-02
-3.256815E-02
-1.995607E-02
-3.371749E-02
-1.944463E-02
-3.189982E-02
-1.893447E-02
-3.017314E-02
-1.842668E-02
-2.853320E-02
-1.792220E-02
-2.697593E-02
-1.819095E-02
-2.615194E-02
-1.843796E-02
-2.533599E-02
-1.866372E-02
-2.452839E-02
-1.886879E-02
-2.372944E-02
-1.697552E-02
-2.479538E-02
-1.502830E-02
-2.571525E-02
-1.303808E-02
-2.648690E-02
-1.101585E-02
-2.710896E-02
-1.134726E-02
-2.761540E-02
-1.168742E-02
-2.813081E-02
-1.203653E-02
-2.865533E-02
-1.239482E-02
-2.918912E-02
-1.131031E-02
-2.905541E-02
-1.024850E-02
-2.889165E-02
-9.209881E-03
-2.869905E-02
-8.194925E-03
-2.847878E-02
-8.133078E-03
-2.851644E-02
-8.071097E-03
-2.855397E-02
-8.008992E-03
-2.859140E-02
-7.946754E-03
-2.862869E-02
-7.496622E-03
-2.876556E-02
-7.044152E-03
-2.889536E-02
-6.589451E-03
-2.901804E-02
-6.132630E-03
-2.913358E-02
-6.235030E-03
-2.854053E-02
-6.331076E-03
-2.795785E-02
-6.420967E-03
-2.738541E-02
-6.504891E-03
-2.682303E-02
-4.943394E-03
-2.912970E-02
-3.103640E-03
-3.147634E-02
-9.637492E-04
-3.384491E-02
+1.498295E-03
-3.621445E-02
+2.273364E-03
-3.842572E-02
+3.138033E-03
-4.075914E-02
+4.100141E-03
-4.322054E-02
+5.168119E-03
-4.581603E-02
+4.742972E-03
-4.937577E-02
+4.222219E-03
-5.319736E-02
+3.593964E-03
-5.729892E-02
+2.845093E-03
-6.169977E-02
+1.014155E-03
-6.598021E-02
-1.081452E-03
-7.049106E-02
-3.467247E-03
-7.523926E-02
-6.170719E-03
-8.023147E-02
-1.268508E-02
-8.360685E-02
-1.977393E-02
-8.663954E-02
-2.743830E-02
-8.926846E-02
-3.567453E-02
-9.142955E-02
-4.379573E-02
-8.932479E-02
-5.182032E-02
-8.650936E-02
-5.968694E-02
-8.298437E-02
-6.733383E-02
-7.875608E-02
-6.869422E-02
-7.180466E-02
-6.962444E-02
-6.507550E-02
-7.015465E-02
-5.858224E-02
-7.031448E-02
-5.233625E-02
-7.507692E-02
-5.337220E-02
-8.010431E-02
-5.435128E-02
-8.540876E-02
-5.526451E-02
-9.100281E-02
-5.610221E-02
-9.489568E-02
-4.686861E-02
-9.787749E-02
-3.740672E-02
-9.994008E-02
-2.780418E-02
-1.010836E-01
-1.814818E-02
-9.781192E-02
-1.386887E-02
-9.451552E-02
-9.871004E-03
-9.120528E-02
-6.144569E-03
-8.789141E-02
-2.679528E-03
-8.130710E-02
+2.135768E-03
-7.497396E-02
+6.237253E-03
-6.891029E-02
+9.692719E-03
-6.312923E-02
+1.256569E-02
-5.794192E-02
+1.466761E-02
-5.303117E-02
+1.636904E-02
-4.839597E-02
+1.771232E-02
-4.403346E-02
+1.873663E-02
-3.889031E-02
+1.310049E-02
-3.411933E-02
+8.622596E-03
-2.974332E-02
+5.110332E-03
-2.576903E-02
+2.397483E-03
-2.417617E-02
+1.507751E-03
-2.266060E-02
+7.208226E-04
-2.122029E-02
+2.786299E-05
-1.985306E-02
-5.793405E-04
-2.238002E-02
-5.033814E-03
-2.426279E-02
-1.064104E-02
-2.516111E-02
-1.741315E-02
-2.468650E-02
-2.528882E-02
-3.125335E-02
-2.816005E-02
-3.927318E-02
-3.107039E-02
-4.902204E-02
-3.391648E-02
-6.081999E-02
-3.655446E-02
-6.595902E-02
-2.301123E-02
-6.819107E-02
-8.926490E-03
-6.751268E-02
+5.096135E-03
-6.404184E-02
+1.847420E-02
-6.011359E-02
+1.298403E-02
-5.615262E-02
+8.176809E-03
-5.220448E-02
+4.000331E-03
-4.830772E-02
+4.036646E-04
-4.633702E-02
+4.393405E-04
-4.444665E-02
+4.714344E-04
-4.263336E-02
+5.001788E-04
-4.089401E-02
+5.258057E-04
-3.976934E-02
+1.351090E-03
-3.865837E-02
+2.130804E-03
-3.756165E-02
+2.866472E-03
-3.647970E-02
+3.559575E-03
-3.664637E-02
+3.725420E-03
-3.681321E-02
+3.892768E-03
-3.698017E-02
+4.061622E-03
-3.714731E-02
+4.232005E-03
-3.703081E-02
+4.654395E-03
-3.690965E-02
+5.074670E-03
-3.678384E-02
+5.492779E-03
-3.665339E-02
+5.908671E-03
-3.526073E-02
+4.715509E-03
-3.389605E-02
+3.608507E-03
-3.256036E-02
+2.583315E-03
-3.125458E-02
+1.635729E-03
-3.210736E-02
+1.939362E-03
-3.298128E-02
+2.258459E-03
-3.387678E-02
+2.593622E-03
-3.479432E-02
+2.945485E-03
-3.344821E-02
+3.108319E-03
-3.215196E-02
+3.254331E-03
-3.090386E-02
+3.384554E-03
-2.970218E-02
+3.499962E-03
-2.994907E-02
+3.004318E-03
-3.018887E-02
+2.501269E-03
-3.042140E-02
+1.990892E-03
-3.064651E-02
+1.473267E-03
-3.085485E-02
+1.703043E-03
-3.106302E-02
+1.935952E-03
-3.127103E-02
+2.172013E-03
-3.147884E-02
+2.411255E-03
-3.183965E-02
+2.305298E-03
-3.220402E-02
+2.196637E-03
-3.257199E-02
+2.085231E-03
-3.294361E-02
+1.971025E-03
-3.231999E-02
+1.919914E-03
-3.170816E-02
+1.870031E-03
-3.110791E-02
+1.821350E-03
-3.051901E-02
+1.773841E-03
-3.096597E-02
+2.675971E-03
-3.139438E-02
+3.605602E-03
-3.180318E-02
+4.562649E-03
-3.219128E-02
+5.547001E-03
-3.183582E-02
+5.600591E-03
-3.148388E-02
+5.652388E-03
-3.113543E-02
+5.702428E-03
-3.079043E-02
+5.750739E-03
-3.142861E-02
+5.102401E-03
-3.206152E-02
+4.428170E-03
-3.268849E-02
+3.727749E-03
-3.330875E-02
+3.000854E-03
-3.263543E-02
+3.380765E-03
-3.196991E-02
+3.744610E-03
-3.131231E-02
+4.092799E-03
-3.066266E-02
+4.425735E-03
-3.088946E-02
+4.073762E-03
-3.111323E-02
+3.717023E-03
-3.133386E-02
+3.355530E-03
-3.155125E-02
+2.989294E-03
-3.052558E-02
+3.926565E-03
-2.949964E-02
+4.802928E-03
-2.847541E-02
+5.620158E-03
-2.745477E-02
+6.380054E-03
-2.764619E-02
+6.080885E-03
-2.783486E-02
+5.778183E-03
-2.802073E-02
+5.471964E-03
-2.820374E-02
+5.162251E-03
-2.925814E-02
+5.818238E-03
-3.034463E-02
+6.517400E-03
-3.146378E-02
+7.261992E-03
-3.261621E-02
+8.054355E-03
-3.309687E-02
+6.829017E-03
-3.353242E-02
+5.578705E-03
-3.392167E-02
+4.305043E-03
-3.426342E-02
+3.009712E-03
-3.267320E-02
+3.219373E-03
-3.115327E-02
+3.403401E-03
-2.970065E-02
+3.563672E-03
-2.831252E-02
+3.701943E-03
-2.929489E-02
+4.678021E-03
-3.028639E-02
+5.720639E-03
-3.128543E-02
+6.832630E-03
-3.229021E-02
+8.016897E-03
-3.309303E-02
+7.545971E-03
-3.390268E-02
+7.049927E-03
-3.471886E-02
+6.528125E-03
-3.554117E-02
+5.979924E-03
-3.555147E-02
+6.113202E-03
-3.556127E-02
+6.246638E-03
-3.557061E-02
+6.380229E-03
-3.557947E-02
+6.513973E-03
-3.694538E-02
+6.266502E-03
-3.835700E-02
+5.991661E-03
-3.981560E-02
+5.687852E-03
-4.132243E-02
+5.353392E-03
-4.147603E-02
+6.320926E-03
-4.160882E-02
+7.298349E-03
-4.172043E-02
+8.285252E-03
-4.181052E-02
+9.281235E-03
-4.302891E-02
+1.135701E-02
-4.420852E-02
+1.356239E-02
-4.534251E-02
+1.590071E-02
-4.642368E-02
+1.837519E-02
-4.522925E-02
+2.261830E-02
-4.365138E-02
+2.679483E-02
-4.169246E-02
+3.087052E-02
-3.935789E-02
+3.481097E-02
-3.111846E-02
+3.697503E-02
-2.333042E-02
+3.783377E-02
-1.612894E-02
+3.756572E-02
-9.612942E-03
+3.635151E-02
-7.953180E-03
+3.576822E-02
-6.359613E-03
+3.513602E-02
-4.832405E-03
+3.445875E-02
-3.371552E-03
+3.374017E-02
-2.852910E-03
+3.033181E-02
-2.404740E-03
+2.726683E-02
-2.018091E-03
+2.451071E-02
-1.685117E-03
+2.203243E-02
-2.318874E-03
+2.191496E-02
-2.947250E-03
+2.177949E-02
-3.569740E-03
+2.162621E-02
-4.185838E-03
+2.145535E-02
-5.313841E-03
+2.184591E-02
-6.491215E-03
+2.219390E-02
-7.717303E-03
+2.249584E-02
-8.991281E-03
+2.274815E-02
-1.018798E-02
+2.280034E-02
-1.141092E-02
+2.280007E-02
-1.265826E-02
+2.274511E-02
-1.392805E-02
+2.263328E-02
-1.331848E-02
+2.642917E-02
-1.228378E-02
+3.058364E-02
-1.074350E-02
+3.509588E-02
-8.608414E-03
+3.995737E-02
-5.923341E-03
+4.050247E-02
-3.203876E-03
+4.086716E-02
-4.621355E-04
+4.104929E-02
+2.289621E-03
+4.104748E-02
+1.219330E-02
+3.832036E-02
+2.090788E-02
+3.331860E-02
+2.794068E-02
+2.645273E-02
+3.292524E-02
+1.823195E-02
+3.552254E-02
+9.336179E-03
+3.584244E-02
+2.980262E-04
+3.397397E-02
-8.327762E-03
+3.013467E-02
-1.603782E-02
+2.103025E-02
-2.396837E-02
+1.045553E-02
-2.788940E-02
-7.912797E-05
-2.782151E-02
-9.260895E-03
-2.428173E-02
-1.055229E-02
-2.023831E-02
-1.126689E-02
-1.657953E-02
-1.151752E-02
-1.331506E-02
-1.140358E-02
-1.044182E-02
-1.174694E-02
-7.769977E-03
-1.167528E-02
-5.317257E-03
-1.126143E-02
-3.120798E-03
-1.057624E-02
-1.203635E-03
-1.092743E-02
-1.691807E-03
-1.127154E-02
-2.213207E-03
-1.160690E-02
-2.768797E-03
-1.193174E-02
-3.359514E-03
-1.166584E-02
-3.236504E-03
-1.140569E-02
-3.117359E-03
-1.115116E-02
-3.001967E-03
-1.090214E-02
-2.890218E-03
-1.128264E-02
-3.551809E-03
-1.164948E-02
-4.263203E-03
-1.199961E-02
-5.026118E-03
-1.232975E-02
-5.842206E-03
-1.223566E-02
-6.065174E-03
-1.213755E-02
-6.286644E-03
-1.203543E-02
-6.506546E-03
-1.192935E-02
-6.724796E-03
-1.283756E-02
-7.164800E-03
-1.381459E-02
-7.633007E-03
-1.486563E-02
-8.131178E-03
-1.599625E-02
-8.661175E-03
-1.641152E-02
-9.193944E-03
-1.683297E-02
-9.751009E-03
-1.726049E-02
-1.033330E-02
-1.769387E-02
-1.094177E-02
-1.753565E-02
-9.815687E-03
-1.733563E-02
-8.735603E-03
-1.709718E-02
-7.701661E-03
-1.682360E-02
-6.713876E-03
-1.916325E-02
-9.205515E-03
-2.170381E-02
-1.231000E-02
-2.443068E-02
-1.614814E-02
-2.731713E-02
-2.086024E-02
-2.888615E-02
-1.717327E-02
-2.999348E-02
-1.341534E-02
-3.064439E-02
-9.640632E-03
-3.085017E-02
-5.901192E-03
-3.046795E-02
-4.622458E-03
-3.004501E-02
-3.383198E-03
-2.958364E-02
-2.184174E-03
-2.908609E-02
-1.026051E-03
-2.816365E-02
-2.207468E-03
-2.721986E-02
-3.314703E-03
-2.625846E-02
-4.349110E-03
-2.528302E-02
-5.312146E-03
-2.462902E-02
-6.182303E-03
-2.395347E-02
-7.011971E-03
-2.325832E-02
-7.801046E-03
-2.254546E-02
-8.549513E-03
-2.415430E-02
-1.089819E-02
-2.576074E-02
-1.358298E-02
-2.734187E-02
-1.663629E-02
-2.887041E-02
-2.009216E-02
-2.755671E-02
-2.484269E-02
-2.555395E-02
-2.964044E-02
-2.282387E-02
-3.439651E-02
-1.933819E-02
-3.901278E-02
-2.212014E-02
-4.817883E-02
-2.517349E-02
-5.943460E-02
-2.848137E-02
-7.324336E-02
-3.200635E-02
-9.016825E-02
-5.298332E-02
-9.136347E-02
-7.598759E-02
-8.841403E-02
-1.003528E-01
-8.055677E-02
-1.252011E-01
-6.709851E-02
-1.302597E-01
-6.013522E-02
-1.349421E-01
-5.281094E-02
-1.392232E-01
-4.514528E-02
-1.430797E-01
-3.715961E-02
-1.466627E-01
-2.451778E-02
-1.491294E-01
-1.153271E-02
-1.504470E-01
+1.697037E-03
-1.505914E-01
+1.506985E-02
-1.516667E-01
+2.408078E-02
-1.522287E-01
+3.327180E-02
-1.522599E-01
+4.261517E-02
-1.517446E-01
+5.208183E-02
-1.461518E-01
+6.452347E-02
-1.395490E-01
+7.639457E-02
-1.319928E-01
+8.761407E-02
-1.235456E-01
+9.810628E-02
-1.157648E-01
+9.982480E-02
-1.081645E-01
+1.011836E-01
-1.007529E-01
+1.022011E-01
-9.353758E-02
+1.028957E-01
-9.568159E-02
+9.777679E-02
-9.760426E-02
+9.266664E-02
-9.930970E-02
+8.757313E-02
-1.008021E-01
+8.250393E-02
-1.019111E-01
+8.558534E-02
-1.030042E-01
+8.874758E-02
-1.040800E-01
+9.199210E-02
-1.051372E-01
+9.532048E-02
-1.090092E-01
+9.645610E-02
-1.129944E-01
+9.757279E-02
-1.170954E-01
+9.866862E-02
-1.213149E-01
+9.974162E-02
-1.227946E-01
+1.079101E-01
-1.240546E-01
+1.164583E-01
-1.250730E-01
+1.253942E-01
-1.258270E-01
+1.347251E-01
-1.187768E-01
+1.477013E-01
-1.105618E-01
+1.604706E-01
-1.011683E-01
+1.729391E-01
-9.058930E-02
+1.850097E-01
-6.449686E-02
+1.997049E-01
-3.605350E-02
+2.107361E-01
-5.771157E-03
+2.177317E-01
+2.577992E-02
+2.203911E-01
+4.337744E-02
+2.139542E-01
+6.010135E-02
+2.061980E-01
+7.586043E-02
+1.972201E-01
+9.057324E-02
+1.871237E-01
+9.953977E-02
+1.792980E-01
+1.079388E-01
+1.710952E-01
+1.157582E-01
+1.625523E-01
+1.229876E-01
+1.537069E-01
+1.259352E-01
+1.484300E-01
+1.286987E-01
+1.431304E-01
+1.312795E-01
+1.378135E-01
+1.336791E-01
+1.324847E-01
+1.373968E-01
+1.245540E-01
+1.407089E-01
+1.165843E-01
+1.436198E-01
+1.085940E-01
+1.461349E-01
+1.006011E-01
+1.472289E-01
+9.459142E-02
+1.481188E-01
+8.863227E-02
+1.488089E-01
+8.272944E-02
+1.493038E-01
+7.688825E-02
+1.472068E-01
+6.971295E-02
+1.449426E-01
+6.282531E-02
+1.425255E-01
+5.622194E-02
+1.399694E-01
+4.989906E-02
+1.407744E-01
+5.081942E-02
+1.415816E-01
+5.174964E-02
+1.423908E-01
+5.268977E-02
+1.432020E-01
+5.363991E-02
+1.455126E-01
+4.770326E-02
+1.475770E-01
+4.166722E-02
+1.493911E-01
+3.554197E-02
+1.509511E-01
+2.933796E-02
+1.490372E-01
+1.889411E-02
+1.465000E-01
+8.836249E-03
+1.433799E-01
-8.052782E-04
+1.397185E-01
-1.000347E-02
+1.347531E-01
-1.107497E-02
+1.299497E-01
-1.205870E-02
+1.253035E-01
-1.295939E-02
+1.208099E-01
-1.378150E-02
+1.196069E-01
-1.605061E-02
+1.183686E-01
-1.827856E-02
+1.170961E-01
-2.046498E-02
+1.157903E-01
-2.260950E-02
+1.123853E-01
-2.193289E-02
+1.090804E-01
-2.127652E-02
+1.058727E-01
-2.063979E-02
+1.027594E-01
-2.002211E-02
+1.004242E-01
-2.184882E-02
+9.809332E-02
-2.359169E-02
+9.576838E-02
-2.525235E-02
+9.345101E-02
-2.683246E-02
+9.278788E-02
-2.601032E-02
+9.212552E-02
-2.519964E-02
+9.146397E-02
-2.440030E-02
+9.080331E-02
-2.361220E-02
+8.847870E-02
-2.564596E-02
+8.614181E-02
-2.757878E-02
+8.379556E-02
-2.941221E-02
+8.144285E-02
-3.114779E-02
+7.926802E-02
-3.252324E-02
+7.709907E-02
-3.382296E-02
+7.493772E-02
-3.504845E-02
+7.278551E-02
-3.620128E-02
+7.171027E-02
-3.580757E-02
+7.065071E-02
-3.541770E-02
+6.960656E-02
-3.503165E-02
+6.857763E-02
-3.464929E-02
+6.631227E-02
-3.613002E-02
+6.404172E-02
-3.751556E-02
+6.176891E-02
-3.880743E-02
+5.949675E-02
-4.000723E-02
+5.666853E-02
-3.995294E-02
+5.393524E-02
-3.983999E-02
+5.129499E-02
-3.967235E-02
+4.874588E-02
-3.945378E-02
+4.676072E-02
-3.889123E-02
+4.484291E-02
-3.832000E-02
+4.299048E-02
-3.774121E-02
+4.120155E-02
-3.715593E-02
+3.911714E-02
-3.439917E-02
+3.712787E-02
-3.183553E-02
+3.523023E-02
-2.945209E-02
+3.342070E-02
-2.723673E-02
+3.200073E-02
-2.604265E-02
+3.064109E-02
-2.490089E-02
+2.933918E-02
-2.380916E-02
+2.809254E-02
-2.276526E-02
+2.650041E-02
-2.091352E-02
+2.499173E-02
-1.920405E-02
+2.356268E-02
-1.762637E-02
+2.220956E-02
-1.617077E-02
+2.347643E-02
-1.150297E-02
+2.389598E-02
-6.919579E-03
+2.353526E-02
-2.554682E-03
+2.247916E-02
+1.477068E-03
+2.656257E-02
+1.168016E-03
+3.137297E-02
+6.989130E-04
+3.703711E-02
+2.236270E-05
+4.370337E-02
-9.208053E-04
+4.357270E-02
-3.029622E-03
+4.334045E-02
-5.127969E-03
+4.300732E-02
-7.210962E-03
+4.257422E-02
-9.273751E-03
+4.230400E-02
-1.117687E-02
+4.194918E-02
-1.307427E-02
+4.150973E-02
-1.496219E-02
+4.098579E-02
-1.683689E-02
+4.022802E-02
-1.739668E-02
+3.946839E-02
-1.793654E-02
+3.870732E-02
-1.845662E-02
+3.794519E-02
-1.895716E-02
+3.830586E-02
-1.967356E-02
+3.866387E-02
-2.040489E-02
+3.901904E-02
-2.115134E-02
+3.937120E-02
-2.191309E-02
+3.855806E-02
-2.188614E-02
+3.775821E-02
-2.185290E-02
+3.697147E-02
-2.181360E-02
+3.619768E-02
-2.176843E-02
+3.611910E-02
-2.213188E-02
+3.603723E-02
-2.249569E-02
+3.595211E-02
-2.285985E-02
+3.586368E-02
-2.322433E-02
+3.612005E-02
-2.377764E-02
+3.637531E-02
-2.433958E-02
+3.662937E-02
-2.491025E-02
+3.688218E-02
-2.548975E-02
+3.932736E-02
-2.511429E-02
+4.185637E-02
-2.463111E-02
+4.446851E-02
-2.403270E-02
+4.716272E-02
-2.331134E-02
+4.688225E-02
-2.886176E-02
+4.605194E-02
-3.461792E-02
+4.462878E-02
-4.053520E-02
+4.257230E-02
-4.656281E-02
+4.143537E-02
-4.618184E-02
+4.032085E-02
-4.579670E-02
+3.922839E-02
-4.540769E-02
+3.815769E-02
-4.501507E-02
+3.918041E-02
-4.581914E-02
+4.022876E-02
-4.663607E-02
+4.130336E-02
-4.746603E-02
+4.240487E-02
-4.830920E-02
+4.387187E-02
-5.253399E-02
+4.532271E-02
-5.706950E-02
+4.674818E-02
-6.193537E-02
+4.813800E-02
-6.715219E-02
+4.566390E-02
-7.484414E-02
+4.244133E-02
-8.278950E-02
+3.840687E-02
-9.094422E-02
+3.349680E-02
-9.925665E-02
+2.253700E-02
-1.047967E-01
+1.075182E-02
-1.091573E-01
-1.735653E-03
-1.122229E-01
-1.478683E-02
-1.138905E-01
-2.187226E-02
-1.122896E-01
-2.881521E-02
-1.102519E-01
-3.558902E-02
-1.077891E-01
-4.216789E-02
-1.049140E-01
-5.710826E-02
-1.026327E-01
-7.220830E-02
-9.833769E-02
-8.721085E-02
-9.194653E-02
-1.086345E-01
-1.236520E-01
