#I+8.670000E+02
+2.000000E+00
+8.010000E+02
+8.010000E+02
+1.000000E+01
+0.000000E+00
+3.000000E+00
+0.000000E+00
+1.000000E+00
+1.000000E+00
+1.000000E+00
+1.000000E+00
+2.497000E+03
-1.092400E+04
+2.025600E+04
-1.299100E+04
-1.119200E+04
+0.000000E+00
+0.000000E+00
+0.000000E+00
+0.000000E+00
+0.000000E+00
+0.000000E+00
+0.000000E+00
+0.000000E+00
+0.000000E+00
+0.000000E+00
+0.000000E+00
+0.000000E+00
+0.000000E+00
+0.000000E+00
+0.000000E+00
+0.000000E+00
+0.000000E+00
+0.000000E+00
+0.000000E+00
+1.000000E+00
+0.000000E+00
+1.000000E+00
+0.000000E+00
+0.000000E+00
+1.000000E+00
+0.000000E+00
+1.000000E+00
+2.000000E+00
+3.000000E+00
+4.500000E+01
+4.500000E+01
+0.000000E+00
+0.000000E+00
+2.000000E+00
+0.000000E+00
+0.000000E+00
+0.000000E+00
+0.000000E+00
+0.000000E+00
+2.499999E-03
+6.324552E-03
+0.000000E+00
+0.000000E+00
+0.000000E+00
+1.000000E+00
+1.000000E+00
+0.000000E+00
+0.000000E+00
+9.9999904632568339E+00
+9.9999904632568339E+00
+5.089689E-07
+5.271145E-07
+5.459070E-07
+5.653695E-07
+5.855261E-07
+6.022093E-07
+6.193678E-07
+6.370153E-07
+6.551656E-07
+6.693847E-07
+6.839124E-07
+6.987553E-07
+7.139205E-07
+7.398197E-07
+7.666586E-07
+7.944710E-07
+8.232925E-07
+8.469848E-07
+8.713590E-07
+8.964346E-07
+9.222317E-07
+9.560738E-07
+9.911577E-07
+1.027529E-06
+1.065235E-06
+1.100493E-06
+1.136917E-06
+1.174546E-06
+1.213421E-06
+1.263089E-06
+1.314790E-06
+1.368607E-06
+1.424627E-06
+1.468491E-06
+1.513705E-06
+1.560312E-06
+1.608354E-06
+1.669945E-06
+1.733894E-06
+1.800292E-06
+1.869233E-06
+1.934318E-06
+2.001670E-06
+2.071368E-06
+2.143492E-06
+2.230617E-06
+2.321282E-06
+2.415633E-06
+2.513820E-06
+2.623141E-06
+2.737215E-06
+2.856251E-06
+2.980464E-06
+3.085214E-06
+3.193645E-06
+3.305887E-06
+3.422076E-06
+3.581524E-06
+3.748401E-06
+3.923054E-06
+4.105844E-06
+4.265669E-06
+4.431717E-06
+4.604227E-06
+4.783455E-06
+5.034901E-06
+5.299565E-06
+5.578140E-06
+5.871359E-06
+6.125110E-06
+6.389828E-06
+6.665986E-06
+6.954077E-06
+7.368877E-06
+7.808419E-06
+8.274180E-06
+8.767721E-06
+9.178488E-06
+9.608497E-06
+1.005865E-05
+1.052989E-05
+1.117485E-05
+1.185931E-05
+1.258570E-05
+1.335658E-05
+1.419240E-05
+1.508052E-05
+1.602422E-05
+1.702696E-05
+1.806791E-05
+1.917249E-05
+2.034460E-05
+2.158837E-05
+2.338861E-05
+2.533897E-05
+2.745197E-05
+2.974115E-05
+3.121250E-05
+3.275664E-05
+3.437718E-05
+3.607786E-05
+3.933537E-05
+4.288700E-05
+4.675931E-05
+5.098125E-05
+5.293468E-05
+5.496296E-05
+5.706897E-05
+5.925568E-05
+6.248781E-05
+6.589625E-05
+6.949060E-05
+7.328100E-05
+7.541284E-05
+7.760670E-05
+7.986439E-05
+8.218778E-05
+8.229247E-05
+8.239731E-05
+8.250227E-05
+8.260734E-05
+8.384423E-05
+8.509964E-05
+8.637385E-05
+8.766717E-05
+8.705702E-05
+8.645112E-05
+8.584945E-05
+8.525194E-05
+8.401317E-05
+8.279239E-05
+8.158936E-05
+8.040381E-05
+7.795766E-05
+7.558594E-05
+7.328637E-05
+7.105674E-05
+6.939552E-05
+6.777313E-05
+6.618867E-05
+6.464125E-05
+6.217285E-05
+5.979872E-05
+5.751524E-05
+5.531895E-05
+5.285448E-05
+5.049982E-05
+4.825005E-05
+4.610050E-05
+4.421649E-05
+4.240948E-05
+4.067631E-05
+3.901398E-05
+3.801691E-05
+3.704532E-05
+3.609856E-05
+3.517599E-05
+3.440785E-05
+3.365648E-05
+3.292153E-05
+3.220262E-05
+3.082525E-05
+2.950679E-05
+2.824472E-05
+2.703663E-05
+2.608896E-05
+2.517452E-05
+2.429213E-05
+2.344067E-05
+2.274420E-05
+2.206842E-05
+2.141272E-05
+2.077650E-05
+1.996894E-05
+1.919276E-05
+1.844675E-05
+1.772975E-05
+1.722316E-05
+1.673104E-05
+1.625299E-05
+1.578859E-05
+1.921985E-05
+2.339680E-05
+2.848152E-05
+3.467128E-05
+3.417072E-05
+3.367739E-05
+3.319118E-05
+3.271200E-05
+2.789243E-05
+2.378294E-05
+2.027892E-05
+1.729116E-05
+1.936158E-05
+2.167991E-05
+2.427584E-05
+2.718259E-05
+2.509933E-05
+2.317572E-05
+2.139954E-05
+1.975948E-05
+2.006256E-05
+2.037029E-05
+2.068274E-05
+2.099998E-05
+2.113388E-05
+2.126863E-05
+2.140424E-05
+2.154071E-05
+2.062201E-05
+1.974249E-05
+1.890048E-05
+1.809439E-05
+1.844671E-05
+1.880590E-05
+1.917208E-05
+1.954537E-05
+1.910089E-05
+1.866652E-05
+1.824203E-05
+1.782719E-05
+1.735066E-05
+1.688687E-05
+1.643547E-05
+1.599615E-05
+1.587227E-05
+1.574935E-05
+1.562738E-05
+1.550635E-05
+1.519898E-05
+1.489771E-05
+1.460241E-05
+1.431296E-05
+1.444998E-05
+1.458832E-05
+1.472798E-05
+1.486897E-05
+1.524525E-05
+1.563106E-05
+1.602662E-05
+1.643220E-05
+1.661710E-05
+1.680408E-05
+1.699317E-05
+1.718438E-05
+1.701987E-05
+1.685693E-05
+1.669555E-05
+1.653572E-05
+1.661007E-05
+1.668476E-05
+1.675979E-05
+1.683514E-05
+1.703042E-05
+1.722797E-05
+1.742781E-05
+1.762996E-05
+1.841484E-05
+1.923467E-05
+2.009100E-05
+2.098544E-05
+2.215877E-05
+2.339770E-05
+2.470590E-05
+2.608726E-05
+2.780405E-05
+2.963381E-05
+3.158400E-05
+3.366255E-05
+3.524082E-05
+3.689309E-05
+3.862282E-05
+4.043363E-05
+4.191788E-05
+4.345660E-05
+4.505181E-05
+4.670558E-05
+4.754562E-05
+4.840077E-05
+4.927129E-05
+5.015747E-05
+5.144888E-05
+5.277354E-05
+5.413230E-05
+5.552606E-05
+5.719616E-05
+5.891651E-05
+6.068860E-05
+6.251396E-05
+6.417327E-05
+6.587664E-05
+6.762521E-05
+6.942017E-05
+7.205474E-05
+7.478929E-05
+7.762761E-05
+8.057366E-05
+8.428274E-05
+8.816256E-05
+9.222098E-05
+9.646620E-05
+1.018841E-04
+1.076063E-04
+1.136499E-04
+1.200329E-04
+1.238310E-04
+1.277492E-04
+1.317914E-04
+1.359615E-04
+1.284002E-04
+1.212595E-04
+1.145159E-04
+1.081472E-04
+1.209029E-04
+1.351630E-04
+1.511050E-04
+1.689274E-04
+1.470480E-04
+1.280024E-04
+1.114236E-04
+9.699208E-05
+8.291984E-05
+7.088929E-05
+6.060421E-05
+5.181135E-05
+5.129317E-05
+5.078016E-05
+5.027228E-05
+4.976950E-05
+5.618099E-05
+6.341844E-05
+7.158823E-05
+8.081051E-05
+8.656085E-05
+9.272035E-05
+9.931816E-05
+1.063855E-04
+1.065607E-04
+1.067362E-04
+1.069120E-04
+1.070880E-04
+1.006578E-04
+9.461364E-05
+8.893244E-05
+8.359237E-05
+7.827682E-05
+7.329928E-05
+6.863825E-05
+6.427363E-05
+6.069557E-05
+5.731669E-05
+5.412591E-05
+5.111277E-05
+4.780516E-05
+4.471159E-05
+4.181821E-05
+3.911206E-05
+3.771923E-05
+3.637599E-05
+3.508059E-05
+3.383130E-05
+3.100295E-05
+2.841105E-05
+2.603584E-05
+2.385921E-05
+2.245297E-05
+2.112961E-05
+1.988426E-05
+1.871230E-05
+1.730343E-05
+1.600064E-05
+1.479593E-05
+1.368193E-05
+1.313699E-05
+1.261376E-05
+1.211136E-05
+1.162897E-05
+1.100300E-05
+1.041073E-05
+9.850342E-06
+9.320112E-06
+8.930929E-06
+8.557998E-06
+8.200639E-06
+7.858201E-06
+7.678401E-06
+7.502716E-06
+7.331049E-06
+7.163312E-06
+6.869697E-06
+6.588118E-06
+6.318080E-06
+6.059108E-06
+6.039035E-06
+6.019028E-06
+5.999087E-06
+5.979213E-06
+5.682467E-06
+5.400449E-06
+5.132428E-06
+4.877708E-06
+4.570209E-06
+4.282095E-06
+4.012144E-06
+3.759210E-06
+3.594298E-06
+3.436621E-06
+3.285861E-06
+3.141715E-06
+2.941659E-06
+2.754341E-06
+2.578952E-06
+2.414731E-06
+2.316097E-06
+2.221492E-06
+2.130751E-06
+2.043717E-06
+1.986175E-06
+1.930252E-06
+1.875905E-06
+1.823088E-06
+1.815160E-06
+1.807266E-06
+1.799408E-06
+1.791583E-06
+2.065581E-06
+2.381483E-06
+2.745698E-06
+3.165616E-06
+3.044963E-06
+2.928908E-06
+2.817277E-06
+2.709900E-06
+2.485442E-06
+2.279575E-06
+2.090760E-06
+1.917585E-06
+1.857628E-06
+1.799546E-06
+1.743281E-06
+1.688775E-06
+1.623836E-06
+1.561395E-06
+1.501355E-06
+1.443623E-06
+1.377305E-06
+1.314033E-06
+1.253668E-06
+1.196076E-06
+1.173869E-06
+1.152074E-06
+1.130684E-06
+1.109691E-06
+1.104778E-06
+1.099886E-06
+1.095017E-06
+1.090169E-06
+1.044206E-06
+1.000181E-06
+9.580117E-07
+9.176208E-07
+1.092666E-06
+1.301103E-06
+1.549302E-06
+1.844847E-06
+1.826668E-06
+1.808667E-06
+1.790843E-06
+1.773196E-06
+1.371686E-06
+1.061092E-06
+8.208257E-07
+6.349635E-07
+6.421715E-07
+6.494613E-07
+6.568339E-07
+6.642900E-07
+7.020188E-07
+7.418904E-07
+7.840265E-07
+8.285557E-07
+1.125964E-06
+1.530126E-06
+2.079361E-06
+2.825744E-06
+1.562687E-06
+8.641941E-07
+4.779149E-07
+2.642953E-07
+3.703238E-07
+5.188882E-07
+7.270528E-07
+1.018727E-06
+1.940294E-06
+3.695533E-06
+7.038607E-06
+1.340591E-05
+1.500734E-05
+1.680007E-05
+1.880695E-05
+2.105357E-05
+2.068655E-05
+2.032594E-05
+1.997161E-05
+1.962345E-05
+1.959629E-05
+1.956916E-05
+1.954208E-05
+1.951503E-05
+2.032431E-05
+2.116716E-05
+2.204495E-05
+2.295916E-05
+1.841542E-05
+1.477090E-05
+1.184766E-05
+9.502942E-06
+8.386860E-06
+7.401856E-06
+6.532538E-06
+5.765317E-06
+4.348592E-06
+3.280002E-06
+2.473999E-06
+1.866057E-06
+1.527215E-06
+1.249900E-06
+1.022941E-06
+8.371934E-07
+1.056339E-06
+1.332849E-06
+1.681739E-06
+2.121954E-06
+1.864409E-06
+1.638122E-06
+1.439300E-06
+1.264609E-06
+1.045067E-06
+8.636380E-07
+7.137062E-07
+5.898030E-07
+4.323863E-07
+3.169837E-07
+2.323817E-07
+1.703597E-07
+1.808119E-07
+1.919053E-07
+2.036794E-07
+2.161758E-07
+1.685558E-07
+1.314257E-07
+1.024747E-07
+7.990123E-08
+4.797956E-08
+2.881105E-08
+1.730063E-08
+1.038878E-08
+1.976150E-08
+3.759023E-08
+7.150397E-08
+1.360146E-07
+1.653309E-07
+2.009661E-07
+2.442820E-07
+2.969342E-07
+1.874611E-07
+1.183483E-07
+7.471586E-08
+4.716976E-08
+4.884837E-08
+5.058672E-08
+5.238693E-08
+5.425120E-08
+6.791446E-08
+8.501881E-08
+1.064309E-07
+1.332357E-07
+9.029244E-08
+6.119022E-08
+4.146796E-08
+2.810240E-08
+1.120383E-08
+4.466727E-09
+1.780789E-09
+7.099621E-10
+2.710638E-09
+1.034923E-08
+3.951338E-08
+1.508623E-07
+1.996436E-07
+2.641982E-07
+3.496265E-07
+4.626781E-07
+2.805140E-07
+1.700709E-07
+1.031112E-07
+6.251454E-08
+5.123659E-08
+4.199324E-08
+3.441744E-08
+2.820834E-08
+2.661143E-08
+2.510492E-08
+2.368370E-08
+2.234293E-08
+2.428865E-08
+2.640381E-08
+2.870318E-08
+3.120279E-08
+3.582367E-08
+4.112886E-08
+4.721970E-08
+5.421256E-08
+7.659487E-08
+1.082180E-07
+1.528971E-07
+2.160226E-07
+1.790004E-07
+1.483232E-07
+1.229034E-07
+1.018401E-07
+1.628862E-07
+2.605253E-07
+4.166923E-07
+6.664706E-07
+7.932160E-07
+9.440652E-07
+1.123602E-06
+1.337282E-06
+1.488283E-06
+1.656335E-06
+1.843363E-06
+2.051509E-06
+1.752617E-06
+1.497271E-06
+1.279127E-06
+1.092767E-06
+2.022436E-06
+3.743020E-06
+6.927387E-06
+1.282085E-05
+8.552835E-06
+5.705626E-06
+3.806243E-06
+2.539157E-06
+2.684429E-06
+2.838012E-06
+3.000382E-06
+3.172041E-06
+3.311548E-06
+3.457192E-06
+3.609240E-06
+3.767977E-06
+2.800653E-06
+2.081662E-06
+1.547253E-06
+1.150038E-06
+1.176735E-06
+1.204052E-06
+1.232003E-06
+1.260603E-06
+7.282376E-07
+4.206956E-07
+2.430316E-07
+1.403970E-07
+2.707316E-07
+5.220596E-07
+1.006703E-06
+1.941256E-06
+3.154977E-06
+5.127546E-06
+8.333414E-06
+1.354367E-05
+8.166036E-06
+4.923640E-06
+2.968666E-06
+1.789931E-06
+1.535801E-06
+1.317751E-06
+1.130660E-06
+9.701312E-07
+6.289233E-07
+4.077228E-07
+2.643213E-07
+1.713560E-07
+1.011059E-07
+5.965592E-08
+3.519902E-08
+2.076860E-08
+1.104952E-08
+5.878679E-09
+3.127634E-09
+1.663995E-09
+6.165785E-09
+2.284676E-08
+8.465662E-08
+3.136874E-07
+3.220117E-07
+3.305568E-07
+3.393287E-07
+3.483335E-07
+2.620051E-07
+1.970717E-07
+1.482309E-07
+1.114944E-07
+8.691900E-08
+6.776045E-08
+5.282480E-08
+4.118123E-08
+4.841366E-08
+5.691628E-08
+6.691216E-08
+7.866357E-08
+6.370324E-08
+5.158809E-08
+4.177701E-08
+3.383181E-08
+2.688826E-08
+2.136979E-08
+1.698391E-08
+1.349818E-08
+1.554975E-08
+1.791313E-08
+2.063572E-08
+2.377212E-08
+2.053550E-08
+1.773956E-08
+1.532428E-08
+1.323785E-08
+1.221078E-08
+1.126339E-08
+1.038950E-08
+9.583422E-09
+1.154866E-08
+1.391691E-08
+1.677081E-08
+2.020995E-08
+2.334276E-08
+2.696120E-08
+3.114054E-08
+3.596774E-08
+3.138837E-08
+2.739203E-08
+2.390451E-08
+2.086101E-08
+1.582326E-08
+1.200208E-08
+9.103679E-09
+6.905220E-09
+9.376192E-09
+1.273138E-08
+1.728719E-08
+2.347327E-08
+5.385873E-09
+1.235773E-09
+2.835444E-10
+6.505843E-11
+3.648243E-10
+2.045804E-09
+1.147213E-08
+6.433158E-08
+8.215223E-08
+1.049094E-07
+1.339706E-07
+1.710821E-07
+2.617415E-07
+4.004428E-07
+6.126444E-07
+9.372949E-07
+3.308013E-07
+1.167503E-07
+4.120492E-08
+1.454253E-08
+1.948599E-08
+2.610990E-08
+3.498548E-08
+4.687817E-08
+1.971359E-08
+8.290122E-09
+3.486230E-09
+1.466058E-09
+2.735071E-09
+5.102534E-09
+9.519261E-09
+1.775910E-08
+2.030872E-08
+2.322438E-08
+2.655864E-08
+3.037158E-08
+4.547265E-08
+6.808213E-08
+1.019333E-07
+1.526156E-07
+8.829204E-08
+5.107921E-08
+2.955063E-08
+1.709579E-08
+1.694003E-08
+1.678569E-08
+1.663275E-08
+1.648121E-08
