#I+1.668000E+03
+1.000000E+00
+8.010000E+02
+8.010000E+02
+1.000000E+01
+2.000000E+00
+3.000000E+00
+0.000000E+00
+1.000000E+00
+2.000000E+00
+5.000000E+00
+1.000000E+00
+2.497000E+03
-1.092400E+04
+2.025600E+04
-1.299100E+04
-1.119200E+04
+0.000000E+00
+0.000000E+00
+0.000000E+00
+0.000000E+00
+0.000000E+00
+0.000000E+00
+0.000000E+00
+0.000000E+00
+0.000000E+00
+0.000000E+00
+0.000000E+00
+0.000000E+00
+0.000000E+00
+0.000000E+00
+0.000000E+00
+0.000000E+00
+0.000000E+00
+0.000000E+00
+0.000000E+00
+1.000000E+00
+1.000000E+00
+1.000000E+00
+0.000000E+00
+0.000000E+00
+1.000000E+00
+0.000000E+00
+1.000000E+00
+2.000000E+00
+3.000000E+00
+4.500000E+01
+4.500000E+01
+0.000000E+00
+0.000000E+00
+2.000000E+00
+0.000000E+00
+0.000000E+00
+0.000000E+00
+0.000000E+00
+0.000000E+00
+2.499999E-03
+1.258926E+00
+0.000000E+00
+0.000000E+00
+0.000000E+00
+1.000000E+00
+1.000000E+00
+0.000000E+00
+0.000000E+00
+9.9999904632568339E+00
+9.9999904632568339E+00
+9.478885E-01
-3.386498E-02
+9.495274E-01
-3.247204E-02
+9.511667E-01
-3.107426E-02
+9.528068E-01
-2.967164E-02
+9.544476E-01
-2.826415E-02
+9.565426E-01
-2.737898E-02
+9.586411E-01
-2.648981E-02
+9.607435E-01
-2.559662E-02
+9.628495E-01
-2.469943E-02
+9.659885E-01
-2.097028E-02
+9.691230E-01
-1.721695E-02
+9.722522E-01
-1.343936E-02
+9.753767E-01
-9.637455E-03
+9.723545E-01
-1.081728E-02
+9.693399E-01
-1.198971E-02
+9.663333E-01
-1.315479E-02
+9.633347E-01
-1.431254E-02
+9.665617E-01
-1.666655E-02
+9.697939E-01
-1.903624E-02
+9.730314E-01
-2.142170E-02
+9.762746E-01
-2.382299E-02
+9.787289E-01
-2.233494E-02
+9.811870E-01
-2.083931E-02
+9.836489E-01
-1.933608E-02
+9.861139E-01
-1.782523E-02
+9.870857E-01
-1.722698E-02
+9.880582E-01
-1.662755E-02
+9.890314E-01
-1.602693E-02
+9.900051E-01
-1.542510E-02
+9.885791E-01
-1.613222E-02
+9.871548E-01
-1.683729E-02
+9.857319E-01
-1.754030E-02
+9.843100E-01
-1.824125E-02
+9.867002E-01
-1.662982E-02
+9.890931E-01
-1.501051E-02
+9.914890E-01
-1.338330E-02
+9.938880E-01
-1.174815E-02
+9.938403E-01
-1.000104E-02
+9.937898E-01
-8.254131E-03
+9.937359E-01
-6.507429E-03
+9.936794E-01
-4.760946E-03
+9.930826E-01
-5.004161E-03
+9.924861E-01
-5.247082E-03
+9.918898E-01
-5.489710E-03
+9.912949E-01
-5.732051E-03
+9.938880E-01
-5.283258E-03
+9.964877E-01
-4.832081E-03
+9.990941E-01
-4.378506E-03
+1.001707E+00
-3.922527E-03
+1.000042E+00
-2.019627E-03
+9.983765E-01
-1.230525E-04
+9.967099E-01
+1.767202E-03
+9.950427E-01
+3.651144E-03
+9.972607E-01
+4.614235E-03
+9.994832E-01
+5.581607E-03
+1.001709E+00
+6.553269E-03
+1.003939E+00
+7.529232E-03
+1.006559E+00
+8.319063E-03
+1.009186E+00
+9.112975E-03
+1.011819E+00
+9.910977E-03
+1.014457E+00
+1.071309E-02
+1.017344E+00
+1.098451E-02
+1.020239E+00
+1.125739E-02
+1.023142E+00
+1.153174E-02
+1.026054E+00
+1.180756E-02
+1.026624E+00
+1.079907E-02
+1.027193E+00
+9.789461E-03
+1.027762E+00
+8.778742E-03
+1.028329E+00
+7.766907E-03
+1.030097E+00
+6.197727E-03
+1.031866E+00
+4.623146E-03
+1.033635E+00
+3.043155E-03
+1.035406E+00
+1.457742E-03
+1.035752E+00
+1.002332E-03
+1.036097E+00
+5.466185E-04
+1.036442E+00
+9.060091E-05
+1.036789E+00
-3.657205E-04
+1.037633E+00
-1.719910E-03
+1.038476E+00
-3.076306E-03
+1.039319E+00
-4.434909E-03
+1.040160E+00
-5.795718E-03
+1.040638E+00
-5.144498E-03
+1.041116E+00
-4.492681E-03
+1.041594E+00
-3.840266E-03
+1.042072E+00
-3.187255E-03
+1.042853E+00
-2.970184E-03
+1.043636E+00
-2.752785E-03
+1.044419E+00
-2.535060E-03
+1.045203E+00
-2.317006E-03
+1.044082E+00
-2.925399E-03
+1.042963E+00
-3.532487E-03
+1.041845E+00
-4.138271E-03
+1.040727E+00
-4.742752E-03
+1.041059E+00
-4.327196E-03
+1.041390E+00
-3.911373E-03
+1.041721E+00
-3.495288E-03
+1.042053E+00
-3.078944E-03
+1.042377E+00
-3.355554E-03
+1.042701E+00
-3.632336E-03
+1.043025E+00
-3.909291E-03
+1.043349E+00
-4.186423E-03
+1.043812E+00
-3.945875E-03
+1.044276E+00
-3.705112E-03
+1.044740E+00
-3.464135E-03
+1.045205E+00
-3.222947E-03
+1.045326E+00
-3.069889E-03
+1.045446E+00
-2.916795E-03
+1.045566E+00
-2.763666E-03
+1.045687E+00
-2.610502E-03
+1.045688E+00
-3.018138E-03
+1.045688E+00
-3.425773E-03
+1.045689E+00
-3.833410E-03
+1.045689E+00
-4.241048E-03
+1.045957E+00
-3.511264E-03
+1.046225E+00
-2.781106E-03
+1.046493E+00
-2.050576E-03
+1.046759E+00
-1.319671E-03
+1.046409E+00
-2.264713E-03
+1.046058E+00
-3.209124E-03
+1.045706E+00
-4.152904E-03
+1.045355E+00
-5.096055E-03
+1.043218E+00
-4.118725E-03
+1.041085E+00
-3.145373E-03
+1.038955E+00
-2.175989E-03
+1.036829E+00
-1.210561E-03
+1.035014E+00
+1.587108E-04
+1.033201E+00
+1.523191E-03
+1.031389E+00
+2.882891E-03
+1.029579E+00
+4.237819E-03
+1.029179E+00
+5.734469E-03
+1.028777E+00
+7.229964E-03
+1.028373E+00
+8.724304E-03
+1.027967E+00
+1.021748E-02
+1.026886E+00
+1.236414E-02
+1.025800E+00
+1.450630E-02
+1.024712E+00
+1.664399E-02
+1.023621E+00
+1.877720E-02
+1.022120E+00
+2.081140E-02
+1.020617E+00
+2.283965E-02
+1.019112E+00
+2.486199E-02
+1.017606E+00
+2.687840E-02
+1.019147E+00
+3.346752E-02
+1.020649E+00
+4.007766E-02
+1.022111E+00
+4.670861E-02
+1.023534E+00
+5.336014E-02
+1.031565E+00
+5.746134E-02
+1.039646E+00
+6.162433E-02
+1.047778E+00
+6.584974E-02
+1.055960E+00
+7.013832E-02
+1.063555E+00
+5.949440E-02
+1.071089E+00
+4.870150E-02
+1.078557E+00
+3.775933E-02
+1.085959E+00
+2.666755E-02
+1.082918E+00
+2.523353E-02
+1.079883E+00
+2.380739E-02
+1.076856E+00
+2.238907E-02
+1.073836E+00
+2.097857E-02
+1.070968E+00
+1.948185E-02
+1.068106E+00
+1.799301E-02
+1.065250E+00
+1.651202E-02
+1.062400E+00
+1.503886E-02
+1.063774E+00
+1.643941E-02
+1.065149E+00
+1.784359E-02
+1.066524E+00
+1.925140E-02
+1.067898E+00
+2.066286E-02
+1.068244E+00
+1.609572E-02
+1.068569E+00
+1.152601E-02
+1.068876E+00
+6.953812E-03
+1.069163E+00
+2.379204E-03
+1.065377E+00
+7.490687E-05
+1.061599E+00
-2.213091E-03
+1.057831E+00
-4.484865E-03
+1.054070E+00
-6.740489E-03
+1.046323E+00
-5.722550E-03
+1.038631E+00
-4.719215E-03
+1.030995E+00
-3.730329E-03
+1.023414E+00
-2.755733E-03
+1.018091E+00
+6.487642E-03
+1.012712E+00
+1.563471E-02
+1.007279E+00
+2.468548E-02
+1.001793E+00
+3.363996E-02
+1.002915E+00
+5.253439E-02
+1.003684E+00
+7.148303E-02
+1.004099E+00
+9.047933E-02
+1.004156E+00
+1.095167E-01
+1.017556E+00
+1.132524E-01
+1.031130E+00
+1.170689E-01
+1.044879E+00
+1.209677E-01
+1.058806E+00
+1.249501E-01
+1.057466E+00
+1.288643E-01
+1.056112E+00
+1.327700E-01
+1.054745E+00
+1.366675E-01
+1.053364E+00
+1.405568E-01
+1.055760E+00
+1.449594E-01
+1.058144E+00
+1.493835E-01
+1.060519E+00
+1.538289E-01
+1.062884E+00
+1.582958E-01
+1.068465E+00
+1.497117E-01
+1.073994E+00
+1.410453E-01
+1.079470E+00
+1.322967E-01
+1.084892E+00
+1.234659E-01
+1.086981E+00
+1.311910E-01
+1.089023E+00
+1.389513E-01
+1.091017E+00
+1.467464E-01
+1.092965E+00
+1.545763E-01
+1.096409E+00
+1.513027E-01
+1.099851E+00
+1.480087E-01
+1.103292E+00
+1.446944E-01
+1.106731E+00
+1.413595E-01
+1.111391E+00
+1.453206E-01
+1.116062E+00
+1.493138E-01
+1.120742E+00
+1.533394E-01
+1.125431E+00
+1.573975E-01
+1.127390E+00
+1.586770E-01
+1.129351E+00
+1.599607E-01
+1.131314E+00
+1.612485E-01
+1.133281E+00
+1.625406E-01
+1.140630E+00
+1.641912E-01
+1.148027E+00
+1.658565E-01
+1.155472E+00
+1.675365E-01
+1.162964E+00
+1.692314E-01
+1.179281E+00
+1.728913E-01
+1.195826E+00
+1.766208E-01
+1.212601E+00
+1.804211E-01
+1.229611E+00
+1.842935E-01
+1.234000E+00
+1.854251E-01
+1.238405E+00
+1.865626E-01
+1.242826E+00
+1.877057E-01
+1.247262E+00
+1.888549E-01
+1.268195E+00
+1.734654E-01
+1.289209E+00
+1.575470E-01
+1.310297E+00
+1.410908E-01
+1.331454E+00
+1.240879E-01
+1.329836E+00
+1.082373E-01
+1.328037E+00
+9.244217E-02
+1.326058E+00
+7.670443E-02
+1.323899E+00
+6.102612E-02
+1.309236E+00
+5.092175E-02
+1.294668E+00
+4.103681E-02
+1.280196E+00
+3.136811E-02
+1.265820E+00
+2.191253E-02
+1.257889E+00
+1.566374E-02
+1.249979E+00
+9.492898E-03
+1.242089E+00
+3.399423E-03
+1.234219E+00
-2.617295E-03
+1.233338E+00
-2.716967E-04
+1.232454E+00
+2.070545E-03
+1.231565E+00
+4.409424E-03
+1.230673E+00
+6.744935E-03
+1.225015E+00
+2.962031E-03
+1.219372E+00
-7.861751E-04
+1.213743E+00
-4.499883E-03
+1.208129E+00
-8.179301E-03
+1.201926E+00
-1.732618E-02
+1.195683E+00
-2.637937E-02
+1.189404E+00
-3.533906E-02
+1.183088E+00
-4.420542E-02
+1.176170E+00
-3.922375E-02
+1.169273E+00
-3.429953E-02
+1.162398E+00
-2.943233E-02
+1.155544E+00
-2.462174E-02
+1.152952E+00
-1.827182E-02
+1.150332E+00
-1.195100E-02
+1.147682E+00
-5.659365E-03
+1.145005E+00
+6.030098E-04
+1.143965E+00
+4.115055E-03
+1.142916E+00
+7.620725E-03
+1.141856E+00
+1.112000E-02
+1.140786E+00
+1.461283E-02
+1.141533E+00
+1.511282E-02
+1.142279E+00
+1.561346E-02
+1.143027E+00
+1.611475E-02
+1.143776E+00
+1.661672E-02
+1.143067E+00
+1.894717E-02
+1.142354E+00
+2.127479E-02
+1.141637E+00
+2.359957E-02
+1.140914E+00
+2.592151E-02
+1.140939E+00
+2.839377E-02
+1.140959E+00
+3.086627E-02
+1.140974E+00
+3.333897E-02
+1.140984E+00
+3.581189E-02
+1.140583E+00
+3.909782E-02
+1.140173E+00
+4.238174E-02
+1.139753E+00
+4.566363E-02
+1.139324E+00
+4.894345E-02
+1.138854E+00
+5.072910E-02
+1.138381E+00
+5.251338E-02
+1.137905E+00
+5.429632E-02
+1.137428E+00
+5.607790E-02
+1.139131E+00
+5.844495E-02
+1.140832E+00
+6.081922E-02
+1.142531E+00
+6.320064E-02
+1.144229E+00
+6.558932E-02
+1.143175E+00
+6.631951E-02
+1.142122E+00
+6.704833E-02
+1.141069E+00
+6.777577E-02
+1.140016E+00
+6.850187E-02
+1.140112E+00
+7.111000E-02
+1.140201E+00
+7.371895E-02
+1.140284E+00
+7.632865E-02
+1.140363E+00
+7.893918E-02
+1.140223E+00
+8.728631E-02
+1.140023E+00
+9.563561E-02
+1.139761E+00
+1.039866E-01
+1.139439E+00
+1.123389E-01
+1.137891E+00
+1.159967E-01
+1.136331E+00
+1.196456E-01
+1.134762E+00
+1.232855E-01
+1.133183E+00
+1.269165E-01
+1.149941E+00
+1.297202E-01
+1.166946E+00
+1.325793E-01
+1.184201E+00
+1.354946E-01
+1.201712E+00
+1.384673E-01
+1.173173E+00
+1.756760E-01
+1.143964E+00
+2.111945E-01
+1.114157E+00
+2.450342E-01
+1.083819E+00
+2.772090E-01
+1.129555E+00
+2.757333E-01
+1.177073E+00
+2.736776E-01
+1.226434E+00
+2.709993E-01
+1.277702E+00
+2.676522E-01
+1.322276E+00
+2.921605E-01
+1.368232E+00
+3.180889E-01
+1.415607E+00
+3.455067E-01
+1.464435E+00
+3.744850E-01
+1.502155E+00
+2.723561E-01
+1.532839E+00
+1.667652E-01
+1.556187E+00
+5.819083E-02
+1.571930E+00
-5.286386E-02
+1.513363E+00
-7.838385E-02
+1.456498E+00
-1.019450E-01
+1.401307E+00
-1.236489E-01
+1.347762E+00
-1.435928E-01
+1.328585E+00
-1.157618E-01
+1.309194E+00
-8.874570E-02
+1.289606E+00
-6.253530E-02
+1.269840E+00
-3.712124E-02
+1.267537E+00
-3.050333E-02
+1.265205E+00
-2.391027E-02
+1.262843E+00
-1.734220E-02
+1.260452E+00
-1.079920E-02
+1.262556E+00
-1.146824E-02
+1.264662E+00
-1.213949E-02
+1.266773E+00
-1.281294E-02
+1.268886E+00
-1.348861E-02
+1.270505E+00
-1.127692E-02
+1.272121E+00
-9.059614E-03
+1.273736E+00
-6.836672E-03
+1.275349E+00
-4.608103E-03
+1.274482E+00
-6.008350E-03
+1.273615E+00
-7.406699E-03
+1.272746E+00
-8.803150E-03
+1.271877E+00
-1.019770E-02
+1.274111E+00
-9.871675E-03
+1.276348E+00
-9.544475E-03
+1.278590E+00
-9.216094E-03
+1.280836E+00
-8.886537E-03
+1.267034E+00
-9.755386E-04
+1.253332E+00
+6.765665E-03
+1.239733E+00
+1.433953E-02
+1.226234E+00
+2.174847E-02
+1.246009E+00
+1.810029E-02
+1.266090E+00
+1.432902E-02
+1.286480E+00
+1.043169E-02
+1.307186E+00
+6.405256E-03
+1.310885E+00
-4.174498E-03
+1.314508E+00
-1.481375E-02
+1.318054E+00
-2.551205E-02
+1.321525E+00
-3.626896E-02
+1.322711E+00
-3.129416E-02
+1.323879E+00
-2.631091E-02
+1.325030E+00
-2.131928E-02
+1.326163E+00
-1.631934E-02
+1.327542E+00
-2.120766E-02
+1.328904E+00
-2.610635E-02
+1.330249E+00
-3.101535E-02
+1.331578E+00
-3.593462E-02
+1.334580E+00
-3.530347E-02
+1.337588E+00
-3.466929E-02
+1.340602E+00
-3.403210E-02
+1.343623E+00
-3.339186E-02
+1.357593E+00
-3.825863E-02
+1.371693E+00
-4.322337E-02
+1.385924E+00
-4.828753E-02
+1.400287E+00
-5.345262E-02
+1.403946E+00
-8.044977E-02
+1.407101E+00
-1.076073E-01
+1.409746E+00
-1.349160E-01
+1.411876E+00
-1.623667E-01
+1.392472E+00
-1.784249E-01
+1.373101E+00
-1.940379E-01
+1.353767E+00
-2.092116E-01
+1.334477E+00
-2.239518E-01
+1.310280E+00
-2.128132E-01
+1.286485E+00
-2.020109E-01
+1.263087E+00
-1.915366E-01
+1.240079E+00
-1.813820E-01
+1.252207E+00
-1.571399E-01
+1.263919E+00
-1.324845E-01
+1.275204E+00
-1.074214E-01
+1.286050E+00
-8.195667E-02
+1.304277E+00
-7.448156E-02
+1.322704E+00
-6.678180E-02
+1.341333E+00
-5.885296E-02
+1.360166E+00
-5.069054E-02
+1.371972E+00
-5.507315E-02
+1.383868E+00
-5.952846E-02
+1.395857E+00
-6.405737E-02
+1.407938E+00
-6.866072E-02
+1.435082E+00
-9.872590E-02
+1.462164E+00
-1.299534E-01
+1.489158E+00
-1.623654E-01
+1.516042E+00
-1.959843E-01
+1.525807E+00
-2.171141E-01
+1.535378E+00
-2.385409E-01
+1.544751E+00
-2.602649E-01
+1.553920E+00
-2.822857E-01
+1.547538E+00
-3.284709E-01
+1.539785E+00
-3.745256E-01
+1.530665E+00
-4.204090E-01
+1.520179E+00
-4.660811E-01
+1.475515E+00
-5.472960E-01
+1.426747E+00
-6.249966E-01
+1.374124E+00
-6.989907E-01
+1.317903E+00
-7.691018E-01
+1.225997E+00
-6.748537E-01
+1.139566E+00
-5.905553E-01
+1.058384E+00
-5.152532E-01
+9.822200E-01
-4.480790E-01
+1.028232E+00
-4.106641E-01
+1.073525E+00
-3.700719E-01
+1.117924E+00
-3.262604E-01
+1.161250E+00
-2.791945E-01
+1.166096E+00
-2.375961E-01
+1.169472E+00
-1.960036E-01
+1.171387E+00
-1.544681E-01
+1.171847E+00
-1.130403E-01
+1.204588E+00
-1.279108E-01
+1.238127E+00
-1.435352E-01
+1.272481E+00
-1.599432E-01
+1.307664E+00
-1.771654E-01
+1.322614E+00
-1.721841E-01
+1.337699E+00
-1.670708E-01
+1.352919E+00
-1.618232E-01
+1.368274E+00
-1.564393E-01
+1.390703E+00
-1.834615E-01
+1.413067E+00
-2.113768E-01
+1.435350E+00
-2.402007E-01
+1.457535E+00
-2.699483E-01
+1.466002E+00
-2.790599E-01
+1.474481E+00
-2.882753E-01
+1.482971E+00
-2.975952E-01
+1.491471E+00
-3.070204E-01
+1.479889E+00
-3.171452E-01
+1.468295E+00
-3.271148E-01
+1.456691E+00
-3.369302E-01
+1.445080E+00
-3.465925E-01
+1.443189E+00
-3.453289E-01
+1.441300E+00
-3.440681E-01
+1.439413E+00
-3.428102E-01
+1.437528E+00
-3.415549E-01
+1.440909E+00
-3.230684E-01
+1.444053E+00
-3.045511E-01
+1.446961E+00
-2.860062E-01
+1.449630E+00
-2.674364E-01
+1.481497E+00
-2.445759E-01
+1.513512E+00
-2.206827E-01
+1.545661E+00
-1.957348E-01
+1.577924E+00
-1.697105E-01
+1.701424E+00
-1.422733E-01
+1.833553E+00
-1.096133E-01
+1.974826E+00
-7.111599E-02
+2.125787E+00
-2.610718E-02
+2.071272E+00
-2.291055E-01
+1.998645E+00
-4.219145E-01
+1.909325E+00
-6.030487E-01
+1.804839E+00
-7.711946E-01
+1.826182E+00
-7.791885E-01
+1.847777E+00
-7.872640E-01
+1.869626E+00
-7.954217E-01
+1.891734E+00
-8.036629E-01
+1.740629E+00
-6.864511E-01
+1.600336E+00
-5.833718E-01
+1.470216E+00
-4.928963E-01
+1.349654E+00
-4.136495E-01
+2.026826E+00
-1.272279E-01
+2.878499E+00
+5.000919E-01
+3.860276E+00
+1.662778E+00
+4.844983E+00
+3.618078E+00
+5.574731E+00
-2.411554E-02
+4.091277E+00
-3.110730E+00
+1.286500E+00
-4.560346E+00
-1.582926E+00
-4.071546E+00
-1.271269E+00
-2.970765E+00
-1.013550E+00
-2.164703E+00
-8.030197E-01
-1.575188E+00
-6.327490E-01
-1.144591E+00
+5.942955E-02
-1.084173E+00
+5.197521E-01
-7.365319E-01
+6.903423E-01
-2.890342E-01
+6.130818E-01
+1.009883E-01
+6.861924E-01
+6.120817E-02
+7.637566E-01
+1.120673E-02
+8.454042E-01
-5.046283E-02
+9.306067E-01
-1.253699E-01
+1.020028E+00
-1.190035E-01
+1.117685E+00
-1.103043E-01
+1.224300E+00
-9.889407E-02
+1.340658E+00
-8.434556E-02
+1.400315E+00
-7.523336E-02
+1.462502E+00
-6.515096E-02
+1.527323E+00
-5.403157E-02
+1.594882E+00
-4.180449E-02
+1.650122E+00
-3.076200E-02
+1.707178E+00
-1.890701E-02
+1.766105E+00
-6.197312E-03
+1.826961E+00
+7.411162E-03
+1.869123E+00
+2.456572E-02
+1.912099E+00
+4.250874E-02
+1.955902E+00
+6.126603E-02
+2.000542E+00
+8.086400E-02
+2.045425E+00
+1.027213E-01
+2.091114E+00
+1.255268E-01
+2.137618E+00
+1.493100E-01
+2.184946E+00
+1.741016E-01
+2.128158E+00
+8.083312E-02
+2.069266E+00
-7.419408E-03
+2.008531E+00
-9.071754E-02
+1.946208E+00
-1.691315E-01
+1.886069E+00
+4.518997E-01
+1.634400E+00
+1.017905E+00
+1.219627E+00
+1.471941E+00
+6.864065E-01
+1.769299E+00
+9.609886E-01
+1.995437E+00
+1.301202E+00
+2.233327E+00
+1.718849E+00
+2.478865E+00
+2.227288E+00
+2.726192E+00
+6.943112E-01
+3.352815E+00
-9.095081E-01
+3.203578E+00
-2.225403E+00
+2.353419E+00
-2.977707E+00
+1.028358E+00
-3.769092E+00
+4.751887E-01
-4.565856E+00
-3.738697E-01
-5.295592E+00
-1.573449E+00
-5.859311E+00
-3.170068E+00
-5.073562E+00
-3.623032E+00
-4.291392E+00
-3.952574E+00
-3.526852E+00
-4.167916E+00
-2.791923E+00
-4.279258E+00
-1.530122E+00
-4.992564E+00
-8.911340E-02
-5.335793E+00
+1.423099E+00
-5.264874E+00
+2.887984E+00
-4.767116E+00
+2.054191E+00
-6.426406E+00
+6.044737E-01
-8.144278E+00
-1.586786E+00
-9.757288E+00
-4.621326E+00
-1.103760E+01
-4.480224E+00
-7.801208E+00
-4.072112E+00
-5.400180E+00
-3.542992E+00
-3.647286E+00
-2.984255E+00
-2.389205E+00
-1.274824E+00
-2.881733E+00
+1.627212E-01
-2.592331E+00
+1.104226E+00
-1.834317E+00
+1.504808E+00
-9.220535E-01
+1.860275E+00
-1.422714E+00
+2.261058E+00
-2.132142E+00
+2.693126E+00
-3.123326E+00
+3.127985E+00
-4.490689E+00
+2.458415E+00
-4.822629E+00
+1.757510E+00
-5.057447E+00
+1.039021E+00
-5.192866E+00
+3.167263E-01
-5.228519E+00
+1.215873E+00
-4.517686E+00
+1.874930E+00
-3.734325E+00
+2.310905E+00
-2.930612E+00
+2.548044E+00
-2.149147E+00
+2.956378E+00
-2.597052E+00
+3.427694E+00
-3.135396E+00
+3.971199E+00
-3.781971E+00
+4.597335E+00
-4.558003E+00
+2.228528E+00
-9.785566E+00
-5.215833E+00
-1.465819E+01
-1.900749E+01
-1.484828E+01
-3.721435E+01
-3.635570E+00
-1.625102E+01
-7.269544E+00
-6.237281E+00
-5.739692E+00
-1.947833E+00
-3.534565E+00
-3.448127E-01
-1.890307E+00
+6.763135E-01
-2.009360E+00
+1.725866E+00
-1.579123E+00
+2.509593E+00
-6.033205E-01
+2.745356E+00
+7.573439E-01
+3.366275E+00
+5.880621E-01
+4.088365E+00
+3.142979E-01
+4.919250E+00
-9.592073E-02
+5.864345E+00
-6.816577E-01
+6.149411E+00
+1.975931E-01
+6.308278E+00
+1.147656E+00
+6.326186E+00
+2.151336E+00
+6.190577E+00
+3.188644E+00
+4.506892E+00
+4.538423E+00
+2.653636E+00
+5.241330E+00
+8.352941E-01
+5.331002E+00
-7.789673E-01
+4.894704E+00
-2.169935E+00
+4.503837E+00
-3.400746E+00
+3.723411E+00
-4.364013E+00
+2.612959E+00
-4.973210E+00
+1.261098E+00
-5.258101E+00
+2.638251E-01
-5.343205E+00
-7.970432E-01
-5.214461E+00
-1.881522E+00
-4.865808E+00
-2.946544E+00
-4.933169E+00
-3.081795E+00
-5.000121E+00
-3.221040E+00
-5.066598E+00
-3.364360E+00
-5.132531E+00
-3.511842E+00
-5.248435E+00
-4.015847E+00
-5.343019E+00
-4.557202E+00
-5.412875E+00
-5.136989E+00
-5.454330E+00
-5.756164E+00
-5.611081E+00
-4.678409E+00
-5.638286E+00
-3.675421E+00
-5.555024E+00
-2.754816E+00
-5.379577E+00
-1.921496E+00
-5.146581E+00
-1.895428E+00
-4.923139E+00
-1.868207E+00
-4.708879E+00
-1.839968E+00
-4.503446E+00
-1.810838E+00
-4.343801E+00
-1.956080E+00
-4.181430E+00
-2.092120E+00
-4.016755E+00
-2.219027E+00
-3.850192E+00
-2.336886E+00
-4.190509E+00
-2.579276E+00
-4.560662E+00
-2.846406E+00
-4.963246E+00
-3.140769E+00
-5.401071E+00
-3.465106E+00
-5.199052E+00
-2.676040E+00
-4.947547E+00
-1.977749E+00
-4.659007E+00
-1.366080E+00
-4.344365E+00
-8.361915E-01
-4.244111E+00
-7.822193E-01
-4.145902E+00
-7.303439E-01
-4.049706E+00
-6.804985E-01
-3.955493E+00
-6.326169E-01
-3.971222E+00
-4.939095E-01
-3.982100E+00
-3.548753E-01
-3.988120E+00
-2.156835E-01
-3.989286E+00
-7.650386E-02
-4.003985E+00
-2.666420E-02
-4.018109E+00
+2.353172E-02
-4.031652E+00
+7.407792E-02
-4.044604E+00
+1.249685E-01
-4.002976E+00
+4.273215E-01
-3.939003E+00
+7.241412E-01
-3.853278E+00
+1.013796E+00
-3.746510E+00
+1.294708E+00
-3.668091E+00
+1.054872E+00
-3.580523E+00
+8.282369E-01
-3.484827E+00
+6.147605E-01
-3.381982E+00
+4.143495E-01
-3.745015E+00
+9.264587E-01
-4.083312E+00
+1.551542E+00
-4.378417E+00
+2.300239E+00
-4.608129E+00
+3.182001E+00
-3.990988E+00
+3.049277E+00
-3.443846E+00
+2.903766E+00
-2.959965E+00
+2.749820E+00
-2.533116E+00
+2.591042E+00
-2.909663E+00
+2.048105E+00
-3.176006E+00
+1.456475E+00
-3.327231E+00
+8.375662E-01
-3.362422E+00
+2.129306E-01
-3.751545E+00
+3.471858E-01
-4.182143E+00
+5.098885E-01
-4.658174E+00
+7.057358E-01
-5.183915E+00
+9.401077E-01
-5.503409E+00
+1.001965E+00
-5.842593E+00
+1.067878E+00
-6.202680E+00
+1.138109E+00
-6.584956E+00
+1.212942E+00
-7.421103E+00
+8.654314E-01
-8.326479E+00
+4.169150E-01
-9.301497E+00
-1.491607E-01
-1.034539E+01
-8.512589E-01
-1.047534E+01
+3.003497E+00
-9.172350E+00
+6.837184E+00
-6.469998E+00
+1.011838E+01
-2.598496E+00
+1.233769E+01
-7.392379E+00
+1.415885E+01
-1.386283E+01
+1.473924E+01
-2.195349E+01
+1.323242E+01
-3.130590E+01
+8.625292E+00
-1.596174E+01
+1.766880E+01
-2.909411E+00
+1.721577E+01
+4.983907E+00
+1.179290E+01
+7.728637E+00
+5.329276E+00
+6.859578E+00
+4.150559E+00
+6.058801E+00
+3.189846E+00
+5.327304E+00
+2.411516E+00
+4.664142E+00
+1.785148E+00
+4.662518E+00
+1.407841E+00
+4.634362E+00
+1.040953E+00
+4.581130E+00
+6.860675E-01
+4.504350E+00
+3.446230E-01
+2.843153E+00
+1.807784E+00
+1.236432E+00
+2.187555E+00
+4.582127E-02
+1.873515E+00
-6.274394E-01
+1.248962E+00
+3.974768E-02
+1.496481E+00
+7.948004E-01
+1.392504E+00
+1.454924E+00
+9.122678E-01
+1.835036E+00
+1.248958E-01
+2.309904E+00
+1.398853E-01
+2.907495E+00
+1.542803E-01
+3.659483E+00
+1.667732E-01
+4.605702E+00
+1.754216E-01
+5.234960E+00
+4.059438E-01
+5.940938E+00
+6.965340E-01
+6.731563E+00
+1.058938E+00
+7.615327E+00
+1.506880E+00
+6.330981E+00
+2.306226E+00
+5.122998E+00
+2.820839E+00
+4.018416E+00
+3.101404E+00
+3.033678E+00
+3.194993E+00
+3.055499E+00
+3.190046E+00
+3.077354E+00
+3.184990E+00
+3.099245E+00
+3.179827E+00
+3.121168E+00
+3.174552E+00
+3.168024E+00
+3.601862E+00
+3.192886E+00
+4.064374E+00
+3.191979E+00
+4.563441E+00
+3.161167E+00
+5.100291E+00
+3.385605E+00
+3.416717E+00
+3.258567E+00
+2.061158E+00
+2.915860E+00
+1.024978E+00
+2.462028E+00
+2.770424E-01
+2.682490E+00
+6.345886E-01
+2.878286E+00
+1.058943E+00
+3.037921E+00
+1.553799E+00
+3.148206E+00
+2.121704E+00
+2.616666E+00
+2.454004E+00
+2.070717E+00
+2.683806E+00
+1.526787E+00
+2.815820E+00
+9.994913E-01
+2.856923E+00
+1.566977E+00
+3.901869E+00
+2.420326E+00
+5.316302E+00
+3.693658E+00
+7.225503E+00
+5.580985E+00
+9.794893E+00
+4.250302E+00
+7.427173E+00
+3.236852E+00
+5.631776E+00
+2.465015E+00
+4.270366E+00
+1.877200E+00
+3.238044E+00
+7.333575E+00
+3.135659E+00
+1.651978E+01
-3.995633E+00
+2.311333E+01
-2.788401E+01
+3.915926E+00
-7.707955E+01
+1.937549E+01
-2.447766E+01
+1.212713E+01
-3.518895E+00
+4.821334E+00
+1.685984E+00
+1.192968E+00
+1.686738E+00
+7.433959E-01
+2.172499E+00
+1.117598E-01
+2.549561E+00
-6.799427E-01
+2.753649E+00
-1.588109E+00
+2.723128E+00
-5.499822E-01
+2.746851E+00
+3.295047E-01
+2.467540E+00
+9.882845E-01
+1.979227E+00
+1.401290E+00
+1.378850E+00
+2.056408E+00
+1.280967E+00
+2.817907E+00
+9.868842E-01
+3.654520E+00
+4.282116E-01
+4.510230E+00
-4.688805E-01
+4.354222E+00
-5.439388E-01
+4.201781E+00
-6.134335E-01
+4.052905E+00
-6.776172E-01
+3.907584E+00
-7.367333E-01
+4.763961E+00
+2.537065E+00
+2.891662E+00
+6.731355E+00
-2.652021E+00
+9.584032E+00
-1.094508E+01
+7.898999E+00
-5.043784E+00
+9.390913E+00
-3.374801E-01
+8.411604E+00
+2.666415E+00
+6.090182E+00
+3.997646E+00
+3.403801E+00
+4.061500E+00
+2.981041E+00
+4.093360E+00
+2.572017E+00
+4.095550E+00
+2.178352E+00
+4.070413E+00
+1.801441E+00
+3.317058E+00
+1.618422E+00
+2.698488E+00
+1.443497E+00
+2.191349E+00
+1.279445E+00
+1.776208E+00
+1.127844E+00
+1.720987E+00
+1.818419E+00
+1.456216E+00
+2.599115E+00
+9.234320E-01
+3.422779E+00
+6.891192E-02
+4.217990E+00
+6.080359E-01
+4.345530E+00
+1.180817E+00
+4.408570E+00
+1.780133E+00
+4.400739E+00
+2.397821E+00
+4.316369E+00
