#I+1.668000E+03
+1.000000E+00
+8.010000E+02
+8.010000E+02
+1.000000E+01
+2.000000E+00
+3.000000E+00
+0.000000E+00
+1.000000E+00
+2.000000E+00
+5.000000E+00
+1.000000E+00
+2.497000E+03
-1.092400E+04
+2.025600E+04
-1.299100E+04
-1.119200E+04
+0.000000E+00
+0.000000E+00
+0.000000E+00
+0.000000E+00
+0.000000E+00
+0.000000E+00
+0.000000E+00
+0.000000E+00
+0.000000E+00
+0.000000E+00
+0.000000E+00
+0.000000E+00
+0.000000E+00
+0.000000E+00
+0.000000E+00
+0.000000E+00
+0.000000E+00
+0.000000E+00
+0.000000E+00
+1.000000E+00
+1.000000E+00
+1.000000E+00
+0.000000E+00
+0.000000E+00
+1.000000E+00
+0.000000E+00
+1.000000E+00
+2.000000E+00
+3.000000E+00
+4.500000E+01
+4.500000E+01
+0.000000E+00
+0.000000E+00
+2.000000E+00
+0.000000E+00
+0.000000E+00
+0.000000E+00
+0.000000E+00
+0.000000E+00
+2.499999E-03
+6.309551E+00
+0.000000E+00
+0.000000E+00
+0.000000E+00
+1.000000E+00
+1.000000E+00
+0.000000E+00
+0.000000E+00
+9.9999904632568339E+00
+9.9999904632568339E+00
+9.413084E-01
-1.687623E-02
+9.122742E-01
-1.704679E-02
+8.841349E-01
-1.719078E-02
+8.568631E-01
-1.730968E-02
+8.304320E-01
-1.740488E-02
+8.674899E-01
-1.231077E-02
+9.061597E-01
-6.728233E-03
+9.465099E-01
-6.241420E-04
+9.886118E-01
+6.036566E-03
+9.416901E-01
-8.747365E-04
+8.969508E-01
-7.143314E-03
+8.542951E-01
-1.281432E-02
+8.136274E-01
-1.793011E-02
+8.615485E-01
-2.574274E-02
+9.122361E-01
-3.441470E-02
+9.658464E-01
-4.401974E-02
+1.022544E+00
-5.463722E-02
+9.990173E-01
-4.250956E-02
+9.759165E-01
-3.091721E-02
+9.532374E-01
-1.984302E-02
+9.309762E-01
-9.270342E-03
+9.386021E-01
-1.749764E-02
+9.462191E-01
-2.585982E-02
+9.538260E-01
-3.435791E-02
+9.614223E-01
-4.299297E-02
+9.672778E-01
-1.956012E-02
+9.725865E-01
+4.133695E-03
+9.773387E-01
+2.807634E-02
+9.815255E-01
+5.225534E-02
+9.808935E-01
+4.141342E-02
+9.801434E-01
+3.059177E-02
+9.792753E-01
+1.979164E-02
+9.782892E-01
+9.014299E-03
+9.919656E-01
+8.519040E-03
+1.005833E+00
+8.008176E-03
+1.019893E+00
+7.481371E-03
+1.034150E+00
+6.938272E-03
+1.014551E+00
+1.074612E-02
+9.953102E-01
+1.440727E-02
+9.764188E-01
+1.792582E-02
+9.578708E-01
+2.130582E-02
+9.674193E-01
+1.170961E-02
+9.769622E-01
+1.922193E-03
+9.864984E-01
-8.058229E-03
+9.960247E-01
-1.823347E-02
+9.871455E-01
-1.363159E-02
+9.783257E-01
-9.110669E-03
+9.695650E-01
-4.669718E-03
+9.608632E-01
-3.077484E-04
+9.667173E-01
+3.774862E-03
+9.725896E-01
+7.907225E-03
+9.784802E-01
+1.208972E-02
+9.843889E-01
+1.632274E-02
+9.969939E-01
+1.126381E-02
+1.009732E+00
+6.073124E-03
+1.022604E+00
+7.482796E-04
+1.035612E+00
-4.713139E-03
+1.028110E+00
+4.036405E-03
+1.020590E+00
+1.265910E-02
+1.013051E+00
+2.115573E-02
+1.005495E+00
+2.952703E-02
+1.009812E+00
+2.257050E-02
+1.014096E+00
+1.555518E-02
+1.018349E+00
+8.481031E-03
+1.022571E+00
+1.348038E-03
+1.028643E+00
+1.982835E-03
+1.034752E+00
+2.625124E-03
+1.040897E+00
+3.274972E-03
+1.047077E+00
+3.932445E-03
+1.048029E+00
-1.123288E-03
+1.048957E+00
-6.188125E-03
+1.049862E+00
-1.126196E-02
+1.050743E+00
-1.634469E-02
+1.048252E+00
-1.530978E-02
+1.045766E+00
-1.427971E-02
+1.043284E+00
-1.325445E-02
+1.040808E+00
-1.223399E-02
+1.041112E+00
-1.008916E-02
+1.041411E+00
-7.943144E-03
+1.041706E+00
-5.795927E-03
+1.041996E+00
-3.647529E-03
+1.038444E+00
-8.734180E-03
+1.034877E+00
-1.378618E-02
+1.031298E+00
-1.880359E-02
+1.027707E+00
-2.378645E-02
+1.035440E+00
-2.377167E-02
+1.043232E+00
-2.375533E-02
+1.051082E+00
-2.373740E-02
+1.058993E+00
-2.371788E-02
+1.055590E+00
-2.190924E-02
+1.052196E+00
-2.011204E-02
+1.048809E+00
-1.832623E-02
+1.045430E+00
-1.655175E-02
+1.045791E+00
-1.221018E-02
+1.046133E+00
-7.865911E-03
+1.046458E+00
-3.519003E-03
+1.046763E+00
+8.304665E-04
+1.048641E+00
-2.348746E-04
+1.050521E+00
-1.304040E-03
+1.052404E+00
-2.377037E-03
+1.054287E+00
-3.453876E-03
+1.054817E+00
-5.291821E-03
+1.055345E+00
-7.131626E-03
+1.055870E+00
-8.973287E-03
+1.056391E+00
-1.081679E-02
+1.056604E+00
-1.055236E-02
+1.056818E+00
-1.028783E-02
+1.057031E+00
-1.002319E-02
+1.057245E+00
-9.758448E-03
+1.056786E+00
-7.566920E-03
+1.056324E+00
-5.377329E-03
+1.055857E+00
-3.189687E-03
+1.055385E+00
-1.004000E-03
+1.056726E+00
-6.522600E-04
+1.058068E+00
-2.996247E-04
+1.059413E+00
+5.390765E-05
+1.060758E+00
+4.083381E-04
+1.060656E+00
-1.991373E-03
+1.060548E+00
-4.390621E-03
+1.060435E+00
-6.789389E-03
+1.060316E+00
-9.187667E-03
+1.055890E+00
-6.067115E-03
+1.051473E+00
-2.972535E-03
+1.047066E+00
+9.621239E-05
+1.042670E+00
+3.139263E-03
+1.044664E+00
+2.030986E-03
+1.046662E+00
+9.184618E-04
+1.048661E+00
-1.983211E-04
+1.050663E+00
-1.319375E-03
+1.048031E+00
-9.719738E-04
+1.045405E+00
-6.263055E-04
+1.042785E+00
-2.823632E-04
+1.040172E+00
+5.985874E-05
+1.038746E+00
+2.041824E-03
+1.037317E+00
+4.018352E-03
+1.035887E+00
+5.989444E-03
+1.034454E+00
+7.955110E-03
+1.038325E+00
+8.583022E-03
+1.042211E+00
+9.215532E-03
+1.046111E+00
+9.852653E-03
+1.050025E+00
+1.049442E-02
+1.051459E+00
+1.475749E-02
+1.052878E+00
+1.903236E-02
+1.054281E+00
+2.331899E-02
+1.055669E+00
+2.761731E-02
+1.059778E+00
+2.817150E-02
+1.063904E+00
+2.872959E-02
+1.068045E+00
+2.929160E-02
+1.072203E+00
+2.985757E-02
+1.077051E+00
+2.143661E-02
+1.081854E+00
+1.294077E-02
+1.086609E+00
+4.370105E-03
+1.091317E+00
-4.275336E-03
+1.084710E+00
-7.476031E-03
+1.078135E+00
-1.063786E-02
+1.071590E+00
-1.376114E-02
+1.065075E+00
-1.684621E-02
+1.061923E+00
-1.014704E-02
+1.058739E+00
-3.488021E-03
+1.055524E+00
+3.130758E-03
+1.052277E+00
+9.709222E-03
+1.054718E+00
+6.616659E-03
+1.057155E+00
+3.509780E-03
+1.059589E+00
+3.885639E-04
+1.062019E+00
-2.747008E-03
+1.065514E+00
+1.466738E-04
+1.069013E+00
+3.059412E-03
+1.072515E+00
+5.991277E-03
+1.076021E+00
+8.942345E-03
+1.069772E+00
+5.434812E-03
+1.063548E+00
+1.967808E-03
+1.057350E+00
-1.458982E-03
+1.051176E+00
-4.845875E-03
+1.054785E+00
-1.056020E-02
+1.058375E+00
-1.631384E-02
+1.061945E+00
-2.210682E-02
+1.065497E+00
-2.793920E-02
+1.054266E+00
-2.480118E-02
+1.043145E+00
-2.172639E-02
+1.032135E+00
-1.871389E-02
+1.021234E+00
-1.576272E-02
+1.007431E+00
-1.187185E-02
+9.938017E-01
-8.083476E-03
+9.803434E-01
-4.395583E-03
+9.670547E-01
-8.062028E-04
+9.692913E-01
+1.829425E-02
+9.711555E-01
+3.748275E-02
+9.726449E-01
+5.675214E-02
+9.737566E-01
+7.609509E-02
+9.813588E-01
+8.847035E-02
+9.888791E-01
+1.010453E-01
+9.963137E-01
+1.138206E-01
+1.003660E+00
+1.267971E-01
+1.012713E+00
+1.282122E-01
+1.021848E+00
+1.296427E-01
+1.031065E+00
+1.310884E-01
+1.040367E+00
+1.325499E-01
+1.045153E+00
+1.357509E-01
+1.049956E+00
+1.389795E-01
+1.054774E+00
+1.422356E-01
+1.059607E+00
+1.455196E-01
+1.069777E+00
+1.455985E-01
+1.080043E+00
+1.456657E-01
+1.090406E+00
+1.457209E-01
+1.100867E+00
+1.457641E-01
+1.092876E+00
+1.440816E-01
+1.084942E+00
+1.424160E-01
+1.077066E+00
+1.407670E-01
+1.069246E+00
+1.391344E-01
+1.068112E+00
+1.404155E-01
+1.066977E+00
+1.416938E-01
+1.065842E+00
+1.429696E-01
+1.064706E+00
+1.442427E-01
+1.078903E+00
+1.589436E-01
+1.093140E+00
+1.740313E-01
+1.107411E+00
+1.895120E-01
+1.121711E+00
+2.053919E-01
+1.135606E+00
+2.006371E-01
+1.149626E+00
+1.957414E-01
+1.163772E+00
+1.907025E-01
+1.178046E+00
+1.855179E-01
+1.183880E+00
+1.816887E-01
+1.189723E+00
+1.778200E-01
+1.195577E+00
+1.739115E-01
+1.201441E+00
+1.699632E-01
+1.199680E+00
+1.515415E-01
+1.197651E+00
+1.332117E-01
+1.195358E+00
+1.149772E-01
+1.192803E+00
+9.684174E-02
+1.191029E+00
+8.904515E-02
+1.189209E+00
+8.127548E-02
+1.187342E+00
+7.353298E-02
+1.185430E+00
+6.581785E-02
+1.175353E+00
+6.076484E-02
+1.165345E+00
+5.579392E-02
+1.155406E+00
+5.090412E-02
+1.145535E+00
+4.609450E-02
+1.132777E+00
+4.385156E-02
+1.120159E+00
+4.165297E-02
+1.107679E+00
+3.949804E-02
+1.095335E+00
+3.738604E-02
+1.091320E+00
+4.787015E-02
+1.087218E+00
+5.828045E-02
+1.083029E+00
+6.861626E-02
+1.078753E+00
+7.887708E-02
+1.070207E+00
+8.771200E-02
+1.061647E+00
+9.640799E-02
+1.053074E+00
+1.049660E-01
+1.044487E+00
+1.133869E-01
+1.042867E+00
+1.260102E-01
+1.041095E+00
+1.386110E-01
+1.039170E+00
+1.511873E-01
+1.037093E+00
+1.637373E-01
+1.051119E+00
+1.884560E-01
+1.064858E+00
+2.138888E-01
+1.078290E+00
+2.400413E-01
+1.091396E+00
+2.669194E-01
+1.124754E+00
+2.591247E-01
+1.158913E+00
+2.506580E-01
+1.193884E+00
+2.414899E-01
+1.229678E+00
+2.315900E-01
+1.209519E+00
+1.861353E-01
+1.188327E+00
+1.423653E-01
+1.166181E+00
+1.002759E-01
+1.143158E+00
+5.986059E-02
+1.128679E+00
+6.047902E-02
+1.114382E+00
+6.107224E-02
+1.100264E+00
+6.164082E-02
+1.086324E+00
+6.218528E-02
+1.071147E+00
+7.276572E-02
+1.056062E+00
+8.304532E-02
+1.041072E+00
+9.302901E-02
+1.026176E+00
+1.027216E-01
+1.015588E+00
+1.092218E-01
+1.005054E+00
+1.155823E-01
+9.945754E-01
+1.218051E-01
+9.841512E-01
+1.278916E-01
+9.813295E-01
+1.441095E-01
+9.782408E-01
+1.602691E-01
+9.748870E-01
+1.763660E-01
+9.712688E-01
+1.923958E-01
+9.705862E-01
+2.094300E-01
+9.696120E-01
+2.264982E-01
+9.683450E-01
+2.435952E-01
+9.667836E-01
+2.607163E-01
+9.827679E-01
+2.851753E-01
+9.986249E-01
+3.104773E-01
+1.014336E+00
+3.366385E-01
+1.029880E+00
+3.636742E-01
+1.057493E+00
+3.757742E-01
+1.085842E+00
+3.882634E-01
+1.114946E+00
+4.011539E-01
+1.144824E+00
+4.144581E-01
+1.150673E+00
+4.011778E-01
+1.156368E+00
+3.878173E-01
+1.161909E+00
+3.743784E-01
+1.167294E+00
+3.608628E-01
+1.203004E+00
+3.760728E-01
+1.239793E+00
+3.918801E-01
+1.277693E+00
+4.083068E-01
+1.316735E+00
+4.253759E-01
+1.340617E+00
+4.184712E-01
+1.364785E+00
+4.112235E-01
+1.389240E+00
+4.036250E-01
+1.413982E+00
+3.956673E-01
+1.439960E+00
+3.574429E-01
+1.465058E+00
+3.180603E-01
+1.489233E+00
+2.775341E-01
+1.512440E+00
+2.358802E-01
+1.489354E+00
+2.530311E-01
+1.466343E+00
+2.696468E-01
+1.443412E+00
+2.857353E-01
+1.420569E+00
+3.013049E-01
+1.470507E+00
+3.268647E-01
+1.522050E+00
+3.538811E-01
+1.575242E+00
+3.824245E-01
+1.630130E+00
+4.125691E-01
+1.718903E+00
+3.257305E-01
+1.805621E+00
+2.299537E-01
+1.889643E+00
+1.250239E-01
+1.970288E+00
+1.075838E-02
+1.914641E+00
-1.041413E-01
+1.853900E+00
-2.125227E-01
+1.788591E+00
-3.142759E-01
+1.719227E+00
-4.093245E-01
+1.617622E+00
-4.218617E-01
+1.521278E+00
-4.316643E-01
+1.429967E+00
-4.389870E-01
+1.343464E+00
-4.440659E-01
+1.305787E+00
-3.912047E-01
+1.268070E+00
-3.413213E-01
+1.230397E+00
-2.943066E-01
+1.192843E+00
-2.500532E-01
+1.208655E+00
-2.168700E-01
+1.223608E+00
-1.829874E-01
+1.237675E+00
-1.484254E-01
+1.250827E+00
-1.132053E-01
+1.252956E+00
-9.577729E-02
+1.254843E+00
-7.831185E-02
+1.256486E+00
-6.081244E-02
+1.257885E+00
-4.328246E-02
+1.262440E+00
-4.217356E-02
+1.267010E+00
-4.105610E-02
+1.271595E+00
-3.993005E-02
+1.276196E+00
-3.879534E-02
+1.271037E+00
-4.694334E-02
+1.265846E+00
-5.502649E-02
+1.260621E+00
-6.304480E-02
+1.255365E+00
-7.099833E-02
+1.282187E+00
-5.984058E-02
+1.309454E+00
-4.818086E-02
+1.337171E+00
-3.600422E-02
+1.365344E+00
-2.329544E-02
+1.363485E+00
-2.873268E-02
+1.361607E+00
-3.415544E-02
+1.359709E+00
-3.956368E-02
+1.357792E+00
-4.495729E-02
+1.342438E+00
-5.732778E-02
+1.327135E+00
-6.941681E-02
+1.311887E+00
-8.122791E-02
+1.296694E+00
-9.276472E-02
+1.312733E+00
-8.500867E-02
+1.328911E+00
-7.705094E-02
+1.345226E+00
-6.888814E-02
+1.361678E+00
-6.051693E-02
+1.377190E+00
-6.538035E-02
+1.392867E+00
-7.034732E-02
+1.408709E+00
-7.541950E-02
+1.424718E+00
-8.059861E-02
+1.422568E+00
-8.054791E-02
+1.420421E+00
-8.049719E-02
+1.418278E+00
-8.044644E-02
+1.416138E+00
-8.039565E-02
+1.423112E+00
-1.043177E-01
+1.429730E+00
-1.284956E-01
+1.435986E+00
-1.529248E-01
+1.441875E+00
-1.776009E-01
+1.437510E+00
-2.037213E-01
+1.432672E+00
-2.297417E-01
+1.427365E+00
-2.556537E-01
+1.421589E+00
-2.814487E-01
+1.420178E+00
-2.590039E-01
+1.418436E+00
-2.366693E-01
+1.416365E+00
-2.144493E-01
+1.413971E+00
-1.923485E-01
+1.418572E+00
-1.911663E-01
+1.423186E+00
-1.899745E-01
+1.427812E+00
-1.887733E-01
+1.432452E+00
-1.875627E-01
+1.407788E+00
-2.125411E-01
+1.383001E+00
-2.366753E-01
+1.358112E+00
-2.599753E-01
+1.333136E+00
-2.824510E-01
+1.340241E+00
-2.680241E-01
+1.347202E+00
-2.534741E-01
+1.354017E+00
-2.388021E-01
+1.360682E+00
-2.240095E-01
+1.364802E+00
-2.277682E-01
+1.368928E+00
-2.315487E-01
+1.373059E+00
-2.353511E-01
+1.377196E+00
-2.391755E-01
+1.413720E+00
-2.333040E-01
+1.451108E+00
-2.269712E-01
+1.489376E+00
-2.201580E-01
+1.528544E+00
-2.128447E-01
+1.585651E+00
-2.143877E-01
+1.644866E+00
-2.157528E-01
+1.706264E+00
-2.169244E-01
+1.769927E+00
-2.178868E-01
+1.883313E+00
-3.082817E-01
+2.000711E+00
-4.097646E-01
+2.121928E+00
-5.232743E-01
+2.246716E+00
-6.498073E-01
+2.300385E+00
-8.378276E-01
+2.343115E+00
-1.037995E+00
+2.373559E+00
-1.250072E+00
+2.390328E+00
-1.473718E+00
+1.835622E+00
-1.614032E+00
+1.339128E+00
-1.653332E+00
+9.073535E-01
-1.614467E+00
+5.425407E-01
-1.517992E+00
+5.646886E-01
-1.336639E+00
+5.753795E-01
-1.172534E+00
+5.766512E-01
-1.024512E+00
+5.702737E-01
-8.914212E-01
+6.816412E-01
-8.477809E-01
+7.906171E-01
-7.908336E-01
+8.956739E-01
-7.205524E-01
+9.952470E-01
-6.370791E-01
+9.518932E-01
-6.509246E-01
+9.091946E-01
-6.631445E-01
+8.671831E-01
-6.737980E-01
+8.258885E-01
-6.829439E-01
+8.114348E-01
-6.253628E-01
+7.957366E-01
-5.708259E-01
+7.789498E-01
-5.192384E-01
+7.612198E-01
-4.705045E-01
+8.110064E-01
-4.685716E-01
+8.630325E-01
-4.650016E-01
+9.173506E-01
-4.596495E-01
+9.740110E-01
-4.523621E-01
+9.823564E-01
-4.394203E-01
+9.905344E-01
-4.263344E-01
+9.985426E-01
-4.131066E-01
+1.006379E+00
-3.997386E-01
+1.053254E+00
-4.163004E-01
+1.102308E+00
-4.335391E-01
+1.153644E+00
-4.514821E-01
+1.207366E+00
-4.701579E-01
+1.192219E+00
-4.565689E-01
+1.177220E+00
-4.432635E-01
+1.162367E+00
-4.302366E-01
+1.147661E+00
-4.174833E-01
+1.190075E+00
-4.364694E-01
+1.234047E+00
-4.562920E-01
+1.279634E+00
-4.769875E-01
+1.326894E+00
-4.985935E-01
+1.310312E+00
-4.724758E-01
+1.293675E+00
-4.470312E-01
+1.276994E+00
-4.222485E-01
+1.260278E+00
-3.981171E-01
+1.282075E+00
-3.829009E-01
+1.303896E+00
-3.671505E-01
+1.325734E+00
-3.508591E-01
+1.347580E+00
-3.340198E-01
+1.377936E+00
-3.360553E-01
+1.408954E+00
-3.380182E-01
+1.440650E+00
-3.399046E-01
+1.473035E+00
-3.417098E-01
+1.550215E+00
-2.707687E-01
+1.626354E+00
-1.926351E-01
+1.700999E+00
-1.070873E-01
+1.773668E+00
-1.392070E-02
+1.886784E+00
-2.837302E-01
+1.966342E+00
-5.882174E-01
+2.004905E+00
-9.245471E-01
+1.994983E+00
-1.288572E+00
+1.960386E+00
-1.121647E+00
+1.918996E+00
-9.648999E-01
+1.871675E+00
-8.181649E-01
+1.819234E+00
-6.812414E-01
+1.614753E+00
-1.132139E-01
+1.316819E+00
+2.921264E-01
+9.827708E-01
+5.453578E-01
+6.559099E-01
+6.685163E-01
+1.687876E-01
+1.111188E+00
-6.161262E-01
+1.199859E+00
-1.442217E+00
+7.349094E-01
-1.919574E+00
-2.976975E-01
-1.577631E+00
-6.385960E-01
-1.217658E+00
-8.608388E-01
-8.660838E-01
-9.782616E-01
-5.426809E-01
-1.007963E+00
-3.957562E-01
-9.747049E-01
-2.648296E-01
-9.297410E-01
-1.496799E-01
-8.756706E-01
-4.984736E-02
-8.148462E-01
+3.113298E-01
-6.318208E-01
+5.036100E-01
-3.401471E-01
+5.228599E-01
-3.934481E-02
+4.085676E-01
+1.942560E-01
+5.304905E-01
+1.788737E-01
+6.780558E-01
+1.421188E-01
+8.540014E-01
+7.534651E-02
+1.060425E+00
-3.246721E-02
+1.146384E+00
-4.310153E-02
+1.239249E+00
-5.524842E-02
+1.339573E+00
-6.908293E-02
+1.447949E+00
-8.479847E-02
+1.504422E+00
-9.365605E-02
+1.563076E+00
-1.030768E-01
+1.623995E+00
-1.130911E-01
+1.687264E+00
-1.237310E-01
+1.735080E+00
-1.282144E-01
+1.784250E+00
-1.328525E-01
+1.834814E+00
-1.376507E-01
+1.886810E+00
-1.426142E-01
+1.918390E+00
-1.253020E-01
+1.950293E+00
-1.073858E-01
+1.982520E+00
-8.885263E-02
+2.015068E+00
-6.968923E-02
+2.047081E+00
-9.633853E-02
+2.079277E+00
-1.238282E-01
+2.111652E+00
-1.521741E-01
+2.144196E+00
-1.813928E-01
+2.128863E+00
-2.001293E-01
+2.113453E+00
-2.186044E-01
+2.097970E+00
-2.368188E-01
+2.082418E+00
-2.547739E-01
+2.239775E+00
-3.395981E-01
+2.406989E+00
-4.360358E-01
+2.584479E+00
-5.453144E-01
+2.772665E+00
-6.687721E-01
+2.705233E+00
-5.064675E-01
+2.632172E+00
-3.534153E-01
+2.554146E+00
-2.095595E-01
+2.471794E+00
-7.481338E-02
+2.634476E+00
+4.310773E-01
+2.702398E+00
+1.000691E+00
+2.656757E+00
+1.618257E+00
+2.480893E+00
+2.263186E+00
+2.908788E+00
+2.174068E+00
+3.359910E+00
+2.033020E+00
+3.830553E+00
+1.833631E+00
+4.316052E+00
+1.569397E+00
+4.364842E+00
+2.177920E+00
+4.342757E+00
+2.825972E+00
+4.241109E+00
+3.507167E+00
+4.051490E+00
+4.213719E+00
+3.443411E+00
+4.796973E+00
+2.751367E+00
+5.292478E+00
+1.988022E+00
+5.688142E+00
+1.167779E+00
+5.973708E+00
+6.301054E-01
+6.126124E+00
+7.438414E-02
+6.230508E+00
-4.951267E-01
+6.284837E+00
-1.073955E+00
+6.287473E+00
-2.159337E+00
+6.167331E+00
-3.235130E+00
+5.860484E+00
-4.269330E+00
+5.366685E+00
-5.229568E+00
+4.691163E+00
-3.867802E+00
+3.443855E+00
-2.860568E+00
+2.528109E+00
-2.115580E+00
+1.855808E+00
-1.564573E+00
+1.362249E+00
-1.640982E-01
+1.582200E+00
+7.359346E-01
+9.726606E-01
+9.214362E-01
+1.600700E-01
+6.002074E-01
-3.924379E-01
+6.965080E-01
-5.292715E-01
+8.018909E-01
-7.040752E-01
+9.150515E-01
-9.258648E-01
+1.033626E+00
-1.205498E+00
+1.150539E+00
-1.394840E+00
+1.279525E+00
-1.612935E+00
+1.421631E+00
-1.864024E+00
+1.577955E+00
-2.152960E+00
+1.528870E+00
-2.298043E+00
+1.471353E+00
-2.445602E+00
+1.405009E+00
-2.595325E+00
+1.329450E+00
-2.746867E+00
+1.295640E+00
-2.357275E+00
+1.248096E+00
-2.015876E+00
+1.190662E+00
-1.717527E+00
+1.126485E+00
-1.457522E+00
+1.365252E+00
-1.747412E+00
+1.654507E+00
-2.094867E+00
+2.004903E+00
-2.511296E+00
+2.429335E+00
-3.010370E+00
+2.511951E+00
-3.045270E+00
+2.596638E+00
-3.079977E+00
+2.683434E+00
-3.114464E+00
+2.772381E+00
-3.148706E+00
+2.053835E+00
-3.713554E+00
+1.221142E+00
-4.115252E+00
+3.111734E-01
-4.330945E+00
-6.346709E-01
-4.346089E+00
-2.989146E-01
-3.552928E+00
-6.616201E-02
-2.893621E+00
+8.976232E-02
-2.347877E+00
+1.890620E-01
-1.897954E+00
+3.691072E-01
-1.656765E+00
+5.025040E-01
-1.424500E+00
+5.956353E-01
-1.205085E+00
+6.545590E-01
-1.001311E+00
+1.065150E+00
-1.090331E+00
+1.600374E+00
-1.100374E+00
+2.271927E+00
-9.809588E-01
+3.081984E+00
-6.660956E-01
+3.013496E+00
-1.531491E+00
+2.706367E+00
-2.409999E+00
+2.148252E+00
-3.236991E+00
+1.343984E+00
-3.942090E+00
+1.077173E+00
-4.076661E+00
+7.981547E-01
-4.193604E+00
+5.080608E-01
-4.291881E+00
+2.081083E-01
-4.370513E+00
-1.372099E-01
-5.267123E+00
-6.313337E-01
-6.313300E+00
-1.317412E+00
-7.525920E+00
-2.248758E+00
-8.921427E+00
-4.302575E+00
-6.497191E+00
-5.262830E+00
-3.983237E+00
-5.324063E+00
-1.704734E+00
-4.733050E+00
+1.331274E-01
-4.803016E+00
+6.907530E-02
-4.873096E+00
+3.126302E-03
-4.943263E+00
-6.474848E-02
-5.013497E+00
-1.345793E-01
-5.815173E+00
-1.994279E+00
-6.071563E+00
-4.463359E+00
-5.466846E+00
-7.445476E+00
-3.666898E+00
-1.071222E+01
-8.682478E+00
-6.421306E+00
-1.029430E+01
-3.356822E-01
-8.262022E+00
+5.314351E+00
-3.605468E+00
+8.647966E+00
-5.322669E+00
+6.943643E+00
-6.465058E+00
+4.994576E+00
-7.030076E+00
+2.962074E+00
-7.053985E+00
+9.923392E-01
-6.476426E+00
+3.492214E-01
-5.902270E+00
-1.890623E-01
-5.339391E+00
-6.325129E-01
-4.794143E+00
-9.908181E-01
-4.542504E+00
-1.015930E+00
-4.302882E+00
-1.035922E+00
-4.074767E+00
-1.051231E+00
-3.857660E+00
-1.062267E+00
-3.655612E+00
-1.042356E+00
-3.463839E+00
-1.021702E+00
-3.281833E+00
-1.000429E+00
-3.109113E+00
-9.786526E-01
-2.960666E+00
-8.058223E-01
-2.814653E+00
-6.487297E-01
-2.671509E+00
-5.063507E-01
-2.531610E+00
-3.777065E-01
-2.669546E+00
-2.070068E-01
-2.800859E+00
-1.869392E-02
-2.923961E+00
+1.875083E-01
-3.037173E+00
+4.117702E-01
-3.177574E+00
+1.093528E+00
-3.182464E+00
+1.856689E+00
-3.024206E+00
+2.678346E+00
-2.677980E+00
+3.527946E+00
-2.612067E+00
+2.839553E+00
-2.498378E+00
+2.247986E+00
-2.351208E+00
+1.744312E+00
-2.182225E+00
+1.319605E+00
-2.520961E+00
+1.081085E+00
-2.846322E+00
+7.766038E-01
-3.147620E+00
+4.038480E-01
-3.413126E+00
-3.805808E-02
-3.446863E+00
-2.163288E-01
-3.471661E+00
-3.982233E-01
-3.487239E+00
-5.833139E-01
-3.493337E+00
-7.711526E-01
-4.212985E+00
-6.144883E-01
-5.053710E+00
-3.665490E-01
-6.030292E+00
+1.614880E-04
-7.157912E+00
+5.195542E-01
-6.757710E+00
+1.515853E+00
-6.233775E+00
+2.409726E+00
-5.606341E+00
+3.188208E+00
-4.896569E+00
+3.841809E+00
-5.893245E+00
+3.610080E+00
-6.962886E+00
+3.226766E+00
-8.093592E+00
+2.666902E+00
-9.269018E+00
+1.904479E+00
-7.754090E+00
+5.361787E+00
-5.016608E+00
+7.940166E+00
-1.501269E+00
+9.235887E+00
+2.226757E+00
+9.052324E+00
+4.926019E+00
+5.919387E+00
+5.798690E+00
+2.616537E+00
+5.253119E+00
-1.523087E-01
+3.847067E+00
-2.011860E+00
+5.543237E+00
-1.707651E+00
+7.697597E+00
-8.955757E-01
+1.033042E+01
+6.951150E-01
+1.340249E+01
+3.425038E+00
+7.614915E+00
+1.940471E+00
+4.326577E+00
+1.099375E+00
+2.458238E+00
+6.228462E-01
+1.396700E+00
+3.528685E-01
+1.267727E+00
+7.391175E-01
+1.032601E+00
+1.080851E+00
+7.061149E-01
+1.349087E+00
+3.109162E-01
+1.519628E+00
+9.857896E-01
+1.325007E+00
+1.548706E+00
+8.326899E-01
+1.869283E+00
+1.038486E-01
+1.849405E+00
-7.436742E-01
+1.895082E+00
-5.455049E-01
+1.920063E+00
-3.458692E-01
+1.924528E+00
-1.468758E-01
+1.908866E+00
+4.941735E-02
+2.125895E+00
+4.059779E-01
+2.303122E+00
+8.446473E-01
+2.420747E+00
+1.367839E+00
+2.456181E+00
+1.974613E+00
+3.482273E+00
+8.252834E-01
+3.973134E+00
-8.540405E-01
+3.656486E+00
-2.815423E+00
+2.374232E+00
-4.671735E+00
+1.974834E+00
-5.091825E+00
+1.516884E+00
-5.485789E+00
+1.000944E+00
-5.846557E+00
+4.283348E-01
-6.166856E+00
+5.496467E-01
-5.469722E+00
+6.383804E-01
-4.846747E+00
+7.001878E-01
-4.290582E+00
+7.398912E-01
-3.794536E+00
+9.524992E-01
-3.574860E+00
+1.141240E+00
-3.351336E+00
+1.306946E+00
-3.125685E+00
+1.450518E+00
-2.899498E+00
+1.373672E+00
-2.506140E+00
+1.292965E+00
-2.162179E+00
+1.210491E+00
-1.861858E+00
+1.127905E+00
-1.600038E+00
+1.411636E+00
-1.819609E+00
+1.756893E+00
-2.062371E+00
+2.175702E+00
-2.329071E+00
+2.682237E+00
-2.619944E+00
+1.970870E+00
-2.098075E+00
+1.442459E+00
-1.674314E+00
+1.051141E+00
-1.331841E+00
+7.622942E-01
-1.056241E+00
+3.028795E-01
-1.781400E+00
-7.127415E-01
-2.403175E+00
-2.357602E+00
-2.555956E+00
-4.498956E+00
-1.739877E+00
-2.144739E+00
-1.659501E+00
-8.892135E-01
-1.238348E+00
-2.803450E-01
-8.099257E-01
-2.105501E-02
-4.813737E-01
-4.540334E-01
-6.695260E-01
-1.238629E+00
-5.571514E-01
-2.261153E+00
+2.944558E-01
-2.972739E+00
+2.412249E+00
-4.096511E+00
+1.608544E-01
-3.615477E+00
-2.490481E+00
-1.501903E+00
-4.455043E+00
+1.570731E+00
-4.783319E+00
+2.157870E+00
-3.584020E+00
+2.411478E+00
-2.503823E+00
+2.416953E+00
-1.581847E+00
+2.250713E+00
-8.339773E-01
+1.966602E+00
-1.360472E+00
+1.562429E+00
-1.798535E+00
+1.064193E+00
-2.121609E+00
+5.035470E-01
-2.310476E+00
+2.768795E-01
-2.428776E+00
+3.141925E-02
-2.526799E+00
-2.312535E-01
-2.602010E+00
-5.092491E-01
-2.651962E+00
-1.355990E-01
-2.329874E+00
+1.480120E-01
-2.011549E+00
+3.549066E-01
-1.706657E+00
+4.975961E-01
-1.421973E+00
+7.087801E-01
-1.451240E+00
+9.372989E-01
-1.455810E+00
+1.181164E+00
-1.431906E+00
+1.437781E+00
-1.375757E+00
+1.607818E+00
-1.129511E+00
+1.737243E+00
-8.638815E-01
+1.824145E+00
-5.853607E-01
+1.867622E+00
-3.005695E-01
+1.632524E+00
-8.216740E-01
+1.263965E+00
-1.233063E+00
+8.044852E-01
-1.504464E+00
+3.021000E-01
-1.620402E+00
+3.655072E-01
-1.886792E+00
+4.416186E-01
-2.196864E+00
+5.329004E-01
-2.557759E+00
+6.422852E-01
-2.977788E+00
+7.836767E-01
-3.103143E+00
+9.367396E-01
-3.229579E+00
+1.102096E+00
-3.356721E+00
+1.280389E+00
-3.484155E+00
