Hz,real,imaginary,V^2 (rms)
9.999990,5.159819E-7,5.159819E-7,7.297086E-7
10.057721,5.370994E-7,5.370994E-7,7.595733E-7
10.115785,5.590811E-7,5.590811E-7,7.906601E-7
10.174184,5.819624E-7,5.819624E-7,8.230191E-7
10.232920,6.057802E-7,6.057802E-7,8.567026E-7
10.291995,6.213984E-7,6.213984E-7,8.787900E-7
10.351412,6.374192E-7,6.374192E-7,9.014469E-7
10.411171,6.538531E-7,6.538531E-7,9.246879E-7
10.471275,6.707103E-7,6.707103E-7,9.485276E-7
10.531727,6.931621E-7,6.931621E-7,9.802792E-7
10.592527,7.163654E-7,7.163654E-7,1.013094E-6
10.653678,7.403455E-7,7.403455E-7,1.047007E-6
10.715183,7.651283E-7,7.651283E-7,1.082055E-6
10.777042,7.954879E-7,7.954879E-7,1.124990E-6
10.839258,8.270522E-7,8.270522E-7,1.169628E-6
10.901834,8.598688E-7,8.598688E-7,1.216038E-6
10.964771,8.939874E-7,8.939874E-7,1.264289E-6
11.028071,9.172309E-7,9.172309E-7,1.297160E-6
11.091737,9.410787E-7,9.410787E-7,1.330886E-6
11.155770,9.655466E-7,9.655466E-7,1.365489E-6
11.220173,9.906507E-7,9.906507E-7,1.400992E-6
11.284948,1.026036E-6,1.026036E-6,1.451034E-6
11.350097,1.062686E-6,1.062686E-6,1.502865E-6
11.415622,1.100644E-6,1.100644E-6,1.556546E-6
11.481525,1.139958E-6,1.139958E-6,1.612144E-6
11.547808,1.178659E-6,1.178659E-6,1.666876E-6
11.614474,1.218673E-6,1.218673E-6,1.723464E-6
11.681525,1.260046E-6,1.260046E-6,1.781974E-6
11.748964,1.302822E-6,1.302822E-6,1.842469E-6
11.816791,1.347894E-6,1.347894E-6,1.906210E-6
11.885010,1.394524E-6,1.394524E-6,1.972155E-6
11.953623,1.442768E-6,1.442768E-6,2.040382E-6
12.022632,1.492681E-6,1.492681E-6,2.110970E-6
12.092039,1.553760E-6,1.553760E-6,2.197348E-6
12.161847,1.617338E-6,1.617338E-6,2.287261E-6
12.232059,1.683517E-6,1.683517E-6,2.380853E-6
12.302675,1.752405E-6,1.752405E-6,2.478275E-6
12.373699,1.816649E-6,1.816649E-6,2.569130E-6
12.445133,1.883249E-6,1.883249E-6,2.663316E-6
12.516980,1.952290E-6,1.952290E-6,2.760955E-6
12.589241,2.023863E-6,2.023863E-6,2.862175E-6
12.661919,2.119803E-6,2.119803E-6,2.997854E-6
12.735017,2.220291E-6,2.220291E-6,3.139966E-6
12.808537,2.325543E-6,2.325543E-6,3.288814E-6
12.882482,2.435785E-6,2.435785E-6,3.444720E-6
12.956853,2.527699E-6,2.527699E-6,3.574706E-6
13.031654,2.623080E-6,2.623080E-6,3.709595E-6
13.106887,2.722062E-6,2.722062E-6,3.849577E-6
13.182553,2.824778E-6,2.824778E-6,3.994839E-6
13.258657,2.950353E-6,2.950353E-6,4.172429E-6
13.335200,3.081510E-6,3.081510E-6,4.357913E-6
13.412185,3.218498E-6,3.218498E-6,4.551644E-6
13.489614,3.361577E-6,3.361577E-6,4.753988E-6
13.567491,3.504668E-6,3.504668E-6,4.956349E-6
13.645817,3.653850E-6,3.653850E-6,5.167324E-6
13.724595,3.809383E-6,3.809383E-6,5.387281E-6
13.803828,3.971538E-6,3.971538E-6,5.616603E-6
13.883518,4.185743E-6,4.185743E-6,5.919535E-6
13.963668,4.411501E-6,4.411501E-6,6.238805E-6
14.044282,4.649436E-6,4.649436E-6,6.575295E-6
14.125360,4.900204E-6,4.900204E-6,6.929935E-6
14.206907,5.084087E-6,5.084087E-6,7.189985E-6
14.288924,5.274871E-6,5.274871E-6,7.459794E-6
14.371415,5.472814E-6,5.472814E-6,7.739728E-6
14.454382,5.678185E-6,5.678185E-6,8.030166E-6
14.537828,6.003155E-6,6.003155E-6,8.489743E-6
14.621756,6.346723E-6,6.346723E-6,8.975622E-6
14.706168,6.709954E-6,6.709954E-6,9.489308E-6
14.791067,7.093970E-6,7.093970E-6,1.003239E-5
14.876457,7.428536E-6,7.428536E-6,1.050554E-5
14.962340,7.778881E-6,7.778881E-6,1.100100E-5
15.048718,8.145749E-6,8.145749E-6,1.151983E-5
15.135596,8.529920E-6,8.529920E-6,1.206313E-5
15.222974,9.015879E-6,9.015879E-6,1.275038E-5
15.310857,9.529524E-6,9.529524E-6,1.347678E-5
15.399248,1.007243E-5,1.007243E-5,1.424457E-5
15.488149,1.064627E-5,1.064627E-5,1.505610E-5
15.577563,1.127932E-5,1.127932E-5,1.595137E-5
15.667493,1.195001E-5,1.195001E-5,1.689987E-5
15.757942,1.266059E-5,1.266059E-5,1.790478E-5
15.848914,1.341342E-5,1.341342E-5,1.896944E-5
15.940411,1.423800E-5,1.423800E-5,2.013557E-5
16.032436,1.511328E-5,1.511328E-5,2.137341E-5
16.124992,1.604236E-5,1.604236E-5,2.268732E-5
16.218082,1.702856E-5,1.702856E-5,2.408202E-5
16.311710,1.822110E-5,1.822110E-5,2.576853E-5
16.405879,1.949715E-5,1.949715E-5,2.757313E-5
16.500591,2.086257E-5,2.086257E-5,2.950413E-5
16.595850,2.232363E-5,2.232363E-5,3.157038E-5
16.691659,2.350346E-5,2.350346E-5,3.323891E-5
16.788021,2.474565E-5,2.474565E-5,3.499563E-5
16.884939,2.605349E-5,2.605349E-5,3.684520E-5
16.982417,2.743045E-5,2.743045E-5,3.879251E-5
17.080457,2.960481E-5,2.960481E-5,4.186752E-5
17.179064,3.195153E-5,3.195153E-5,4.518629E-5
17.278240,3.448427E-5,3.448427E-5,4.876812E-5
17.377988,3.721780E-5,3.721780E-5,5.263392E-5
17.478312,3.940990E-5,3.940990E-5,5.573402E-5
17.579215,4.173111E-5,4.173111E-5,5.901670E-5
17.680701,4.418904E-5,4.418904E-5,6.249274E-5
17.782773,4.679171E-5,4.679171E-5,6.617347E-5
17.885434,5.032516E-5,5.032516E-5,7.117052E-5
17.988688,5.412545E-5,5.412545E-5,7.654495E-5
18.092538,5.821271E-5,5.821271E-5,8.232520E-5
18.196987,6.260864E-5,6.260864E-5,8.854199E-5
18.302039,6.553154E-5,6.553154E-5,9.267559E-5
18.407698,6.859089E-5,6.859089E-5,9.700217E-5
18.513967,7.179306E-5,7.179306E-5,1.015307E-4
18.620849,7.514473E-5,7.514473E-5,1.062707E-4
18.728348,7.825816E-5,7.825816E-5,1.106738E-4
18.836468,8.150059E-5,8.150059E-5,1.152592E-4
18.945212,8.487735E-5,8.487735E-5,1.200347E-4
19.054584,8.839402E-5,8.839402E-5,1.250080E-4
19.164587,8.967121E-5,8.967121E-5,1.268142E-4
19.275226,9.096686E-5,9.096686E-5,1.286466E-4
19.386503,9.228123E-5,9.228123E-5,1.305054E-4
19.498422,9.361458E-5,9.361458E-5,1.323910E-4
19.610988,9.281178E-5,9.281178E-5,1.312557E-4
19.724203,9.201586E-5,9.201586E-5,1.301301E-4
19.838072,9.122677E-5,9.122677E-5,1.290141E-4
19.952599,9.044447E-5,9.044447E-5,1.279078E-4
20.067786,9.093195E-5,9.093195E-5,1.285972E-4
20.183639,9.142204E-5,9.142204E-5,1.292903E-4
20.300160,9.191478E-5,9.191478E-5,1.299871E-4
20.417354,9.241020E-5,9.241020E-5,1.306878E-4
20.535225,9.057838E-5,9.057838E-5,1.280972E-4
20.653776,8.878288E-5,8.878288E-5,1.255580E-4
20.773011,8.702295E-5,8.702295E-5,1.230690E-4
20.892935,8.529791E-5,8.529791E-5,1.206295E-4
21.013551,8.391973E-5,8.391973E-5,1.186804E-4
21.134864,8.256381E-5,8.256381E-5,1.167629E-4
21.256877,8.122981E-5,8.122981E-5,1.148763E-4
21.379594,7.991736E-5,7.991736E-5,1.130202E-4
21.503020,7.686815E-5,7.686815E-5,1.087080E-4
21.627158,7.393527E-5,7.393527E-5,1.045603E-4
21.752013,7.111429E-5,7.111429E-5,1.005708E-4
21.877589,6.840096E-5,6.840096E-5,9.673357E-5
22.003889,6.681935E-5,6.681935E-5,9.449683E-5
22.130919,6.527432E-5,6.527432E-5,9.231183E-5
22.258682,6.376501E-5,6.376501E-5,9.017734E-5
22.387183,6.229061E-5,6.229061E-5,8.809223E-5
22.516425,6.028709E-5,6.028709E-5,8.525882E-5
22.646414,5.834802E-5,5.834802E-5,8.251656E-5
22.777153,5.647132E-5,5.647132E-5,7.986251E-5
22.908647,5.465499E-5,5.465499E-5,7.729383E-5
23.040900,5.249690E-5,5.249690E-5,7.424183E-5
23.173917,5.042403E-5,5.042403E-5,7.131035E-5
23.307701,4.843301E-5,4.843301E-5,6.849462E-5
23.442258,4.652060E-5,4.652060E-5,6.579006E-5
23.577591,4.498199E-5,4.498199E-5,6.361414E-5
23.713706,4.349427E-5,4.349427E-5,6.151019E-5
23.850607,4.205576E-5,4.205576E-5,5.947583E-5
23.988298,4.066482E-5,4.066482E-5,5.750874E-5
24.126784,3.927194E-5,3.927194E-5,5.553891E-5
24.266069,3.792676E-5,3.792676E-5,5.363654E-5
24.406159,3.662766E-5,3.662766E-5,5.179933E-5
24.547057,3.537306E-5,3.537306E-5,5.002506E-5
24.688769,3.473392E-5,3.473392E-5,4.912118E-5
24.831298,3.410632E-5,3.410632E-5,4.823362E-5
24.974651,3.349007E-5,3.349007E-5,4.736211E-5
25.118831,3.288496E-5,3.288496E-5,4.650636E-5
25.263844,3.175572E-5,3.175572E-5,4.490937E-5
25.409693,3.066526E-5,3.066526E-5,4.336723E-5
25.556385,2.961224E-5,2.961224E-5,4.187803E-5
25.703924,2.859538E-5,2.859538E-5,4.043997E-5
25.852314,2.763563E-5,2.763563E-5,3.908268E-5
26.001561,2.670810E-5,2.670810E-5,3.777096E-5
26.151669,2.581170E-5,2.581170E-5,3.650326E-5
26.302645,2.494539E-5,2.494539E-5,3.527811E-5
26.454491,2.457415E-5,2.457415E-5,3.475310E-5
26.607215,2.420843E-5,2.420843E-5,3.423589E-5
26.760820,2.384815E-5,2.384815E-5,3.372638E-5
26.915312,2.349324E-5,2.349324E-5,3.322446E-5
27.070695,2.226063E-5,2.226063E-5,3.148128E-5
27.226976,2.109270E-5,2.109270E-5,2.982958E-5
27.384159,1.998604E-5,1.998604E-5,2.826453E-5
27.542250,1.893744E-5,1.893744E-5,2.678158E-5
27.701253,2.323150E-5,2.323150E-5,3.285430E-5
27.861174,2.849923E-5,2.849923E-5,4.030400E-5
28.022018,3.496143E-5,3.496143E-5,4.944293E-5
28.183791,4.288892E-5,4.288892E-5,6.065409E-5
28.346497,3.596035E-5,3.596035E-5,5.085561E-5
28.510144,3.015107E-5,3.015107E-5,4.264005E-5
28.674734,2.528027E-5,2.528027E-5,3.575170E-5
28.840275,2.119632E-5,2.119632E-5,2.997612E-5
29.006772,2.264960E-5,2.264960E-5,3.203137E-5
29.174230,2.420251E-5,2.420251E-5,3.422752E-5
29.342654,2.586190E-5,2.586190E-5,3.657425E-5
29.512051,2.763505E-5,2.763505E-5,3.908186E-5
29.682426,2.783268E-5,2.783268E-5,3.936135E-5
29.853785,2.803173E-5,2.803173E-5,3.964285E-5
30.026132,2.823219E-5,2.823219E-5,3.992635E-5
30.199475,2.843410E-5,2.843410E-5,4.021189E-5
30.373818,2.739879E-5,2.739879E-5,3.874774E-5
30.549168,2.640118E-5,2.640118E-5,3.733691E-5
30.725531,2.543990E-5,2.543990E-5,3.597745E-5
30.902911,2.451362E-5,2.451362E-5,3.466749E-5
31.081315,2.494498E-5,2.494498E-5,3.527753E-5
31.260750,2.538393E-5,2.538393E-5,3.589830E-5
31.441220,2.583060E-5,2.583060E-5,3.652998E-5
31.622732,2.628513E-5,2.628513E-5,3.717279E-5
31.805292,2.634956E-5,2.634956E-5,3.726391E-5
31.988906,2.641415E-5,2.641415E-5,3.735525E-5
32.173580,2.647889E-5,2.647889E-5,3.744681E-5
32.359320,2.654379E-5,2.654379E-5,3.753859E-5
32.546132,2.668463E-5,2.668463E-5,3.773777E-5
32.734023,2.682621E-5,2.682621E-5,3.793799E-5
32.922998,2.696854E-5,2.696854E-5,3.813928E-5
33.113065,2.711163E-5,2.711163E-5,3.834163E-5
33.304228,2.706187E-5,2.706187E-5,3.827126E-5
33.496496,2.701221E-5,2.701221E-5,3.820103E-5
33.689873,2.696264E-5,2.696264E-5,3.813093E-5
33.884367,2.691316E-5,2.691316E-5,3.806096E-5
34.079983,2.707241E-5,2.707241E-5,3.828617E-5
34.276729,2.723260E-5,2.723260E-5,3.851271E-5
34.474611,2.739375E-5,2.739375E-5,3.874061E-5
34.673635,2.755586E-5,2.755586E-5,3.896987E-5
34.873808,2.710686E-5,2.710686E-5,3.833489E-5
35.075136,2.666519E-5,2.666519E-5,3.771027E-5
35.277627,2.623071E-5,2.623071E-5,3.709583E-5
35.481287,2.580330E-5,2.580330E-5,3.649138E-5
35.686123,2.491125E-5,2.491125E-5,3.522983E-5
35.892141,2.405003E-5,2.405003E-5,3.401188E-5
36.099348,2.321858E-5,2.321858E-5,3.283603E-5
36.307752,2.241588E-5,2.241588E-5,3.170084E-5
36.517359,2.252639E-5,2.252639E-5,3.185713E-5
36.728176,2.263745E-5,2.263745E-5,3.201419E-5
36.940210,2.274906E-5,2.274906E-5,3.217203E-5
37.153468,2.286122E-5,2.286122E-5,3.233065E-5
37.367957,2.354941E-5,2.354941E-5,3.330390E-5
37.583685,2.425832E-5,2.425832E-5,3.430645E-5
37.800658,2.498857E-5,2.498857E-5,3.533917E-5
38.018883,2.574081E-5,2.574081E-5,3.640300E-5
38.238368,2.609746E-5,2.609746E-5,3.690738E-5
38.459121,2.645904E-5,2.645904E-5,3.741873E-5
38.681148,2.682564E-5,2.682564E-5,3.793718E-5
38.904456,2.719732E-5,2.719732E-5,3.846282E-5
39.129054,2.799660E-5,2.799660E-5,3.959317E-5
39.354948,2.881937E-5,2.881937E-5,4.075674E-5
39.582147,2.966632E-5,2.966632E-5,4.195451E-5
39.810657,3.053816E-5,3.053816E-5,4.318748E-5
40.040486,3.106593E-5,3.106593E-5,4.393386E-5
40.271643,3.160282E-5,3.160282E-5,4.469314E-5
40.504133,3.214899E-5,3.214899E-5,4.546554E-5
40.737966,3.270459E-5,3.270459E-5,4.625127E-5
40.973149,3.330375E-5,3.330375E-5,4.709861E-5
41.209689,3.391389E-5,3.391389E-5,4.796148E-5
41.447595,3.453522E-5,3.453522E-5,4.884018E-5
41.686875,3.516793E-5,3.516793E-5,4.973496E-5
41.927536,3.559225E-5,3.559225E-5,5.033504E-5
42.169586,3.602169E-5,3.602169E-5,5.094236E-5
42.413033,3.645632E-5,3.645632E-5,5.155702E-5
42.657886,3.689618E-5,3.689618E-5,5.217908E-5
42.904153,3.683849E-5,3.683849E-5,5.209749E-5
43.151841,3.678088E-5,3.678088E-5,5.201602E-5
43.400959,3.672337E-5,3.672337E-5,5.193469E-5
43.651516,3.666594E-5,3.666594E-5,5.185347E-5
43.903519,3.693729E-5,3.693729E-5,5.223722E-5
44.156976,3.721066E-5,3.721066E-5,5.262382E-5
44.411897,3.748605E-5,3.748605E-5,5.301328E-5
44.668290,3.776346E-5,3.776346E-5,5.340560E-5
44.926163,3.967533E-5,3.967533E-5,5.610939E-5
45.185524,4.168399E-5,4.168399E-5,5.895006E-5
45.446383,4.379435E-5,4.379435E-5,6.193456E-5
45.708748,4.601154E-5,4.601154E-5,6.507014E-5
45.972627,4.896342E-5,4.896342E-5,6.924473E-5
46.238030,5.210467E-5,5.210467E-5,7.368713E-5
46.504965,5.544745E-5,5.544745E-5,7.841454E-5
46.773441,5.900469E-5,5.900469E-5,8.344523E-5
47.043467,6.296777E-5,6.296777E-5,8.904987E-5
47.315051,6.719702E-5,6.719702E-5,9.503094E-5
47.588204,7.171034E-5,7.171034E-5,1.014137E-4
47.862934,7.652679E-5,7.652679E-5,1.082252E-4
48.139249,8.145450E-5,8.145450E-5,1.151941E-4
48.417160,8.669952E-5,8.669952E-5,1.226116E-4
48.696675,9.228229E-5,9.228229E-5,1.305069E-4
48.977804,9.822454E-5,9.822454E-5,1.389105E-4
49.260556,1.042871E-4,1.042871E-4,1.474842E-4
49.544940,1.107239E-4,1.107239E-4,1.565872E-4
49.830966,1.175580E-4,1.175580E-4,1.662521E-4
50.118643,1.248139E-4,1.248139E-4,1.765135E-4
50.407981,1.290696E-4,1.290696E-4,1.825320E-4
50.698990,1.334704E-4,1.334704E-4,1.887556E-4
50.991678,1.380212E-4,1.380212E-4,1.951915E-4
51.286056,1.427272E-4,1.427272E-4,2.018467E-4
51.582133,1.436579E-4,1.436579E-4,2.031630E-4
51.879920,1.445947E-4,1.445947E-4,2.044878E-4
52.179426,1.455376E-4,1.455376E-4,2.058212E-4
52.480661,1.464867E-4,1.464867E-4,2.071635E-4
52.783635,1.431640E-4,1.431640E-4,2.024645E-4
53.088358,1.399167E-4,1.399167E-4,1.978721E-4
53.394841,1.367430E-4,1.367430E-4,1.933838E-4
53.703092,1.336413E-4,1.336413E-4,1.889973E-4
54.013124,1.275334E-4,1.275334E-4,1.803595E-4
54.324945,1.217046E-4,1.217046E-4,1.721163E-4
54.638566,1.161422E-4,1.161422E-4,1.642499E-4
54.953998,1.108340E-4,1.108340E-4,1.567429E-4
55.271250,1.038462E-4,1.038462E-4,1.468607E-4
55.590335,9.729888E-5,9.729888E-5,1.376014E-4
55.911261,9.116437E-5,9.116437E-5,1.289259E-4
56.234040,8.541663E-5,8.541663E-5,1.207974E-4
56.558683,7.443469E-5,7.443469E-5,1.052665E-4
56.885199,6.486470E-5,6.486470E-5,9.173254E-5
57.213601,5.652511E-5,5.652511E-5,7.993858E-5
57.543899,4.925772E-5,4.925772E-5,6.966094E-5
57.876103,4.389651E-5,4.389651E-5,6.207904E-5
58.210225,3.911881E-5,3.911881E-5,5.532235E-5
58.546276,3.486112E-5,3.486112E-5,4.930107E-5
58.884268,3.106683E-5,3.106683E-5,4.393513E-5
59.224210,4.028113E-5,4.028113E-5,5.696612E-5
59.566115,5.222836E-5,5.222836E-5,7.386206E-5
59.909994,6.771908E-5,6.771908E-5,9.576924E-5
60.255858,8.780429E-5,8.780429E-5,1.241740E-4
60.603719,6.291942E-5,6.291942E-5,8.898150E-5
60.953588,4.508725E-5,4.508725E-5,6.376300E-5
61.305476,3.230894E-5,3.230894E-5,4.569174E-5
61.659397,2.315216E-5,2.315216E-5,3.274210E-5
62.015360,1.683708E-5,1.683708E-5,2.381123E-5
62.373378,1.224453E-5,1.224453E-5,1.731638E-5
62.733464,8.904660E-6,8.904660E-6,1.259309E-5
63.095628,6.475787E-6,6.475787E-6,9.158146E-6
63.459883,7.533472E-6,7.533472E-6,1.065394E-5
63.826240,8.763907E-6,8.763907E-6,1.239404E-5
64.194713,1.019531E-5,1.019531E-5,1.441835E-5
64.565313,1.186050E-5,1.186050E-5,1.677328E-5
64.938053,1.279041E-5,1.279041E-5,1.808837E-5
65.312944,1.379324E-5,1.379324E-5,1.950659E-5
65.690000,1.487469E-5,1.487469E-5,2.103599E-5
66.069232,1.604093E-5,1.604093E-5,2.268530E-5
66.450654,1.824399E-5,1.824399E-5,2.580090E-5
66.834277,2.074962E-5,2.074962E-5,2.934439E-5
67.220116,2.359936E-5,2.359936E-5,3.337453E-5
67.608181,2.684051E-5,2.684051E-5,3.795821E-5
67.998488,2.720568E-5,2.720568E-5,3.847464E-5
68.391047,2.757582E-5,2.757582E-5,3.899810E-5
68.785873,2.795100E-5,2.795100E-5,3.952868E-5
69.182978,2.833129E-5,2.833129E-5,4.006649E-5
69.582375,2.695641E-5,2.695641E-5,3.812212E-5
69.984078,2.564826E-5,2.564826E-5,3.627212E-5
70.388101,2.440358E-5,2.440358E-5,3.451187E-5
70.794455,2.321931E-5,2.321931E-5,3.283706E-5
71.203156,2.164719E-5,2.164719E-5,3.061375E-5
71.614216,2.018151E-5,2.018151E-5,2.854097E-5
72.027650,1.881506E-5,1.881506E-5,2.660851E-5
72.443470,1.754114E-5,1.754114E-5,2.480692E-5
72.861690,1.628532E-5,1.628532E-5,2.303092E-5
73.282325,1.511940E-5,1.511940E-5,2.138206E-5
73.705388,1.403695E-5,1.403695E-5,1.985125E-5
74.130894,1.303201E-5,1.303201E-5,1.843005E-5
74.558856,1.233738E-5,1.233738E-5,1.744769E-5
74.989289,1.167977E-5,1.167977E-5,1.651769E-5
75.422207,1.105721E-5,1.105721E-5,1.563726E-5
75.857624,1.046784E-5,1.046784E-5,1.480376E-5
76.295554,9.943527E-6,9.943527E-6,1.406227E-5
76.736013,9.445474E-6,9.445474E-6,1.335792E-5
77.179015,8.972367E-6,8.972367E-6,1.268884E-5
77.624574,8.522956E-6,8.522956E-6,1.205328E-5
78.072705,7.634833E-6,7.634833E-6,1.079728E-5
78.523424,6.839256E-6,6.839256E-6,9.672169E-6
78.976744,6.126582E-6,6.126582E-6,8.664295E-6
79.432682,5.488170E-6,5.488170E-6,7.761444E-6
79.891252,5.492289E-6,5.492289E-6,7.767270E-6
80.352469,5.496411E-6,5.496411E-6,7.773099E-6
80.816348,5.500537E-6,5.500537E-6,7.778934E-6
81.282906,5.504663E-6,5.504663E-6,7.784769E-6
81.752157,4.859202E-6,4.859202E-6,6.871949E-6
82.224117,4.289426E-6,4.289426E-6,6.066164E-6
82.698802,3.786461E-6,3.786461E-6,5.354864E-6
83.176227,3.342470E-6,3.342470E-6,4.726966E-6
83.656409,3.224069E-6,3.224069E-6,4.559522E-6
84.139362,3.109862E-6,3.109862E-6,4.398009E-6
84.625104,2.999700E-6,2.999700E-6,4.242216E-6
85.113650,2.893441E-6,2.893441E-6,4.091944E-6
85.605016,2.789222E-6,2.789222E-6,3.944556E-6
86.099219,2.688758E-6,2.688758E-6,3.802478E-6
86.596275,2.591912E-6,2.591912E-6,3.665517E-6
87.096201,2.498554E-6,2.498554E-6,3.533489E-6
87.599012,2.314300E-6,2.314300E-6,3.272914E-6
88.104727,2.143634E-6,2.143634E-6,3.031556E-6
88.613361,1.985554E-6,1.985554E-6,2.807997E-6
89.124931,1.839131E-6,1.839131E-6,2.600924E-6
89.639454,1.743305E-6,1.743305E-6,2.465406E-6
90.156948,1.652471E-6,1.652471E-6,2.336947E-6
90.677430,1.566370E-6,1.566370E-6,2.215182E-6
91.200916,1.484756E-6,1.484756E-6,2.099762E-6
91.727425,1.635134E-6,1.635134E-6,2.312429E-6
92.256973,1.800743E-6,1.800743E-6,2.546635E-6
92.789578,1.983125E-6,1.983125E-6,2.804562E-6
93.325258,2.183979E-6,2.183979E-6,3.088613E-6
93.864030,2.185695E-6,2.185695E-6,3.091040E-6
94.405913,2.187412E-6,2.187412E-6,3.093468E-6
94.950924,2.189131E-6,2.189131E-6,3.095899E-6
95.499081,2.190851E-6,2.190851E-6,3.098331E-6
96.050403,2.007045E-6,2.007045E-6,2.838390E-6
96.604908,1.838659E-6,1.838659E-6,2.600256E-6
97.162614,1.684401E-6,1.684401E-6,2.382103E-6
97.723540,1.543084E-6,1.543084E-6,2.182250E-6
98.287704,1.470288E-6,1.470288E-6,2.079301E-6
98.855125,1.400926E-6,1.400926E-6,1.981209E-6
99.425821,1.334837E-6,1.334837E-6,1.887745E-6
99.999813,1.271866E-6,1.271866E-6,1.798690E-6
100.577118,1.183245E-6,1.183245E-6,1.673361E-6
101.157755,1.100800E-6,1.100800E-6,1.556766E-6
101.741745,1.024099E-6,1.024099E-6,1.448295E-6
102.329106,9.527428E-7,9.527428E-7,1.347382E-6
102.919859,8.866018E-7,8.866018E-7,1.253844E-6
103.514021,8.250524E-7,8.250524E-7,1.166800E-6
104.111614,7.677760E-7,7.677760E-7,1.085799E-6
104.712657,7.144756E-7,7.144756E-7,1.010421E-6
105.317169,6.341775E-7,6.341775E-7,8.968624E-7
105.925171,5.629038E-7,5.629038E-7,7.960662E-7
106.536684,4.996405E-7,4.996405E-7,7.065984E-7
107.151727,4.434871E-7,4.434871E-7,6.271855E-7
107.770320,3.999995E-7,3.999995E-7,5.656847E-7
108.392485,3.607761E-7,3.607761E-7,5.102145E-7
109.018241,3.253990E-7,3.253990E-7,4.601837E-7
109.647610,2.934908E-7,2.934908E-7,4.150587E-7
110.280612,2.751977E-7,2.751977E-7,3.891883E-7
110.917269,2.580449E-7,2.580449E-7,3.649306E-7
111.557601,2.419612E-7,2.419612E-7,3.421848E-7
112.201630,2.268799E-7,2.268799E-7,3.208566E-7
112.849377,3.252268E-7,3.252268E-7,4.599402E-7
113.500863,4.662046E-7,4.662046E-7,6.593129E-7
114.156110,6.682928E-7,6.682928E-7,9.451087E-7
114.815141,9.579817E-7,9.579817E-7,1.354791E-6
115.477975,1.180289E-6,1.180289E-6,1.669181E-6
116.144637,1.454185E-6,1.454185E-6,2.056528E-6
116.815147,1.791641E-6,1.791641E-6,2.533763E-6
117.489528,2.207405E-6,2.207405E-6,3.121742E-6
118.167802,2.060380E-6,2.060380E-6,2.913817E-6
118.849992,1.923147E-6,1.923147E-6,2.719741E-6
119.536120,1.795054E-6,1.795054E-6,2.538590E-6
120.226209,1.675493E-6,1.675493E-6,2.369505E-6
120.920282,1.708534E-6,1.708534E-6,2.416232E-6
121.618363,1.742226E-6,1.742226E-6,2.463880E-6
122.320473,1.776582E-6,1.776582E-6,2.512466E-6
123.026636,1.811616E-6,1.811616E-6,2.562012E-6
123.736876,1.688052E-6,1.688052E-6,2.387266E-6
124.451217,1.572916E-6,1.572916E-6,2.224439E-6
125.169681,1.465633E-6,1.465633E-6,2.072718E-6
125.892294,1.365666E-6,1.365666E-6,1.931343E-6
126.619077,1.292890E-6,1.292890E-6,1.828423E-6
127.350057,1.223992E-6,1.223992E-6,1.730986E-6
128.085257,1.158766E-6,1.158766E-6,1.638743E-6
128.824701,1.097015E-6,1.097015E-6,1.551413E-6
129.568413,1.056287E-6,1.056287E-6,1.493815E-6
130.316420,1.017070E-6,1.017070E-6,1.438354E-6
131.068744,9.793093E-7,9.793093E-7,1.384952E-6
131.825412,9.429508E-7,9.429508E-7,1.333534E-6
132.586448,9.113788E-7,9.113788E-7,1.288884E-6
133.351878,8.808640E-7,8.808640E-7,1.245730E-6
134.121726,8.513708E-7,8.513708E-7,1.204020E-6
134.896019,8.228653E-7,8.228653E-7,1.163707E-6
135.674782,7.821385E-7,7.821385E-7,1.106111E-6
136.458041,7.434274E-7,7.434274E-7,1.051365E-6
137.245821,7.066324E-7,7.066324E-7,9.993291E-7
138.038150,6.716582E-7,6.716582E-7,9.498681E-7
138.835052,6.880422E-7,6.880422E-7,9.730386E-7
139.636556,7.048258E-7,7.048258E-7,9.967742E-7
140.442686,7.220189E-7,7.220189E-7,1.021089E-6
141.253470,7.396316E-7,7.396316E-7,1.045997E-6
142.068935,8.146834E-7,8.146834E-7,1.152136E-6
142.889108,8.973509E-7,8.973509E-7,1.269046E-6
143.714015,9.884068E-7,9.884068E-7,1.397818E-6
144.543685,1.088702E-6,1.088702E-6,1.539657E-6
145.378144,1.109993E-6,1.109993E-6,1.569767E-6
146.217421,1.131701E-6,1.131701E-6,1.600467E-6
147.061543,1.153833E-6,1.153833E-6,1.631766E-6
147.910538,1.176397E-6,1.176397E-6,1.663677E-6
148.764435,1.103652E-6,1.103652E-6,1.560800E-6
149.623261,1.035405E-6,1.035405E-6,1.464284E-6
150.487045,9.713783E-7,9.713783E-7,1.373736E-6
151.355816,9.113108E-7,9.113108E-7,1.288788E-6
152.229602,6.700069E-7,6.700069E-7,9.475328E-7
153.108433,4.925972E-7,4.925972E-7,6.966376E-7
153.992337,3.621635E-7,3.621635E-7,5.121765E-7
154.881344,2.662670E-7,2.662670E-7,3.765584E-7
155.775484,1.638703E-7,1.638703E-7,2.317476E-7
156.674785,1.008516E-7,1.008516E-7,1.426257E-7
157.579278,6.206769E-8,6.206769E-8,8.777697E-8
158.488993,3.819868E-8,3.819868E-8,5.402109E-8
159.403960,9.349331E-8,9.349331E-8,1.322195E-7
160.324208,2.288299E-7,2.288299E-7,3.236143E-7
161.249770,5.600734E-7,5.600734E-7,7.920634E-7
162.180674,1.370810E-6,1.370810E-6,1.938618E-6
163.116953,9.269037E-7,9.269037E-7,1.310840E-6
164.058637,6.267464E-7,6.267464E-7,8.863533E-7
165.005758,4.237885E-7,4.237885E-7,5.993274E-7
165.958346,2.865539E-7,2.865539E-7,4.052484E-7
166.916434,4.163541E-7,4.163541E-7,5.888136E-7
167.880052,6.049499E-7,6.049499E-7,8.555284E-7
168.849234,8.789740E-7,8.789740E-7,1.243057E-6
169.824011,1.277123E-6,1.277123E-6,1.806125E-6
170.804415,2.036814E-6,2.036814E-6,2.880490E-6
171.790479,3.248404E-6,3.248404E-6,4.593937E-6
172.782236,5.180701E-6,5.180701E-6,7.326618E-6
173.779719,8.262419E-6,8.262419E-6,1.168483E-5
174.782960,8.703309E-6,8.703309E-6,1.230834E-5
175.791992,9.167726E-6,9.167726E-6,1.296512E-5
176.806850,9.656925E-6,9.656925E-6,1.365695E-5
177.827567,1.017223E-5,1.017223E-5,1.438571E-5
178.854176,9.265472E-6,9.265472E-6,1.310336E-5
179.886712,8.439545E-6,8.439545E-6,1.193532E-5
180.925209,7.687242E-6,7.687242E-6,1.087140E-5
181.969701,7.002001E-6,7.002001E-6,9.902325E-6
183.020223,8.322284E-6,8.322284E-6,1.176949E-5
184.076810,9.891515E-6,9.891515E-6,1.398871E-5
185.139497,1.175664E-5,1.175664E-5,1.662640E-5
186.208318,1.397345E-5,1.397345E-5,1.976144E-5
187.283310,2.281986E-5,2.281986E-5,3.227216E-5
188.364508,3.726681E-5,3.726681E-5,5.270323E-5
189.451948,6.085993E-5,6.085993E-5,8.606894E-5
190.545665,9.938952E-5,9.938952E-5,1.405580E-4
191.645697,1.009727E-4,1.009727E-4,1.427970E-4
192.752079,1.025811E-4,1.025811E-4,1.450716E-4
193.864849,1.042152E-4,1.042152E-4,1.473825E-4
194.984042,1.058753E-4,1.058753E-4,1.497303E-4
196.109697,6.406461E-5,6.406461E-5,9.060104E-5
197.241850,3.876519E-5,3.876519E-5,5.482226E-5
198.380539,2.345663E-5,2.345663E-5,3.317268E-5
199.525802,1.419349E-5,1.419349E-5,2.007263E-5
200.677677,9.533862E-6,9.533862E-6,1.348292E-5
201.836201,6.403959E-6,6.403959E-6,9.056566E-6
203.001414,4.301582E-6,4.301582E-6,6.083356E-6
204.173353,2.889401E-6,2.889401E-6,4.086230E-6
205.352059,2.195310E-6,2.195310E-6,3.104637E-6
206.537568,1.667953E-6,1.667953E-6,2.358842E-6
207.729922,1.267278E-6,1.267278E-6,1.792202E-6
208.929160,9.628529E-7,9.628529E-7,1.361680E-6
210.135321,1.201499E-6,1.201499E-6,1.699176E-6
211.348445,1.499293E-6,1.499293E-6,2.120320E-6
212.568572,1.870897E-6,1.870897E-6,2.645848E-6
213.795743,2.334606E-6,2.334606E-6,3.301631E-6
215.029999,1.184927E-6,1.184927E-6,1.675740E-6
216.271380,6.014086E-7,6.014086E-7,8.505202E-7
217.519928,3.052444E-7,3.052444E-7,4.316808E-7
218.775684,1.549264E-7,1.549264E-7,2.190990E-7
220.038689,1.289437E-7,1.289437E-7,1.823539E-7
221.308986,1.073185E-7,1.073185E-7,1.517713E-7
222.586616,8.932014E-8,8.932014E-8,1.263178E-7
223.871622,7.434025E-8,7.434025E-8,1.051330E-7
225.164046,9.214109E-8,9.214109E-8,1.303072E-7
226.463932,1.142044E-7,1.142044E-7,1.615094E-7
227.771322,1.415507E-7,1.415507E-7,2.001829E-7
229.086260,1.754451E-7,1.754451E-7,2.481168E-7
230.408789,2.419703E-7,2.419703E-7,3.421977E-7
231.738953,3.337204E-7,3.337204E-7,4.719519E-7
233.076796,4.602604E-7,4.602604E-7,6.509065E-7
234.422362,6.347819E-7,6.347819E-7,8.977172E-7
235.775697,5.648900E-7,5.648900E-7,7.988751E-7
237.136844,5.026934E-7,5.026934E-7,7.109158E-7
238.505849,4.473449E-7,4.473449E-7,6.326412E-7
239.882758,3.980906E-7,3.980906E-7,5.629851E-7
241.267616,2.858244E-7,2.858244E-7,4.042167E-7
242.660469,2.052186E-7,2.052186E-7,2.902229E-7
244.061362,1.473446E-7,1.473446E-7,2.083767E-7
245.470343,1.057917E-7,1.057917E-7,1.496121E-7
246.887458,1.106600E-7,1.106600E-7,1.564969E-7
248.312755,1.157523E-7,1.157523E-7,1.636985E-7
249.746279,1.210790E-7,1.210790E-7,1.712316E-7
251.188080,1.266507E-7,1.266507E-7,1.791111E-7
252.638204,2.108826E-7,2.108826E-7,2.982330E-7
254.096699,3.511346E-7,3.511346E-7,4.965793E-7
255.563615,5.846642E-7,5.846642E-7,8.268400E-7
257.038999,9.735081E-7,9.735081E-7,1.376748E-6
258.522901,7.122750E-7,7.122750E-7,1.007309E-6
260.015369,5.211417E-7,5.211417E-7,7.370057E-7
261.516454,3.812975E-7,3.812975E-7,5.392361E-7
263.026204,2.789793E-7,2.789793E-7,3.945363E-7
264.544671,2.484226E-7,2.484226E-7,3.513226E-7
266.071903,2.212129E-7,2.212129E-7,3.128423E-7
267.607952,1.969834E-7,1.969834E-7,2.785766E-7
269.152869,1.754078E-7,1.754078E-7,2.480641E-7
270.706705,1.068493E-7,1.068493E-7,1.511077E-7
272.269511,6.508705E-8,6.508705E-8,9.204699E-8
273.841340,3.964765E-8,3.964765E-8,5.607024E-8
275.422242,2.415128E-8,2.415128E-8,3.415507E-8
277.012272,3.143605E-8,3.143605E-8,4.445729E-8
278.611480,4.091813E-8,4.091813E-8,5.786697E-8
280.219921,5.326029E-8,5.326029E-8,7.532142E-8
281.837648,6.932522E-8,6.932522E-8,9.804067E-8
283.464714,7.393456E-8,7.393456E-8,1.045593E-7
285.101173,7.885036E-8,7.885036E-8,1.115112E-7
286.747079,8.409300E-8,8.409300E-8,1.189255E-7
288.402487,8.968420E-8,8.968420E-8,1.268326E-7
290.067453,1.383568E-7,1.383568E-7,1.956661E-7
291.742030,2.134444E-7,2.134444E-7,3.018560E-7
293.426274,3.292830E-7,3.292830E-7,4.656765E-7
295.120242,5.079886E-7,5.079886E-7,7.184044E-7
296.823989,3.293624E-7,3.293624E-7,4.657888E-7
298.537572,2.135473E-7,2.135473E-7,3.020015E-7
300.261047,1.384568E-7,1.384568E-7,1.958075E-7
301.994472,8.977062E-8,8.977062E-8,1.269548E-7
303.737905,4.024841E-8,4.024841E-8,5.691985E-8
305.491402,1.804526E-8,1.804526E-8,2.551985E-8
307.255023,8.090543E-9,8.090543E-9,1.144176E-8
309.028824,3.627370E-9,3.627370E-9,5.129876E-9
310.812867,6.463023E-9,6.463023E-9,9.140095E-9
312.607208,1.151541E-8,1.151541E-8,1.628525E-8
314.411909,2.051745E-8,2.051745E-8,2.901606E-8
316.227028,3.655671E-8,3.655671E-8,5.169900E-8
318.052625,3.484460E-8,3.484460E-8,4.927771E-8
319.888762,3.321267E-8,3.321267E-8,4.696981E-8
321.735500,3.165717E-8,3.165717E-8,4.477000E-8
323.592898,3.017452E-8,3.017452E-8,4.267322E-8
325.461020,3.299890E-8,3.299890E-8,4.666749E-8
327.339926,3.608766E-8,3.608766E-8,5.103566E-8
329.229679,3.946552E-8,3.946552E-8,5.581267E-8
331.130342,4.315957E-8,4.315957E-8,6.103685E-8
333.041978,5.380642E-8,5.380642E-8,7.609377E-8
334.964649,6.707969E-8,6.707969E-8,9.486501E-8
336.898420,8.362730E-8,8.362730E-8,1.182669E-7
338.843355,1.042570E-7,1.042570E-7,1.474417E-7
340.799519,1.103733E-7,1.103733E-7,1.560914E-7
342.766975,1.168484E-7,1.168484E-7,1.652486E-7
344.745790,1.237034E-7,1.237034E-7,1.749430E-7
346.736028,1.309606E-7,1.309606E-7,1.852063E-7
348.737756,1.356841E-7,1.356841E-7,1.918863E-7
350.751040,1.405780E-7,1.405780E-7,1.988073E-7
352.775947,1.456485E-7,1.456485E-7,2.059781E-7
354.812544,1.509019E-7,1.509019E-7,2.134075E-7
356.860899,1.705762E-7,1.705762E-7,2.412312E-7
358.921078,1.928157E-7,1.928157E-7,2.726826E-7
360.993151,2.179548E-7,2.179548E-7,3.082346E-7
363.077187,2.463715E-7,2.463715E-7,3.484219E-7
365.173253,2.797606E-7,2.797606E-7,3.956412E-7
367.281421,3.176748E-7,3.176748E-7,4.492600E-7
369.401759,3.607272E-7,3.607272E-7,5.101453E-7
371.534338,4.096142E-7,4.096142E-7,5.792820E-7
373.679228,3.486203E-7,3.486203E-7,4.930236E-7
375.836501,2.967088E-7,2.967088E-7,4.196096E-7
378.006228,2.525272E-7,2.525272E-7,3.571274E-7
380.188480,2.149244E-7,2.149244E-7,3.039490E-7
382.383332,1.937769E-7,1.937769E-7,2.740419E-7
384.590854,1.747101E-7,1.747101E-7,2.470774E-7
386.811120,1.575194E-7,1.575194E-7,2.227661E-7
389.044204,1.420202E-7,1.420202E-7,2.008469E-7
391.290180,2.822450E-7,2.822450E-7,3.991547E-7
393.549122,5.609216E-7,5.609216E-7,7.932629E-7
395.821105,1.114752E-6,1.114752E-6,1.576497E-6
398.106204,2.215411E-6,2.215411E-6,3.133064E-6
400.404495,1.974623E-6,1.974623E-6,2.792539E-6
402.716055,1.760005E-6,1.760005E-6,2.489023E-6
405.040959,1.568713E-6,1.568713E-6,2.218495E-6
407.379285,1.398213E-6,1.398213E-6,1.977372E-6
409.731111,1.237369E-6,1.237369E-6,1.749904E-6
412.096513,1.095028E-6,1.095028E-6,1.548603E-6
414.475571,9.690609E-7,9.690609E-7,1.370459E-6
416.868364,8.575845E-7,8.575845E-7,1.212808E-6
419.274970,1.115463E-6,1.115463E-6,1.577503E-6
421.695470,1.450886E-6,1.450886E-6,2.051863E-6
424.129944,1.887173E-6,1.887173E-6,2.668866E-6
426.578472,2.454653E-6,2.454653E-6,3.471404E-6
429.041135,2.162215E-6,2.162215E-6,3.057834E-6
431.518015,1.904617E-6,1.904617E-6,2.693535E-6
434.009195,1.677708E-6,1.677708E-6,2.372637E-6
436.514757,1.477832E-6,1.477832E-6,2.089970E-6
439.034783,1.817673E-6,1.817673E-6,2.570578E-6
441.569357,2.235664E-6,2.235664E-6,3.161706E-6
444.118564,2.749777E-6,2.749777E-6,3.888772E-6
446.682487,3.382116E-6,3.382116E-6,4.783034E-6
449.261212,1.243589E-6,1.243589E-6,1.758700E-6
451.854825,4.572623E-7,4.572623E-7,6.466665E-7
454.463410,1.681333E-7,1.681333E-7,2.377764E-7
457.087055,6.182188E-8,6.182188E-8,8.742934E-8
459.725846,1.344078E-7,1.344078E-7,1.900813E-7
462.379871,2.922180E-7,2.922180E-7,4.132587E-7
465.049218,6.353152E-7,6.353152E-7,8.984714E-7
467.733976,1.381248E-6,1.381248E-6,1.953380E-6
470.434232,1.393380E-6,1.393380E-6,1.970537E-6
473.150078,1.405619E-6,1.405619E-6,1.987845E-6
475.881602,1.417966E-6,1.417966E-6,2.005307E-6
478.628895,1.430421E-6,1.430421E-6,2.022921E-6
481.392049,1.929822E-6,1.929822E-6,2.729180E-6
484.171154,2.603579E-6,2.603579E-6,3.682017E-6
486.966304,3.512564E-6,3.512564E-6,4.967516E-6
489.777590,4.738901E-6,4.738901E-6,6.701818E-6
492.605106,4.743350E-6,4.743350E-6,6.708110E-6
495.448945,4.747804E-6,4.747804E-6,6.714409E-6
498.309202,4.752262E-6,4.752262E-6,6.720713E-6
501.185971,4.756725E-6,4.756725E-6,6.727025E-6
504.079348,2.765807E-6,2.765807E-6,3.911442E-6
506.989429,1.608184E-6,1.608184E-6,2.274316E-6
509.916309,9.350819E-7,9.350819E-7,1.322406E-6
512.860087,5.437051E-7,5.437051E-7,7.689151E-7
515.820860,3.276902E-7,3.276902E-7,4.634239E-7
518.798725,1.974983E-7,1.974983E-7,2.793048E-7
521.793781,1.190319E-7,1.190319E-7,1.683365E-7
524.806128,7.174027E-8,7.174027E-8,1.014561E-7
527.835866,1.056909E-7,1.056909E-7,1.494695E-7
530.883094,1.557085E-7,1.557085E-7,2.202051E-7
533.947915,2.293966E-7,2.293966E-7,3.244158E-7
537.030429,3.379573E-7,3.379573E-7,4.779438E-7
540.130738,4.303883E-7,4.303883E-7,6.086610E-7
543.248945,5.480990E-7,5.480990E-7,7.751290E-7
546.385154,6.980035E-7,6.980035E-7,9.871260E-7
549.539469,8.889069E-7,8.889069E-7,1.257104E-6
552.711994,7.203064E-7,7.203064E-7,1.018667E-6
555.902834,5.836846E-7,5.836846E-7,8.254547E-7
559.112094,4.729761E-7,4.729761E-7,6.688892E-7
562.339883,3.832660E-7,3.832660E-7,5.420200E-7
565.586305,2.979413E-7,2.979413E-7,4.213526E-7
568.851469,2.316121E-7,2.316121E-7,3.275490E-7
572.135483,1.800494E-7,1.800494E-7,2.546283E-7
575.438456,1.399659E-7,1.399659E-7,1.979417E-7
578.760497,1.104854E-7,1.104854E-7,1.562500E-7
582.101716,8.721430E-8,8.721430E-8,1.233396E-7
585.462225,6.884470E-8,6.884470E-8,9.736111E-8
588.842134,5.434421E-8,5.434421E-8,7.685432E-8
592.241555,6.974761E-8,6.974761E-8,9.863802E-8
595.660602,8.951699E-8,8.951699E-8,1.265961E-7
599.099386,1.148898E-7,1.148898E-7,1.624787E-7
602.558024,1.474544E-7,1.474544E-7,2.085320E-7
606.036628,1.977212E-7,1.977212E-7,2.796200E-7
609.535314,2.651238E-7,2.651238E-7,3.749417E-7
613.054198,3.555037E-7,3.555037E-7,5.027582E-7
616.593397,4.766940E-7,4.766940E-7,6.741471E-7
620.153028,4.027791E-7,4.027791E-7,5.696157E-7
623.733209,3.403252E-7,3.403252E-7,4.812925E-7
627.334059,2.875552E-7,2.875552E-7,4.066645E-7
630.955697,2.429675E-7,2.429675E-7,3.436079E-7
634.598242,2.431455E-7,2.431455E-7,3.438597E-7
638.261816,2.433236E-7,2.433236E-7,3.441115E-7
641.946541,2.435018E-7,2.435018E-7,3.443635E-7
645.652537,2.436801E-7,2.436801E-7,3.446157E-7
649.379928,1.840163E-7,1.840163E-7,2.602383E-7
653.128838,1.389609E-7,1.389609E-7,1.965204E-7
656.899390,1.049371E-7,1.049371E-7,1.484035E-7
660.691710,7.924379E-8,7.924379E-8,1.120676E-7
664.505924,6.868719E-8,6.868719E-8,9.713836E-8
668.342157,5.953689E-8,5.953689E-8,8.419788E-8
672.200537,5.160557E-8,5.160557E-8,7.298130E-8
676.081191,4.473084E-8,4.473084E-8,6.325896E-8
679.984249,5.267457E-8,5.267457E-8,7.449309E-8
683.909839,6.202903E-8,6.202903E-8,8.772230E-8
687.858092,7.304474E-8,7.304474E-8,1.033009E-7
691.829139,8.601678E-8,8.601678E-8,1.216461E-7
695.823110,6.618774E-8,6.618774E-8,9.360360E-8
699.840139,5.092978E-8,5.092978E-8,7.202559E-8
703.880359,3.918917E-8,3.918917E-8,5.542186E-8
707.943903,3.015507E-8,3.015507E-8,4.264571E-8
712.030906,4.272146E-8,4.272146E-8,6.041727E-8
716.141504,6.052458E-8,6.052458E-8,8.559468E-8
720.275832,8.574673E-8,8.574673E-8,1.212642E-7
724.434028,1.214796E-7,1.214796E-7,1.717981E-7
728.616230,9.941585E-8,9.941585E-8,1.405952E-7
732.822575,8.135943E-8,8.135943E-8,1.150596E-7
737.053205,6.658250E-8,6.658250E-8,9.416187E-8
741.308258,5.448943E-8,5.448943E-8,7.705969E-8
745.587875,5.658843E-8,5.658843E-8,8.002813E-8
749.892199,5.876829E-8,5.876829E-8,8.311091E-8
754.221372,6.103211E-8,6.103211E-8,8.631244E-8
758.575538,6.338318E-8,6.338318E-8,8.963735E-8
762.954841,6.566033E-8,6.566033E-8,9.285773E-8
767.359425,6.801927E-8,6.801927E-8,9.619377E-8
771.789438,7.046297E-8,7.046297E-8,9.964969E-8
776.245025,7.299445E-8,7.299445E-8,1.032297E-7
780.726335,1.306826E-7,1.306826E-7,1.848131E-7
785.233515,2.339624E-7,2.339624E-7,3.308728E-7
789.766716,4.188651E-7,4.188651E-7,5.923647E-7
794.326087,7.498985E-7,7.498985E-7,1.060517E-6
798.911780,5.928563E-7,5.928563E-7,8.384254E-7
803.523946,4.687016E-7,4.687016E-7,6.628442E-7
808.162739,3.705471E-7,3.705471E-7,5.240327E-7
812.828311,2.929478E-7,2.929478E-7,4.142908E-7
817.520818,2.392719E-7,2.392719E-7,3.383816E-7
822.240416,1.954308E-7,1.954308E-7,2.763809E-7
826.987259,1.596226E-7,1.596226E-7,2.257404E-7
831.761507,1.303754E-7,1.303754E-7,1.843787E-7
836.563317,1.327880E-7,1.327880E-7,1.877906E-7
841.392847,1.352453E-7,1.352453E-7,1.912657E-7
846.250259,1.377481E-7,1.377481E-7,1.948052E-7
851.135714,1.402972E-7,1.402972E-7,1.984102E-7
856.049372,1.093689E-7,1.093689E-7,1.546710E-7
860.991397,8.525865E-8,8.525865E-8,1.205739E-7
865.961952,6.646350E-8,6.646350E-8,9.399358E-8
870.961203,5.181170E-8,5.181170E-8,7.327281E-8
875.989315,6.600420E-8,6.600420E-8,9.334403E-8
881.046454,8.408438E-8,8.408438E-8,1.189133E-7
886.132789,1.071172E-7,1.071172E-7,1.514866E-7
891.248487,1.364592E-7,1.364592E-7,1.929825E-7
896.393719,1.600741E-7,1.600741E-7,2.263790E-7
901.568654,1.877756E-7,1.877756E-7,2.655548E-7
906.773465,2.202710E-7,2.202710E-7,3.115102E-7
912.008323,2.583899E-7,2.583899E-7,3.654185E-7
917.273403,3.018651E-7,3.018651E-7,4.269017E-7
922.568878,3.526551E-7,3.526551E-7,4.987296E-7
927.894924,4.119908E-7,4.119908E-7,5.826430E-7
933.251717,4.813101E-7,4.813101E-7,6.806753E-7
938.639436,2.554264E-7,2.554264E-7,3.612275E-7
944.058259,1.355522E-7,1.355522E-7,1.916998E-7
949.508364,7.193620E-8,7.193620E-8,1.017331E-7
954.989934,3.817581E-8,3.817581E-8,5.398875E-8
960.503149,4.031269E-8,4.031269E-8,5.701075E-8
966.048192,4.256919E-8,4.256919E-8,6.020193E-8
971.625246,4.495200E-8,4.495200E-8,6.357173E-8
977.234498,4.746818E-8,4.746818E-8,6.713014E-8
982.876132,5.654437E-8,5.654437E-8,7.996581E-8
988.550335,6.735597E-8,6.735597E-8,9.525573E-8
994.257297,8.023481E-8,8.023481E-8,1.134692E-7
999.997204,9.557617E-8,9.557617E-8,1.351651E-7
