Hz,real,imaginary,V^2 (rms)
9.999990,4.521285E-7,4.521285E-7,6.394063E-7
10.057721,4.732290E-7,4.732290E-7,6.692469E-7
10.115785,4.953142E-7,4.953142E-7,7.004801E-7
10.174184,5.184302E-7,5.184302E-7,7.331710E-7
10.232920,5.426251E-7,5.426251E-7,7.673878E-7
10.291995,5.612317E-7,5.612317E-7,7.937015E-7
10.351412,5.804762E-7,5.804762E-7,8.209173E-7
10.411171,6.003806E-7,6.003806E-7,8.490664E-7
10.471275,6.209677E-7,6.209677E-7,8.781809E-7
10.531727,6.435201E-7,6.435201E-7,9.100749E-7
10.592527,6.668915E-7,6.668915E-7,9.431270E-7
10.653678,6.911117E-7,6.911117E-7,9.773795E-7
10.715183,7.162117E-7,7.162117E-7,1.012876E-6
10.777042,7.467655E-7,7.467655E-7,1.056086E-6
10.839258,7.786227E-7,7.786227E-7,1.101139E-6
10.901834,8.118390E-7,8.118390E-7,1.148114E-6
10.964771,8.464718E-7,8.464718E-7,1.197092E-6
11.028071,8.691808E-7,8.691808E-7,1.229207E-6
11.091737,8.924990E-7,8.924990E-7,1.262184E-6
11.155770,9.164428E-7,9.164428E-7,1.296046E-6
11.220173,9.410290E-7,9.410290E-7,1.330816E-6
11.284948,9.790894E-7,9.790894E-7,1.384642E-6
11.350097,1.018689E-6,1.018689E-6,1.440644E-6
11.415622,1.059891E-6,1.059891E-6,1.498912E-6
11.481525,1.102759E-6,1.102759E-6,1.559537E-6
11.547808,1.149760E-6,1.149760E-6,1.626006E-6
11.614474,1.198764E-6,1.198764E-6,1.695308E-6
11.681525,1.249857E-6,1.249857E-6,1.767565E-6
11.748964,1.303128E-6,1.303128E-6,1.842901E-6
11.816791,1.342685E-6,1.342685E-6,1.898843E-6
11.885010,1.383442E-6,1.383442E-6,1.956482E-6
11.953623,1.425437E-6,1.425437E-6,2.015872E-6
12.022632,1.468707E-6,1.468707E-6,2.077065E-6
12.092039,1.525007E-6,1.525007E-6,2.156686E-6
12.161847,1.583465E-6,1.583465E-6,2.239358E-6
12.232059,1.644165E-6,1.644165E-6,2.325200E-6
12.302675,1.707190E-6,1.707190E-6,2.414331E-6
12.373699,1.783498E-6,1.783498E-6,2.522247E-6
12.445133,1.863216E-6,1.863216E-6,2.634985E-6
12.516980,1.946498E-6,1.946498E-6,2.752764E-6
12.589241,2.033502E-6,2.033502E-6,2.875806E-6
12.661919,2.120422E-6,2.120422E-6,2.998730E-6
12.735017,2.211057E-6,2.211057E-6,3.126907E-6
12.808537,2.305565E-6,2.305565E-6,3.260561E-6
12.882482,2.404114E-6,2.404114E-6,3.399931E-6
12.956853,2.496614E-6,2.496614E-6,3.530745E-6
13.031654,2.592672E-6,2.592672E-6,3.666592E-6
13.106887,2.692427E-6,2.692427E-6,3.807667E-6
13.182553,2.796019E-6,2.796019E-6,3.954168E-6
13.258657,2.936882E-6,2.936882E-6,4.153378E-6
13.335200,3.084841E-6,3.084841E-6,4.362624E-6
13.412185,3.240254E-6,3.240254E-6,4.582411E-6
13.489614,3.403498E-6,3.403498E-6,4.813273E-6
13.567491,3.548205E-6,3.548205E-6,5.017920E-6
13.645817,3.699065E-6,3.699065E-6,5.231268E-6
13.724595,3.856338E-6,3.856338E-6,5.453686E-6
13.803828,4.020300E-6,4.020300E-6,5.685563E-6
13.883518,4.247949E-6,4.247949E-6,6.007507E-6
13.963668,4.488487E-6,4.488487E-6,6.347679E-6
14.044282,4.742647E-6,4.742647E-6,6.707116E-6
14.125360,5.011196E-6,5.011196E-6,7.086901E-6
14.206907,5.231720E-6,5.231720E-6,7.398769E-6
14.288924,5.461949E-6,5.461949E-6,7.724362E-6
14.371415,5.702309E-6,5.702309E-6,8.064283E-6
14.454382,5.953248E-6,5.953248E-6,8.419164E-6
14.537828,6.313195E-6,6.313195E-6,8.928206E-6
14.621756,6.694904E-6,6.694904E-6,9.468024E-6
14.706168,7.099693E-6,7.099693E-6,1.004048E-5
14.791067,7.528960E-6,7.528960E-6,1.064756E-5
14.876457,7.912757E-6,7.912757E-6,1.119033E-5
14.962340,8.316118E-6,8.316118E-6,1.176077E-5
15.048718,8.740040E-6,8.740040E-6,1.236028E-5
15.135596,9.185569E-6,9.185569E-6,1.299036E-5
15.222974,9.720792E-6,9.720792E-6,1.374728E-5
15.310857,1.028720E-5,1.028720E-5,1.454830E-5
15.399248,1.088662E-5,1.088662E-5,1.539601E-5
15.488149,1.152095E-5,1.152095E-5,1.629308E-5
15.577563,1.223821E-5,1.223821E-5,1.730744E-5
15.667493,1.300012E-5,1.300012E-5,1.838495E-5
15.757942,1.380946E-5,1.380946E-5,1.952953E-5
15.848914,1.466920E-5,1.466920E-5,2.074538E-5
15.940411,1.556096E-5,1.556096E-5,2.200652E-5
16.032436,1.650692E-5,1.650692E-5,2.334431E-5
16.124992,1.751040E-5,1.751040E-5,2.476345E-5
16.218082,1.857488E-5,1.857488E-5,2.626885E-5
16.311710,1.991253E-5,1.991253E-5,2.816057E-5
16.405879,2.134652E-5,2.134652E-5,3.018854E-5
16.500591,2.288378E-5,2.288378E-5,3.236255E-5
16.595850,2.453175E-5,2.453175E-5,3.469313E-5
16.691659,2.585681E-5,2.585681E-5,3.656705E-5
16.788021,2.725344E-5,2.725344E-5,3.854218E-5
16.884939,2.872551E-5,2.872551E-5,4.062401E-5
16.982417,3.027711E-5,3.027711E-5,4.281830E-5
17.080457,3.269901E-5,3.269901E-5,4.624338E-5
17.179064,3.531465E-5,3.531465E-5,4.994246E-5
17.278240,3.813952E-5,3.813952E-5,5.393743E-5
17.377988,4.119035E-5,4.119035E-5,5.825195E-5
17.478312,4.354804E-5,4.354804E-5,6.158623E-5
17.579215,4.604068E-5,4.604068E-5,6.511135E-5
17.680701,4.867600E-5,4.867600E-5,6.883826E-5
17.782773,5.146215E-5,5.146215E-5,7.277847E-5
17.885434,5.546424E-5,5.546424E-5,7.843828E-5
17.988688,5.977756E-5,5.977756E-5,8.453824E-5
18.092538,6.442632E-5,6.442632E-5,9.111258E-5
18.196987,6.943659E-5,6.943659E-5,9.819817E-5
18.302039,7.268742E-5,7.268742E-5,1.027955E-4
18.407698,7.609045E-5,7.609045E-5,1.076081E-4
18.513967,7.965280E-5,7.965280E-5,1.126461E-4
18.620849,8.338193E-5,8.338193E-5,1.179199E-4
18.728348,8.688048E-5,8.688048E-5,1.228676E-4
18.836468,9.052582E-5,9.052582E-5,1.280228E-4
18.945212,9.432412E-5,9.432412E-5,1.333944E-4
19.054584,9.828177E-5,9.828177E-5,1.389914E-4
19.164587,9.979158E-5,9.979158E-5,1.411266E-4
19.275226,1.013246E-4,1.013246E-4,1.432946E-4
19.386503,1.028811E-4,1.028811E-4,1.454958E-4
19.498422,1.044616E-4,1.044616E-4,1.477310E-4
19.610988,1.035939E-4,1.035939E-4,1.465039E-4
19.724203,1.027335E-4,1.027335E-4,1.452871E-4
19.838072,1.018803E-4,1.018803E-4,1.440805E-4
19.952599,1.010341E-4,1.010341E-4,1.428838E-4
20.067786,1.012243E-4,1.012243E-4,1.431528E-4
20.183639,1.014149E-4,1.014149E-4,1.434223E-4
20.300160,1.016059E-4,1.016059E-4,1.436924E-4
20.417354,1.017972E-4,1.017972E-4,1.439630E-4
20.535225,9.969488E-5,9.969488E-5,1.409899E-4
20.653776,9.763597E-5,9.763597E-5,1.380781E-4
20.773011,9.561959E-5,9.561959E-5,1.352265E-4
20.892935,9.364485E-5,9.364485E-5,1.324338E-4
21.013551,9.205281E-5,9.205281E-5,1.301823E-4
21.134864,9.048784E-5,9.048784E-5,1.279691E-4
21.256877,8.894947E-5,8.894947E-5,1.257935E-4
21.379594,8.743728E-5,8.743728E-5,1.236550E-4
21.503020,8.404096E-5,8.404096E-5,1.188519E-4
21.627158,8.077657E-5,8.077657E-5,1.142353E-4
21.752013,7.763899E-5,7.763899E-5,1.097981E-4
21.877589,7.462330E-5,7.462330E-5,1.055333E-4
22.003889,7.280676E-5,7.280676E-5,1.029643E-4
22.130919,7.103446E-5,7.103446E-5,1.004579E-4
22.258682,6.930530E-5,6.930530E-5,9.801250E-5
22.387183,6.761822E-5,6.761822E-5,9.562660E-5
22.516425,6.552865E-5,6.552865E-5,9.267151E-5
22.646414,6.350367E-5,6.350367E-5,8.980775E-5
22.777153,6.154126E-5,6.154126E-5,8.703248E-5
22.908647,5.963948E-5,5.963948E-5,8.434296E-5
23.040900,5.769870E-5,5.769870E-5,8.159828E-5
23.173917,5.582107E-5,5.582107E-5,7.894291E-5
23.307701,5.400455E-5,5.400455E-5,7.637397E-5
23.442258,5.224715E-5,5.224715E-5,7.388863E-5
23.577591,5.117463E-5,5.117463E-5,7.237186E-5
23.713706,5.012412E-5,5.012412E-5,7.088621E-5
23.850607,4.909517E-5,4.909517E-5,6.943106E-5
23.988298,4.808733E-5,4.808733E-5,6.800575E-5
24.126784,4.626528E-5,4.626528E-5,6.542899E-5
24.266069,4.451226E-5,4.451226E-5,6.294984E-5
24.406159,4.282567E-5,4.282567E-5,6.056464E-5
24.547057,4.120298E-5,4.120298E-5,5.826981E-5
24.688769,4.030936E-5,4.030936E-5,5.700604E-5
24.831298,3.943512E-5,3.943512E-5,5.576968E-5
24.974651,3.857983E-5,3.857983E-5,5.456012E-5
25.118831,3.774310E-5,3.774310E-5,5.337680E-5
25.263844,3.644940E-5,3.644940E-5,5.154724E-5
25.409693,3.520004E-5,3.520004E-5,4.978037E-5
25.556385,3.399350E-5,3.399350E-5,4.807407E-5
25.703924,3.282831E-5,3.282831E-5,4.642624E-5
25.852314,3.175939E-5,3.175939E-5,4.491456E-5
26.001561,3.072527E-5,3.072527E-5,4.345209E-5
26.151669,2.972483E-5,2.972483E-5,4.203726E-5
26.302645,2.875696E-5,2.875696E-5,4.066848E-5
26.454491,2.819674E-5,2.819674E-5,3.987621E-5
26.607215,2.764743E-5,2.764743E-5,3.909937E-5
26.760820,2.710882E-5,2.710882E-5,3.833766E-5
26.915312,2.658071E-5,2.658071E-5,3.759080E-5
27.070695,2.487391E-5,2.487391E-5,3.517702E-5
27.226976,2.327670E-5,2.327670E-5,3.291822E-5
27.384159,2.178206E-5,2.178206E-5,3.080448E-5
27.542250,2.038339E-5,2.038339E-5,2.882647E-5
27.701253,2.484957E-5,2.484957E-5,3.514260E-5
27.861174,3.029433E-5,3.029433E-5,4.284265E-5
28.022018,3.693208E-5,3.693208E-5,5.222985E-5
28.183791,4.502422E-5,4.502422E-5,6.367386E-5
28.346497,3.742193E-5,3.742193E-5,5.292260E-5
28.510144,3.110328E-5,3.110328E-5,4.398668E-5
28.674734,2.585152E-5,2.585152E-5,3.655957E-5
28.840275,2.148652E-5,2.148652E-5,3.038653E-5
29.006772,2.309997E-5,2.309997E-5,3.266829E-5
29.174230,2.483457E-5,2.483457E-5,3.512139E-5
29.342654,2.669944E-5,2.669944E-5,3.775871E-5
29.512051,2.870434E-5,2.870434E-5,4.059407E-5
29.682426,2.890304E-5,2.890304E-5,4.087507E-5
29.853785,2.910310E-5,2.910310E-5,4.115800E-5
30.026132,2.930456E-5,2.930456E-5,4.144291E-5
30.199475,2.950741E-5,2.950741E-5,4.172978E-5
30.373818,2.869147E-5,2.869147E-5,4.057587E-5
30.549168,2.789810E-5,2.789810E-5,3.945387E-5
30.725531,2.712667E-5,2.712667E-5,3.836290E-5
30.902911,2.637656E-5,2.637656E-5,3.730209E-5
31.081315,2.728567E-5,2.728567E-5,3.858776E-5
31.260750,2.822612E-5,2.822612E-5,3.991776E-5
31.441220,2.919897E-5,2.919897E-5,4.129358E-5
31.622732,3.020535E-5,3.020535E-5,4.271682E-5
31.805292,3.068373E-5,3.068373E-5,4.339335E-5
31.988906,3.116969E-5,3.116969E-5,4.408060E-5
32.173580,3.166334E-5,3.166334E-5,4.477872E-5
32.359320,3.216480E-5,3.216480E-5,4.548790E-5
32.546132,3.241282E-5,3.241282E-5,4.583865E-5
32.734023,3.266274E-5,3.266274E-5,4.619209E-5
32.922998,3.291459E-5,3.291459E-5,4.654826E-5
33.113065,3.316839E-5,3.316839E-5,4.690719E-5
33.304228,3.329088E-5,3.329088E-5,4.708041E-5
33.496496,3.341383E-5,3.341383E-5,4.725429E-5
33.689873,3.353723E-5,3.353723E-5,4.742881E-5
33.884367,3.366108E-5,3.366108E-5,4.760396E-5
34.079983,3.369056E-5,3.369056E-5,4.764565E-5
34.276729,3.372007E-5,3.372007E-5,4.768738E-5
34.474611,3.374961E-5,3.374961E-5,4.772916E-5
34.673635,3.377917E-5,3.377917E-5,4.777096E-5
34.873808,3.408895E-5,3.408895E-5,4.820906E-5
35.075136,3.440157E-5,3.440157E-5,4.865117E-5
35.277627,3.471706E-5,3.471706E-5,4.909734E-5
35.481287,3.503545E-5,3.503545E-5,4.954761E-5
35.686123,3.513734E-5,3.513734E-5,4.969170E-5
35.892141,3.523953E-5,3.523953E-5,4.983622E-5
36.099348,3.534201E-5,3.534201E-5,4.998115E-5
36.307752,3.544480E-5,3.544480E-5,5.012652E-5
36.517359,3.563370E-5,3.563370E-5,5.039366E-5
36.728176,3.582362E-5,3.582362E-5,5.066225E-5
36.940210,3.601455E-5,3.601455E-5,5.093227E-5
37.153468,3.620649E-5,3.620649E-5,5.120371E-5
37.367957,3.696231E-5,3.696231E-5,5.227260E-5
37.583685,3.773390E-5,3.773390E-5,5.336379E-5
37.800658,3.852160E-5,3.852160E-5,5.447777E-5
38.018883,3.932576E-5,3.932576E-5,5.561502E-5
38.238368,3.955575E-5,3.955575E-5,5.594028E-5
38.459121,3.978709E-5,3.978709E-5,5.626744E-5
38.681148,4.001978E-5,4.001978E-5,5.659652E-5
38.904456,4.025382E-5,4.025382E-5,5.692750E-5
39.129054,4.079911E-5,4.079911E-5,5.769865E-5
39.354948,4.135178E-5,4.135178E-5,5.848025E-5
39.582147,4.191195E-5,4.191195E-5,5.927245E-5
39.810657,4.247970E-5,4.247970E-5,6.007537E-5
40.040486,4.286483E-5,4.286483E-5,6.062002E-5
40.271643,4.325344E-5,4.325344E-5,6.116960E-5
40.504133,4.364558E-5,4.364558E-5,6.172417E-5
40.737966,4.404130E-5,4.404130E-5,6.228380E-5
40.973149,4.454467E-5,4.454467E-5,6.299568E-5
41.209689,4.505380E-5,4.505380E-5,6.371569E-5
41.447595,4.556874E-5,4.556874E-5,6.444393E-5
41.686875,4.608957E-5,4.608957E-5,6.518049E-5
41.927536,4.679000E-5,4.679000E-5,6.617105E-5
42.169586,4.750107E-5,4.750107E-5,6.717666E-5
42.413033,4.822294E-5,4.822294E-5,6.819754E-5
42.657886,4.895579E-5,4.895579E-5,6.923394E-5
42.904153,5.001512E-5,5.001512E-5,7.073206E-5
43.151841,5.109738E-5,5.109738E-5,7.226261E-5
43.400959,5.220306E-5,5.220306E-5,7.382628E-5
43.651516,5.333267E-5,5.333267E-5,7.542379E-5
43.903519,5.542695E-5,5.542695E-5,7.838554E-5
44.156976,5.760347E-5,5.760347E-5,8.146361E-5
44.411897,5.986546E-5,5.986546E-5,8.466255E-5
44.668290,6.221626E-5,6.221626E-5,8.798708E-5
44.926163,6.532359E-5,6.532359E-5,9.238151E-5
45.185524,6.858610E-5,6.858610E-5,9.699539E-5
45.446383,7.201156E-5,7.201156E-5,1.018397E-4
45.708748,7.560810E-5,7.560810E-5,1.069260E-4
45.972627,7.965357E-5,7.965357E-5,1.126472E-4
46.238030,8.391551E-5,8.391551E-5,1.186745E-4
46.504965,8.840549E-5,8.840549E-5,1.250242E-4
46.773441,9.313570E-5,9.313570E-5,1.317138E-4
47.043467,9.807112E-5,9.807112E-5,1.386935E-4
47.315051,1.032681E-4,1.032681E-4,1.460431E-4
47.588204,1.087404E-4,1.087404E-4,1.537821E-4
47.862934,1.145027E-4,1.145027E-4,1.619313E-4
48.139249,1.207280E-4,1.207280E-4,1.707352E-4
48.417160,1.272918E-4,1.272918E-4,1.800178E-4
48.696675,1.342124E-4,1.342124E-4,1.898050E-4
48.977804,1.415093E-4,1.415093E-4,2.001244E-4
49.260556,1.484854E-4,1.484854E-4,2.099901E-4
49.544940,1.558055E-4,1.558055E-4,2.203423E-4
49.830966,1.634864E-4,1.634864E-4,2.312047E-4
50.118643,1.715459E-4,1.715459E-4,2.426025E-4
50.407981,1.749453E-4,1.749453E-4,2.474100E-4
50.698990,1.784120E-4,1.784120E-4,2.523127E-4
50.991678,1.819475E-4,1.819475E-4,2.573126E-4
51.286056,1.855530E-4,1.855530E-4,2.624116E-4
51.582133,1.839447E-4,1.839447E-4,2.601371E-4
51.879920,1.823503E-4,1.823503E-4,2.578823E-4
52.179426,1.807698E-4,1.807698E-4,2.556471E-4
52.480661,1.792031E-4,1.792031E-4,2.534315E-4
52.783635,1.747938E-4,1.747938E-4,2.471958E-4
53.088358,1.704929E-4,1.704929E-4,2.411134E-4
53.394841,1.662979E-4,1.662979E-4,2.351807E-4
53.703092,1.622062E-4,1.622062E-4,2.293942E-4
54.013124,1.575343E-4,1.575343E-4,2.227871E-4
54.324945,1.529970E-4,1.529970E-4,2.163704E-4
54.638566,1.485904E-4,1.485904E-4,2.101386E-4
54.953998,1.443107E-4,1.443107E-4,2.040861E-4
55.271250,1.379049E-4,1.379049E-4,1.950270E-4
55.590335,1.317835E-4,1.317835E-4,1.863700E-4
55.911261,1.259338E-4,1.259338E-4,1.780973E-4
56.234040,1.203438E-4,1.203438E-4,1.701918E-4
56.558683,1.105964E-4,1.105964E-4,1.564069E-4
56.885199,1.016385E-4,1.016385E-4,1.437385E-4
57.213601,9.340621E-5,9.340621E-5,1.320963E-4
57.543899,8.584062E-5,8.584062E-5,1.213970E-4
57.876103,7.924990E-5,7.924990E-5,1.120763E-4
58.210225,7.316521E-5,7.316521E-5,1.034712E-4
58.546276,6.754769E-5,6.754769E-5,9.552686E-5
58.884268,6.236149E-5,6.236149E-5,8.819246E-5
59.224210,6.887491E-5,6.887491E-5,9.740383E-5
59.566115,7.606864E-5,7.606864E-5,1.075773E-4
59.909994,8.401372E-5,8.401372E-5,1.188133E-4
60.255858,9.278858E-5,9.278858E-5,1.312229E-4
60.603719,7.636829E-5,7.636829E-5,1.080011E-4
60.953588,6.285381E-5,6.285381E-5,8.888871E-5
61.305476,5.173092E-5,5.173092E-5,7.315857E-5
61.659397,4.257639E-5,4.257639E-5,6.021211E-5
62.015360,3.701856E-5,3.701856E-5,5.235215E-5
62.373378,3.218624E-5,3.218624E-5,4.551822E-5
62.733464,2.798472E-5,2.798472E-5,3.957637E-5
63.095628,2.433165E-5,2.433165E-5,3.441015E-5
63.459883,2.482275E-5,2.482275E-5,3.510467E-5
63.826240,2.532375E-5,2.532375E-5,3.581319E-5
64.194713,2.583487E-5,2.583487E-5,3.653602E-5
64.565313,2.635631E-5,2.635631E-5,3.727345E-5
64.938053,2.674720E-5,2.674720E-5,3.782625E-5
65.312944,2.714389E-5,2.714389E-5,3.838726E-5
65.690000,2.754646E-5,2.754646E-5,3.895658E-5
66.069232,2.795500E-5,2.795500E-5,3.953434E-5
66.450654,3.011951E-5,3.011951E-5,4.259542E-5
66.834277,3.245162E-5,3.245162E-5,4.589352E-5
67.220116,3.496431E-5,3.496431E-5,4.944700E-5
67.608181,3.767155E-5,3.767155E-5,5.327562E-5
67.998488,3.800949E-5,3.800949E-5,5.375354E-5
68.391047,3.835047E-5,3.835047E-5,5.423575E-5
68.785873,3.869450E-5,3.869450E-5,5.472229E-5
69.182978,3.904163E-5,3.904163E-5,5.521320E-5
69.582375,3.766511E-5,3.766511E-5,5.326651E-5
69.984078,3.633711E-5,3.633711E-5,5.138843E-5
70.388101,3.505594E-5,3.505594E-5,4.957659E-5
70.794455,3.381995E-5,3.381995E-5,4.782863E-5
71.203156,3.163541E-5,3.163541E-5,4.473923E-5
71.614216,2.959197E-5,2.959197E-5,4.184937E-5
72.027650,2.768053E-5,2.768053E-5,3.914618E-5
72.443470,2.589255E-5,2.589255E-5,3.661760E-5
72.861690,2.428592E-5,2.428592E-5,3.434548E-5
73.282325,2.277897E-5,2.277897E-5,3.221433E-5
73.705388,2.136553E-5,2.136553E-5,3.021542E-5
74.130894,2.003981E-5,2.003981E-5,2.834057E-5
74.558856,1.898166E-5,1.898166E-5,2.684412E-5
74.989289,1.797939E-5,1.797939E-5,2.542670E-5
75.422207,1.703003E-5,1.703003E-5,2.408410E-5
75.857624,1.613081E-5,1.613081E-5,2.281241E-5
76.295554,1.532818E-5,1.532818E-5,2.167732E-5
76.736013,1.456549E-5,1.456549E-5,2.059871E-5
77.179015,1.384075E-5,1.384075E-5,1.957378E-5
77.624574,1.315207E-5,1.315207E-5,1.859984E-5
78.072705,1.265990E-5,1.265990E-5,1.790380E-5
78.523424,1.218615E-5,1.218615E-5,1.723382E-5
78.976744,1.173013E-5,1.173013E-5,1.658891E-5
79.432682,1.129117E-5,1.129117E-5,1.596813E-5
79.891252,1.062939E-5,1.062939E-5,1.503223E-5
80.352469,1.000640E-5,1.000640E-5,1.415119E-5
80.816348,9.419917E-6,9.419917E-6,1.332177E-5
81.282906,8.867808E-6,8.867808E-6,1.254097E-5
81.752157,8.175560E-6,8.175560E-6,1.156199E-5
82.224117,7.537352E-6,7.537352E-6,1.065943E-5
82.698802,6.948963E-6,6.948963E-6,9.827318E-6
83.176227,6.406505E-6,6.406505E-6,9.060166E-6
83.656409,6.267239E-6,6.267239E-6,8.863214E-6
84.139362,6.131000E-6,6.131000E-6,8.670543E-6
84.625104,5.997723E-6,5.997723E-6,8.482061E-6
85.113650,5.867342E-6,5.867342E-6,8.297675E-6
85.605016,5.665331E-6,5.665331E-6,8.011988E-6
86.099219,5.470275E-6,5.470275E-6,7.736137E-6
86.596275,5.281935E-6,5.281935E-6,7.469784E-6
87.096201,5.100079E-6,5.100079E-6,7.212601E-6
87.599012,4.912952E-6,4.912952E-6,6.947963E-6
88.104727,4.732691E-6,4.732691E-6,6.693036E-6
88.613361,4.559044E-6,4.559044E-6,6.447462E-6
89.124931,4.391768E-6,4.391768E-6,6.210898E-6
89.639454,4.229281E-6,4.229281E-6,5.981107E-6
90.156948,4.072806E-6,4.072806E-6,5.759817E-6
90.677430,3.922120E-6,3.922120E-6,5.546715E-6
91.200916,3.777009E-6,3.777009E-6,5.341497E-6
91.727425,3.729923E-6,3.729923E-6,5.274908E-6
92.256973,3.683424E-6,3.683424E-6,5.209148E-6
92.789578,3.637504E-6,3.637504E-6,5.144207E-6
93.325258,3.592158E-6,3.592158E-6,5.080079E-6
93.864030,3.478480E-6,3.478480E-6,4.919314E-6
94.405913,3.368400E-6,3.368400E-6,4.763637E-6
94.950924,3.261804E-6,3.261804E-6,4.612887E-6
95.499081,3.158581E-6,3.158581E-6,4.466908E-6
96.050403,3.033534E-6,3.033534E-6,4.290065E-6
96.604908,2.913438E-6,2.913438E-6,4.120224E-6
97.162614,2.798096E-6,2.798096E-6,3.957105E-6
97.723540,2.687321E-6,2.687321E-6,3.800446E-6
98.287704,2.605403E-6,2.605403E-6,3.684596E-6
98.855125,2.525982E-6,2.525982E-6,3.572278E-6
99.425821,2.448983E-6,2.448983E-6,3.463385E-6
99.999813,2.374330E-6,2.374330E-6,3.357810E-6
100.577118,2.298515E-6,2.298515E-6,3.250591E-6
101.157755,2.225121E-6,2.225121E-6,3.146796E-6
101.741745,2.154070E-6,2.154070E-6,3.046315E-6
102.329106,2.085288E-6,2.085288E-6,2.949043E-6
102.919859,2.013703E-6,2.013703E-6,2.847806E-6
103.514021,1.944576E-6,1.944576E-6,2.750046E-6
104.111614,1.877821E-6,1.877821E-6,2.655640E-6
104.712657,1.813358E-6,1.813358E-6,2.564475E-6
105.317169,1.736617E-6,1.736617E-6,2.455947E-6
105.925171,1.663123E-6,1.663123E-6,2.352011E-6
106.536684,1.592739E-6,1.592739E-6,2.252473E-6
107.151727,1.525334E-6,1.525334E-6,2.157148E-6
107.770320,1.464550E-6,1.464550E-6,2.071186E-6
108.392485,1.406188E-6,1.406188E-6,1.988650E-6
109.018241,1.350152E-6,1.350152E-6,1.909403E-6
109.647610,1.296349E-6,1.296349E-6,1.833314E-6
110.280612,1.216157E-6,1.216157E-6,1.719906E-6
110.917269,1.140926E-6,1.140926E-6,1.613513E-6
111.557601,1.070349E-6,1.070349E-6,1.513702E-6
112.201630,1.004138E-6,1.004138E-6,1.420066E-6
112.849377,9.858902E-7,9.858902E-7,1.394259E-6
113.500863,9.679741E-7,9.679741E-7,1.368922E-6
114.156110,9.503835E-7,9.503835E-7,1.344045E-6
114.815141,9.331129E-7,9.331129E-7,1.319621E-6
115.477975,1.132106E-6,1.132106E-6,1.601040E-6
116.144637,1.373536E-6,1.373536E-6,1.942473E-6
116.815147,1.666453E-6,1.666453E-6,2.356720E-6
117.489528,2.021838E-6,2.021838E-6,2.859311E-6
118.167802,2.027471E-6,2.027471E-6,2.867277E-6
118.849992,2.033120E-6,2.033120E-6,2.875266E-6
119.536120,2.038785E-6,2.038785E-6,2.883277E-6
120.226209,2.044464E-6,2.044464E-6,2.891309E-6
120.920282,1.828977E-6,1.828977E-6,2.586564E-6
121.618363,1.636202E-6,1.636202E-6,2.313939E-6
122.320473,1.463745E-6,1.463745E-6,2.070048E-6
123.026636,1.309465E-6,1.309465E-6,1.851863E-6
123.736876,1.325029E-6,1.325029E-6,1.873874E-6
124.451217,1.340777E-6,1.340777E-6,1.896145E-6
125.169681,1.356712E-6,1.356712E-6,1.918681E-6
125.892294,1.372837E-6,1.372837E-6,1.941485E-6
126.619077,1.343086E-6,1.343086E-6,1.899410E-6
127.350057,1.313980E-6,1.313980E-6,1.858248E-6
128.085257,1.285504E-6,1.285504E-6,1.817977E-6
128.824701,1.257646E-6,1.257646E-6,1.778580E-6
129.568413,1.241582E-6,1.241582E-6,1.755862E-6
130.316420,1.225723E-6,1.225723E-6,1.733434E-6
131.068744,1.210066E-6,1.210066E-6,1.711292E-6
131.825412,1.194610E-6,1.194610E-6,1.689434E-6
132.586448,1.186414E-6,1.186414E-6,1.677843E-6
133.351878,1.178275E-6,1.178275E-6,1.666332E-6
134.121726,1.170191E-6,1.170191E-6,1.654900E-6
134.896019,1.162163E-6,1.162163E-6,1.643547E-6
135.674782,1.066476E-6,1.066476E-6,1.508225E-6
136.458041,9.786674E-7,9.786674E-7,1.384045E-6
137.245821,8.980886E-7,8.980886E-7,1.270089E-6
138.038150,8.241442E-7,8.241442E-7,1.165516E-6
138.835052,8.438218E-7,8.438218E-7,1.193344E-6
139.636556,8.639693E-7,8.639693E-7,1.221837E-6
140.442686,8.845977E-7,8.845977E-7,1.251010E-6
141.253470,9.057185E-7,9.057185E-7,1.280879E-6
142.068935,1.023139E-6,1.023139E-6,1.446937E-6
142.889108,1.155783E-6,1.155783E-6,1.634524E-6
143.714015,1.305624E-6,1.305624E-6,1.846431E-6
144.543685,1.474890E-6,1.474890E-6,2.085809E-6
145.378144,1.551512E-6,1.551512E-6,2.194169E-6
146.217421,1.632115E-6,1.632115E-6,2.308159E-6
147.061543,1.716905E-6,1.716905E-6,2.428070E-6
147.910538,1.806100E-6,1.806100E-6,2.554211E-6
148.764435,1.793505E-6,1.793505E-6,2.536399E-6
149.623261,1.780997E-6,1.780997E-6,2.518710E-6
150.487045,1.768577E-6,1.768577E-6,2.501146E-6
151.355816,1.756243E-6,1.756243E-6,2.483703E-6
152.229602,1.441077E-6,1.441077E-6,2.037991E-6
153.108433,1.182469E-6,1.182469E-6,1.672264E-6
153.992337,9.702692E-7,9.702692E-7,1.372168E-6
154.881344,7.961499E-7,7.961499E-7,1.125926E-6
155.775484,7.486744E-7,7.486744E-7,1.058785E-6
156.674785,7.040300E-7,7.040300E-7,9.956488E-7
157.579278,6.620477E-7,6.620477E-7,9.362768E-7
158.488993,6.225688E-7,6.225688E-7,8.804452E-7
159.403960,7.402656E-7,7.402656E-7,1.046894E-6
160.324208,8.802129E-7,8.802129E-7,1.244809E-6
161.249770,1.046617E-6,1.046617E-6,1.480140E-6
162.180674,1.244481E-6,1.244481E-6,1.759962E-6
163.116953,1.561091E-6,1.561091E-6,2.207716E-6
164.058637,1.958249E-6,1.958249E-6,2.769382E-6
165.005758,2.456450E-6,2.456450E-6,3.473945E-6
165.958346,3.081398E-6,3.081398E-6,4.357755E-6
166.916434,3.734001E-6,3.734001E-6,5.280675E-6
167.880052,4.524818E-6,4.524818E-6,6.399059E-6
168.849234,5.483121E-6,5.483121E-6,7.754304E-6
169.824011,6.644384E-6,6.644384E-6,9.396578E-6
170.804415,7.039164E-6,7.039164E-6,9.954881E-6
171.790479,7.457400E-6,7.457400E-6,1.054636E-5
172.782236,7.900486E-6,7.900486E-6,1.117297E-5
173.779719,8.369896E-6,8.369896E-6,1.183682E-5
174.782960,5.862577E-6,5.862577E-6,8.290936E-6
175.791992,4.106361E-6,4.106361E-6,5.807271E-6
176.806850,2.876244E-6,2.876244E-6,4.067623E-6
177.827567,2.014624E-6,2.014624E-6,2.849109E-6
178.854176,2.429201E-6,2.429201E-6,3.435409E-6
179.886712,2.929091E-6,2.929091E-6,4.142360E-6
180.925209,3.531850E-6,3.531850E-6,4.994790E-6
181.969701,4.258646E-6,4.258646E-6,6.022635E-6
183.020223,6.502566E-6,6.502566E-6,9.196017E-6
184.076810,9.928828E-6,9.928828E-6,1.404148E-5
185.139497,1.516042E-5,1.516042E-5,2.144007E-5
186.208318,2.314859E-5,2.314859E-5,3.273705E-5
187.283310,4.228346E-5,4.228346E-5,5.979784E-5
188.364508,7.723544E-5,7.723544E-5,1.092274E-4
189.451948,1.410791E-4,1.410791E-4,1.995160E-4
190.545665,2.576967E-4,2.576967E-4,3.644382E-4
191.645697,2.797883E-4,2.797883E-4,3.956804E-4
192.752079,3.037738E-4,3.037738E-4,4.296010E-4
193.864849,3.298156E-4,3.298156E-4,4.664297E-4
194.984042,3.580900E-4,3.580900E-4,5.064157E-4
196.109697,2.338467E-4,2.338467E-4,3.307092E-4
197.241850,1.527110E-4,1.527110E-4,2.159660E-4
198.380539,9.972625E-5,9.972625E-5,1.410342E-4
199.525802,6.512510E-5,6.512510E-5,9.210080E-5
200.677677,4.497124E-5,4.497124E-5,6.359894E-5
201.836201,3.105427E-5,3.105427E-5,4.391737E-5
203.001414,2.144409E-5,2.144409E-5,3.032652E-5
204.173353,1.480791E-5,1.480791E-5,2.094155E-5
205.352059,9.422139E-6,9.422139E-6,1.332492E-5
206.537568,5.995221E-6,5.995221E-6,8.478523E-6
207.729922,3.814704E-6,3.814704E-6,5.394806E-6
208.929160,2.427259E-6,2.427259E-6,3.432663E-6
210.135321,8.223236E-7,8.223236E-7,1.162941E-6
211.348445,2.785924E-7,2.785924E-7,3.939892E-7
212.568572,9.438345E-8,9.438345E-8,1.334784E-7
213.795743,3.197583E-8,3.197583E-8,4.522065E-8
215.029999,1.259246E-7,1.259246E-7,1.780843E-7
216.271380,4.959057E-7,4.959057E-7,7.013166E-7
217.519928,1.952935E-6,1.952935E-6,2.761867E-6
218.775684,7.690896E-6,7.690896E-6,1.087657E-5
220.038689,7.144299E-6,7.144299E-6,1.010356E-5
221.308986,6.636549E-6,6.636549E-6,9.385498E-6
222.586616,6.164885E-6,6.164885E-6,8.718464E-6
223.871622,5.726741E-6,5.726741E-6,8.098835E-6
225.164046,4.954704E-6,4.954704E-6,7.007010E-6
226.463932,4.286749E-6,4.286749E-6,6.062379E-6
227.771322,3.708842E-6,3.708842E-6,5.245095E-6
229.086260,3.208844E-6,3.208844E-6,4.537991E-6
230.408789,6.565101E-6,6.565101E-6,9.284455E-6
231.738953,1.343180E-5,1.343180E-5,1.899543E-5
233.076796,2.748066E-5,2.748066E-5,3.886352E-5
234.422362,5.622381E-5,5.622381E-5,7.951247E-5
235.775697,5.004584E-5,5.004584E-5,7.077551E-5
237.136844,4.454672E-5,4.454672E-5,6.299858E-5
238.505849,3.965184E-5,3.965184E-5,5.607617E-5
239.882758,3.529483E-5,3.529483E-5,4.991443E-5
241.267616,2.992622E-5,2.992622E-5,4.232207E-5
242.660469,2.537422E-5,2.537422E-5,3.588457E-5
244.061362,2.151461E-5,2.151461E-5,3.042625E-5
245.470343,1.824207E-5,1.824207E-5,2.579818E-5
246.887458,1.667462E-5,1.667462E-5,2.358147E-5
248.312755,1.524184E-5,1.524184E-5,2.155522E-5
249.746279,1.393218E-5,1.393218E-5,1.970308E-5
251.188080,1.273506E-5,1.273506E-5,1.801009E-5
252.638204,1.374328E-5,1.374328E-5,1.943593E-5
254.096699,1.483132E-5,1.483132E-5,2.097465E-5
255.563615,1.600549E-5,1.600549E-5,2.263518E-5
257.038999,1.727264E-5,1.727264E-5,2.442720E-5
258.522901,1.322318E-5,1.322318E-5,1.870040E-5
260.015369,1.012309E-5,1.012309E-5,1.431621E-5
261.516454,7.749795E-6,7.749795E-6,1.095987E-5
263.026204,5.932904E-6,5.932904E-6,8.390393E-6
264.544671,4.535718E-6,4.535718E-6,6.414474E-6
266.071903,3.467567E-6,3.467567E-6,4.903880E-6
267.607952,2.650963E-6,2.650963E-6,3.749028E-6
269.152869,2.026667E-6,2.026667E-6,2.866140E-6
270.706705,1.525798E-6,1.525798E-6,2.157804E-6
272.269511,1.148713E-6,1.148713E-6,1.624526E-6
273.841340,8.648208E-7,8.648208E-7,1.223041E-6
275.422242,6.510892E-7,6.510892E-7,9.207792E-7
277.012272,5.920027E-7,5.920027E-7,8.372182E-7
278.611480,5.382784E-7,5.382784E-7,7.612406E-7
280.219921,4.894296E-7,4.894296E-7,6.921580E-7
281.837648,4.450137E-7,4.450137E-7,6.293444E-7
283.464714,4.242799E-7,4.242799E-7,6.000224E-7
285.101173,4.045121E-7,4.045121E-7,5.720665E-7
286.747079,3.856653E-7,3.856653E-7,5.454131E-7
288.402487,3.676965E-7,3.676965E-7,5.200014E-7
290.067453,3.916149E-7,3.916149E-7,5.538271E-7
291.742030,4.170891E-7,4.170891E-7,5.898531E-7
293.426274,4.442204E-7,4.442204E-7,6.282225E-7
295.120242,4.731166E-7,4.731166E-7,6.690879E-7
296.823989,5.710004E-7,5.710004E-7,8.075165E-7
298.537572,6.891356E-7,6.891356E-7,9.745849E-7
300.261047,8.317120E-7,8.317120E-7,1.176218E-6
301.994472,1.003786E-6,1.003786E-6,1.419568E-6
303.737905,8.159869E-7,8.159869E-7,1.153980E-6
305.491402,6.633235E-7,6.633235E-7,9.380811E-7
307.255023,5.392219E-7,5.392219E-7,7.625749E-7
309.028824,4.383384E-7,4.383384E-7,6.199041E-7
310.812867,2.751109E-7,2.751109E-7,3.890656E-7
312.607208,1.726657E-7,1.726657E-7,2.441862E-7
314.411909,1.083689E-7,1.083689E-7,1.532568E-7
316.227028,6.801470E-8,6.801470E-8,9.618731E-8
318.052625,7.927014E-8,7.927014E-8,1.121049E-7
319.888762,9.238819E-8,9.238819E-8,1.306566E-7
321.735500,1.076771E-7,1.076771E-7,1.522784E-7
323.592898,1.254961E-7,1.254961E-7,1.774783E-7
325.461020,1.555646E-7,1.555646E-7,2.200016E-7
327.339926,1.928373E-7,1.928373E-7,2.727131E-7
329.229679,2.390406E-7,2.390406E-7,3.380545E-7
331.130342,2.963141E-7,2.963141E-7,4.190514E-7
333.041978,3.370366E-7,3.370366E-7,4.766417E-7
334.964649,3.833555E-7,3.833555E-7,5.421465E-7
336.898420,4.360402E-7,4.360402E-7,6.166540E-7
338.843355,4.959654E-7,4.959654E-7,7.014010E-7
340.799519,5.190035E-7,5.190035E-7,7.339818E-7
342.766975,5.431117E-7,5.431117E-7,7.680759E-7
344.745790,5.683397E-7,5.683397E-7,8.037537E-7
346.736028,5.947395E-7,5.947395E-7,8.410887E-7
348.737756,7.518565E-7,7.518565E-7,1.063286E-6
350.751040,9.504803E-7,9.504803E-7,1.344182E-6
352.775947,1.201576E-6,1.201576E-6,1.699285E-6
354.812544,1.519006E-6,1.519006E-6,2.148199E-6
356.860899,1.980409E-6,1.980409E-6,2.800721E-6
358.921078,2.581965E-6,2.581965E-6,3.651450E-6
360.993151,3.366246E-6,3.366246E-6,4.760591E-6
363.077187,4.388755E-6,4.388755E-6,6.206637E-6
365.173253,4.991342E-6,4.991342E-6,7.058824E-6
367.281421,5.676667E-6,5.676667E-6,8.028019E-6
369.401759,6.456088E-6,6.456088E-6,9.130287E-6
371.534338,7.342528E-6,7.342528E-6,1.038390E-5
373.679228,7.098870E-6,7.098870E-6,1.003932E-5
375.836501,6.863297E-6,6.863297E-6,9.706168E-6
378.006228,6.635541E-6,6.635541E-6,9.384072E-6
380.188480,6.415344E-6,6.415344E-6,9.072666E-6
382.383332,6.956093E-6,6.956093E-6,9.837401E-6
384.590854,7.542422E-6,7.542422E-6,1.066660E-5
386.811120,8.178173E-6,8.178173E-6,1.156568E-5
389.044204,8.867511E-6,8.867511E-6,1.254055E-5
391.290180,1.444935E-5,1.444935E-5,2.043447E-5
393.549122,2.354479E-5,2.354479E-5,3.329736E-5
395.821105,3.836554E-5,3.836554E-5,5.425707E-5
398.106204,6.251553E-5,6.251553E-5,8.841031E-5
400.404495,5.042445E-5,5.042445E-5,7.131094E-5
402.716055,4.067188E-5,4.067188E-5,5.751872E-5
405.040959,3.280555E-5,3.280555E-5,4.639405E-5
407.379285,2.646064E-5,2.646064E-5,3.742100E-5
409.731111,2.264404E-5,2.264404E-5,3.202351E-5
412.096513,1.937793E-5,1.937793E-5,2.740453E-5
414.475571,1.658291E-5,1.658291E-5,2.345178E-5
416.868364,1.419104E-5,1.419104E-5,2.006916E-5
419.274970,1.799243E-5,1.799243E-5,2.544514E-5
421.695470,2.281211E-5,2.281211E-5,3.226120E-5
424.129944,2.892284E-5,2.892284E-5,4.090307E-5
426.578472,3.667048E-5,3.667048E-5,5.185989E-5
429.041135,2.857725E-5,2.857725E-5,4.041433E-5
431.518015,2.227021E-5,2.227021E-5,3.149483E-5
434.009195,1.735514E-5,1.735514E-5,2.454387E-5
436.514757,1.352484E-5,1.352484E-5,1.912701E-5
439.034783,1.840596E-5,1.840596E-5,2.602996E-5
441.569357,2.504868E-5,2.504868E-5,3.542418E-5
444.118564,3.408876E-5,3.408876E-5,4.820879E-5
446.682487,4.639143E-5,4.639143E-5,6.560739E-5
449.261212,2.483100E-5,2.483100E-5,3.511634E-5
451.854825,1.329079E-5,1.329079E-5,1.879602E-5
454.463410,7.113893E-6,7.113893E-6,1.006056E-5
457.087055,3.807707E-6,3.807707E-6,5.384911E-6
459.725846,4.378766E-6,4.378766E-6,6.192510E-6
462.379871,5.035468E-6,5.035468E-6,7.121227E-6
465.049218,5.790659E-6,5.790659E-6,8.189228E-6
467.733976,6.659109E-6,6.659109E-6,9.417402E-6
470.434232,9.268591E-6,9.268591E-6,1.310777E-5
473.150078,1.290064E-5,1.290064E-5,1.824426E-5
475.881602,1.795597E-5,1.795597E-5,2.539358E-5
478.628895,2.499232E-5,2.499232E-5,3.534448E-5
481.392049,3.117002E-5,3.117002E-5,4.408107E-5
484.171154,3.887475E-5,3.887475E-5,5.497720E-5
486.966304,4.848397E-5,4.848397E-5,6.856669E-5
489.777590,6.046846E-5,6.046846E-5,8.551532E-5
492.605106,7.666324E-5,7.666324E-5,1.084182E-4
495.448945,9.719535E-5,9.719535E-5,1.374550E-4
498.309202,1.232264E-4,1.232264E-4,1.742684E-4
501.185971,1.562292E-4,1.562292E-4,2.209415E-4
504.079348,1.173727E-4,1.173727E-4,1.659901E-4
506.989429,8.818044E-5,8.818044E-5,1.247060E-4
509.916309,6.624870E-5,6.624870E-5,9.368981E-5
512.860087,4.977168E-5,4.977168E-5,7.038778E-5
515.820860,4.444181E-5,4.444181E-5,6.285021E-5
518.798725,3.968269E-5,3.968269E-5,5.611980E-5
521.793781,3.543321E-5,3.543321E-5,5.011013E-5
524.806128,3.163880E-5,3.163880E-5,4.474402E-5
527.835866,5.023638E-5,5.023638E-5,7.104497E-5
530.883094,7.976578E-5,7.976578E-5,1.128058E-4
533.947915,1.266529E-4,1.266529E-4,1.791142E-4
537.030429,2.011006E-4,2.011006E-4,2.843992E-4
540.130738,1.619650E-4,1.619650E-4,2.290531E-4
543.248945,1.304454E-4,1.304454E-4,1.844777E-4
546.385154,1.050598E-4,1.050598E-4,1.485770E-4
549.539469,8.461441E-5,8.461441E-5,1.196628E-4
552.711994,6.032470E-5,6.032470E-5,8.531201E-5
555.902834,4.300767E-5,4.300767E-5,6.082203E-5
559.112094,3.066173E-5,3.066173E-5,4.336223E-5
562.339883,2.185986E-5,2.185986E-5,3.091451E-5
565.586305,1.154240E-5,1.154240E-5,1.632342E-5
568.851469,6.094589E-6,6.094589E-6,8.619050E-6
572.135483,3.218051E-6,3.218051E-6,4.551011E-6
575.438456,1.699188E-6,1.699188E-6,2.403015E-6
578.760497,1.438497E-6,1.438497E-6,2.034342E-6
582.101716,1.217801E-6,1.217801E-6,1.722231E-6
585.462225,1.030964E-6,1.030964E-6,1.458003E-6
588.842134,8.727923E-7,8.727923E-7,1.234315E-6
592.241555,1.421964E-7,1.421964E-7,2.010961E-7
595.660602,2.316682E-8,2.316682E-8,3.276283E-8
599.099386,3.774368E-9,3.774368E-9,5.337762E-9
602.558024,6.149251E-10,6.149251E-10,8.696354E-10
606.036628,2.531753E-9,2.531753E-9,3.580439E-9
609.535314,1.042367E-8,1.042367E-8,1.474130E-8
613.054198,4.291603E-8,4.291603E-8,6.069243E-8
616.593397,1.766927E-7,1.766927E-7,2.498812E-7
620.153028,2.299779E-7,2.299779E-7,3.252379E-7
623.733209,2.993323E-7,2.993323E-7,4.233198E-7
627.334059,3.896018E-7,3.896018E-7,5.509801E-7
630.955697,5.070940E-7,5.070940E-7,7.171392E-7
634.598242,6.246796E-7,6.246796E-7,8.834304E-7
638.261816,7.695312E-7,7.695312E-7,1.088281E-6
641.946541,9.479711E-7,9.479711E-7,1.340634E-6
645.652537,1.167788E-6,1.167788E-6,1.651502E-6
649.379928,8.702402E-7,8.702402E-7,1.230705E-6
653.128838,6.485066E-7,6.485066E-7,9.171268E-7
656.899390,4.832698E-7,4.832698E-7,6.834467E-7
660.691710,3.601344E-7,3.601344E-7,5.093070E-7
664.505924,3.511214E-7,3.511214E-7,4.965606E-7
668.342157,3.423339E-7,3.423339E-7,4.841332E-7
672.200537,3.337664E-7,3.337664E-7,4.720170E-7
676.081191,3.254132E-7,3.254132E-7,4.602038E-7
679.984249,3.324187E-7,3.324187E-7,4.701110E-7
683.909839,3.395750E-7,3.395750E-7,4.802316E-7
687.858092,3.468854E-7,3.468854E-7,4.905700E-7
691.829139,3.543533E-7,3.543533E-7,5.011312E-7
695.823110,3.892663E-7,3.892663E-7,5.505057E-7
699.840139,4.276191E-7,4.276191E-7,6.047447E-7
703.880359,4.697507E-7,4.697507E-7,6.643278E-7
707.943903,5.160336E-7,5.160336E-7,7.297817E-7
712.030906,4.529862E-7,4.529862E-7,6.406192E-7
716.141504,3.976417E-7,3.976417E-7,5.623503E-7
720.275832,3.490591E-7,3.490591E-7,4.936441E-7
724.434028,3.064120E-7,3.064120E-7,4.333320E-7
728.616230,3.783235E-7,3.783235E-7,5.350302E-7
732.822575,4.671119E-7,4.671119E-7,6.605960E-7
737.053205,5.767380E-7,5.767380E-7,8.156307E-7
741.308258,7.120919E-7,7.120919E-7,1.007050E-6
745.587875,6.275227E-7,6.275227E-7,8.874511E-7
749.892199,5.529971E-7,5.529971E-7,7.820560E-7
754.221372,4.873223E-7,4.873223E-7,6.891778E-7
758.575538,4.294471E-7,4.294471E-7,6.073299E-7
762.954841,4.628634E-7,4.628634E-7,6.545877E-7
767.359425,4.988799E-7,4.988799E-7,7.055227E-7
771.789438,5.376990E-7,5.376990E-7,7.604212E-7
776.245025,5.795387E-7,5.795387E-7,8.195915E-7
780.726335,1.648770E-7,1.648770E-7,2.331713E-7
785.233515,4.690700E-8,4.690700E-8,6.633652E-8
789.766716,1.334490E-8,1.334490E-8,1.887254E-8
794.326087,3.796583E-9,3.796583E-9,5.369179E-9
798.911780,1.744745E-8,1.744745E-8,2.467442E-8
803.523946,8.018098E-8,8.018098E-8,1.133930E-7
808.162739,3.684772E-7,3.684772E-7,5.211055E-7
812.828311,1.693364E-6,1.693364E-6,2.394778E-6
817.520818,2.046723E-6,2.046723E-6,2.894503E-6
822.240416,2.473819E-6,2.473819E-6,3.498508E-6
826.987259,2.990038E-6,2.990038E-6,4.228552E-6
831.761507,3.613978E-6,3.613978E-6,5.110937E-6
836.563317,1.804296E-6,1.804296E-6,2.551660E-6
841.392847,9.008035E-7,9.008035E-7,1.273929E-6
846.250259,4.497305E-7,4.497305E-7,6.360150E-7
851.135714,2.245300E-7,2.245300E-7,3.175334E-7
856.049372,2.939697E-7,2.939697E-7,4.157359E-7
860.991397,3.848848E-7,3.848848E-7,5.443093E-7
865.961952,5.039169E-7,5.039169E-7,7.126461E-7
870.961203,6.597618E-7,6.597618E-7,9.330441E-7
875.989315,4.357892E-7,4.357892E-7,6.162990E-7
881.046454,2.878497E-7,2.878497E-7,4.070809E-7
886.132789,1.901320E-7,1.901320E-7,2.688873E-7
891.248487,1.255869E-7,1.255869E-7,1.776067E-7
896.393719,1.856156E-7,1.856156E-7,2.625001E-7
901.568654,2.743370E-7,2.743370E-7,3.879711E-7
906.773465,4.054660E-7,4.054660E-7,5.734155E-7
912.008323,5.992730E-7,5.992730E-7,8.475000E-7
917.273403,7.690087E-7,7.690087E-7,1.087543E-6
922.568878,9.868197E-7,9.868197E-7,1.395574E-6
927.894924,1.266323E-6,1.266323E-6,1.790851E-6
933.251717,1.624991E-6,1.624991E-6,2.298084E-6
938.639436,1.162170E-6,1.162170E-6,1.643557E-6
944.058259,8.311673E-7,8.311673E-7,1.175448E-6
949.508364,5.944389E-7,5.944389E-7,8.406636E-7
954.989934,4.251342E-7,4.251342E-7,6.012306E-7
960.503149,4.049987E-7,4.049987E-7,5.727547E-7
966.048192,3.858169E-7,3.858169E-7,5.456275E-7
971.625246,3.675436E-7,3.675436E-7,5.197851E-7
977.234498,3.501357E-7,3.501357E-7,4.951667E-7
982.876132,3.675031E-7,3.675031E-7,5.197279E-7
988.550335,3.857319E-7,3.857319E-7,5.455073E-7
994.257297,4.048649E-7,4.048649E-7,5.725654E-7
999.997204,4.249470E-7,4.249470E-7,6.009658E-7
