Hz,real,imaginary,V^2 (rms) 
9.99999046326,5.452849e-07,5.452849e-07,0.0240189804988
10.022412543,5.412696e-07,5.412696e-07,0.0239303831311
10.0448848978,5.372839e-07,5.372839e-07,0.0238421132914
10.0674076403,5.333275e-07,5.333275e-07,0.0237541679501
10.0899808835,5.294004e-07,5.294004e-07,0.0236665507246
10.1126047407,5.378998e-07,5.378998e-07,0.023855774739
10.1352793254,5.465357e-07,5.465357e-07,0.0240465126494
10.1580047512,5.553103e-07,5.553103e-07,0.0242387767307
10.1807811322,5.64226e-07,5.64226e-07,0.0244325829171
10.2036085826,5.583038e-07,5.583038e-07,0.0243040206633
10.226487217,5.524438e-07,5.524438e-07,0.0241761357624
10.24941715,5.466453e-07,5.466453e-07,0.0240489236225
10.2723984968,5.409076e-07,5.409076e-07,0.023922379497
10.2954313727,5.439489e-07,5.439489e-07,0.0239895380572
10.318515893,5.470072e-07,5.470072e-07,0.0240568829569
10.3416521737,5.500826e-07,5.500826e-07,0.0241244148281
10.3648403308,5.531756e-07,5.531756e-07,0.0241921430386
10.3880804806,5.464815e-07,5.464815e-07,0.0240453202724
10.4113727398,5.398683e-07,5.398683e-07,0.0238993862139
10.434717225,5.333352e-07,5.333352e-07,0.0237543394267
10.4581140535,5.268811e-07,5.268811e-07,0.0236101716173
10.4815633426,5.366442e-07,5.366442e-07,0.0238279156369
10.50506521,5.465881e-07,5.465881e-07,0.0240476653711
10.5286197734,5.567164e-07,5.567164e-07,0.0242694448062
10.5522271512,5.670323e-07,5.670323e-07,0.02449326792
10.5758874616,5.864102e-07,5.864102e-07,0.0249082715498
10.5996008235,6.064504e-07,6.064504e-07,0.0253303083913
10.6233673556,6.271754e-07,6.271754e-07,0.0257594948165
10.6471871774,6.486083e-07,6.486083e-07,0.0261959458963
10.6710604082,6.601234e-07,6.601234e-07,0.0264274583946
10.6949871677,6.718429e-07,6.718429e-07,0.0266610162635
10.7189675761,6.837706e-07,6.837706e-07,0.0268966409576
10.7430017537,6.9591e-07,6.9591e-07,0.0271343468689
10.7670898208,6.9779e-07,6.9779e-07,0.0271709738508
10.7912318985,6.996751e-07,6.996751e-07,0.0272076506851
10.8154281078,7.015652e-07,7.015652e-07,0.0272443752287
10.8396785701,7.034605e-07,7.034605e-07,0.0272811511671
10.8639834071,7.08937e-07,7.08937e-07,0.0273871383317
10.8883427405,7.144562e-07,7.144562e-07,0.0274935385063
10.9127566928,7.200183e-07,7.200183e-07,0.0276003507478
10.9372253862,7.25624e-07,7.25624e-07,0.027707583655
10.9617489436,7.391795e-07,7.391795e-07,0.0279651910596
10.9863274879,7.529884e-07,7.529884e-07,0.0282251966725
11.0109611426,7.670552e-07,7.670552e-07,0.0284876183912
11.035650031,7.813845e-07,7.813845e-07,0.0287524746935
11.0603942771,7.69935e-07,7.69935e-07,0.028541044655
11.085194005,7.586533e-07,7.586533e-07,0.0283311699617
11.1100493392,7.475369e-07,7.475369e-07,0.0281228384094
11.1349604041,7.365832e-07,7.365832e-07,0.0279160352772
11.159927325,7.850641e-07,7.850641e-07,0.0288200939936
11.1849502269,8.36736e-07,8.36736e-07,0.0297534315332
11.2100292354,8.91809e-07,8.91809e-07,0.0307169972816
11.2351644764,9.505067e-07,9.505067e-07,0.0317117657755
11.2603560758,9.657947e-07,9.657947e-07,0.0319657753324
11.2856041601,9.813286e-07,9.813286e-07,0.0322218196072
11.3109088559,9.971124e-07,9.971124e-07,0.032479915628
11.3362702901,1.01315e-06,1.01315e-06,0.0327400778863
11.36168859,1.059669e-06,1.059669e-06,0.0334832764526
11.3871638831,1.108323e-06,1.108323e-06,0.034243331234
11.4126962971,1.159211e-06,1.159211e-06,0.0350206401712
11.4382859602,1.212436e-06,1.212436e-06,0.0358156011816
11.4639330007,1.186323e-06,1.186323e-06,0.0354278101779
11.4896375472,1.160772e-06,1.160772e-06,0.0350442117332
11.5153997287,1.135771e-06,1.135771e-06,0.034664761906
11.5412196745,1.111309e-06,1.111309e-06,0.0342894287208
11.5670975139,1.096251e-06,1.096251e-06,0.0340563291915
11.593033377,1.081396e-06,1.081396e-06,0.0338247981221
11.6190273937,1.066743e-06,1.066743e-06,0.0335948521949
11.6450796944,1.052289e-06,1.052289e-06,0.0333664766195
11.6711904099,1.115426e-06,1.115426e-06,0.0343528850026
11.6973596711,1.182351e-06,1.182351e-06,0.0353684514504
11.7235876092,1.253291e-06,1.253291e-06,0.0364140340803
11.749874356,1.328488e-06,1.328488e-06,0.0374905361925
11.7762200431,1.340243e-06,1.340243e-06,0.037656036621
11.8026248028,1.352102e-06,1.352102e-06,0.0378222674624
11.8290887675,1.364065e-06,1.364065e-06,0.0379892191286
11.85561207,1.376135e-06,1.376135e-06,0.0381569237492
11.8821948433,1.381843e-06,1.381843e-06,0.0382359764358
11.9088372207,1.387574e-06,1.387574e-06,0.03831518357
11.935539336,1.393329e-06,1.393329e-06,0.0383945579738
11.962301323,1.399108e-06,1.399108e-06,0.0384740986119
11.989123316,1.437968e-06,1.437968e-06,0.0390047451472
12.0160054496,1.477908e-06,1.477908e-06,0.0395427194816
12.0429478585,1.518957e-06,1.518957e-06,0.0400881092844
12.069950678,1.561146e-06,1.561146e-06,0.0406410195246
12.0970140435,1.505349e-06,1.505349e-06,0.0399081350354
12.1241380908,1.451546e-06,1.451546e-06,0.0391884634555
12.1513229558,1.399667e-06,1.399667e-06,0.0384817838204
12.1785687751,1.349641e-06,1.349641e-06,0.0377878310836
12.2058756851,1.478458e-06,1.478458e-06,0.0395500766624
12.2332438231,1.619569e-06,1.619569e-06,0.0413944924114
12.2606733261,1.774149e-06,1.774149e-06,0.0433249309521
12.2881643318,1.943483e-06,1.943483e-06,0.0453453968336
12.3157169782,1.933965e-06,1.933965e-06,0.0452342234376
12.3433314034,1.924493e-06,1.924493e-06,0.0451233154145
12.3710077459,1.915068e-06,1.915068e-06,0.0450126864784
12.3987461446,1.905689e-06,1.905689e-06,0.0449023269108
12.4265467386,1.937488e-06,1.937488e-06,0.0452754050672
12.4544096674,1.969817e-06,1.969817e-06,0.0456515759421
12.4823350707,2.002685e-06,2.002685e-06,0.0460308671437
12.5103230886,2.036102e-06,2.036102e-06,0.0464133161496
12.5383738616,2.045426e-06,2.045426e-06,0.0465194659041
12.5664875303,2.054794e-06,2.054794e-06,0.0466258732036
12.5946642357,2.064204e-06,2.064204e-06,0.0467325136495
12.6229041193,2.073657e-06,2.073657e-06,0.0468393969432
12.6512073226,2.067195e-06,2.067195e-06,0.0467663587422
12.6795739876,2.060753e-06,2.060753e-06,0.0466934328787
12.7080042566,2.054332e-06,2.054332e-06,0.046620631227
12.7364982723,2.04793e-06,2.04793e-06,0.0465479316404
12.7650561775,2.081104e-06,2.081104e-06,0.0469234273258
12.7936781156,2.114816e-06,2.114816e-06,0.0473019590292
12.8223642301,2.149073e-06,2.149073e-06,0.0476835321049
12.8511146648,2.183885e-06,2.183885e-06,0.0480681841762
12.8799295641,2.208198e-06,2.208198e-06,0.0483350130237
12.9088090725,2.232781e-06,2.232781e-06,0.0486033157099
12.9377533347,2.257638e-06,2.257638e-06,0.0488731112576
12.9667624961,2.282772e-06,2.282772e-06,0.0491444073726
12.9958367021,2.27287e-06,2.27287e-06,0.0490377044732
13.0249760986,2.263012e-06,2.263012e-06,0.0489312445785
13.0541808318,2.253196e-06,2.253196e-06,0.0488250076088
13.0834510481,2.243422e-06,2.243422e-06,0.0487189950225
13.1127868944,2.359119e-06,2.359119e-06,0.0499594625872
13.1421885178,2.480783e-06,2.480783e-06,0.0512315177796
13.1716560658,2.608721e-06,2.608721e-06,0.0525359573816
13.2011896862,2.743257e-06,2.743257e-06,0.0538736104786
13.2307895273,2.764829e-06,2.764829e-06,0.0540850171674
13.2604557374,2.786571e-06,2.786571e-06,0.0542972570025
13.2901884653,2.808484e-06,2.808484e-06,0.0545103299568
13.3199878603,2.830569e-06,2.830569e-06,0.0547242359654
13.3498540718,3.052266e-06,3.052266e-06,0.0568269076055
13.3797872497,3.291326e-06,3.291326e-06,0.0590103627171
13.409787544,3.549111e-06,3.549111e-06,0.0612777238317
13.4398551052,3.827085e-06,3.827085e-06,0.0636321925601
13.4699900843,3.688209e-06,3.688209e-06,0.0624669922599
13.5001926323,3.554372e-06,3.554372e-06,0.061323124317
13.5304629008,3.425391e-06,3.425391e-06,0.0602001966608
13.5608010415,3.301092e-06,3.301092e-06,0.059097845443
13.5912072068,3.347943e-06,3.347943e-06,0.059515743245
13.621681549,3.395459e-06,3.395459e-06,0.0599365966835
13.6522242212,3.44365e-06,3.44365e-06,0.0603604315757
13.6828353764,3.492525e-06,3.492525e-06,0.0607872638799
13.7135151683,3.547148e-06,3.547148e-06,0.0612607752481
13.7442637507,3.602627e-06,3.602627e-06,0.0617379896498
13.7750812779,3.658973e-06,3.658973e-06,0.0622189154036
13.8059679045,3.716202e-06,3.716202e-06,0.0627036020975
13.8369237854,3.677994e-06,3.677994e-06,0.0623804268341
13.8679490758,3.64018e-06,3.64018e-06,0.062058927158
13.8990439315,3.602754e-06,3.602754e-06,0.0617390778357
13.9302085084,3.565713e-06,3.565713e-06,0.0614208788117
13.9614429628,3.607508e-06,3.607508e-06,0.0617797981868
13.9927474514,3.649794e-06,3.649794e-06,0.0621408243589
14.0241221313,3.692575e-06,3.692575e-06,0.0625039546749
14.0555671598,3.73586e-06,3.73586e-06,0.0628692284031
14.0870826946,3.850218e-06,3.850218e-06,0.063824216752
14.1186688939,3.968074e-06,3.968074e-06,0.0647936902175
14.1503259161,4.089539e-06,4.089539e-06,0.0657779010155
14.18205392,4.214721e-06,4.214721e-06,0.0667770530796
14.2138530647,4.32095e-06,4.32095e-06,0.0676133500131
14.2457235099,4.429856e-06,4.429856e-06,0.068460117207
14.2776654152,4.541506e-06,4.541506e-06,0.0693174822682
14.309678941,4.65597e-06,4.65597e-06,0.0701855844173
14.3417642479,4.667984e-06,4.667984e-06,0.0702760775229
14.3739214967,4.68003e-06,4.68003e-06,0.0703666948208
14.4061508489,4.692106e-06,4.692106e-06,0.0704574208157
14.438452466,4.704212e-06,4.704212e-06,0.0705482550883
14.4708265102,4.736651e-06,4.736651e-06,0.0707910782373
14.5032731437,4.769314e-06,4.769314e-06,0.071034739473
14.5357925295,4.802202e-06,4.802202e-06,0.0712792376222
14.5683848305,4.835319e-06,4.835319e-06,0.0715245936864
14.6010502103,4.99126e-06,4.99126e-06,0.0726687902748
14.6337888328,5.152228e-06,5.152228e-06,0.0738312753784
14.6666008621,5.318388e-06,5.318388e-06,0.0750123623412
14.6994864629,5.489909e-06,5.489909e-06,0.0762123593783
14.7324458001,5.620719e-06,5.620719e-06,0.0771149836413
14.7654790391,5.754646e-06,5.754646e-06,0.0780282991484
14.7985863456,5.891764e-06,5.891764e-06,0.0789524306909
14.8317678855,6.032147e-06,6.032147e-06,0.079887492926
14.8650238255,6.014918e-06,6.014918e-06,0.0797733241378
14.8983543323,5.997737e-06,5.997737e-06,0.0796593104791
14.9317595731,5.980606e-06,5.980606e-06,0.0795454659173
14.9652397154,5.963524e-06,5.963524e-06,0.0794317845198
14.9987949272,6.131847e-06,6.131847e-06,0.0805449820038
15.0324253769,6.304921e-06,6.304921e-06,0.0816737804806
15.0661312332,6.48288e-06,6.48288e-06,0.082818397956
15.099912665,6.665862e-06,6.665862e-06,0.0839790568892
15.1337698419,6.981511e-06,6.981511e-06,0.0859443927083
15.1677029337,7.312106e-06,7.312106e-06,0.0879557169717
15.2017121106,7.658356e-06,7.658356e-06,0.0900141136045
15.2357975433,8.021006e-06,8.021006e-06,0.0921207053164
15.2699594026,8.247281e-06,8.247281e-06,0.0934110448395
15.3041978601,8.479941e-06,8.479941e-06,0.0947194677878
15.3385130873,8.719164e-06,8.719164e-06,0.0960462155007
15.3729052565,8.965133e-06,8.965133e-06,0.0973915330714
15.4073745401,9.124685e-06,9.124685e-06,0.0982543471303
15.4419211112,9.287078e-06,9.287078e-06,0.0991248128573
15.4765451429,9.45236e-06,9.45236e-06,0.100002984355
15.5112468089,9.620582e-06,9.620582e-06,0.100888927817
15.5460262834,9.842131e-06,9.842131e-06,0.102043983644
15.5808837408,1.006878e-05,1.006878e-05,0.103212253342
15.6158193559,1.030065e-05,1.030065e-05,0.104393906431
15.650833304,1.053786e-05,1.053786e-05,0.105589089777
15.6859257607,1.09264e-05,1.09264e-05,0.107518050578
15.7210969021,1.132926e-05,1.132926e-05,0.109482222667
15.7563469046,1.174697e-05,1.174697e-05,0.111482259844
15.791675945,1.218009e-05,1.218009e-05,0.113518876052
15.8270842005,1.242499e-05,1.242499e-05,0.114654434803
15.8625718488,1.267481e-05,1.267481e-05,0.115801334103
15.8981390678,1.292965e-05,1.292965e-05,0.11695969263
15.9337860361,1.318962e-05,1.318962e-05,0.118129665876
15.9695129323,1.349849e-05,1.349849e-05,0.119504821744
16.0053199357,1.38146e-05,1.38146e-05,0.120896016477
16.0412072259,1.413811e-05,1.413811e-05,0.122303394802
16.077174983,1.446919e-05,1.446919e-05,0.123727131301
16.1132233874,1.536914e-05,1.536914e-05,0.127516862101
16.1493526198,1.632507e-05,1.632507e-05,0.131422692333
16.1855628616,1.734045e-05,1.734045e-05,0.135448130663
16.2218542944,1.841898e-05,1.841898e-05,0.139596851111
16.2582271001,1.883207e-05,1.883207e-05,0.141153569066
16.2946814614,1.925441e-05,1.925441e-05,0.142727592917
16.331217561,1.968623e-05,1.968623e-05,0.144319199485
16.3678355822,2.012774e-05,2.012774e-05,0.145928574721
16.4045357087,2.120219e-05,2.120219e-05,0.149772884796
16.4413181245,2.2334e-05,2.2334e-05,0.153718482949
16.4781830143,2.352622e-05,2.352622e-05,0.157767996628
16.515130563,2.47821e-05,2.47821e-05,0.161924247103
16.5521609557,2.347336e-05,2.347336e-05,0.157590656068
16.5892743785,2.223374e-05,2.223374e-05,0.153373064519
16.6264710173,2.105958e-05,2.105958e-05,0.149268334351
16.6637510587,1.994744e-05,1.994744e-05,0.145273505912
16.7011146899,2.040837e-05,2.040837e-05,0.146942354207
16.7385620982,2.087994e-05,2.087994e-05,0.148630335127
16.7760934714,2.136241e-05,2.136241e-05,0.150337719086
16.8137089979,2.185604e-05,2.185604e-05,0.152064756995
16.8514088663,2.148595e-05,2.148595e-05,0.150771798092
16.8891932657,2.112213e-05,2.112213e-05,0.14948984427
16.9270623856,2.076446e-05,2.076446e-05,0.148218752795
16.9650164161,2.041286e-05,2.041286e-05,0.146958517548
17.0030555475,2.108267e-05,2.108267e-05,0.149350141814
17.0411799706,2.177445e-05,2.177445e-05,0.151780657859
17.0793898767,2.248894e-05,2.248894e-05,0.154250765055
17.1176854575,2.322686e-05,2.322686e-05,0.156761021558
17.1560669049,2.496753e-05,2.496753e-05,0.162528910474
17.1945344117,2.683865e-05,2.683865e-05,0.168509025574
17.2330881706,2.884999e-05,2.884999e-05,0.174709156658
17.2717283752,3.101209e-05,3.101209e-05,0.181137492585
17.3104552193,3.134382e-05,3.134382e-05,0.182103711
17.3492688971,3.16791e-05,3.16791e-05,0.183075087874
17.3881696033,3.201797e-05,3.201797e-05,0.184051656499
17.427157533,3.236045e-05,3.236045e-05,0.185033391851
17.4662328819,3.241981e-05,3.241981e-05,0.18520302098
17.5053958459,3.247928e-05,3.247928e-05,0.185372808794
17.5446466216,3.253885e-05,3.253885e-05,0.185542726346
17.5839854057,3.259852e-05,3.259852e-05,0.185712773282
17.6234123956,3.395978e-05,3.395978e-05,0.189550645581
17.6629277891,3.537789e-05,3.537789e-05,0.193467846476
17.7025317845,3.685521e-05,3.685521e-05,0.197465977272
17.7422245803,3.839423e-05,3.839423e-05,0.201546757205
17.7820063757,3.937432e-05,3.937432e-05,0.204102990081
17.8218773702,4.037943e-05,4.037943e-05,0.206691647001
17.8618377639,4.141019e-05,4.141019e-05,0.209313117171
17.9018877572,4.246728e-05,4.246728e-05,0.211967880208
17.942027551,4.249638e-05,4.249638e-05,0.21204049151
17.9822573467,4.25255e-05,4.25255e-05,0.212113127835
18.022577346,4.255464e-05,4.255464e-05,0.212185789157
18.0629877512,4.258379e-05,4.258379e-05,0.212258450527
18.103488765,4.317985e-05,4.317985e-05,0.213738815614
18.1440805906,4.378425e-05,4.378425e-05,0.215229497281
18.1847634316,4.439711e-05,4.439711e-05,0.216730575554
18.2255374921,4.501858e-05,4.501858e-05,0.218242199494
18.2664029766,4.499868e-05,4.499868e-05,0.218193958303
18.3073600901,4.497878e-05,4.497878e-05,0.218145706444
18.3484090381,4.49589e-05,4.49589e-05,0.21809749242
18.3895500264,4.493904e-05,4.493904e-05,0.218049316257
18.4307832615,4.531635e-05,4.531635e-05,0.218962778344
18.4721089501,4.569683e-05,4.569683e-05,0.219880072176
18.5135272997,4.608051e-05,4.608051e-05,0.220801221872
18.5550385178,4.646742e-05,4.646742e-05,0.221726250949
18.5966428129,4.611148e-05,4.611148e-05,0.220875407957
18.6383403935,4.575826e-05,4.575826e-05,0.220027814333
18.6801314688,4.540775e-05,4.540775e-05,0.219183483639
18.7220162485,4.505991e-05,4.505991e-05,0.218342356816
18.7639949427,4.419192e-05,4.419192e-05,0.21622916399
18.806067762,4.334065e-05,4.334065e-05,0.214136423105
18.8482349173,4.250577e-05,4.250577e-05,0.21206391645
18.8904966203,4.168696e-05,4.168696e-05,0.210011437022
18.9328530829,3.920379e-05,3.920379e-05,0.203660525925
18.9753045176,3.686854e-05,3.686854e-05,0.197501684347
19.0178511373,3.467238e-05,3.467238e-05,0.191529052731
19.0604931555,3.260705e-05,3.260705e-05,0.185737069267
19.103230786,3.087519e-05,3.087519e-05,0.180737243035
19.1460642433,2.923532e-05,2.923532e-05,0.175872023244
19.1889937422,2.768254e-05,2.768254e-05,0.171137743704
19.232019498,2.621224e-05,2.621224e-05,0.166530927818
19.2751417267,2.555122e-05,2.555122e-05,0.164417732499
19.3183606444,2.490687e-05,2.490687e-05,0.162331353903
19.361676468,2.427876e-05,2.427876e-05,0.160271420035
19.4050894148,2.366649e-05,2.366649e-05,0.158237626436
19.4485997026,2.289846e-05,2.289846e-05,0.155648869832
19.4922075496,2.215536e-05,2.215536e-05,0.153102484892
19.5359131745,2.143637e-05,2.143637e-05,0.150597740554
19.5797167966,2.074072e-05,2.074072e-05,0.148133999338
19.6236186356,2.042633e-05,2.042633e-05,0.147006996908
19.6676189118,2.011672e-05,2.011672e-05,0.145888621078
19.7117178459,1.981179e-05,1.981179e-05,0.144778706376
19.755915659,1.951148e-05,1.951148e-05,0.14367722798
19.8002125729,1.945307e-05,1.945307e-05,0.143462009117
19.8446088098,1.939483e-05,1.939483e-05,0.1432470947
19.8891045924,1.933676e-05,1.933676e-05,0.1430324861
19.9337001439,1.927886e-05,1.927886e-05,0.142818184696
19.978395688,1.898659e-05,1.898659e-05,0.141731479284
20.0231914488,1.869874e-05,1.869874e-05,0.140653001817
20.0680876512,1.841526e-05,1.841526e-05,0.139582753519
20.1130845203,1.813607e-05,1.813607e-05,0.13852061962
20.1581822819,1.795101e-05,1.795101e-05,0.137812077047
20.2033811621,1.776783e-05,1.776783e-05,0.137107126511
20.2486813877,1.758652e-05,1.758652e-05,0.136405784921
20.2940831859,1.740707e-05,1.740707e-05,0.135708069252
20.3395867845,1.72834e-05,1.72834e-05,0.135225135237
20.3851924117,1.716061e-05,1.716061e-05,0.134743925206
20.4309002963,1.703869e-05,1.703869e-05,0.134264418295
20.4767106676,1.691763e-05,1.691763e-05,0.133786593275
20.5226237553,1.702505e-05,1.702505e-05,0.134210666119
20.5686397899,1.713315e-05,1.713315e-05,0.134636075032
20.6147590021,1.724193e-05,1.724193e-05,0.13506280739
20.6609816232,1.735141e-05,1.735141e-05,0.135490928774
20.7073078852,1.748251e-05,1.748251e-05,0.136001821973
20.7537380204,1.76146e-05,1.76146e-05,0.136514639508
20.8002722617,1.774769e-05,1.774769e-05,0.137029398379
20.8469108425,1.788179e-05,1.788179e-05,0.137546115249
20.8936539968,1.796832e-05,1.796832e-05,0.137878506519
20.9405019592,1.805526e-05,1.805526e-05,0.13821166767
20.9874549645,1.814263e-05,1.814263e-05,0.13854566951
21.0345132483,1.823043e-05,1.823043e-05,0.138880505975
21.0816770466,1.865865e-05,1.865865e-05,0.140502141265
21.1289465961,1.909693e-05,1.909693e-05,0.142142716803
21.1763221339,1.954551e-05,1.954551e-05,0.143802467225
21.2238038976,2.000463e-05,2.000463e-05,0.145481608941
21.2713921253,2.031129e-05,2.031129e-05,0.146592444621
21.3190870559,2.062265e-05,2.062265e-05,0.147711758841
21.3668889285,2.093878e-05,2.093878e-05,0.14883960911
21.414797983,2.125976e-05,2.125976e-05,0.149976085027
21.4628144596,2.241489e-05,2.241489e-05,0.153996602625
21.5109385993,2.363279e-05,2.363279e-05,0.158124924727
21.5591706434,2.491687e-05,2.491687e-05,0.162363938299
21.6075108339,2.62707e-05,2.62707e-05,0.166716527675
21.6559594132,2.653466e-05,2.653466e-05,0.167551992766
21.7045166244,2.680128e-05,2.680128e-05,0.168391669153
21.7531827111,2.707057e-05,2.707057e-05,0.169235525408
21.8019579174,2.734257e-05,2.734257e-05,0.170083623727
21.850842488,2.835491e-05,2.835491e-05,0.173203622306
21.899836668,2.940473e-05,2.940473e-05,0.176380850264
21.9489407033,3.049341e-05,3.049341e-05,0.179616334948
21.9981548401,3.16224e-05,3.16224e-05,0.182911178445
22.0474793254,3.350196e-05,3.350196e-05,0.188268621071
22.0969144066,3.549325e-05,3.549325e-05,0.193783019122
22.1464603315,3.760289e-05,3.760289e-05,0.19945891211
22.1961173489,3.983791e-05,3.983791e-05,0.20530101992
22.2458857077,4.026359e-05,4.026359e-05,0.206394956867
22.2957656576,4.069383e-05,4.069383e-05,0.207494752078
22.3457574489,4.112866e-05,4.112866e-05,0.208600388974
22.3958613323,4.156813e-05,4.156813e-05,0.209711901284
22.4460775591,4.255494e-05,4.255494e-05,0.212186537085
22.4964063812,4.356519e-05,4.356519e-05,0.214690407378
22.5468480511,4.459942e-05,4.459942e-05,0.217223816282
22.5974028219,4.565821e-05,4.565821e-05,0.219787138341
22.648070947,4.714808e-05,4.714808e-05,0.223344282756
22.6988526808,4.868657e-05,4.868657e-05,0.226959007444
22.7497482779,5.027526e-05,5.027526e-05,0.230632229057
22.8007579935,5.191578e-05,5.191578e-05,0.234364876293
22.8518820837,5.465715e-05,5.465715e-05,0.240473002019
22.9031208049,5.754329e-05,5.754329e-05,0.246740351017
22.954474414,6.058181e-05,6.058181e-05,0.253170999485
23.0059431687,6.378077e-05,6.378077e-05,0.259769233475
23.0575273272,6.631587e-05,6.631587e-05,0.264881464923
23.1092271481,6.895174e-05,6.895174e-05,0.270094318563
23.161042891,7.169238e-05,7.169238e-05,0.275409763879
23.2129748156,7.454199e-05,7.454199e-05,0.280829886978
23.2650231825,7.646448e-05,7.646448e-05,0.284428233198
23.3171882528,7.843655e-05,7.843655e-05,0.288072681627
23.3694702882,8.045949e-05,8.045949e-05,0.291763843579
23.4218695508,8.253459e-05,8.253459e-05,0.295502277859
23.4743863036,8.487023e-05,8.487023e-05,0.299654306393
23.52702081,8.727197e-05,8.727197e-05,0.303864680837
23.579773334,8.974166e-05,8.974166e-05,0.30813418551
23.6326441403,9.228124e-05,9.228124e-05,0.312463680961
23.685633494,9.359523e-05,9.359523e-05,0.314680398722
23.738741661,9.492792e-05,9.492792e-05,0.316912826121
23.7919689077,9.627959e-05,9.627959e-05,0.319161097598
23.845315501,9.765052e-05,9.765052e-05,0.321425341503
23.8987817086,9.905855e-05,9.905855e-05,0.32373437553
23.9523677987,0.0001004869,0.0001004869,0.326060025455
24.00607404,0.0001019358,0.0001019358,0.328402308762
24.059900702,0.0001034056,0.0001034056,0.330761431851
24.1138480547,0.0001057324,0.0001057324,0.334462074382
24.1679163687,0.0001081116,0.0001081116,0.338204188028
24.2221059153,0.0001105443,0.0001105443,0.341988112951
24.2764169661,0.0001130318,0.0001130318,0.345814465284
24.3308497938,0.0001131575,0.0001131575,0.346006697912
24.3854046713,0.0001132834,0.0001132834,0.346199129404
24.4400818723,0.0001134093,0.0001134093,0.346391453994
24.4948816711,0.0001135354,0.0001135354,0.346583977125
24.5498043425,0.000115059,0.000115059,0.348901736883
24.6048501621,0.000116603,0.000116603,0.351234927079
24.660019406,0.0001181678,0.0001181678,0.353583840694
24.7153123509,0.0001197536,0.0001197536,0.355948463685
24.7707292743,0.0001229288,0.0001229288,0.360636479575
24.826270454,0.0001261882,0.0001261882,0.365386255352
24.8819361687,0.000129534,0.000129534,0.370198557534
24.9377266976,0.0001329685,0.0001329685,0.375074223321
24.9936423207,0.0001320895,0.0001320895,0.373832437062
25.0496833183,0.0001312163,0.0001312163,0.372594746877
25.1058499716,0.000130349,0.000130349,0.371361336167
25.1621425623,0.0001294873,0.0001294873,0.370131818951
25.2185613729,0.0001271215,0.0001271215,0.366734981969
25.2751066862,0.000124799,0.000124799,0.363369429094
25.3317787861,0.0001225189,0.0001225189,0.360034715271
25.3885779567,0.0001202804,0.0001202804,0.35673051902
25.445504483,0.0001196177,0.0001196177,0.355746435822
25.5025586505,0.0001189586,0.0001189586,0.354764990945
25.5597407455,0.0001183032,0.0001183032,0.35378635587
25.6170510547,0.0001176513,0.0001176513,0.352810254103
25.6744898657,0.0001173445,0.0001173445,0.35234994111
25.7320574665,0.0001170384,0.0001170384,0.351890078292
25.789754146,0.0001167332,0.0001167332,0.35143096847
25.8475801936,0.0001164288,0.0001164288,0.350972463877
25.9055358994,0.0001160337,0.0001160337,0.350376446982
25.963621554,0.00011564,0.00011564,0.349781531817
26.0218374488,0.0001152476,0.0001152476,0.349187572517
26.080183876,0.0001148565,0.0001148565,0.348594573968
26.138661128,0.0001134326,0.0001134326,0.346427035319
26.1972694984,0.0001120265,0.0001120265,0.344273201106
26.256009281,0.0001106377,0.0001106377,0.342132557059
26.3148807706,0.0001092662,0.0001092662,0.340005352311
26.3738842624,0.0001083375,0.0001083375,0.33855734374
26.4330200525,0.0001074167,0.0001074167,0.337115512251
26.4922884374,0.0001065038,0.0001065038,0.33567993744
26.5516897145,0.0001055986,0.0001055986,0.334250383395
26.6112241817,0.0001038797,0.0001038797,0.331518811834
26.6708921377,0.0001021889,0.0001021889,0.32880975685
26.7306938818,0.0001005255,0.0001005255,0.326122644108
26.790629714,9.888927e-05,9.888927e-05,0.323457644306
26.8506999349,9.801816e-05,9.801816e-05,0.322029832904
26.9109048459,9.715474e-05,9.715474e-05,0.320608351295
26.9712447489,9.629891e-05,9.629891e-05,0.319193118316
27.0317199467,9.545064e-05,9.545064e-05,0.31778416751
27.0923307426,9.293532e-05,9.293532e-05,0.313569081001
27.1530774406,9.04863e-05,9.04863e-05,0.309409930998
27.2139603455,8.81018e-05,8.81018e-05,0.305305919366
27.2749797626,8.578018e-05,8.578018e-05,0.301256419749
27.3361359981,8.443883e-05,8.443883e-05,0.298891756561
27.3974293587,8.311844e-05,8.311844e-05,0.296545628057
27.4588601519,8.181871e-05,8.181871e-05,0.294217938236
27.5204286859,8.053929e-05,8.053929e-05,0.291908493915
27.5821352695,7.872294e-05,7.872294e-05,0.288598112468
27.6439802121,7.694754e-05,7.694754e-05,0.285325248304
27.7059638242,7.52122e-05,7.52122e-05,0.282089538268
27.7680864165,7.351598e-05,7.351598e-05,0.278890492559
27.8303483007,7.181047e-05,7.181047e-05,0.27563649479
27.8927497892,7.014452e-05,7.014452e-05,0.272420451068
27.9552911948,6.851721e-05,6.851721e-05,0.269241913862
28.0179728315,6.692766e-05,6.692766e-05,0.26610047779
28.0807950136,6.472604e-05,6.472604e-05,0.261687122954
28.1437580562,6.259685e-05,6.259685e-05,0.257346978416
28.2068622752,6.053769e-05,6.053769e-05,0.253078794094
28.270107987,5.854625e-05,5.854625e-05,0.248881362299
28.3334955091,5.678922e-05,5.678922e-05,0.245118328079
28.3970251593,5.508491e-05,5.508491e-05,0.241412167837
28.4606972563,5.343176e-05,5.343176e-05,0.237762070314
28.5245121196,5.182822e-05,5.182822e-05,0.234167155596
28.5884700692,4.878618e-05,4.878618e-05,0.227191061532
28.6525714259,4.59227e-05,4.59227e-05,0.220422813248
28.7168165114,4.322729e-05,4.322729e-05,0.21385619659
28.7812056478,4.069007e-05,4.069007e-05,0.207485165879
28.8457391582,3.816847e-05,3.816847e-05,0.20095333105
28.9104173663,3.580312e-05,3.580312e-05,0.194627081774
28.9752405965,3.358436e-05,3.358436e-05,0.188500007639
29.0402091741,3.150311e-05,3.150311e-05,0.182565852174
29.1053234248,2.906378e-05,2.906378e-05,0.175355294303
29.1705836754,2.681333e-05,2.681333e-05,0.1684295198
29.2359902531,2.473714e-05,2.473714e-05,0.161777297913
29.3015434862,2.282171e-05,2.282171e-05,0.155387802546
29.3672437034,2.08054e-05,2.08054e-05,0.148364797712
29.4330912342,1.896723e-05,1.896723e-05,0.141659201395
29.4990864091,1.729146e-05,1.729146e-05,0.135256662239
29.565229559,1.576375e-05,1.576375e-05,0.129143515129
29.6315210157,1.307648e-05,1.307648e-05,0.117621919046
29.6979611119,1.084731e-05,1.084731e-05,0.107128212811
29.7645501807,8.998155e-06,8.998155e-06,0.0975707332657
29.8312885561,7.464228e-06,7.464228e-06,0.088865928364
29.898176573,6.263593e-06,6.263593e-06,0.0814056594716
29.965214567,5.256082e-06,5.256082e-06,0.074571675293
30.0324028741,4.410631e-06,4.410631e-06,0.0683114016691
30.0997418316,3.701172e-06,3.701172e-06,0.0625766727783
30.1672317772,2.931447e-06,2.931447e-06,0.0556908513672
30.2348730494,2.3218e-06,2.3218e-06,0.0495627319667
30.3026659876,1.838941e-06,1.838941e-06,0.0441089512231
30.3706109317,1.4565e-06,1.4565e-06,0.0392552798997
30.4387082228,1.753732e-06,1.753732e-06,0.0430749167846
30.5069582022,2.11162e-06,2.11162e-06,0.0472662031477
30.5753612124,2.542543e-06,2.542543e-06,0.0518653110855
30.6439175966,3.061406e-06,3.061406e-06,0.0569119279941
30.7126276986,4.359046e-06,4.359046e-06,0.0679107551718
30.781491863,6.206717e-06,6.206717e-06,0.0810352181832
30.8505104354,8.837562e-06,8.837562e-06,0.0966961250309
30.919683762,1.258355e-05,1.258355e-05,0.115383689922
30.9890121896,1.445008e-05,1.445008e-05,0.123645398782
31.0584960662,1.659348e-05,1.659348e-05,0.132498686182
31.1281357402,1.905481e-05,1.905481e-05,0.141985875988
31.197931561,2.188124e-05,2.188124e-05,0.152152397024
31.2678838787,2.50773e-05,2.50773e-05,0.162885798644
31.3379930442,2.87402e-05,2.87402e-05,0.174376407808
31.4082594092,3.293812e-05,3.293812e-05,0.18667761237
31.4786833261,3.774922e-05,3.774922e-05,0.199846628093
31.5492651482,3.981453e-05,3.981453e-05,0.205240767734
31.6200052296,4.199283e-05,4.199283e-05,0.210780488044
31.6909039252,4.429032e-05,4.429032e-05,0.216469763616
31.7619615905,4.671352e-05,4.671352e-05,0.222312627082
31.833178582,4.926629e-05,4.926629e-05,0.228306230357
31.904555257,5.195857e-05,5.195857e-05,0.234461440455
31.9760919735,5.479798e-05,5.479798e-05,0.240782604936
32.0477890904,5.779256e-05,5.779256e-05,0.247274196956
32.1196469672,5.914979e-05,5.914979e-05,0.25016090386
32.1916659645,6.053889e-05,6.053889e-05,0.253081302391
32.2638464435,6.196061e-05,6.196061e-05,0.256035789256
32.3361887663,6.34157e-05,6.34157e-05,0.259024729707
32.4086932959,6.386237e-05,6.386237e-05,0.259935352463
32.4813603958,6.431219e-05,6.431219e-05,0.260849184434
32.5541904306,6.476517e-05,6.476517e-05,0.26176621222
32.6271837656,6.522135e-05,6.522135e-05,0.262686482903
32.7003407671,6.622048e-05,6.622048e-05,0.264690891116
32.7736618019,6.723493e-05,6.723493e-05,0.266710622098
32.8471472379,6.826491e-05,6.826491e-05,0.268745743743
32.9207974436,6.931068e-05,6.931068e-05,0.270796416963
32.9946127886,6.907031e-05,6.907031e-05,0.27032644706
33.0685936431,6.883078e-05,6.883078e-05,0.26985730533
33.1427403783,6.859206e-05,6.859206e-05,0.269388937189
33.217053366,6.835419e-05,6.835419e-05,0.268921425364
33.291532979,6.88672e-05,6.88672e-05,0.269928689842
33.366179591,6.938405e-05,6.938405e-05,0.270939707131
33.4409935763,6.990479e-05,6.990479e-05,0.271954532634
33.5159753103,7.042942e-05,7.042942e-05,0.272973123879
33.5911251692,7.0131e-05,7.0131e-05,0.272394195973
33.6664435298,6.983385e-05,6.983385e-05,0.271816506673
33.74193077,6.953796e-05,6.953796e-05,0.271240044389
33.8175872684,6.924329e-05,6.924329e-05,0.270664738782
33.8934134047,7.071486e-05,7.071486e-05,0.273525724348
33.969409559,7.22177e-05,7.22177e-05,0.276416943403
34.0455761127,7.375248e-05,7.375248e-05,0.279338725994
34.1219134478,7.531991e-05,7.531991e-05,0.282291453608
34.1984219473,7.465528e-05,7.465528e-05,0.281043210628
34.2751019948,7.399652e-05,7.399652e-05,0.279800497069
34.3519539752,7.334356e-05,7.334356e-05,0.278563254002
34.4289782739,7.269636e-05,7.269636e-05,0.277331478343
34.5061752772,7.45795e-05,7.45795e-05,0.280900535777
34.5835453724,7.651142e-05,7.651142e-05,0.284515522178
34.6610889476,7.849339e-05,7.849339e-05,0.288177040411
34.7388063918,8.05267e-05,8.05267e-05,0.291885677278
34.8166980949,8.010451e-05,8.010451e-05,0.291119514255
34.8947644475,7.968453e-05,7.968453e-05,0.290355355969
34.9730058413,7.926674e-05,7.926674e-05,0.289593181757
35.0514226687,7.885117e-05,7.885117e-05,0.28883306227
35.1300153231,7.915818e-05,7.915818e-05,0.28939480721
35.2087841988,7.946639e-05,7.946639e-05,0.28995765315
35.2877296909,7.977581e-05,7.977581e-05,0.290521611898
35.3668521953,8.008639e-05,8.008639e-05,0.291086586122
35.446152109,7.983799e-05,7.983799e-05,0.290634811095
35.5256298298,7.959036e-05,7.959036e-05,0.290183736415
35.6052857563,7.93435e-05,7.93435e-05,0.289733365355
35.6851202881,7.909741e-05,7.909741e-05,0.2892837012
35.7651338258,7.362106e-05,7.362106e-05,0.279089737325
35.8453267706,6.852388e-05,6.852388e-05,0.269255018598
35.9256995248,6.377959e-05,6.377959e-05,0.259766830485
36.0062524917,5.93638e-05,5.93638e-05,0.250613049142
36.0869860752,6.310089e-05,6.310089e-05,0.258381000888
36.1679006804,6.707323e-05,6.707323e-05,0.266389709523
36.2489967131,7.129564e-05,7.129564e-05,0.274646658673
36.3302745802,7.57839e-05,7.57839e-05,0.283159612586
36.4117346893,8.407782e-05,8.407782e-05,0.298252130856
36.4933774491,9.327945e-05,9.327945e-05,0.314149101702
36.5752032691,0.0001034881,0.0001034881,0.330893351097
36.6572125598,0.000114814,0.000114814,0.348530073308
36.7394057326,0.0001070553,0.0001070553,0.336547927345
36.8217831997,9.982088e-05,9.982088e-05,0.324977677756
36.9043453744,9.307533e-05,9.307533e-05,0.313805192978
36.9870926709,8.678563e-05,8.678563e-05,0.303016825506
37.0700255042,9.215797e-05,9.215797e-05,0.31225491551
37.1531442903,9.78629e-05,9.78629e-05,0.321774685456
37.2364494462,0.000103921,0.000103921,0.331584707126
37.3199413898,0.0001103541,0.0001103541,0.341693777819
37.4036205398,0.0001097269,0.0001097269,0.34072138207
37.4874873161,0.0001091033,0.0001091033,0.339751808531
37.5715421394,0.0001084832,0.0001084832,0.338784925284
37.6557854312,0.0001078667,0.0001078667,0.337820912023
37.7402176141,0.0001073933,0.0001073933,0.337078791086
37.8248391118,0.000106922,0.000106922,0.336338335609
37.9096503486,0.0001064528,0.0001064528,0.335599556615
37.99465175,0.0001059857,0.0001059857,0.3348624652
38.0798437425,0.0001064936,0.0001064936,0.335663862815
38.1652267533,0.0001070039,0.0001070039,0.336467124991
38.2508012107,0.0001075167,0.0001075167,0.337272395253
38.3365675441,0.0001080319,0.0001080319,0.33807950278
38.4225261836,0.0001124273,0.0001124273,0.344888508652
38.5086775604,0.0001170015,0.0001170015,0.351834601766
38.5950221067,0.0001217617,0.0001217617,0.358920434916
38.6815602557,0.0001267157,0.0001267157,0.366149164413
38.7682924413,0.000126862,0.000126862,0.366360472759
38.8552190987,0.0001270085,0.0001270085,0.366571947917
38.942340664,0.0001271551,0.0001271551,0.366783445373
39.0296575741,0.0001273019,0.0001273019,0.366995109232
39.1171702671,0.0001277594,0.0001277594,0.367653974819
39.2048791819,0.0001282185,0.0001282185,0.368313959822
39.2927847585,0.0001286793,0.0001286793,0.368975201606
39.3808874379,0.0001291417,0.0001291417,0.369637550311
39.4691876621,0.0001296486,0.0001296486,0.370362280477
39.5576858739,0.0001301575,0.0001301575,0.371088446331
39.6463825172,0.0001306683,0.0001306683,0.371815897186
39.7352780371,0.0001311811,0.0001311811,0.372544767511
39.8243728794,0.0001269009,0.0001269009,0.36641663745
39.9136674911,0.0001227603,0.0001227603,0.360389230416
40.00316232,0.0001187548,0.0001187548,0.354460968796
40.0928578152,0.00011488,0.00011488,0.348630233916
40.1827544265,0.0001145377,0.0001145377,0.348110451725
40.2728526049,0.0001141963,0.0001141963,0.347591261973
40.3631528023,0.000113856,0.000113856,0.347072972154
40.4536554718,0.0001135168,0.0001135168,0.346555586306
40.5443610673,0.0001137347,0.0001137347,0.34688804044
40.6352700437,0.000113953,0.000113953,0.347220785668
40.7263828572,0.0001141717,0.0001141717,0.347553821156
40.8176999648,0.0001143909,0.0001143909,0.34788729813
40.9092218245,0.0001134752,0.0001134752,0.34649208014
41.0009488954,0.0001125668,0.0001125668,0.345102411467
41.0928816378,0.0001116656,0.0001116656,0.343718205511
41.1850205126,0.0001107717,0.0001107717,0.342339683063
41.2773659822,0.0001109576,0.0001109576,0.342626824402
41.3699185097,0.0001111438,0.0001111438,0.3429141881
41.4626785594,0.0001113303,0.0001113303,0.343201773597
41.5556465966,0.0001115171,0.0001115171,0.343489580337
41.6488230877,0.0001024886,0.0001024886,0.329291571104
41.7422085001,9.419102e-05,9.419102e-05,0.315680375
41.8358033022,8.656525e-05,8.656525e-05,0.302631846474
41.9296079635,7.955687e-05,7.955687e-05,0.290122678293
42.0236229546,8.218817e-05,8.218817e-05,0.294881474257
42.117848747,8.49065e-05,8.49065e-05,0.299718329436
42.2122858134,8.771472e-05,8.771472e-05,0.304634492072
42.3069346276,9.061584e-05,9.061584e-05,0.309631327097
42.4017956644,8.754078e-05,8.754078e-05,0.304332294113
42.4968693995,8.457008e-05,8.457008e-05,0.299123961996
42.5921563099,8.17002e-05,8.17002e-05,0.294004781594
42.6876568736,7.89277e-05,7.89277e-05,0.288973193566
42.7833715696,7.924698e-05,7.924698e-05,0.289557083906
42.879300878,7.956756e-05,7.956756e-05,0.290142169427
42.9754452801,7.988943e-05,7.988943e-05,0.29072842472
43.0718052582,8.021263e-05,8.021263e-05,0.291315915357
43.1683812956,8.11246e-05,8.11246e-05,0.292967279402
43.2651738768,8.204694e-05,8.204694e-05,0.294628007019
43.3621834872,8.297978e-05,8.297978e-05,0.29629817286
43.4594106136,8.392322e-05,8.392322e-05,0.29797779575
43.5568557437,8.762003e-05,8.762003e-05,0.304470017801
43.6545193662,9.14797e-05,9.14797e-05,0.311103716789
43.752401971,9.550937e-05,9.550937e-05,0.317881917479
43.8505040493,9.971653e-05,9.971653e-05,0.324807771982
43.948826093,0.0001001945,0.0001001945,0.325585289901
44.0473685954,0.0001006748,0.0001006748,0.326364732163
44.1461320507,0.0001011574,0.0001011574,0.327146036504
44.2451169545,0.0001016422,0.0001016422,0.327929028297
44.3443238033,0.0001011142,0.0001011142,0.327076174002
44.4437530946,0.0001005889,0.0001005889,0.32622546835
44.5434053273,0.0001000663,0.0001000663,0.325376928193
44.6432810013,9.954649e-05,9.954649e-05,0.324530717221
44.7433806175,9.866278e-05,9.866278e-05,0.323087018062
44.8437046781,9.778692e-05,9.778692e-05,0.32164974951
44.9442536863,9.691883e-05,9.691883e-05,0.320218865996
45.0450281465,9.605841e-05,9.605841e-05,0.318794287559
45.1460285642,9.219833e-05,9.219833e-05,0.312323283058
45.247255446,8.849337e-05,8.849337e-05,0.305983635935
45.3487092998,8.493729e-05,8.493729e-05,0.299772668567
45.4503906345,8.15241e-05,8.15241e-05,0.293687755618
45.5522999601,7.623727e-05,7.623727e-05,0.284005337379
45.6544377878,7.129328e-05,7.129328e-05,0.274642113013
45.75680463,6.666992e-05,6.666992e-05,0.265587603928
45.8594010001,6.234637e-05,6.234637e-05,0.256831578004
45.9622274129,6.159692e-05,6.159692e-05,0.255283257109
46.0652843841,6.085648e-05,6.085648e-05,0.253744272526
46.1685724306,6.012494e-05,6.012494e-05,0.252214564449
46.2720920707,5.940221e-05,5.940221e-05,0.250694112775
46.3758438236,6.272442e-05,6.272442e-05,0.257609076626
46.4798282096,6.623241e-05,6.623241e-05,0.264714732835
46.5840457506,6.993662e-05,6.993662e-05,0.272016440606
46.6884969691,7.384798e-05,7.384798e-05,0.279519521393
46.7931823892,7.201427e-05,7.201427e-05,0.276027349478
46.8981025361,7.022608e-05,7.022608e-05,0.272578782446
47.0032579359,6.84823e-05,6.84823e-05,0.269173314799
47.1086491163,6.678182e-05,6.678182e-05,0.265810394003
47.2142766058,6.772636e-05,6.772636e-05,0.267683561094
47.3201409344,6.868427e-05,6.868427e-05,0.269569949475
47.426242633,6.965572e-05,6.965572e-05,0.271469614801
47.5325822339,7.064093e-05,7.064093e-05,0.273382706
47.6391602705,7.088521e-05,7.088521e-05,0.273854983851
47.7459772775,7.113034e-05,7.113034e-05,0.274328087734
47.8530337907,7.137631e-05,7.137631e-05,0.274801994134
47.9603303471,7.162311e-05,7.162311e-05,0.275276679688
48.0678674849,7.107246e-05,7.107246e-05,0.274216452242
48.1756457435,7.052603e-05,7.052603e-05,0.273160282142
48.2836656637,6.998381e-05,6.998381e-05,0.272108197194
48.3919277872,6.944574e-05,6.944574e-05,0.271060127868
48.5004326571,6.855592e-05,6.855592e-05,0.269317959594
48.6091808178,6.767751e-05,6.767751e-05,0.267587005626
48.7181728147,6.681034e-05,6.681034e-05,0.265867146748
48.8274091945,6.59543e-05,6.59543e-05,0.264158379386
48.9368905053,6.667958e-05,6.667958e-05,0.265606844114
49.0466172961,6.741284e-05,6.741284e-05,0.267063259772
49.1565901175,6.815417e-05,6.815417e-05,0.268527674291
49.2668095211,6.890367e-05,6.890367e-05,0.270000153444
49.3772760597,6.887484e-05,6.887484e-05,0.269943662122
49.4879902875,6.884602e-05,6.884602e-05,0.269887178577
49.5989527598,6.881723e-05,6.881723e-05,0.269830742022
49.7101640334,6.878846e-05,6.878846e-05,0.269774332878
49.821624666,6.838051e-05,6.838051e-05,0.26897319491
49.9333352167,6.797498e-05,6.797498e-05,0.268174437335
50.045296246,6.757184e-05,6.757184e-05,0.267378022133
50.1575083154,6.717112e-05,6.717112e-05,0.266584029829
50.2699719878,6.740843e-05,6.740843e-05,0.267054524283
50.3826878275,6.764657e-05,6.764657e-05,0.26752583251
50.4956563997,6.788556e-05,6.788556e-05,0.267997989694
50.6088782712,6.81254e-05,6.81254e-05,0.268470991357
50.72235401,6.80403e-05,6.80403e-05,0.26830325641
50.8360841852,6.795532e-05,6.795532e-05,0.26813565328
50.9500693673,6.787044e-05,6.787044e-05,0.267968142733
51.0643101282,6.778566e-05,6.778566e-05,0.267800724943
51.1788070408,6.725268e-05,6.725268e-05,0.266745825534
51.2935606796,6.672389e-05,6.672389e-05,0.265695080158
51.4085716202,6.619927e-05,6.619927e-05,0.264648498314
51.5238404394,6.567876e-05,6.567876e-05,0.263606009188
51.6393677156,6.615261e-05,6.615261e-05,0.264555214237
51.7551540282,6.662989e-05,6.662989e-05,0.265507859808
51.871199958,6.711061e-05,6.711061e-05,0.266463928853
51.9875060872,6.759482e-05,6.759482e-05,0.267423483561
52.1040729992,6.744693e-05,6.744693e-05,0.267130776849
52.2209012786,6.729938e-05,6.729938e-05,0.266838423095
52.3379915117,6.715214e-05,6.715214e-05,0.266546363922
52.4553442856,6.700522e-05,6.700522e-05,0.266254620166
52.5729601891,6.649454e-05,6.649454e-05,0.265238050287
52.6908398122,6.598774e-05,6.598774e-05,0.264225337392
52.8089837462,6.548481e-05,6.548481e-05,0.263216505903
52.9273925836,6.498569e-05,6.498569e-05,0.262211479573
53.0460669186,6.482282e-05,6.482282e-05,0.261882690455
53.1650073464,6.466034e-05,6.466034e-05,0.261554276815
53.2842144636,6.449828e-05,6.449828e-05,0.26122630082
53.4036888682,6.433662e-05,6.433662e-05,0.260898723569
53.5234311595,6.426312e-05,6.426312e-05,0.260749651889
53.6434419382,6.41897e-05,6.41897e-05,0.260600657328
53.7637218063,6.411636e-05,6.411636e-05,0.260451740021
53.8842713671,6.404309e-05,6.404309e-05,0.260302879777
54.0050912254,6.392787e-05,6.392787e-05,0.260068618753
54.1261819872,6.381285e-05,6.381285e-05,0.259834553707
54.2475442599,6.369805e-05,6.369805e-05,0.259600725923
54.3691786523,6.358346e-05,6.358346e-05,0.259367115649
54.4910857746,6.369714e-05,6.369714e-05,0.259598871569
54.6132662383,6.381102e-05,6.381102e-05,0.259830827963
54.7357206562,6.392511e-05,6.392511e-05,0.260063004635
54.8584496427,6.403943e-05,6.403943e-05,0.260295441643
54.9814538133,6.372264e-05,6.372264e-05,0.25965082923
55.1047337852,6.340742e-05,6.340742e-05,0.25900781911
55.2282901766,6.309377e-05,6.309377e-05,0.258366423244
55.3521236074,6.278165e-05,6.278165e-05,0.257726571583
55.4762346988,6.254392e-05,6.254392e-05,0.257238153002
55.6006240734,6.230709e-05,6.230709e-05,0.256750659629
55.7252923551,6.207116e-05,6.207116e-05,0.256264096744
55.8502401692,6.183613e-05,6.183613e-05,0.255778469657
55.9754681426,6.175219e-05,6.175219e-05,0.255604806332
56.1009769034,6.166835e-05,6.166835e-05,0.255431232037
56.2267670813,6.158462e-05,6.158462e-05,0.255257767678
56.3528393071,6.150102e-05,6.150102e-05,0.255084454956
56.4791942134,6.103704e-05,6.103704e-05,0.254120420903
56.6058324339,6.057658e-05,6.057658e-05,0.25316007118
56.7327546039,6.011959e-05,6.011959e-05,0.252203342999
56.8599613601,5.966606e-05,5.966606e-05,0.251250256676
56.9874533406,5.950162e-05,5.950162e-05,0.250903794232
57.1152311848,5.933762e-05,5.933762e-05,0.250557781679
57.2432955339,5.917408e-05,5.917408e-05,0.250212263169
57.3716470301,5.901098e-05,5.901098e-05,0.249867198407
57.5002863174,5.926446e-05,5.926446e-05,0.250403272103
57.6292140409,5.951902e-05,5.951902e-05,0.250940477325
57.7584308475,5.977468e-05,5.977468e-05,0.251478848892
57.8879373854,6.003142e-05,6.003142e-05,0.252018337349
58.0177343041,6.030903e-05,6.030903e-05,0.252600383491
58.1478222548,6.058792e-05,6.058792e-05,0.253183765988
58.2782018899,6.08681e-05,6.08681e-05,0.253768496469
58.4088738637,6.114956e-05,6.114956e-05,0.254354544838
58.5398388314,6.115564e-05,6.115564e-05,0.254367189551
58.6710974501,6.116173e-05,6.116173e-05,0.25437985443
58.8026503783,6.116781e-05,6.116781e-05,0.254392497885
58.9344982757,6.117388e-05,6.117388e-05,0.254405119917
59.0666418038,6.138476e-05,6.138476e-05,0.254843238247
59.1990816255,6.159638e-05,6.159638e-05,0.255282138114
59.3318184051,6.180872e-05,6.180872e-05,0.255721774122
59.4648528084,6.20218e-05,6.20218e-05,0.256162183782
59.5981855028,6.214765e-05,6.214765e-05,0.256421944654
59.7318171572,6.227374e-05,6.227374e-05,0.256681937269
59.8657484417,6.24001e-05,6.24001e-05,0.256942222688
59.9999800284,6.444589e-05,6.444589e-05,0.26112018616
