#I+1.668000E+03
+1.000000E+00
+8.010000E+02
+8.010000E+02
+1.000000E+01
+2.000000E+00
+3.000000E+00
+0.000000E+00
+1.000000E+00
+2.000000E+00
+5.000000E+00
+1.000000E+00
+2.497000E+03
-1.092400E+04
+2.025600E+04
-1.299100E+04
-1.119200E+04
+0.000000E+00
+0.000000E+00
+0.000000E+00
+0.000000E+00
+0.000000E+00
+0.000000E+00
+0.000000E+00
+0.000000E+00
+0.000000E+00
+0.000000E+00
+0.000000E+00
+0.000000E+00
+0.000000E+00
+0.000000E+00
+0.000000E+00
+0.000000E+00
+0.000000E+00
+0.000000E+00
+0.000000E+00
+1.000000E+00
+1.000000E+00
+1.000000E+00
+0.000000E+00
+0.000000E+00
+1.000000E+00
+0.000000E+00
+1.000000E+00
+2.000000E+00
+3.000000E+00
+4.500000E+01
+4.500000E+01
+0.000000E+00
+0.000000E+00
+2.000000E+00
+0.000000E+00
+0.000000E+00
+0.000000E+00
+0.000000E+00
+0.000000E+00
+9.726894E-04
+1.000000E+00
+0.000000E+00
+0.000000E+00
+0.000000E+00
+1.000000E+00
+1.000000E+00
+0.000000E+00
+0.000000E+00
+9.9999904632568339E+00
+9.9999904632568339E+00
+1.199908E+00
+1.727816E-02
+1.193470E+00
+9.954413E-03
+1.187023E+00
+2.709377E-03
+1.180568E+00
-4.457318E-03
+1.174105E+00
-1.154605E-02
+1.185262E+00
-1.606651E-02
+1.196507E+00
-2.067200E-02
+1.207843E+00
-2.536366E-02
+1.219270E+00
-3.014266E-02
+1.216675E+00
-2.825763E-02
+1.214083E+00
-2.638055E-02
+1.211494E+00
-2.451140E-02
+1.208909E+00
-2.265018E-02
+1.212858E+00
-2.077931E-02
+1.216816E+00
-1.889603E-02
+1.220784E+00
-1.700029E-02
+1.224764E+00
-1.509206E-02
+1.219121E+00
-1.027875E-02
+1.213485E+00
-5.509700E-03
+1.207857E+00
-7.846776E-04
+1.202237E+00
+3.896555E-03
+1.204166E+00
+2.469965E-03
+1.206097E+00
+1.038790E-03
+1.208030E+00
-3.969765E-04
+1.209963E+00
-1.837346E-03
+1.211851E+00
+3.058218E-03
+1.213722E+00
+7.969031E-03
+1.215576E+00
+1.289506E-02
+1.217414E+00
+1.783625E-02
+1.218176E+00
+1.822231E-02
+1.218938E+00
+1.860885E-02
+1.219701E+00
+1.899587E-02
+1.220464E+00
+1.938337E-02
+1.228413E+00
+1.746454E-02
+1.236410E+00
+1.551996E-02
+1.244456E+00
+1.354936E-02
+1.252551E+00
+1.155251E-02
+1.252116E+00
+1.325428E-02
+1.251680E+00
+1.495488E-02
+1.251240E+00
+1.665431E-02
+1.250799E+00
+1.835258E-02
+1.255764E+00
+1.482963E-02
+1.260739E+00
+1.127856E-02
+1.265722E+00
+7.699252E-03
+1.270715E+00
+4.091552E-03
+1.271312E+00
+9.327414E-03
+1.271888E+00
+1.456826E-02
+1.272442E+00
+1.981401E-02
+1.272975E+00
+2.506459E-02
+1.277585E+00
+2.287155E-02
+1.282207E+00
+2.066238E-02
+1.286842E+00
+1.843700E-02
+1.291488E+00
+1.619531E-02
+1.297547E+00
+1.508779E-02
+1.303632E+00
+1.396954E-02
+1.309744E+00
+1.284049E-02
+1.315884E+00
+1.170054E-02
+1.312978E+00
+1.638262E-02
+1.310061E+00
+2.104411E-02
+1.307134E+00
+2.568502E-02
+1.304197E+00
+3.030536E-02
+1.313288E+00
+2.364190E-02
+1.322408E+00
+1.688491E-02
+1.331554E+00
+1.003360E-02
+1.340727E+00
+3.087167E-03
+1.346545E+00
+6.637053E-03
+1.352379E+00
+1.021771E-02
+1.358229E+00
+1.382932E-02
+1.364096E+00
+1.747205E-02
+1.366627E+00
+9.872204E-03
+1.369120E+00
+2.244630E-03
+1.371575E+00
-5.410495E-03
+1.373991E+00
-1.309300E-02
+1.385081E+00
-1.025700E-02
+1.396253E+00
-7.374427E-03
+1.407510E+00
-4.444732E-03
+1.418852E+00
-1.467348E-03
+1.418480E+00
-6.944028E-03
+1.418088E+00
-1.241786E-02
+1.417674E+00
-1.788877E-02
+1.417239E+00
-2.335667E-02
+1.426497E+00
-1.975330E-02
+1.435805E+00
-1.610203E-02
+1.445164E+00
-1.240239E-02
+1.454574E+00
-8.653967E-03
+1.458080E+00
-1.135667E-02
+1.461589E+00
-1.407238E-02
+1.465101E+00
-1.680113E-02
+1.468618E+00
-1.954297E-02
+1.473421E+00
-2.124904E-02
+1.478238E+00
-2.296609E-02
+1.483068E+00
-2.469416E-02
+1.487913E+00
-2.643332E-02
+1.497613E+00
-2.931065E-02
+1.507371E+00
-3.222447E-02
+1.517187E+00
-3.517511E-02
+1.527064E+00
-3.816292E-02
+1.533716E+00
-3.488839E-02
+1.540390E+00
-3.158479E-02
+1.547085E+00
-2.825196E-02
+1.553802E+00
-2.488975E-02
+1.561253E+00
-3.178165E-02
+1.568710E+00
-3.873954E-02
+1.576174E+00
-4.576378E-02
+1.583642E+00
-5.285471E-02
+1.584908E+00
-5.425835E-02
+1.586174E+00
-5.566425E-02
+1.587440E+00
-5.707238E-02
+1.588705E+00
-5.848276E-02
+1.593471E+00
-5.730963E-02
+1.598251E+00
-5.612900E-02
+1.603044E+00
-5.494080E-02
+1.607852E+00
-5.374507E-02
+1.618860E+00
-6.074589E-02
+1.629914E+00
-6.784095E-02
+1.641018E+00
-7.503109E-02
+1.652168E+00
-8.231722E-02
+1.660259E+00
-8.070837E-02
+1.668386E+00
-7.908191E-02
+1.676550E+00
-7.743771E-02
+1.684753E+00
-7.577567E-02
+1.694915E+00
-8.033715E-02
+1.705128E+00
-8.495133E-02
+1.715392E+00
-8.961870E-02
+1.725708E+00
-9.433962E-02
+1.733373E+00
-9.703867E-02
+1.741070E+00
-9.975998E-02
+1.748797E+00
-1.025037E-01
+1.756557E+00
-1.052700E-01
+1.773791E+00
-1.100262E-01
+1.791185E+00
-1.148660E-01
+1.808743E+00
-1.197906E-01
+1.826464E+00
-1.248012E-01
+1.830656E+00
-1.275322E-01
+1.834854E+00
-1.302751E-01
+1.839059E+00
-1.330302E-01
+1.843269E+00
-1.357975E-01
+1.860106E+00
-1.439390E-01
+1.877072E+00
-1.522198E-01
+1.894166E+00
-1.606417E-01
+1.911390E+00
-1.692065E-01
+1.923686E+00
-1.741694E-01
+1.936054E+00
-1.791900E-01
+1.948494E+00
-1.842686E-01
+1.961005E+00
-1.894056E-01
+1.974469E+00
-1.952466E-01
+1.988015E+00
-2.011598E-01
+2.001643E+00
-2.071459E-01
+2.015354E+00
-2.132058E-01
+2.030877E+00
-2.219395E-01
+2.046493E+00
-2.307978E-01
+2.062206E+00
-2.397819E-01
+2.078013E+00
-2.488931E-01
+2.094937E+00
-2.564158E-01
+2.111984E+00
-2.640461E-01
+2.129156E+00
-2.717856E-01
+2.146451E+00
-2.796349E-01
+2.162010E+00
-2.822360E-01
+2.177681E+00
-2.848602E-01
+2.193466E+00
-2.875076E-01
+2.209366E+00
-2.901785E-01
+2.234947E+00
-3.123634E-01
+2.260666E+00
-3.350438E-01
+2.286522E+00
-3.582272E-01
+2.312514E+00
-3.819215E-01
+2.326660E+00
-3.932481E-01
+2.340858E+00
-4.047046E-01
+2.355109E+00
-4.162921E-01
+2.369412E+00
-4.280116E-01
+2.402348E+00
-4.660121E-01
+2.435322E+00
-5.050622E-01
+2.468321E+00
-5.451795E-01
+2.501334E+00
-5.863818E-01
+2.539801E+00
-6.167027E-01
+2.578688E+00
-6.478578E-01
+2.617995E+00
-6.798648E-01
+2.657718E+00
-7.127415E-01
+2.698680E+00
-7.569097E-01
+2.739888E+00
-8.023738E-01
+2.781330E+00
-8.491603E-01
+2.822996E+00
-8.972970E-01
+2.881851E+00
-9.496027E-01
+2.941570E+00
-1.003815E+00
+3.002153E+00
-1.059989E+00
+3.063599E+00
-1.118182E+00
+3.083556E+00
-1.158667E+00
+3.103324E+00
-1.199748E+00
+3.122898E+00
-1.241429E+00
+3.142267E+00
-1.283714E+00
+3.195039E+00
-1.360564E+00
+3.247865E+00
-1.439975E+00
+3.300705E+00
-1.522005E+00
+3.353519E+00
-1.606716E+00
+3.389091E+00
-1.695800E+00
+3.423782E+00
-1.787196E+00
+3.457534E+00
-1.880932E+00
+3.490292E+00
-1.977035E+00
+3.532426E+00
-2.122679E+00
+3.571853E+00
-2.273373E+00
+3.608366E+00
-2.429183E+00
+3.641747E+00
-2.590167E+00
+3.652383E+00
-2.747611E+00
+3.658956E+00
-2.908865E+00
+3.661268E+00
-3.073905E+00
+3.659120E+00
-3.242699E+00
+3.619806E+00
-3.533453E+00
+3.564686E+00
-3.831963E+00
+3.492847E+00
-4.137706E+00
+3.403369E+00
-4.450086E+00
+3.322018E+00
-4.536920E+00
+3.238563E+00
-4.622354E+00
+3.153027E+00
-4.706338E+00
+3.065433E+00
-4.788825E+00
+2.790117E+00
-5.099618E+00
+2.487480E+00
-5.397265E+00
+2.157901E+00
-5.679585E+00
+1.801921E+00
-5.944371E+00
+1.706613E+00
-5.962850E+00
+1.611171E+00
-5.979817E+00
+1.515618E+00
-5.995273E+00
+1.419978E+00
-6.009217E+00
+1.064018E+00
-6.082179E+00
+7.043916E-01
-6.134074E+00
+3.423448E-01
-6.164727E+00
-2.086901E-02
-6.174024E+00
-2.395346E-01
-6.126925E+00
-4.548889E-01
-6.072429E+00
-6.666945E-01
-6.010709E+00
-8.747224E-01
-5.941943E+00
-1.035575E+00
-5.839480E+00
-1.191370E+00
-5.733685E+00
-1.342077E+00
-5.624751E+00
-1.487671E+00
-5.512860E+00
-1.555780E+00
-5.442529E+00
-1.622256E+00
-5.371814E+00
-1.687106E+00
-5.300738E+00
-1.750340E+00
-5.229333E+00
-1.842778E+00
-5.138200E+00
-1.932334E+00
-5.046058E+00
-2.019014E+00
-4.952975E+00
-2.102829E+00
-4.859021E+00
-2.162556E+00
-4.767484E+00
-2.220027E+00
-4.675962E+00
-2.275268E+00
-4.584493E+00
-2.328304E+00
-4.493110E+00
-2.377920E+00
-4.394645E+00
-2.425163E+00
-4.296559E+00
-2.470072E+00
-4.198894E+00
-2.512682E+00
-4.101684E+00
-2.530506E+00
-4.047421E+00
-2.547700E+00
-3.993414E+00
-2.564273E+00
-3.939666E+00
-2.580232E+00
-3.886180E+00
-2.606954E+00
-3.806126E+00
-2.632237E+00
-3.726581E+00
-2.656104E+00
-3.647562E+00
-2.678579E+00
-3.569083E+00
-2.678490E+00
-3.527078E+00
-2.678164E+00
-3.485391E+00
-2.677605E+00
-3.444020E+00
-2.676815E+00
-3.402962E+00
-2.682204E+00
-3.343208E+00
-2.686970E+00
-3.284004E+00
-2.691125E+00
-3.225352E+00
-2.694681E+00
-3.167250E+00
-2.688553E+00
-3.131050E+00
-2.682309E+00
-3.095151E+00
-2.675949E+00
-3.059555E+00
-2.669476E+00
-3.024255E+00
-2.675397E+00
-2.980376E+00
-2.680913E+00
-2.936762E+00
-2.686025E+00
-2.893417E+00
-2.690745E+00
-2.850342E+00
-2.690553E+00
-2.823840E+00
-2.690239E+00
-2.797470E+00
-2.689806E+00
-2.771232E+00
-2.689252E+00
-2.745125E+00
-2.681611E+00
-2.704207E+00
-2.673790E+00
-2.663703E+00
-2.665796E+00
-2.623611E+00
-2.657631E+00
-2.583927E+00
-2.653629E+00
-2.553299E+00
-2.649495E+00
-2.522893E+00
-2.645231E+00
-2.492707E+00
-2.640839E+00
-2.462740E+00
-2.635506E+00
-2.439428E+00
-2.630117E+00
-2.416263E+00
-2.624671E+00
-2.393244E+00
-2.619170E+00
-2.370371E+00
-2.611052E+00
-2.349250E+00
-2.602921E+00
-2.328274E+00
-2.594774E+00
-2.307441E+00
-2.586613E+00
-2.286751E+00
-2.580074E+00
-2.261308E+00
-2.573467E+00
-2.236053E+00
-2.566794E+00
-2.210986E+00
-2.560057E+00
-2.186104E+00
-2.557724E+00
-2.165385E+00
-2.555315E+00
-2.144767E+00
-2.552828E+00
-2.124255E+00
-2.550266E+00
-2.103842E+00
-2.539152E+00
-2.091004E+00
-2.528081E+00
-2.078240E+00
-2.517057E+00
-2.065550E+00
-2.506078E+00
-2.052934E+00
-2.502608E+00
-2.023187E+00
-2.498971E+00
-1.993661E+00
-2.495168E+00
-1.964354E+00
-2.491201E+00
-1.935266E+00
-2.479331E+00
-1.927737E+00
-2.467515E+00
-1.920237E+00
-2.455757E+00
-1.912765E+00
-2.444054E+00
-1.905320E+00
-2.442071E+00
-1.881242E+00
-2.439961E+00
-1.857302E+00
-2.437725E+00
-1.833501E+00
-2.435364E+00
-1.809840E+00
-2.425195E+00
-1.800359E+00
-2.415067E+00
-1.790925E+00
-2.404980E+00
-1.781541E+00
-2.394934E+00
-1.772202E+00
-2.393020E+00
-1.753625E+00
-2.391028E+00
-1.735135E+00
-2.388958E+00
-1.716732E+00
-2.386812E+00
-1.698416E+00
-2.374856E+00
-1.686462E+00
-2.362956E+00
-1.674588E+00
-2.351112E+00
-1.662792E+00
-2.339325E+00
-1.651076E+00
-2.334580E+00
-1.637094E+00
-2.329812E+00
-1.623185E+00
-2.325019E+00
-1.609349E+00
-2.320207E+00
-1.595585E+00
-2.310618E+00
-1.584945E+00
-2.301061E+00
-1.574369E+00
-2.291542E+00
-1.563856E+00
-2.282055E+00
-1.553407E+00
-2.277382E+00
-1.539637E+00
-2.272686E+00
-1.525941E+00
-2.267966E+00
-1.512317E+00
-2.263224E+00
-1.498767E+00
-2.259137E+00
-1.483015E+00
-2.255005E+00
-1.467350E+00
-2.250829E+00
-1.451772E+00
-2.246610E+00
-1.436279E+00
-2.237657E+00
-1.427923E+00
-2.228737E+00
-1.419612E+00
-2.219852E+00
-1.411346E+00
-2.211001E+00
-1.403125E+00
-2.200654E+00
-1.394254E+00
-2.190353E+00
-1.385437E+00
-2.180099E+00
-1.376673E+00
-2.169890E+00
-1.367960E+00
-2.168183E+00
-1.355862E+00
-2.166437E+00
-1.343808E+00
-2.164653E+00
-1.331796E+00
-2.162832E+00
-1.319828E+00
-2.155383E+00
-1.311387E+00
-2.147954E+00
-1.302993E+00
-2.140546E+00
-1.294643E+00
-2.133158E+00
-1.286339E+00
-2.126439E+00
-1.278721E+00
-2.119736E+00
-1.271140E+00
-2.113050E+00
-1.263598E+00
-2.106380E+00
-1.256093E+00
-2.098919E+00
-1.243804E+00
-2.091463E+00
-1.231600E+00
-2.084013E+00
-1.219479E+00
-2.076568E+00
-1.207441E+00
-2.070335E+00
-1.198064E+00
-2.064108E+00
-1.188739E+00
-2.057889E+00
-1.179467E+00
-2.051676E+00
-1.170245E+00
-2.047086E+00
-1.164105E+00
-2.042502E+00
-1.157988E+00
-2.037923E+00
-1.151896E+00
-2.033349E+00
-1.145828E+00
-2.025661E+00
-1.135112E+00
-2.017988E+00
-1.124469E+00
-2.010329E+00
-1.113899E+00
-2.002681E+00
-1.103400E+00
-2.000668E+00
-1.096727E+00
-1.998644E+00
-1.090071E+00
-1.996610E+00
-1.083436E+00
-1.994569E+00
-1.076820E+00
-1.986384E+00
-1.067823E+00
-1.978225E+00
-1.058886E+00
-1.970091E+00
-1.050010E+00
-1.961982E+00
-1.041191E+00
-1.955499E+00
-1.033969E+00
-1.949032E+00
-1.026787E+00
-1.942580E+00
-1.019644E+00
-1.936144E+00
-1.012540E+00
-1.931278E+00
-1.005344E+00
-1.926414E+00
-9.981832E-01
-1.921554E+00
-9.910566E-01
-1.916697E+00
-9.839641E-01
-1.910574E+00
-9.769057E-01
-1.904464E+00
-9.698857E-01
-1.898367E+00
-9.629039E-01
-1.892284E+00
-9.559599E-01
-1.886139E+00
-9.503948E-01
-1.880011E+00
-9.448566E-01
-1.873901E+00
-9.393457E-01
-1.867806E+00
-9.338640E-01
-1.863613E+00
-9.252254E-01
-1.859412E+00
-9.166297E-01
-1.855201E+00
-9.080774E-01
-1.850983E+00
-8.995678E-01
-1.846290E+00
-8.949617E-01
-1.841606E+00
-8.903746E-01
-1.836932E+00
-8.858057E-01
-1.832268E+00
-8.812550E-01
-1.826456E+00
-8.733257E-01
-1.820650E+00
-8.654436E-01
-1.814852E+00
-8.576082E-01
-1.809059E+00
-8.498191E-01
-1.799328E+00
-8.431241E-01
-1.789647E+00
-8.364777E-01
-1.780016E+00
-8.298792E-01
-1.770436E+00
-8.233275E-01
-1.769166E+00
-8.191785E-01
-1.767892E+00
-8.150374E-01
-1.766613E+00
-8.109047E-01
-1.765329E+00
-8.067802E-01
-1.756590E+00
-8.009003E-01
-1.747892E+00
-7.950596E-01
-1.739235E+00
-7.892577E-01
-1.730619E+00
-7.834944E-01
-1.727974E+00
-7.771131E-01
-1.725320E+00
-7.707554E-01
-1.722657E+00
-7.644209E-01
-1.719986E+00
-7.581099E-01
-1.713758E+00
-7.536215E-01
-1.707551E+00
-7.491561E-01
-1.701365E+00
-7.447139E-01
-1.695201E+00
-7.402955E-01
-1.689016E+00
-7.333826E-01
-1.682846E+00
-7.265142E-01
-1.676689E+00
-7.196900E-01
-1.670546E+00
-7.129101E-01
-1.667472E+00
-7.085797E-01
-1.664399E+00
-7.042650E-01
-1.661328E+00
-6.999658E-01
-1.658258E+00
-6.956824E-01
-1.653451E+00
-6.886818E-01
-1.648646E+00
-6.817211E-01
-1.643842E+00
-6.748003E-01
-1.639040E+00
-6.679188E-01
-1.633725E+00
-6.635274E-01
-1.628425E+00
-6.591584E-01
-1.623139E+00
-6.548117E-01
-1.617868E+00
-6.504875E-01
-1.612537E+00
-6.474496E-01
-1.607222E+00
-6.444250E-01
-1.601925E+00
-6.414131E-01
-1.596646E+00
-6.384152E-01
-1.591866E+00
-6.327452E-01
-1.587092E+00
-6.271063E-01
-1.582325E+00
-6.214987E-01
-1.577566E+00
-6.159224E-01
-1.573535E+00
-6.131205E-01
-1.569514E+00
-6.103293E-01
-1.565502E+00
-6.075486E-01
-1.561500E+00
-6.047782E-01
-1.557930E+00
-5.991706E-01
-1.554359E+00
-5.935892E-01
-1.550785E+00
-5.880343E-01
-1.547211E+00
-5.825058E-01
-1.540917E+00
-5.786230E-01
-1.534647E+00
-5.747625E-01
-1.528401E+00
-5.709239E-01
-1.522178E+00
-5.671076E-01
-1.519056E+00
-5.641543E-01
-1.515938E+00
-5.612115E-01
-1.512825E+00
-5.582787E-01
-1.509715E+00
-5.553569E-01
-1.503289E+00
-5.507964E-01
-1.496886E+00
-5.462657E-01
-1.490508E+00
-5.417646E-01
-1.484155E+00
-5.372928E-01
-1.479792E+00
-5.333675E-01
-1.475440E+00
-5.294615E-01
-1.471097E+00
-5.255753E-01
-1.466764E+00
-5.217089E-01
-1.462362E+00
-5.182682E-01
-1.457971E+00
-5.148443E-01
-1.453591E+00
-5.114371E-01
-1.449223E+00
-5.080463E-01
-1.445343E+00
-5.046293E-01
-1.441472E+00
-5.012278E-01
-1.437608E+00
-4.978414E-01
-1.433752E+00
-4.944717E-01
-1.429716E+00
-4.908463E-01
-1.425688E+00
-4.872385E-01
-1.421669E+00
-4.836482E-01
-1.417657E+00
-4.800752E-01
-1.413936E+00
-4.772727E-01
-1.410224E+00
-4.744821E-01
-1.406519E+00
-4.717035E-01
-1.402824E+00
-4.689366E-01
-1.400169E+00
-4.664950E-01
-1.397517E+00
-4.640611E-01
-1.394868E+00
-4.616354E-01
-1.392223E+00
-4.592180E-01
-1.384919E+00
-4.553347E-01
-1.377653E+00
-4.514801E-01
-1.370423E+00
-4.476538E-01
-1.363230E+00
-4.438558E-01
-1.359943E+00
-4.420421E-01
-1.356662E+00
-4.402344E-01
-1.353390E+00
-4.384332E-01
-1.350126E+00
-4.366378E-01
-1.345080E+00
-4.312147E-01
-1.340044E+00
-4.258292E-01
-1.335017E+00
-4.204811E-01
-1.329999E+00
-4.151708E-01
-1.327807E+00
-4.135215E-01
-1.325618E+00
-4.118765E-01
-1.323432E+00
-4.102362E-01
-1.321250E+00
-4.086005E-01
-1.317155E+00
-4.051077E-01
-1.313070E+00
-4.016334E-01
-1.308995E+00
-3.981779E-01
-1.304928E+00
-3.947411E-01
-1.301148E+00
-3.917817E-01
-1.297376E+00
-3.888368E-01
-1.293613E+00
-3.859064E-01
-1.289860E+00
-3.829903E-01
-1.286897E+00
-3.809080E-01
-1.283941E+00
-3.788335E-01
-1.280990E+00
-3.767669E-01
-1.278046E+00
-3.747087E-01
-1.274080E+00
-3.726189E-01
-1.270126E+00
-3.705385E-01
-1.266183E+00
-3.684677E-01
-1.262250E+00
-3.664061E-01
-1.258570E+00
-3.630993E-01
-1.254897E+00
-3.598097E-01
-1.251231E+00
-3.565372E-01
-1.247574E+00
-3.532816E-01
-1.243741E+00
-3.511688E-01
-1.239919E+00
-3.490658E-01
-1.236109E+00
-3.469728E-01
-1.232309E+00
-3.448896E-01
-1.229486E+00
-3.421980E-01
-1.226666E+00
-3.395177E-01
-1.223851E+00
-3.368486E-01
-1.221040E+00
-3.341907E-01
-1.217477E+00
-3.323831E-01
-1.213923E+00
-3.305835E-01
-1.210380E+00
-3.287917E-01
-1.206846E+00
-3.270081E-01
-1.203904E+00
-3.247631E-01
-1.200967E+00
-3.225275E-01
-1.198035E+00
-3.203012E-01
-1.195109E+00
-3.180845E-01
-1.192077E+00
-3.166301E-01
-1.189051E+00
-3.151808E-01
-1.186033E+00
-3.137371E-01
-1.183024E+00
-3.122988E-01
-1.180270E+00
-3.101314E-01
-1.177521E+00
-3.079727E-01
-1.174777E+00
-3.058228E-01
-1.172038E+00
-3.036820E-01
-1.168285E+00
-3.004964E-01
-1.164541E+00
-2.973291E-01
-1.160803E+00
-2.941801E-01
-1.157074E+00
-2.910492E-01
-1.154180E+00
-2.901252E-01
-1.151293E+00
-2.892041E-01
-1.148413E+00
-2.882856E-01
-1.145541E+00
-2.873704E-01
-1.141876E+00
-2.849422E-01
-1.138221E+00
-2.825270E-01
-1.134575E+00
-2.801250E-01
-1.130940E+00
-2.777355E-01
-1.127822E+00
-2.764811E-01
-1.124713E+00
-2.752315E-01
-1.121612E+00
-2.739868E-01
-1.118519E+00
-2.727469E-01
-1.116446E+00
-2.708732E-01
-1.114375E+00
-2.690058E-01
-1.112306E+00
-2.671449E-01
-1.110241E+00
-2.652906E-01
-1.106798E+00
-2.631227E-01
-1.103366E+00
-2.609661E-01
-1.099942E+00
-2.588207E-01
-1.096527E+00
-2.566865E-01
-1.094452E+00
-2.553843E-01
-1.092380E+00
-2.540863E-01
-1.090311E+00
-2.527923E-01
-1.088246E+00
-2.515026E-01
-1.085406E+00
-2.497293E-01
-1.082573E+00
-2.479637E-01
-1.079745E+00
-2.462059E-01
-1.076923E+00
-2.444557E-01
-1.073941E+00
-2.428928E-01
-1.070967E+00
-2.413369E-01
-1.068000E+00
-2.397880E-01
-1.065041E+00
-2.382459E-01
-1.062263E+00
-2.367202E-01
-1.059492E+00
-2.352009E-01
-1.056727E+00
-2.336880E-01
-1.053970E+00
-2.321819E-01
-1.051590E+00
-2.308940E-01
-1.049214E+00
-2.296108E-01
-1.046843E+00
-2.283323E-01
-1.044477E+00
-2.270584E-01
-1.042276E+00
-2.255518E-01
-1.040079E+00
-2.240506E-01
-1.037886E+00
-2.225550E-01
-1.035696E+00
-2.210646E-01
-1.032509E+00
-2.197348E-01
-1.029331E+00
-2.184112E-01
-1.026163E+00
-2.170937E-01
-1.023004E+00
-2.157826E-01
-1.020813E+00
-2.140233E-01
-1.018625E+00
-2.122709E-01
-1.016440E+00
-2.105255E-01
-1.014257E+00
-2.087868E-01
-1.011523E+00
-2.082273E-01
-1.008797E+00
-2.076693E-01
-1.006078E+00
-2.071128E-01
-1.003366E+00
-2.065574E-01
-1.000769E+00
-2.049779E-01
-9.981786E-01
-2.034054E-01
-9.955932E-01
-2.018398E-01
-9.930133E-01
-2.002812E-01
-9.906637E-01
-1.988541E-01
-9.883188E-01
-1.974327E-01
-9.859785E-01
-1.960171E-01
-9.836432E-01
-1.946073E-01
-9.818722E-01
-1.931974E-01
-9.801034E-01
-1.917922E-01
-9.783365E-01
-1.903916E-01
-9.765719E-01
-1.889956E-01
-9.742407E-01
-1.880746E-01
-9.719149E-01
-1.871569E-01
-9.695944E-01
-1.862426E-01
-9.672800E-01
-1.853319E-01
-9.645499E-01
-1.842529E-01
-9.618272E-01
-1.831787E-01
-9.591116E-01
-1.821091E-01
-9.564041E-01
-1.810442E-01
-9.545495E-01
-1.797054E-01
-9.526972E-01
-1.783714E-01
-9.508478E-01
-1.770420E-01
-9.490007E-01
-1.757173E-01
-9.465326E-01
-1.748981E-01
-9.440710E-01
-1.740820E-01
-9.416155E-01
-1.732689E-01
-9.391659E-01
-1.724589E-01
-9.373866E-01
-1.714887E-01
-9.356104E-01
-1.705215E-01
-9.338371E-01
-1.695575E-01
-9.320675E-01
-1.685968E-01
-9.300534E-01
-1.674584E-01
-9.280433E-01
-1.663244E-01
-9.260365E-01
-1.651945E-01
-9.240345E-01
-1.640693E-01
-9.221448E-01
-1.629746E-01
-9.202582E-01
-1.618837E-01
-9.183751E-01
-1.607968E-01
-9.164969E-01
-1.597138E-01
-9.146174E-01
-1.590730E-01
-9.127416E-01
-1.584341E-01
-9.108697E-01
-1.577972E-01
-9.090015E-01
-1.571623E-01
-9.071049E-01
-1.560943E-01
-9.052113E-01
-1.550302E-01
-9.033212E-01
-1.539700E-01
-9.014350E-01
-1.529137E-01
-8.993868E-01
-1.519000E-01
-8.973430E-01
-1.508903E-01
-8.953032E-01
-1.498844E-01
-8.932671E-01
-1.488822E-01
-8.914687E-01
-1.484627E-01
-8.896736E-01
-1.480443E-01
-8.878824E-01
-1.476270E-01
-8.860954E-01
-1.472110E-01
-8.842579E-01
-1.461978E-01
-8.824233E-01
-1.451882E-01
-8.805922E-01
-1.441824E-01
-8.787650E-01
-1.431802E-01
-8.767167E-01
-1.422534E-01
-8.746728E-01
-1.413302E-01
-8.726331E-01
-1.404107E-01
-8.705980E-01
-1.394949E-01
-8.692192E-01
-1.388839E-01
-8.678421E-01
-1.382745E-01
-8.664671E-01
-1.376667E-01
-8.650948E-01
-1.370607E-01
-8.630713E-01
-1.365502E-01
-8.610529E-01
-1.360414E-01
-8.590387E-01
-1.355341E-01
-8.570296E-01
-1.350285E-01
-8.551365E-01
-1.343158E-01
-8.532473E-01
-1.336057E-01
-8.513619E-01
-1.328980E-01
-8.494810E-01
-1.321931E-01
-8.482360E-01
-1.315846E-01
-8.469924E-01
-1.309777E-01
-8.457507E-01
-1.303722E-01
-8.445112E-01
-1.297683E-01
-8.424393E-01
-1.295897E-01
-8.403727E-01
-1.294112E-01
-8.383111E-01
-1.292327E-01
-8.362552E-01
-1.290545E-01
-8.346030E-01
-1.288216E-01
-8.329540E-01
-1.285889E-01
-8.313083E-01
-1.283568E-01
-8.296660E-01
-1.281250E-01
-8.292948E-01
-1.274541E-01
-8.289234E-01
-1.267839E-01
-8.285519E-01
-1.261142E-01
-8.281800E-01
-1.254452E-01
-8.271199E-01
-1.245774E-01
-8.260607E-01
-1.237118E-01
-8.250021E-01
-1.228483E-01
-8.239452E-01
-1.219870E-01
-8.224610E-01
-1.218546E-01
-8.209795E-01
-1.217224E-01
-8.195006E-01
-1.215902E-01
-8.180248E-01
-1.214580E-01
-8.162500E-01
-1.205059E-01
-8.144783E-01
-1.195574E-01
-8.127099E-01
-1.186126E-01
-8.109452E-01
-1.176714E-01
-8.107554E-01
-1.163597E-01
-8.105637E-01
-1.150488E-01
-8.103703E-01
-1.137389E-01
-8.101746E-01
-1.124298E-01
-8.080107E-01
-1.116242E-01
-8.058521E-01
-1.108222E-01
-8.036989E-01
-1.100237E-01
-8.015517E-01
-1.092287E-01
-8.002767E-01
-1.094833E-01
-7.990035E-01
-1.097369E-01
-7.977322E-01
-1.099894E-01
-7.964636E-01
-1.102412E-01
-7.966338E-01
-1.096026E-01
-7.968034E-01
-1.089638E-01
-7.969724E-01
-1.083248E-01
-7.971412E-01
-1.076855E-01
-7.958957E-01
-1.065685E-01
-7.946507E-01
-1.054548E-01
-7.934069E-01
-1.043446E-01
-7.921638E-01
-1.032377E-01
-7.900502E-01
-1.025061E-01
-7.879421E-01
-1.017777E-01
-7.858392E-01
-1.010524E-01
-7.837421E-01
-1.003306E-01
-7.831675E-01
-1.007211E-01
-7.825929E-01
-1.011110E-01
-7.820186E-01
-1.015003E-01
-7.814447E-01
-1.018891E-01
-7.795171E-01
-1.008842E-01
-7.775935E-01
-9.988369E-02
-7.756740E-01
-9.888761E-02
-7.737590E-01
-9.789570E-02
-7.734369E-01
-9.644113E-02
-7.731124E-01
-9.498809E-02
-7.727858E-01
-9.353654E-02
-7.724570E-01
-9.208663E-02
-7.707109E-01
-9.231271E-02
-7.689682E-01
-9.253733E-02
-7.672295E-01
-9.276049E-02
-7.654947E-01
-9.298249E-02
-7.654070E-01
-9.283473E-02
-7.653195E-01
-9.268700E-02
-7.652320E-01
-9.253930E-02
-7.651450E-01
-9.239154E-02
-7.637283E-01
-9.174590E-02
-7.623142E-01
-9.110241E-02
-7.609025E-01
-9.046103E-02
-7.594930E-01
-8.982177E-02
-7.580663E-01
-8.899464E-02
-7.566415E-01
-8.817033E-02
-7.552191E-01
-8.734892E-02
-7.537993E-01
-8.653040E-02
-7.537414E-01
-8.538173E-02
-7.536818E-01
-8.423339E-02
-7.536208E-01
-8.308546E-02
-7.535576E-01
-8.193795E-02
-7.524339E-01
-8.163224E-02
-7.513117E-01
-8.132727E-02
-7.501911E-01
-8.102302E-02
-7.490727E-01
-8.071955E-02
-7.479204E-01
-7.994251E-02
-7.467693E-01
-7.916774E-02
-7.456197E-01
-7.839523E-02
-7.444707E-01
-7.762508E-02
-7.433261E-01
-7.721339E-02
-7.421833E-01
-7.680278E-02
-7.410420E-01
-7.639326E-02
-7.399029E-01
-7.598482E-02
-7.381512E-01
-7.592337E-02
-7.364034E-01
-7.586177E-02
-7.346598E-01
-7.580005E-02
-7.325970E-01
-7.602875E-02
