Hz,real,imaginary,V^2 (rms) 
9.99999046326,1.092379e-06,1.092379e-06,0.0339961318682
10.022412543,1.074252e-06,1.074252e-06,0.0337128850145
10.0448848978,1.056427e-06,1.056427e-06,0.0334320170794
10.0674076403,1.038897e-06,1.038897e-06,0.0331534768312
10.0899808835,1.021658e-06,1.021658e-06,0.0328772590707
10.1126047407,1.039021e-06,1.039021e-06,0.0331554553279
10.1352793254,1.056679e-06,1.056679e-06,0.0334360042768
10.1580047512,1.074637e-06,1.074637e-06,0.0337189256353
10.1807811322,1.0929e-06,1.0929e-06,0.0340042379712
10.2036085826,1.104884e-06,1.104884e-06,0.0341901633807
10.226487217,1.116999e-06,1.116999e-06,0.0343770990923
10.24941715,1.129247e-06,1.129247e-06,0.034565059323
10.2723984968,1.141628e-06,1.141628e-06,0.0347540274501
10.2954313727,1.148975e-06,1.148975e-06,0.0348656786826
10.318515893,1.156369e-06,1.156369e-06,0.034977684343
10.3416521737,1.16381e-06,1.16381e-06,0.0350900410373
10.3648403308,1.171299e-06,1.171299e-06,0.0352027604315
10.3880804806,1.201883e-06,1.201883e-06,0.0356593916662
10.4113727398,1.233266e-06,1.233266e-06,0.0361219521621
10.434717225,1.265468e-06,1.265468e-06,0.0365905062004
10.4581140535,1.29851e-06,1.29851e-06,0.037065126197
10.4815633426,1.294952e-06,1.294952e-06,0.0370143109621
10.50506521,1.291402e-06,1.291402e-06,0.0369635403607
10.5286197734,1.287863e-06,1.287863e-06,0.0369128575702
10.5522271512,1.284334e-06,1.284334e-06,0.0368622486021
10.5758874616,1.339469e-06,1.339469e-06,0.0376451617343
10.5996008235,1.396971e-06,1.396971e-06,0.0384447046809
10.6233673556,1.456941e-06,1.456941e-06,0.0392612223192
10.6471871774,1.519486e-06,1.519486e-06,0.0400950893253
10.6710604082,1.477069e-06,1.477069e-06,0.0395314937992
10.6949871677,1.435836e-06,1.435836e-06,0.038975819273
10.7189675761,1.395754e-06,1.395754e-06,0.0384279550848
10.7430017537,1.356791e-06,1.356791e-06,0.0378877932585
10.7670898208,1.381258e-06,1.381258e-06,0.0382278820235
10.7912318985,1.406166e-06,1.406166e-06,0.0385710205724
10.8154281078,1.431523e-06,1.431523e-06,0.038917236978
10.8396785701,1.457338e-06,1.457338e-06,0.0392665710752
10.8639834071,1.458861e-06,1.458861e-06,0.0392870836026
10.8883427405,1.460385e-06,1.460385e-06,0.0393075988837
10.9127566928,1.461911e-06,1.461911e-06,0.0393281303649
10.9372253862,1.463439e-06,1.463439e-06,0.039348678021
10.9617489436,1.510474e-06,1.510474e-06,0.0399760114569
10.9863274879,1.559021e-06,1.559021e-06,0.0406133502435
11.0109611426,1.609128e-06,1.609128e-06,0.0412608461377
11.035650031,1.660847e-06,1.660847e-06,0.0419186846883
11.0603942771,1.658666e-06,1.658666e-06,0.0418911521446
11.085194005,1.656488e-06,1.656488e-06,0.0418636394022
11.1100493392,1.654313e-06,1.654313e-06,0.0418361465004
11.1349604041,1.65214e-06,1.65214e-06,0.0418086608252
11.159927325,1.670359e-06,1.670359e-06,0.0420385516163
11.1849502269,1.688778e-06,1.688778e-06,0.0422696951018
11.2100292354,1.707401e-06,1.707401e-06,0.0425021206294
11.2351644764,1.726229e-06,1.726229e-06,0.0427358196599
11.2603560758,1.736334e-06,1.736334e-06,0.0428607206192
11.2856041601,1.746499e-06,1.746499e-06,0.0429859970455
11.3109088559,1.756723e-06,1.756723e-06,0.0431116333952
11.3362702901,1.767007e-06,1.767007e-06,0.0432376387653
11.36168859,1.789628e-06,1.789628e-06,0.0435135200139
11.3871638831,1.812539e-06,1.812539e-06,0.0437911664837
11.4126962971,1.835744e-06,1.835744e-06,0.0440705928256
11.4382859602,1.859246e-06,1.859246e-06,0.044351801181
11.4639330007,1.886104e-06,1.886104e-06,0.0446709976607
11.4896375472,1.913349e-06,1.913349e-06,0.0449924798383
11.5153997287,1.940989e-06,1.940989e-06,0.0453162924565
11.5412196745,1.969027e-06,1.969027e-06,0.0456424206851
11.5670975139,1.972511e-06,1.972511e-06,0.0456827827305
11.593033377,1.976e-06,1.976e-06,0.0457231669944
11.6190273937,1.979496e-06,1.979496e-06,0.045763596537
11.6450796944,1.982998e-06,1.982998e-06,0.0458040596891
11.6711904099,2.054967e-06,2.054967e-06,0.0466278359566
11.6973596711,2.129549e-06,2.129549e-06,0.0474664391123
11.7235876092,2.206837e-06,2.206837e-06,0.0483201153351
11.749874356,2.286931e-06,2.286931e-06,0.0491891552885
11.7762200431,2.235171e-06,2.235171e-06,0.0486293215869
11.8026248028,2.184584e-06,2.184584e-06,0.0480758761959
11.8290887675,2.135141e-06,2.135141e-06,0.0475287195073
11.85561207,2.086816e-06,2.086816e-06,0.0469877784961
11.8821948433,2.116148e-06,2.116148e-06,0.0473168530653
11.9088372207,2.145893e-06,2.145893e-06,0.0476482401984
11.935539336,2.176055e-06,2.176055e-06,0.0479819360802
11.962301323,2.206642e-06,2.206642e-06,0.0483179804628
11.989123316,2.263985e-06,2.263985e-06,0.0489417626368
12.0160054496,2.322818e-06,2.322818e-06,0.0495735962383
12.0429478585,2.383179e-06,2.383179e-06,0.0502135776658
12.069950678,2.445111e-06,2.445111e-06,0.0508618465846
12.0970140435,2.468888e-06,2.468888e-06,0.0511085462912
12.1241380908,2.492896e-06,2.492896e-06,0.0513564403751
12.1513229558,2.517138e-06,2.517138e-06,0.0516055423768
12.1785687751,2.541616e-06,2.541616e-06,0.0518558552914
12.2058756851,2.544927e-06,2.544927e-06,0.0518896209853
12.2332438231,2.548243e-06,2.548243e-06,0.0519234156619
12.2606733261,2.551563e-06,2.551563e-06,0.0519572290832
12.2881643318,2.554888e-06,2.554888e-06,0.0519910713873
12.3157169782,2.655312e-06,2.655312e-06,0.0530030196876
12.3433314034,2.759683e-06,2.759683e-06,0.0540346612278
12.3710077459,2.868157e-06,2.868157e-06,0.0550863876652
12.3987461446,2.980894e-06,2.980894e-06,0.0561585777242
12.4265467386,2.984511e-06,2.984511e-06,0.056192638646
12.4544096674,2.988133e-06,2.988133e-06,0.0562267259762
12.4823350707,2.99176e-06,2.99176e-06,0.0562608396667
12.5103230886,2.99539e-06,2.99539e-06,0.0562949608757
12.5383738616,3.113669e-06,3.113669e-06,0.0573956601321
12.5664875303,3.236618e-06,3.236618e-06,0.0585178762773
12.5946642357,3.364422e-06,3.364422e-06,0.0596620354665
12.6229041193,3.497274e-06,3.497274e-06,0.0608285779219
12.6512073226,3.609668e-06,3.609668e-06,0.0617982907854
12.6795739876,3.725674e-06,3.725674e-06,0.0627834619307
12.7080042566,3.845408e-06,3.845408e-06,0.0637843371369
12.7364982723,3.968991e-06,3.968991e-06,0.0648011765171
12.7650561775,4.03782e-06,4.03782e-06,0.0653606422857
12.7936781156,4.107842e-06,4.107842e-06,0.0659249333409
12.8223642301,4.179078e-06,4.179078e-06,0.0664940939031
12.8511146648,4.251552e-06,4.251552e-06,0.0670681893001
12.8799295641,4.342721e-06,4.342721e-06,0.0677834700941
12.9088090725,4.435844e-06,4.435844e-06,0.0685063716161
12.9377533347,4.530964e-06,4.530964e-06,0.0692369837009
12.9667624961,4.628127e-06,4.628127e-06,0.0699754125818
12.9958367021,4.708622e-06,4.708622e-06,0.0705813153462
13.0249760986,4.790518e-06,4.790518e-06,0.0711924718211
13.0541808318,4.873837e-06,4.873837e-06,0.0718089099346
13.0834510481,4.958606e-06,4.958606e-06,0.0724306920304
13.1127868944,5.06481e-06,5.06481e-06,0.0732022470967
13.1421885178,5.173288e-06,5.173288e-06,0.073982016085
13.1716560658,5.28409e-06,5.28409e-06,0.0747700957603
13.2011896862,5.397265e-06,5.397265e-06,0.0755665691295
13.2307895273,5.469428e-06,5.469428e-06,0.0760700652294
13.2604557374,5.542556e-06,5.542556e-06,0.0765769172009
13.2901884653,5.616662e-06,5.616662e-06,0.0770871480598
13.3199878603,5.691757e-06,5.691757e-06,0.0776007661431
13.3498540718,5.749638e-06,5.749638e-06,0.0779943395638
13.3797872497,5.808108e-06,5.808108e-06,0.0783899117489
13.409787544,5.867172e-06,5.867172e-06,0.0787874861637
13.4398551052,5.926838e-06,5.926838e-06,0.0791870860936
13.4699900843,6.066699e-06,6.066699e-06,0.080115963091
13.5001926323,6.209861e-06,6.209861e-06,0.0810557396981
13.5304629008,6.3564e-06,6.3564e-06,0.0820065314472
13.5608010415,6.506398e-06,6.506398e-06,0.0829684824738
13.5912072068,6.485405e-06,6.485405e-06,0.0828345247466
13.621681549,6.464479e-06,6.464479e-06,0.0827007786058
13.6522242212,6.443622e-06,6.443622e-06,0.0825672578932
13.6828353764,6.422832e-06,6.422832e-06,0.0824339508698
13.7135151683,6.553999e-06,6.553999e-06,0.083271429326
13.7442637507,6.687845e-06,6.687845e-06,0.0841174179941
13.7750812779,6.824423e-06,6.824423e-06,0.0849719926446
13.8059679045,6.963793e-06,6.963793e-06,0.0858352666099
13.8369237854,7.026913e-06,7.026913e-06,0.0862233956302
13.8679490758,7.090607e-06,7.090607e-06,0.0866132911625
13.8990439315,7.154877e-06,7.154877e-06,0.0870049416183
13.9302085084,7.219733e-06,7.219733e-06,0.0873983839324
13.9614429628,7.234757e-06,7.234757e-06,0.087489273091
13.9927474514,7.249811e-06,7.249811e-06,0.0875802491319
14.0241221313,7.264898e-06,7.264898e-06,0.0876713298861
14.0555671598,7.280013e-06,7.280013e-06,0.0877624848896
14.0870826946,7.443778e-06,7.443778e-06,0.0887441103623
14.1186688939,7.611228e-06,7.611228e-06,0.0897367217141
14.1503259161,7.782444e-06,7.782444e-06,0.090740430636
14.18205392,7.957515e-06,7.957515e-06,0.0917553860544
14.2138530647,7.999755e-06,7.999755e-06,0.0919985912392
14.2457235099,8.042219e-06,8.042219e-06,0.0922424398094
14.2776654152,8.084909e-06,8.084909e-06,0.0924869381156
14.309678941,8.127825e-06,8.127825e-06,0.0927320810184
14.3417642479,8.259059e-06,8.259059e-06,0.0934777215276
14.3739214967,8.392413e-06,8.392413e-06,0.0942293635445
14.4061508489,8.52792e-06,8.52792e-06,0.0949870483803
14.438452466,8.665616e-06,8.665616e-06,0.0957508314742
14.4708265102,8.784158e-06,8.784158e-06,0.0964035225705
14.5032731437,8.90432e-06,8.90432e-06,0.0970606540262
14.5357925295,9.026127e-06,9.026127e-06,0.0977222715966
14.5683848305,9.149604e-06,9.149604e-06,0.0983884191966
14.6010502103,9.179604e-06,9.179604e-06,0.0985495866658
14.6337888328,9.209703e-06,9.209703e-06,0.0987110215427
14.6666008621,9.239902e-06,9.239902e-06,0.0988727278677
14.6994864629,9.270198e-06,9.270198e-06,0.0990346882865
14.7324458001,9.415349e-06,9.415349e-06,0.0998070099843
14.7654790391,9.562774e-06,9.562774e-06,0.100585361221
14.7985863456,9.712508e-06,9.712508e-06,0.101369785755
14.8317678855,9.864588e-06,9.864588e-06,0.102160335277
14.8650238255,9.995676e-06,9.995676e-06,0.102836886417
14.8983543323,1.012851e-05,1.012851e-05,0.103517938445
14.9317595731,1.02631e-05,1.02631e-05,0.104203453877
14.9652397154,1.039949e-05,1.039949e-05,0.104893567105
14.9987949272,1.045179e-05,1.045179e-05,0.105156996058
15.0324253769,1.050435e-05,1.050435e-05,0.105421071423
15.0661312332,1.055717e-05,1.055717e-05,0.105685788354
15.099912665,1.061027e-05,1.061027e-05,0.105951241899
15.1337698419,1.085812e-05,1.085812e-05,0.107181579388
15.1677029337,1.111176e-05,1.111176e-05,0.108426205688
15.2017121106,1.137133e-05,1.137133e-05,0.109685309591
15.2357975433,1.163696e-05,1.163696e-05,0.11095901802
15.2699594026,1.167039e-05,1.167039e-05,0.111118282114
15.3041978601,1.170392e-05,1.170392e-05,0.111277793652
15.3385130873,1.173754e-05,1.173754e-05,0.1114375041
15.3729052565,1.177126e-05,1.177126e-05,0.111597460007
15.4073745401,1.192918e-05,1.192918e-05,0.112343546499
15.4419211112,1.208922e-05,1.208922e-05,0.113094627459
15.4765451429,1.225141e-05,1.225141e-05,0.113850743432
15.5112468089,1.241578e-05,1.241578e-05,0.114611933236
15.5460262834,1.262507e-05,1.262507e-05,0.115573890044
15.5808837408,1.28379e-05,1.28379e-05,0.116543975391
15.6158193559,1.305431e-05,1.305431e-05,0.117522168037
15.650833304,1.327437e-05,1.327437e-05,0.118508579689
15.6859257607,1.340781e-05,1.340781e-05,0.119102741278
15.7210969021,1.354259e-05,1.354259e-05,0.119699875606
15.7563469046,1.367872e-05,1.367872e-05,0.120299982377
15.791675945,1.381622e-05,1.381622e-05,0.12090310484
15.8270842005,1.402818e-05,1.402818e-05,0.121826985681
15.8625718488,1.424339e-05,1.424339e-05,0.122757918767
15.8981390678,1.44619e-05,1.44619e-05,0.123695958705
15.9337860361,1.468377e-05,1.468377e-05,0.124641199689
15.9695129323,1.478834e-05,1.478834e-05,0.125084226504
16.0053199357,1.489365e-05,1.489365e-05,0.125528808247
16.0412072259,1.499971e-05,1.499971e-05,0.12597497045
16.077174983,1.510653e-05,1.510653e-05,0.126422738224
16.1132233874,1.542801e-05,1.542801e-05,0.127760849167
16.1493526198,1.575633e-05,1.575633e-05,0.129113117614
16.1855628616,1.609163e-05,1.609163e-05,0.130479670984
16.2218542944,1.643407e-05,1.643407e-05,0.131860707036
16.2582271001,1.659861e-05,1.659861e-05,0.132519166086
16.2946814614,1.67648e-05,1.67648e-05,0.133180923559
16.331217561,1.693266e-05,1.693266e-05,0.133846009578
16.3678355822,1.710219e-05,1.710219e-05,0.134514374771
16.4045357087,1.726958e-05,1.726958e-05,0.13517106066
16.4413181245,1.74386e-05,1.74386e-05,0.135830919897
16.4781830143,1.760928e-05,1.760928e-05,0.136494022726
16.515130563,1.778162e-05,1.778162e-05,0.137160322105
16.5521609557,1.800991e-05,1.800991e-05,0.138037983106
16.5892743785,1.824114e-05,1.824114e-05,0.138921294696
16.6264710173,1.847533e-05,1.847533e-05,0.139810225449
16.6637510587,1.871253e-05,1.871253e-05,0.140704856846
16.7011146899,1.898582e-05,1.898582e-05,0.141728605299
16.7385620982,1.926309e-05,1.926309e-05,0.142759760507
16.7760934714,1.954442e-05,1.954442e-05,0.143798457433
16.8137089979,1.982985e-05,1.982985e-05,0.144844679916
16.8514088663,2.008767e-05,2.008767e-05,0.145783246157
16.8891932657,2.034885e-05,2.034885e-05,0.1467279227
16.9270623856,2.061341e-05,2.061341e-05,0.147678663929
16.9650164161,2.088142e-05,2.088142e-05,0.148635602599
17.0030555475,2.121385e-05,2.121385e-05,0.149814062424
17.0411799706,2.155156e-05,2.155156e-05,0.15100182277
17.0793898767,2.189466e-05,2.189466e-05,0.152199048223
17.1176854575,2.224322e-05,2.224322e-05,0.153405758562
17.1560669049,2.246794e-05,2.246794e-05,0.154178729143
17.1945344117,2.269493e-05,2.269493e-05,0.154955593445
17.2330881706,2.292421e-05,2.292421e-05,0.155736361136
17.2717283752,2.315581e-05,2.315581e-05,0.156521075194
17.3104552193,2.347846e-05,2.347846e-05,0.157607774808
17.3492688971,2.380559e-05,2.380559e-05,0.158701966654
17.3881696033,2.413728e-05,2.413728e-05,0.159803761658
17.427157533,2.447361e-05,2.447361e-05,0.160913266638
17.4662328819,2.477273e-05,2.477273e-05,0.161893632796
17.5053958459,2.50755e-05,2.50755e-05,0.162879952726
17.5446466216,2.538197e-05,2.538197e-05,0.163872280328
17.5839854057,2.56922e-05,2.56922e-05,0.164870699641
17.6234123956,2.601066e-05,2.601066e-05,0.165889355536
17.6629277891,2.633307e-05,2.633307e-05,0.166914313526
17.7025317845,2.665948e-05,2.665948e-05,0.167945615721
17.7422245803,2.698994e-05,2.698994e-05,0.168983302489
17.7820063757,2.737804e-05,2.737804e-05,0.170193907999
17.8218773702,2.777173e-05,2.777173e-05,0.171413215185
17.8618377639,2.817108e-05,2.817108e-05,0.172641254166
17.9018877572,2.857617e-05,2.857617e-05,0.173878083323
17.942027551,2.904041e-05,2.904041e-05,0.175284779088
17.9822573467,2.951218e-05,2.951218e-05,0.176702819559
18.022577346,2.999161e-05,2.999161e-05,0.178132319864
18.0629877512,3.047885e-05,3.047885e-05,0.179573448204
18.103488765,3.08059e-05,3.08059e-05,0.18053432416
18.1440805906,3.113645e-05,3.113645e-05,0.181500314325
18.1847634316,3.147055e-05,3.147055e-05,0.182471482429
18.2255374921,3.180825e-05,3.180825e-05,0.183447890421
18.2664029766,3.230083e-05,3.230083e-05,0.184862863063
18.3073600901,3.280104e-05,3.280104e-05,0.186288755216
18.3484090381,3.330899e-05,3.330899e-05,0.187725628032
18.3895500264,3.382481e-05,3.382481e-05,0.189173594828
18.4307832615,3.437985e-05,3.437985e-05,0.190719378407
18.4721089501,3.494398e-05,3.494398e-05,0.192277744006
18.5135272997,3.551738e-05,3.551738e-05,0.193848879388
18.5550385178,3.610018e-05,3.610018e-05,0.19543282846
18.5966428129,3.659645e-05,3.659645e-05,0.196771553076
18.6383403935,3.709954e-05,3.709954e-05,0.198119442055
18.6801314688,3.760955e-05,3.760955e-05,0.199476574815
18.7220162485,3.812656e-05,3.812656e-05,0.200842974684
18.7639949427,3.865043e-05,3.865043e-05,0.202218087569
18.806067762,3.918151e-05,3.918151e-05,0.203602646299
18.8482349173,3.971989e-05,3.971989e-05,0.204996691729
18.8904966203,4.026565e-05,4.026565e-05,0.206400236676
18.9328530829,4.094061e-05,4.094061e-05,0.208122957359
18.9753045176,4.162687e-05,4.162687e-05,0.209860021109
19.0178511373,4.232465e-05,4.232465e-05,0.211611624681
19.0604931555,4.303409e-05,4.303409e-05,0.213377757088
19.103230786,4.376796e-05,4.376796e-05,0.215189455318
19.1460642433,4.451434e-05,4.451434e-05,0.217016524071
19.1889937422,4.527345e-05,4.527345e-05,0.21885911016
19.232019498,4.60455e-05,4.60455e-05,0.220717328273
19.2751417267,4.661044e-05,4.661044e-05,0.222067209466
19.3183606444,4.718231e-05,4.718231e-05,0.223425343191
19.361676468,4.77612e-05,4.77612e-05,0.224791791665
19.4050894148,4.834722e-05,4.834722e-05,0.226166661469
19.4485997026,4.895822e-05,4.895822e-05,0.227591293243
19.4922075496,4.957693e-05,4.957693e-05,0.229024871881
19.5359131745,5.020347e-05,5.020347e-05,0.230467505866
19.5797167966,5.083791e-05,5.083791e-05,0.231919185882
19.6236186356,5.194488e-05,5.194488e-05,0.234430550569
19.6676189118,5.307596e-05,5.307596e-05,0.236969123896
19.7117178459,5.423166e-05,5.423166e-05,0.239535167105
19.755915659,5.541251e-05,5.541251e-05,0.242128964769
19.8002125729,5.614172e-05,5.614172e-05,0.243716925469
19.8446088098,5.688052e-05,5.688052e-05,0.245315287253
19.8891045924,5.762904e-05,5.762904e-05,0.246924126646
19.9337001439,5.83874e-05,5.83874e-05,0.24854349559
19.978395688,5.924953e-05,5.924953e-05,0.250371729115
20.0231914488,6.01244e-05,6.01244e-05,0.252213431839
20.0680876512,6.101218e-05,6.101218e-05,0.254068664813
20.1130845203,6.191304e-05,6.191304e-05,0.255937485179
20.1581822819,6.293965e-05,6.293965e-05,0.258050672737
20.2033811621,6.398328e-05,6.398328e-05,0.260181302633
20.2486813877,6.504422e-05,6.504422e-05,0.26232953467
20.2940831859,6.612277e-05,6.612277e-05,0.264495539962
20.3395867845,6.731735e-05,6.731735e-05,0.266874045759
20.3851924117,6.853351e-05,6.853351e-05,0.269273937803
20.4309002963,6.977164e-05,6.977164e-05,0.271695408721
20.4767106676,7.103214e-05,7.103214e-05,0.274138658565
20.5226237553,7.225254e-05,7.225254e-05,0.276483611305
20.5686397899,7.349391e-05,7.349391e-05,0.278848627
20.6147590021,7.475661e-05,7.475661e-05,0.281233876658
20.6609816232,7.604102e-05,7.604102e-05,0.283639558525
20.7073078852,7.747734e-05,7.747734e-05,0.286305825508
20.7537380204,7.894078e-05,7.894078e-05,0.288997137079
20.8002722617,8.043187e-05,8.043187e-05,0.291713761177
20.8469108425,8.195113e-05,8.195113e-05,0.294455931406
20.8936539968,8.34417e-05,8.34417e-05,0.297121723541
20.9405019592,8.495938e-05,8.495938e-05,0.299811647606
20.9874549645,8.650466e-05,8.650466e-05,0.302525916708
21.0345132483,8.807807e-05,8.807807e-05,0.305264799903
21.0816770466,8.990321e-05,8.990321e-05,0.308411407344
21.1289465961,9.176618e-05,9.176618e-05,0.3115904659
21.1763221339,9.366775e-05,9.366775e-05,0.314802286364
21.2238038976,9.560876e-05,9.560876e-05,0.318047273342
21.2713921253,9.734742e-05,9.734742e-05,0.320926113553
21.3190870559,9.911769e-05,9.911769e-05,0.323830999165
21.3668889285,0.0001009202,0.0001009202,0.32676225547
21.414797983,0.0001027554,0.0001027554,0.329719901128
21.4628144596,0.0001051554,0.0001051554,0.333548217204
21.5109385993,0.0001076115,0.0001076115,0.337421052989
21.5591706434,0.000110125,0.000110125,0.341338907832
21.6075108339,0.0001126971,0.0001126971,0.345302087743
21.6559594132,0.0001145928,0.0001145928,0.348194173415
21.7045166244,0.0001165204,0.0001165204,0.351110499985
21.7531827111,0.0001184804,0.0001184804,0.354051215504
21.8019579174,0.0001204733,0.0001204733,0.357016458164
21.850842488,0.0001230941,0.0001230941,0.360878868597
21.899836668,0.0001257719,0.0001257719,0.364783045385
21.9489407033,0.000128508,0.000128508,0.368729526889
21.9981548401,0.0001313036,0.0001313036,0.37271867246
22.0474793254,0.0001340636,0.0001340636,0.376615571638
22.0969144066,0.0001368817,0.0001368817,0.380553332136
22.1464603315,0.0001397591,0.0001397591,0.384532349484
22.1961173489,0.000142697,0.000142697,0.388552989951
22.2458857077,0.0001457696,0.0001457696,0.392713937619
22.2957656576,0.0001489085,0.0001489085,0.396919630404
22.3457574489,0.0001521149,0.0001521149,0.401170243413
22.3958613323,0.0001553903,0.0001553903,0.40546632092
22.4460775591,0.0001588704,0.0001588704,0.409981564464
22.4964063812,0.0001624285,0.0001624285,0.414547166195
22.5468480511,0.0001660663,0.0001660663,0.419163626046
22.5974028219,0.0001697855,0.0001697855,0.42383140398
22.648070947,0.0001734192,0.0001734192,0.428342752477
22.6988526808,0.0001771307,0.0001771307,0.43290216054
22.7497482779,0.0001809216,0.0001809216,0.437510060227
22.8007579935,0.0001847937,0.0001847937,0.442167089006
22.8518820837,0.0001893362,0.0001893362,0.447568653505
22.9031208049,0.0001939904,0.0001939904,0.453036249322
22.954474414,0.000198759,0.000198759,0.458570629238
23.0059431687,0.0002036449,0.0002036449,0.464172709452
23.0575273272,0.0002085745,0.0002085745,0.469757193665
23.1092271481,0.0002136234,0.0002136234,0.475408831639
23.161042891,0.0002187945,0.0002187945,0.481128445428
23.2129748156,0.0002240907,0.0002240907,0.486916790222
23.2650231825,0.0002298247,0.0002298247,0.493107019419
23.3171882528,0.0002357055,0.0002357055,0.499376029661
23.3694702882,0.0002417368,0.0002417368,0.505724761506
23.4218695508,0.0002479223,0.0002479223,0.512154071935
23.4743863036,0.0002541531,0.0002541531,0.518549881689
23.52702081,0.0002605405,0.0002605405,0.525025569854
23.579773334,0.0002670885,0.0002670885,0.531582197783
23.6326441403,0.0002738011,0.0002738011,0.538220738917
23.685633494,0.0002816178,0.0002816178,0.545849459467
23.738741661,0.0002896577,0.0002896577,0.553586349723
23.7919689077,0.0002979271,0.0002979271,0.561432873815
23.845315501,0.0003064326,0.0003064326,0.569390631114
23.8987817086,0.0003152287,0.0003152287,0.577504947684
23.9523677987,0.0003242773,0.0003242773,0.585734908811
24.00607404,0.0003335857,0.0003335857,0.594082208621
24.059900702,0.0003431612,0.0003431612,0.602548379468
24.1138480547,0.0003543303,0.0003543303,0.612275638418
24.1679163687,0.0003658631,0.0003658631,0.622160075704
24.2221059153,0.0003777712,0.0003777712,0.632204025296
24.2764169661,0.0003900669,0.0003900669,0.642410133949
24.3308497938,0.0004029311,0.0004029311,0.652917379
24.3854046713,0.0004162194,0.0004162194,0.663596357133
24.4400818723,0.000429946,0.000429946,0.674450048558
24.4948816711,0.0004441254,0.0004441254,0.685481344166
24.5498043425,0.0004596459,0.0004596459,0.69735597954
24.6048501621,0.0004757087,0.0004757087,0.709436258307
24.660019406,0.000492333,0.000492333,0.721725927205
24.7153123509,0.0005095381,0.0005095381,0.734228377142
24.7707292743,0.0005290622,0.0005290622,0.748162955244
24.826270454,0.0005493344,0.0005493344,0.762361984362
24.8819361687,0.0005703834,0.0005703834,0.776830507382
24.9377266976,0.0005922389,0.0005922389,0.791573594936
24.9936423207,0.0006151035,0.0006151035,0.80670905722
25.0496833183,0.0006388508,0.0006388508,0.822133898097
25.1058499716,0.0006635151,0.0006635151,0.837853791422
25.1621425623,0.0006891314,0.0006891314,0.853874124915
25.2185613729,0.0007303712,0.0007303712,0.879052176836
25.2751066862,0.0007740789,0.0007740789,0.904972638371
25.3317787861,0.0008204022,0.0008204022,0.931657408922
25.3885779567,0.0008694973,0.0008694973,0.959128846089
25.445504483,0.000895832,0.000895832,0.973545199772
25.5025586505,0.0009229643,0.0009229643,0.988178237668
25.5597407455,0.0009509184,0.0009509184,1.00303123939
25.6170510547,0.0009797192,0.0009797192,1.01810751574
25.6744898657,0.001042409,0.001042409,1.05017556723
25.7320574665,0.00110911,0.00110911,1.08325360835
25.789754146,0.001180079,0.001180079,1.11737351946
25.8475801936,0.001255588,0.001255588,1.15256761363
25.9055358994,0.001297954,0.001297954,1.17185124141
25.963621554,0.00134175,0.00134175,1.19145772061
26.0218374488,0.001387023,0.001387023,1.21139189943
26.080183876,0.001433823,0.001433823,1.2316593417
26.138661128,0.001502665,0.001502665,1.26088047411
26.1972694984,0.001574812,0.001574812,1.29079475363
26.256009281,0.001650423,0.001650423,1.321418758
26.3148807706,0.001729665,0.001729665,1.35276959235
26.3738842624,0.001770262,0.001770262,1.36855295696
26.4330200525,0.001811813,0.001811813,1.38452091136
26.4922884374,0.001854339,0.001854339,1.40067507367
26.5516897145,0.001897862,0.001897862,1.41701728853
26.6112241817,0.001938202,0.001938202,1.43199780586
26.6708921377,0.0019794,0.0019794,1.44713689746
26.7306938818,0.002021474,0.002021474,1.46243614972
26.790629714,0.002064443,0.002064443,1.47789738954
26.8506999349,0.002085302,0.002085302,1.48534491483
26.9109048459,0.002106371,0.002106371,1.49282970161
26.9712447489,0.002127654,0.002127654,1.50035260256
27.0317199467,0.002149152,0.002149152,1.50791339804
27.0923307426,0.002164394,0.002164394,1.5132510869
27.1530774406,0.002179745,0.002179745,1.51860798431
27.2139603455,0.002195204,0.002195204,1.52398354059
27.2749797626,0.002210774,0.002210774,1.52937859669
27.3361359981,0.00221709,0.00221709,1.53156169317
27.3974293587,0.002223424,0.002223424,1.53374789063
27.4588601519,0.002229776,0.002229776,1.5359371758
27.5204286859,0.002236146,0.002236146,1.53812953551
27.5821352695,0.002240123,0.002240123,1.53949671451
27.6439802121,0.002244107,0.002244107,1.54086508365
27.7059638242,0.002248098,0.002248098,1.54223463974
27.7680864165,0.002252097,0.002252097,1.54360572233
27.8303483007,0.002254688,0.002254688,1.54449341339
27.8927497892,0.002257282,0.002257282,1.54538162148
27.9552911948,0.00225988,0.00225988,1.54627068782
28.0179728315,0.002262479,0.002262479,1.54715958518
28.0807950136,0.002252773,0.002252773,1.54383737291
28.1437580562,0.002243109,0.002243109,1.54052241853
28.2068622752,0.002233486,0.002233486,1.53721442486
28.270107987,0.002223904,0.002223904,1.53391343693
28.3334955091,0.002221955,0.002221955,1.53324113889
28.3970251593,0.002220009,0.002220009,1.53256958145
28.4606972563,0.002218063,0.002218063,1.53189772962
28.5245121196,0.002216119,0.002216119,1.53122627394
28.5884700692,0.00220228,0.00220228,1.52643776159
28.6525714259,0.002188527,0.002188527,1.52166407791
28.7168165114,0.002174861,0.002174861,1.51690571164
28.7812056478,0.002161279,0.002161279,1.51216175788
28.8457391582,0.002157473,0.002157473,1.51082971708
28.9104173663,0.002153674,0.002153674,1.50949895396
28.9752405965,0.002149881,0.002149881,1.50816912115
29.0402091741,0.002146095,0.002146095,1.50684057219
29.1053234248,0.002130319,0.002130319,1.50129194429
29.1705836754,0.002114659,0.002114659,1.49576375875
29.2359902531,0.002099114,0.002099114,1.49025588809
29.3015434862,0.002083684,0.002083684,1.4847685584
29.3672437034,0.002077403,0.002077403,1.4825290466
29.4330912342,0.00207114,0.00207114,1.48029257919
29.4990864091,0.002064896,0.002064896,1.47805952789
29.565229559,0.002058671,0.002058671,1.47582990822
29.6315210157,0.002041849,0.002041849,1.4697878221
29.6979611119,0.002025165,0.002025165,1.46377066851
29.7645501807,0.002008617,0.002008617,1.45777803043
29.8312885561,0.001992205,0.001992205,1.45181021143
29.898176573,0.001983542,0.001983542,1.44865021175
29.965214567,0.001974918,0.001974918,1.44549757662
30.0324028741,0.001966331,0.001966331,1.44235162079
30.0997418316,0.001957781,0.001957781,1.43921238808
30.1672317772,0.00194367,0.00194367,1.43401633882
30.2348730494,0.00192966,0.00192966,1.42883878727
30.3026659876,0.001915751,0.001915751,1.42367993524
30.3706109317,0.001901942,0.001901942,1.41853961383
30.4387082228,0.001892855,0.001892855,1.41514684397
30.5069582022,0.001883812,0.001883812,1.41176240777
30.5753612124,0.001874811,0.001874811,1.4083856141
30.6439175966,0.001865854,0.001865854,1.40501727107
30.7126276986,0.001853492,0.001853492,1.40035514638
30.781491863,0.001841212,0.001841212,1.39570852831
30.8505104354,0.001829013,0.001829013,1.39107719196
30.919683762,0.001816895,0.001816895,1.38646129048
30.9890121896,0.001805973,0.001805973,1.38228775369
31.0584960662,0.001795116,0.001795116,1.3781265283
31.1281357402,0.001784325,0.001784325,1.37397811118
31.197931561,0.001773598,0.001773598,1.36984184635
31.2678838787,0.001763738,0.001763738,1.3660288445
31.3379930442,0.001753934,0.001753934,1.36222691649
31.4082594092,0.001744183,0.001744183,1.35843498703
31.4786833261,0.001734487,0.001734487,1.35465392112
31.5492651482,0.001723921,0.001723921,1.35052153556
31.6200052296,0.001713419,0.001713419,1.34640161245
31.6909039252,0.001702982,0.001702982,1.34229466065
31.7619615905,0.001692607,0.001692607,1.33819961366
31.833178582,0.001685641,0.001685641,1.3354430643
31.904555257,0.001678704,0.001678704,1.33269232458
31.9760919735,0.001671796,0.001671796,1.32994743054
32.0477890904,0.001664915,0.001664915,1.32720762129
32.1196469672,0.001653987,0.001653987,1.32284475506
32.1916659645,0.001643131,0.001643131,1.31849633977
32.2638464435,0.001632346,0.001632346,1.31416211633
32.3361887663,0.001621632,0.001621632,1.30984222561
32.4086932959,0.001616001,0.001616001,1.3075660817
32.4813603958,0.001610391,0.001610391,1.30529447942
32.5541904306,0.001604799,0.001604799,1.3030262246
32.6271837656,0.001599228,0.001599228,1.30076255481
32.7003407671,0.001588315,0.001588315,1.29631680927
32.7736618019,0.001577478,0.001577478,1.29188688514
32.8471472379,0.001566714,0.001566714,1.28747171309
32.9207974436,0.001556024,0.001556024,1.28307185769
32.9946127886,0.001550991,0.001550991,1.2809951124
33.0685936431,0.001545974,0.001545974,1.27892161292
33.1427403783,0.001540973,0.001540973,1.27685137506
33.217053366,0.001535988,0.001535988,1.27478441471
33.291532979,0.001526543,0.001526543,1.27085895913
33.366179591,0.001517157,0.001517157,1.26694597596
33.4409935763,0.001507828,0.001507828,1.26304474347
33.5159753103,0.001498556,0.001498556,1.25915537087
33.5911251692,0.001495051,0.001495051,1.25768197809
33.6664435298,0.001491553,0.001491553,1.25620980493
33.74193077,0.001488064,0.001488064,1.2547396989
33.8175872684,0.001484582,0.001484582,1.25327082309
33.8934134047,0.001478904,0.001478904,1.25087186874
33.969409559,0.001473248,0.001473248,1.24847762655
34.0455761127,0.001467613,0.001467613,1.24608769916
34.1219134478,0.001461999,0.001461999,1.24370211144
34.1984219473,0.001456767,0.001456767,1.24147472226
34.2751019948,0.001451553,0.001451553,1.23925101331
34.3519539752,0.001446358,0.001446358,1.2370314321
34.4289782739,0.001441181,0.001441181,1.23481557246
34.5061752772,0.00143174,0.00143174,1.23076436412
34.5835453724,0.001422361,0.001422361,1.22672651312
34.6610889476,0.001413043,0.001413043,1.22270171914
34.7388063918,0.001403786,0.001403786,1.21869011155
34.8166980949,0.001401358,0.001401358,1.21763572714
34.8947644475,0.001398935,0.001398935,1.21658260303
34.9730058413,0.001396516,0.001396516,1.21553030731
35.0514226687,0.001394102,0.001394102,1.21447927772
35.1300153231,0.001386109,0.001386109,1.21099270105
35.2087841988,0.001378161,0.001378161,1.20751577133
35.2877296909,0.001370259,0.001370259,1.20404901146
35.3668521953,0.001362402,0.001362402,1.20059206894
35.446152109,0.001360181,0.001360181,1.19961306178
35.5256298298,0.001357964,0.001357964,1.19863502035
35.6052857563,0.00135575,0.00135575,1.1976575053
35.6851202881,0.001353541,0.001353541,1.19668140204
35.7651338258,0.001346816,0.001346816,1.19370487475
35.8453267706,0.001340124,0.001340124,1.19073556762
35.9256995248,0.001333465,0.001333465,1.18777353481
36.0062524917,0.00132684,0.00132684,1.18481927736
36.0869860752,0.00132501,0.00132501,1.18400193412
36.1679006804,0.001323183,0.001323183,1.18318536756
36.2489967131,0.001321359,0.001321359,1.18236957928
36.3302745802,0.001319537,0.001319537,1.18155412318
36.4117346893,0.001315327,0.001315327,1.17966773542
36.4933774491,0.001311131,0.001311131,1.17778461444
36.5752032691,0.001306948,0.001306948,1.17590432604
36.6572125598,0.001302779,0.001302779,1.17402733443
36.7394057326,0.001298121,0.001298121,1.17192662654
36.8217831997,0.001293479,0.001293479,1.16982938158
36.9043453744,0.001288855,0.001288855,1.16773652422
36.9870926709,0.001284246,0.001284246,1.16564671663
37.0700255042,0.001280218,0.001280218,1.1638172726
37.1531442903,0.001276202,0.001276202,1.16199041132
37.2364494462,0.001272199,0.001272199,1.16016660097
37.3199413898,0.001268208,0.001268208,1.15834539927
37.4036205398,0.001264738,0.001264738,1.15675961375
37.4874873161,0.001261277,0.001261277,1.15517577277
37.5715421394,0.001257826,0.001257826,1.15359434291
37.6557854312,0.001254384,0.001254384,1.1520148749
37.7402176141,0.00125092,0.00125092,1.15042312216
37.8248391118,0.001247465,0.001247465,1.14883330819
37.9096503486,0.001244019,0.001244019,1.14724544105
37.99465175,0.001240583,0.001240583,1.14565999057
38.0798437425,0.001237436,0.001237436,1.14420596398
38.1652267533,0.001234298,0.001234298,1.14275425355
38.2508012107,0.001231167,0.001231167,1.14130394111
38.3365675441,0.001228044,0.001228044,1.1398554961
38.4225261836,0.001225282,0.001225282,1.13857294716
38.5086775604,0.001222527,0.001222527,1.13729220783
38.5950221067,0.001219777,0.001219777,1.13601235293
38.6815602557,0.001217034,0.001217034,1.1347343178
38.7682924413,0.001213016,0.001213016,1.13285962414
38.8552190987,0.001209011,0.001209011,1.13098790356
38.942340664,0.001205019,0.001205019,1.12911917086
39.0296575741,0.00120104,0.00120104,1.12725344089
39.1171702671,0.001197809,0.001197809,1.12573616891
39.2048791819,0.001194586,0.001194586,1.12422061358
39.2927847585,0.001191373,0.001191373,1.12270772421
39.3808874379,0.001188168,0.001188168,1.12119656796
39.4691876621,0.001184104,0.001184104,1.11927745979
39.5576858739,0.001180055,0.001180055,1.11736215705
39.6463825172,0.00117602,0.00117602,1.11545020507
39.7352780371,0.001171998,0.001171998,1.11354114607
39.8243728794,0.001168905,0.001168905,1.11207081159
39.9136674911,0.001165819,0.001165819,1.11060186476
40.00316232,0.001162742,0.001162742,1.10913526497
40.0928578152,0.001159673,0.001159673,1.10767054398
40.1827544265,0.001155895,0.001155895,1.10586477926
40.2728526049,0.00115213,0.00115213,1.10406228991
40.3631528023,0.001148377,0.001148377,1.10226261208
40.4536554718,0.001144636,0.001144636,1.10046575958
40.5443610673,0.001141248,0.001141248,1.09883592224
40.6352700437,0.00113787,0.00113787,1.0972084852
40.7263828572,0.001134502,0.001134502,1.09558345917
40.8176999648,0.001131143,0.001131143,1.09396037131
40.9092218245,0.001128497,0.001128497,1.09268011147
41.0009488954,0.001125856,0.001125856,1.09140077332
41.0928816378,0.001123222,0.001123222,1.09012333064
41.1850205126,0.001120594,0.001120594,1.08884730426
41.2773659822,0.001117296,0.001117296,1.08724384018
41.3699185097,0.001114008,0.001114008,1.08564288051
41.4626785594,0.00111073,0.00111073,1.08404443636
41.5556465966,0.001107461,0.001107461,1.08244803016
41.6488230877,0.001104067,0.001104067,1.08078808561
41.7422085001,0.001100682,0.001100682,1.07912999958
41.8358033022,0.001097308,0.001097308,1.07747476258
41.9296079635,0.001093944,0.001093944,1.07582189604
42.0236229546,0.001091321,0.001091321,1.07453134808
42.117848747,0.001088705,0.001088705,1.07324269855
42.2122858134,0.001086096,0.001086096,1.07195595432
42.3069346276,0.001083492,0.001083492,1.07067013407
42.4017956644,0.001080634,0.001080634,1.0692571122
42.4968693995,0.001077784,0.001077784,1.06784618368
42.5921563099,0.001074942,0.001074942,1.06643735681
42.6876568736,0.001072106,0.001072106,1.06502964654
42.7833715696,0.001070154,0.001070154,1.06405964682
42.879300878,0.001068205,0.001068205,1.06309025487
42.9754452801,0.00106626,0.00106626,1.0621219704
43.0718052582,0.001064319,0.001064319,1.06115479644
43.1683812956,0.001061646,0.001061646,1.05982143213
43.2651738768,0.00105898,0.00105898,1.05848988658
43.3621834872,0.00105632,0.00105632,1.05715966628
43.4594106136,0.001053667,0.001053667,1.05583127724
43.5568557437,0.00105192,0.00105192,1.05495561992
43.6545193662,0.001050175,0.001050175,1.05408023888
43.752401971,0.001048433,0.001048433,1.05320563709
43.8505040493,0.001046694,0.001046694,1.05233181649
43.948826093,0.001045101,0.001045101,1.05153072138
44.0473685954,0.001043511,0.001043511,1.05073052587
44.1461320507,0.001041923,0.001041923,1.04993072819
44.2451169545,0.001040338,0.001040338,1.04913183347
44.3443238033,0.001038292,0.001038292,1.04809967847
44.4437530946,0.001036251,0.001036251,1.04706903211
44.5434053273,0.001034213,0.001034213,1.04603888742
44.6432810013,0.00103218,0.00103218,1.04501025832
44.7433806175,0.001030802,0.001030802,1.0443124609
44.8437046781,0.001029427,0.001029427,1.04361571759
44.9442536863,0.001028053,0.001028053,1.04291901603
45.0450281465,0.001026682,0.001026682,1.04222337145
45.1460285642,0.001025184,0.001025184,1.04146275594
45.247255446,0.001023688,0.001023688,1.04070260113
45.3487092998,0.001022194,0.001022194,1.03994290805
45.4503906345,0.001020702,0.001020702,1.0391836777
45.5522999601,0.00101916,0.00101916,1.03839842065
45.6544377878,0.00101762,0.00101762,1.03761358896
45.75680463,0.001016082,0.001016082,1.03682918362
45.8594010001,0.001014547,0.001014547,1.03604571617
45.9622274129,0.001013196,0.001013196,1.03535567222
46.0652843841,0.001011847,0.001011847,1.03466619061
46.1685724306,0.001010499,0.001010499,1.03397676086
46.2720920707,0.001009153,0.001009153,1.03328789502
46.3758438236,0.001007895,0.001007895,1.03264365102
46.4798282096,0.001006638,0.001006638,1.03199951744
46.5840457506,0.001005383,0.001005383,1.0313560074
46.6884969691,0.00100413,0.00100413,1.03071312207
46.7931823892,0.00100295,0.00100295,1.03010732451
46.8981025361,0.001001771,0.001001771,1.02950168431
47.0032579359,0.001000593,0.001000593,1.02889620176
47.1086491163,0.0009994178,0.0009994178,1.02829180314
47.2142766058,0.0009988134,0.0009988134,1.02798082531
47.3201409344,0.0009982092,0.0009982092,1.02766985633
47.426242633,0.0009976055,0.0009976055,1.02735905067
47.5325822339,0.0009970018,0.0009970018,1.02704815096
47.6391602705,0.0009954429,0.0009954429,1.0262448968
47.7459772775,0.0009938867,0.0009938867,1.02544240628
47.8530337907,0.0009923328,0.0009923328,1.0246404747
47.9603303471,0.0009907812,0.0009907812,1.02383910338
48.0678674849,0.0009903014,0.0009903014,1.02359116897
48.1756457435,0.0009898217,0.0009898217,1.0233432262
48.2836656637,0.0009893423,0.0009893423,1.02309537845
48.3919277872,0.0009888634,0.0009888634,1.02284772923
48.5004326571,0.00098738,0.00098738,1.02208025125
48.6091808178,0.0009858987,0.0009858987,1.02131328426
48.7181728147,0.0009844198,0.0009844198,1.02054698491
48.8274091945,0.0009829432,0.0009829432,1.01978130283
48.9368905053,0.0009824147,0.0009824147,1.01950711258
49.0466172961,0.0009818864,0.0009818864,1.01923295237
49.1565901175,0.0009813583,0.0009813583,1.01895882223
49.2668095211,0.0009808305,0.0009808305,1.01868477411
49.3772760597,0.0009812326,0.0009812326,1.01889356206
49.4879902875,0.0009816347,0.0009816347,1.01910230723
49.5989527598,0.000982037,0.000982037,1.01931111345
49.7101640334,0.0009824396,0.0009824396,1.01952003256
49.821624666,0.0009809385,0.0009809385,1.01874085665
49.9333352167,0.0009794398,0.0009794398,1.01796233152
50.045296246,0.0009779434,0.0009779434,1.01718440668
50.1575083154,0.000976449,0.000976449,1.01640692737
50.2699719878,0.0009772659,0.0009772659,1.01683200294
50.3826878275,0.0009780836,0.0009780836,1.01725731691
50.4956563997,0.0009789017,0.0009789017,1.01768266105
50.6088782712,0.0009797206,0.0009797206,1.01810824316
50.72235401,0.0009798035,0.0009798035,1.01815131636
50.8360841852,0.0009798864,0.0009798864,1.01819438773
50.9500693673,0.0009799693,0.0009799693,1.01823745728
51.0643101282,0.0009800519,0.0009800519,1.01828036915
51.1788070408,0.0009802391,0.0009802391,1.01837761552
51.2935606796,0.0009804263,0.0009804263,1.01847485261
51.4085716202,0.0009806135,0.0009806135,1.01857208041
51.5238404394,0.0009808009,0.0009808009,1.0186694028
51.6393677156,0.0009801932,0.0009801932,1.01835377232
51.7551540282,0.000979586,0.000979586,1.0180383038
51.871199958,0.000978979,0.000978979,1.01772284145
51.9875060872,0.0009783727,0.0009783727,1.01740764524
52.1040729992,0.0009795918,0.0009795918,1.01804131763
52.2209012786,0.0009808123,0.0009808123,1.01867532286
52.3379915117,0.0009820345,0.0009820345,1.019309816
52.4553442856,0.000983258,0.000983258,1.01994458869
52.5729601891,0.0009821222,0.0009821222,1.01935532941
52.6908398122,0.0009809879,0.0009809879,1.01876650819
52.8089837462,0.0009798549,0.0009798549,1.01817802186
52.9273925836,0.0009787229,0.0009787229,1.01758971506
53.0460669186,0.0009783658,0.0009783658,1.01740405759
53.1650073464,0.0009780088,0.0009780088,1.01721841824
53.2842144636,0.0009776519,0.0009776519,1.01703279701
53.4036888682,0.000977295,0.000977295,1.0168471419
53.5234311595,0.0009785751,0.0009785751,1.01751287746
53.6434419382,0.0009798568,0.0009798568,1.01817900902
53.7637218063,0.0009811404,0.0009811404,1.01884569155
53.8842713671,0.0009824254,0.0009824254,1.01951266456
54.0050912254,0.0009831374,0.0009831374,1.0198820369
54.1261819872,0.0009838498,0.0009838498,1.02025148292
54.2475442599,0.000984563,0.000984563,1.02062120985
54.3691786523,0.0009852771,0.0009852771,1.02099126921
54.4910857746,0.0009868322,0.0009868322,1.02179668604
54.6132662383,0.0009883898,0.0009883898,1.02260276178
54.7357206562,0.0009899498,0.0009899498,1.02340944318
54.8584496427,0.0009915118,0.0009915118,1.02421652223
54.9814538133,0.0009921465,0.0009921465,1.02454428748
55.1047337852,0.0009927817,0.0009927817,1.02487220598
55.2282901766,0.0009934173,0.0009934173,1.025200226
55.3521236074,0.0009940532,0.0009940532,1.02552829586
55.4762346988,0.0009957996,0.0009957996,1.02642874901
55.6006240734,0.0009975491,0.0009975491,1.0273300092
55.7252923551,0.0009993017,0.0009993017,1.02823207429
55.8502401692,0.001001058,0.001001058,1.02913525059
55.9754681426,0.001001099,0.001001099,1.02915632535
56.1009769034,0.001001141,0.001001141,1.02917791368
56.2267670813,0.001001183,0.001001183,1.02919950155
56.3528393071,0.001001224,0.001001224,1.029220575
56.4791942134,0.001000999,0.001000999,1.02910492274
56.6058324339,0.001000773,0.001000773,1.02898874338
56.7327546039,0.001000548,0.001000548,1.02887306506
56.8599613601,0.001000322,0.001000322,1.02875685952
56.9874533406,0.001002301,0.001002301,1.02977398394
57.1152311848,0.001004285,0.001004285,1.03079267072
57.2432955339,0.001006272,0.001006272,1.03181188983
57.3716470301,0.001008264,0.001008264,1.03283266408
57.5002863174,0.001010891,0.001010891,1.03417729524
57.6292140409,0.001013526,0.001013526,1.03552426722
57.7584308475,0.001016167,0.001016167,1.03687255051
57.8879373854,0.001018816,0.001018816,1.03822315906
58.0177343041,0.001019797,0.001019797,1.0387228822
58.1478222548,0.00102078,0.00102078,1.03922338311
58.2782018899,0.001021763,0.001021763,1.03972364309
58.4088738637,0.001022747,0.001022747,1.04022417103
58.5398388314,0.001024812,0.001024812,1.04127378532
58.6710974501,0.001026882,0.001026882,1.04232488026
58.8026503783,0.001028955,0.001028955,1.04337643734
58.9344982757,0.001031033,0.001031033,1.04442946818
59.0666418038,0.001033968,0.001033968,1.04591497934
59.1990816255,0.001036911,0.001036911,1.04740242409
59.3318184051,0.001039864,0.001039864,1.04889280291
59.4648528084,0.001042824,0.001042824,1.05038459242
59.5981855028,0.001043708,0.001043708,1.05082970266
59.7318171572,0.001044592,0.001044592,1.05127462444
59.8657484417,0.001045477,0.001045477,1.05171986099
59.9999800284,0.001042935,0.001042935,1.05044049332
