#I+8.670000E+02
+2.000000E+00
+8.010000E+02
+8.010000E+02
+1.000000E+01
+0.000000E+00
+3.000000E+00
+0.000000E+00
+1.000000E+00
+1.000000E+00
+1.000000E+00
+1.000000E+00
+2.497000E+03
-1.092400E+04
+2.025600E+04
-1.299100E+04
-1.119200E+04
+0.000000E+00
+0.000000E+00
+0.000000E+00
+0.000000E+00
+0.000000E+00
+0.000000E+00
+0.000000E+00
+0.000000E+00
+0.000000E+00
+0.000000E+00
+0.000000E+00
+0.000000E+00
+0.000000E+00
+0.000000E+00
+0.000000E+00
+0.000000E+00
+0.000000E+00
+0.000000E+00
+0.000000E+00
+1.000000E+00
+0.000000E+00
+1.000000E+00
+0.000000E+00
+0.000000E+00
+1.000000E+00
+0.000000E+00
+1.000000E+00
+2.000000E+00
+3.000000E+00
+4.500000E+01
+4.500000E+01
+0.000000E+00
+0.000000E+00
+2.000000E+00
+0.000000E+00
+0.000000E+00
+0.000000E+00
+0.000000E+00
+0.000000E+00
+9.726894E-04
+3.990503E-04
+0.000000E+00
+0.000000E+00
+0.000000E+00
+1.000000E+00
+1.000000E+00
+0.000000E+00
+0.000000E+00
+9.9999904632568339E+00
+9.9999904632568339E+00
+1.702596E-06
+1.713793E-06
+1.725063E-06
+1.736407E-06
+1.747826E-06
+1.756011E-06
+1.764234E-06
+1.772496E-06
+1.780796E-06
+1.752778E-06
+1.725200E-06
+1.698057E-06
+1.671340E-06
+1.727199E-06
+1.784924E-06
+1.844579E-06
+1.906228E-06
+1.900993E-06
+1.895772E-06
+1.890565E-06
+1.885373E-06
+1.933155E-06
+1.982148E-06
+2.032383E-06
+2.083890E-06
+2.072283E-06
+2.060741E-06
+2.049263E-06
+2.037848E-06
+2.022703E-06
+2.007671E-06
+1.992750E-06
+1.977941E-06
+2.020261E-06
+2.063487E-06
+2.107638E-06
+2.152733E-06
+2.162778E-06
+2.172869E-06
+2.183007E-06
+2.193192E-06
+2.241046E-06
+2.289944E-06
+2.339909E-06
+2.390966E-06
+2.398980E-06
+2.407021E-06
+2.415089E-06
+2.423185E-06
+2.458374E-06
+2.494074E-06
+2.530292E-06
+2.567036E-06
+2.496772E-06
+2.428431E-06
+2.361960E-06
+2.297310E-06
+2.357672E-06
+2.419621E-06
+2.483197E-06
+2.548443E-06
+2.598389E-06
+2.649313E-06
+2.701236E-06
+2.754176E-06
+2.777369E-06
+2.800757E-06
+2.824342E-06
+2.848125E-06
+2.873269E-06
+2.898635E-06
+2.924225E-06
+2.950039E-06
+2.968723E-06
+2.987525E-06
+3.006446E-06
+3.025485E-06
+3.017037E-06
+3.008611E-06
+3.000209E-06
+2.991831E-06
+3.053490E-06
+3.116420E-06
+3.180646E-06
+3.246197E-06
+3.241730E-06
+3.237270E-06
+3.232815E-06
+3.228366E-06
+3.232619E-06
+3.236877E-06
+3.241141E-06
+3.245411E-06
+3.299070E-06
+3.353617E-06
+3.409065E-06
+3.465429E-06
+3.495949E-06
+3.526738E-06
+3.557798E-06
+3.589133E-06
+3.569105E-06
+3.549190E-06
+3.529386E-06
+3.509691E-06
+3.532974E-06
+3.556411E-06
+3.580003E-06
+3.603751E-06
+3.601347E-06
+3.598945E-06
+3.596544E-06
+3.594145E-06
+3.603514E-06
+3.612906E-06
+3.622324E-06
+3.631766E-06
+3.614904E-06
+3.598121E-06
+3.581415E-06
+3.564787E-06
+3.620556E-06
+3.677197E-06
+3.734724E-06
+3.793153E-06
+3.816971E-06
+3.840939E-06
+3.865057E-06
+3.889326E-06
+3.907125E-06
+3.925004E-06
+3.942966E-06
+3.961009E-06
+3.996076E-06
+4.031454E-06
+4.067146E-06
+4.103152E-06
+4.078754E-06
+4.054503E-06
+4.030395E-06
+4.006430E-06
+4.108046E-06
+4.212239E-06
+4.319075E-06
+4.428619E-06
+4.438315E-06
+4.448032E-06
+4.457771E-06
+4.467530E-06
+4.470675E-06
+4.473823E-06
+4.476972E-06
+4.480124E-06
+4.554279E-06
+4.629662E-06
+4.706292E-06
+4.784190E-06
+4.814589E-06
+4.845182E-06
+4.875968E-06
+4.906949E-06
+4.991983E-06
+5.078490E-06
+5.166496E-06
+5.256028E-06
+5.324136E-06
+5.393126E-06
+5.463011E-06
+5.533802E-06
+5.524291E-06
+5.514795E-06
+5.505315E-06
+5.495853E-06
+5.569550E-06
+5.644236E-06
+5.719923E-06
+5.796624E-06
+5.851144E-06
+5.906177E-06
+5.961727E-06
+6.017796E-06
+6.081205E-06
+6.145283E-06
+6.210035E-06
+6.275469E-06
+6.353293E-06
+6.432083E-06
+6.511849E-06
+6.592605E-06
+6.595992E-06
+6.599381E-06
+6.602771E-06
+6.606164E-06
+6.635341E-06
+6.664648E-06
+6.694084E-06
+6.723649E-06
+6.831303E-06
+6.940681E-06
+7.051810E-06
+7.164715E-06
+7.207321E-06
+7.250180E-06
+7.293294E-06
+7.336667E-06
+7.379731E-06
+7.423047E-06
+7.466618E-06
+7.510444E-06
+7.590416E-06
+7.671240E-06
+7.752926E-06
+7.835482E-06
+7.956974E-06
+8.080349E-06
+8.205637E-06
+8.332872E-06
+8.292993E-06
+8.253304E-06
+8.213805E-06
+8.174495E-06
+8.298331E-06
+8.424044E-06
+8.551660E-06
+8.681214E-06
+8.749465E-06
+8.818251E-06
+8.887579E-06
+8.957449E-06
+9.087322E-06
+9.219076E-06
+9.352741E-06
+9.488340E-06
+9.559176E-06
+9.630541E-06
+9.702438E-06
+9.774876E-06
+9.920601E-06
+1.006850E-05
+1.021860E-05
+1.037094E-05
+1.042912E-05
+1.048763E-05
+1.054647E-05
+1.060565E-05
+1.068090E-05
+1.075668E-05
+1.083300E-05
+1.090986E-05
+1.106766E-05
+1.122774E-05
+1.139014E-05
+1.155488E-05
+1.158552E-05
+1.161624E-05
+1.164704E-05
+1.167792E-05
+1.179239E-05
+1.190798E-05
+1.202470E-05
+1.214256E-05
+1.233807E-05
+1.253673E-05
+1.273859E-05
+1.294370E-05
+1.299455E-05
+1.304561E-05
+1.309687E-05
+1.314833E-05
+1.327744E-05
+1.340783E-05
+1.353949E-05
+1.367245E-05
+1.381985E-05
+1.396884E-05
+1.411943E-05
+1.427165E-05
+1.439319E-05
+1.451578E-05
+1.463940E-05
+1.476408E-05
+1.492607E-05
+1.508984E-05
+1.525541E-05
+1.542279E-05
+1.551577E-05
+1.560931E-05
+1.570342E-05
+1.579809E-05
+1.601718E-05
+1.623930E-05
+1.646451E-05
+1.669284E-05
+1.679772E-05
+1.690325E-05
+1.700945E-05
+1.711631E-05
+1.718556E-05
+1.725509E-05
+1.732491E-05
+1.739500E-05
+1.764659E-05
+1.790182E-05
+1.816075E-05
+1.842342E-05
+1.857364E-05
+1.872507E-05
+1.887775E-05
+1.903167E-05
+1.917973E-05
+1.932894E-05
+1.947931E-05
+1.963085E-05
+1.989978E-05
+2.017240E-05
+2.044875E-05
+2.072889E-05
+2.089312E-05
+2.105865E-05
+2.122549E-05
+2.139364E-05
+2.160444E-05
+2.181732E-05
+2.203230E-05
+2.224941E-05
+2.246129E-05
+2.267519E-05
+2.289112E-05
+2.310912E-05
+2.334470E-05
+2.358268E-05
+2.382309E-05
+2.406595E-05
+2.420802E-05
+2.435092E-05
+2.449467E-05
+2.463928E-05
+2.492706E-05
+2.521820E-05
+2.551273E-05
+2.581072E-05
+2.606446E-05
+2.632069E-05
+2.657944E-05
+2.684074E-05
+2.704278E-05
+2.724634E-05
+2.745143E-05
+2.765808E-05
+2.787259E-05
+2.808877E-05
+2.830663E-05
+2.852616E-05
+2.871474E-05
+2.890456E-05
+2.909564E-05
+2.928797E-05
+2.970173E-05
+3.012134E-05
+3.054689E-05
+3.097844E-05
+3.118227E-05
+3.138745E-05
+3.159398E-05
+3.180185E-05
+3.213416E-05
+3.246996E-05
+3.280926E-05
+3.315209E-05
+3.336052E-05
+3.357026E-05
+3.378133E-05
+3.399372E-05
+3.433139E-05
+3.467240E-05
+3.501680E-05
+3.536463E-05
+3.569853E-05
+3.603558E-05
+3.637582E-05
+3.671925E-05
+3.700802E-05
+3.729907E-05
+3.759241E-05
+3.788807E-05
+3.823951E-05
+3.859420E-05
+3.895219E-05
+3.931350E-05
+3.960257E-05
+3.989376E-05
+4.018709E-05
+4.048259E-05
+4.062417E-05
+4.076625E-05
+4.090882E-05
+4.105189E-05
+4.128049E-05
+4.151036E-05
+4.174151E-05
+4.197393E-05
+4.222018E-05
+4.246788E-05
+4.271703E-05
+4.296765E-05
+4.307038E-05
+4.317336E-05
+4.327658E-05
+4.338003E-05
+4.350526E-05
+4.363085E-05
+4.375680E-05
+4.388312E-05
+4.360108E-05
+4.332086E-05
+4.304243E-05
+4.276579E-05
+4.302589E-05
+4.328758E-05
+4.355086E-05
+4.381574E-05
+4.376552E-05
+4.371535E-05
+4.366524E-05
+4.361517E-05
+4.436501E-05
+4.512774E-05
+4.590359E-05
+4.669275E-05
+4.804977E-05
+4.944623E-05
+5.088327E-05
+5.236207E-05
+5.352061E-05
+5.470477E-05
+5.591514E-05
+5.715228E-05
+5.956112E-05
+6.207148E-05
+6.468765E-05
+6.741405E-05
+6.909563E-05
+7.081918E-05
+7.258571E-05
+7.439632E-05
+7.630228E-05
+7.825707E-05
+8.026195E-05
+8.231816E-05
+8.394684E-05
+8.560774E-05
+8.730151E-05
+8.902878E-05
+9.039342E-05
+9.177899E-05
+9.318579E-05
+9.461419E-05
+9.557739E-05
+9.655038E-05
+9.753329E-05
+9.852618E-05
+9.965204E-05
+1.007908E-04
+1.019425E-04
+1.031074E-04
+1.040052E-04
+1.049109E-04
+1.058244E-04
+1.067459E-04
+1.073919E-04
+1.080417E-04
+1.086955E-04
+1.093533E-04
+1.099731E-04
+1.105963E-04
+1.112232E-04
+1.118536E-04
+1.120155E-04
+1.121777E-04
+1.123401E-04
+1.125027E-04
+1.130674E-04
+1.136349E-04
+1.142053E-04
+1.147787E-04
+1.148565E-04
+1.149343E-04
+1.150122E-04
+1.150902E-04
+1.153528E-04
+1.156161E-04
+1.158799E-04
+1.161443E-04
+1.162374E-04
+1.163306E-04
+1.164238E-04
+1.165172E-04
+1.167946E-04
+1.170726E-04
+1.173514E-04
+1.176308E-04
+1.177026E-04
+1.177744E-04
+1.178463E-04
+1.179182E-04
+1.178789E-04
+1.178396E-04
+1.178004E-04
+1.177612E-04
+1.179698E-04
+1.181788E-04
+1.183881E-04
+1.185979E-04
+1.187967E-04
+1.189959E-04
+1.191955E-04
+1.193954E-04
+1.195896E-04
+1.197842E-04
+1.199791E-04
+1.201743E-04
+1.205453E-04
+1.209174E-04
+1.212906E-04
+1.216651E-04
+1.219728E-04
+1.222812E-04
+1.225905E-04
+1.229005E-04
+1.231670E-04
+1.234341E-04
+1.237017E-04
+1.239699E-04
+1.243342E-04
+1.246997E-04
+1.250662E-04
+1.254337E-04
+1.255535E-04
+1.256735E-04
+1.257936E-04
+1.259138E-04
+1.267219E-04
+1.275351E-04
+1.283536E-04
+1.291773E-04
+1.294247E-04
+1.296727E-04
+1.299211E-04
+1.301699E-04
+1.303982E-04
+1.306269E-04
+1.308559E-04
+1.310854E-04
+1.312991E-04
+1.315132E-04
+1.317276E-04
+1.319424E-04
+1.325134E-04
+1.330870E-04
+1.336630E-04
+1.342415E-04
+1.347204E-04
+1.352010E-04
+1.356833E-04
+1.361672E-04
+1.365320E-04
+1.368978E-04
+1.372645E-04
+1.376322E-04
+1.383803E-04
+1.391324E-04
+1.398886E-04
+1.406490E-04
+1.407693E-04
+1.408897E-04
+1.410103E-04
+1.411308E-04
+1.417091E-04
+1.422898E-04
+1.428728E-04
+1.434582E-04
+1.438567E-04
+1.442564E-04
+1.446571E-04
+1.450589E-04
+1.457912E-04
+1.465272E-04
+1.472670E-04
+1.480104E-04
+1.486573E-04
+1.493071E-04
+1.499598E-04
+1.506153E-04
+1.513318E-04
+1.520517E-04
+1.527750E-04
+1.535017E-04
+1.540463E-04
+1.545929E-04
+1.551414E-04
+1.556919E-04
+1.563392E-04
+1.569893E-04
+1.576421E-04
+1.582976E-04
+1.592670E-04
+1.602423E-04
+1.612236E-04
+1.622108E-04
+1.630598E-04
+1.639131E-04
+1.647710E-04
+1.656333E-04
+1.664236E-04
+1.672177E-04
+1.680157E-04
+1.688173E-04
+1.696431E-04
+1.704730E-04
+1.713069E-04
+1.721449E-04
+1.731092E-04
+1.740790E-04
+1.750542E-04
+1.760347E-04
+1.771603E-04
+1.782931E-04
+1.794331E-04
+1.805803E-04
+1.813922E-04
+1.822078E-04
+1.830270E-04
+1.838500E-04
+1.851207E-04
+1.864003E-04
+1.876886E-04
+1.889859E-04
+1.901689E-04
+1.913592E-04
+1.925570E-04
+1.937623E-04
+1.950770E-04
+1.964007E-04
+1.977334E-04
+1.990750E-04
+2.004555E-04
+2.018455E-04
+2.032452E-04
+2.046545E-04
+2.058279E-04
+2.070080E-04
+2.081949E-04
+2.093885E-04
+2.109323E-04
+2.124874E-04
+2.140540E-04
+2.156321E-04
+2.171911E-04
+2.187613E-04
+2.203428E-04
+2.219358E-04
+2.236128E-04
+2.253024E-04
+2.270049E-04
+2.287202E-04
+2.303137E-04
+2.319184E-04
+2.335342E-04
+2.351614E-04
+2.369556E-04
+2.387635E-04
+2.405852E-04
+2.424206E-04
+2.441205E-04
+2.458324E-04
+2.475562E-04
+2.492921E-04
+2.511859E-04
+2.530942E-04
+2.550170E-04
+2.569544E-04
+2.591188E-04
+2.613015E-04
+2.635025E-04
+2.657220E-04
+2.677315E-04
+2.697562E-04
+2.717962E-04
+2.738516E-04
+2.759586E-04
+2.780817E-04
+2.802212E-04
+2.823771E-04
+2.845547E-04
+2.867490E-04
+2.889602E-04
+2.911885E-04
+2.937528E-04
+2.963396E-04
+2.989491E-04
+3.015815E-04
+3.036747E-04
+3.057824E-04
+3.079047E-04
+3.100417E-04
+3.128533E-04
+3.156903E-04
+3.185531E-04
+3.214417E-04
+3.240794E-04
+3.267387E-04
+3.294199E-04
+3.321230E-04
+3.342524E-04
+3.363953E-04
+3.385521E-04
+3.407228E-04
+3.441719E-04
+3.476560E-04
+3.511754E-04
+3.547304E-04
+3.573733E-04
+3.600360E-04
+3.627185E-04
+3.654209E-04
+3.679436E-04
+3.704838E-04
+3.730415E-04
+3.756169E-04
+3.784397E-04
+3.812838E-04
+3.841492E-04
+3.870360E-04
+3.908122E-04
+3.946252E-04
+3.984754E-04
+4.023631E-04
+4.052393E-04
+4.081362E-04
+4.110538E-04
+4.139920E-04
+4.182568E-04
+4.225655E-04
+4.269186E-04
+4.313164E-04
+4.349781E-04
+4.386709E-04
+4.423950E-04
+4.461510E-04
+4.496542E-04
+4.531849E-04
+4.567433E-04
+4.603299E-04
+4.636373E-04
+4.669686E-04
+4.703237E-04
+4.737031E-04
+4.776950E-04
+4.817206E-04
+4.857801E-04
+4.898738E-04
+4.945860E-04
+4.993434E-04
+5.041466E-04
+5.089957E-04
+5.126245E-04
+5.162791E-04
+5.199598E-04
+5.236664E-04
+5.285173E-04
+5.334131E-04
+5.383543E-04
+5.433410E-04
+5.484631E-04
+5.536333E-04
+5.588523E-04
+5.641206E-04
+5.689929E-04
+5.739073E-04
+5.788641E-04
+5.838636E-04
+5.877874E-04
+5.917374E-04
+5.957141E-04
+5.997177E-04
+6.054930E-04
+6.113239E-04
+6.172109E-04
+6.231547E-04
+6.278997E-04
+6.326807E-04
+6.374982E-04
+6.423520E-04
+6.472101E-04
+6.521048E-04
+6.570367E-04
+6.620059E-04
+6.688961E-04
+6.758581E-04
+6.828925E-04
+6.902294E-04
