Hz,real,imaginary,V^2 (rms) 
9.99999046326,1.804239e-05,1.804239e-05,0.138162399444
10.022412543,3.072899e-05,3.072899e-05,0.180308822358
10.0448848978,5.233623e-05,5.233623e-05,0.235311987242
10.0674076403,8.913672e-05,8.913672e-05,0.307093877764
10.0899808835,0.0001518137,0.0001518137,0.400772871587
10.1126047407,0.0001722557,0.0001722557,0.426903420694
10.1352793254,0.0001954503,0.0001954503,0.454737745739
10.1580047512,0.0002217681,0.0002217681,0.484386880293
10.1807811322,0.0002516296,0.0002516296,0.515969104501
10.2036085826,0.0002403876,0.0002403876,0.504311491838
10.226487217,0.0002296479,0.0002296479,0.492917313756
10.24941715,0.000219388,0.000219388,0.481780555855
10.2723984968,0.0002095864,0.0002095864,0.470895329346
10.2954313727,0.0001564143,0.0001564143,0.406800109882
10.318515893,0.0001167321,0.0001167321,0.351429312665
10.3416521737,8.711716e-05,8.711716e-05,0.303595051475
10.3648403308,6.501555e-05,6.501555e-05,0.262271713877
10.3880804806,4.072695e-05,4.072695e-05,0.207579173088
10.4113727398,2.551212e-05,2.551212e-05,0.164291883427
10.434717225,1.598127e-05,1.598127e-05,0.130031471806
10.4581140535,1.001096e-05,1.001096e-05,0.102915478331
10.4815633426,7.929386e-06,7.929386e-06,0.0915930695413
10.50506521,6.280633e-06,6.280633e-06,0.0815163156307
10.5286197734,4.974704e-06,4.974704e-06,0.0725481690465
10.5522271512,3.940316e-06,3.940316e-06,0.0645666657649
10.5758874616,8.20111e-06,8.20111e-06,0.0931492049349
10.5996008235,1.706924e-05,1.706924e-05,0.134384730978
10.6233673556,3.552678e-05,3.552678e-05,0.193874529632
10.6471871774,7.39431e-05,7.39431e-05,0.279699481229
10.6710604082,9.518866e-05,9.518866e-05,0.317347762368
10.6949871677,0.0001225386,0.0001225386,0.360063659372
10.7189675761,0.0001577467,0.0001577467,0.408529079259
10.7430017537,0.0002030712,0.0002030712,0.463518424229
10.7670898208,0.000212667,0.000212667,0.474343426222
10.7912318985,0.0002227164,0.0002227164,0.485421416091
10.8154281078,0.0002332406,0.0002332406,0.496758044525
10.8396785701,0.000244262,0.000244262,0.508359317806
10.8639834071,0.0002821842,0.0002821842,0.546398099923
10.8883427405,0.0003259939,0.0003259939,0.587283190803
10.9127566928,0.0003766051,0.0003766051,0.631227530927
10.9372253862,0.0004350739,0.0004350739,0.678460158152
10.9617489436,0.0002982751,0.0002982751,0.561760674843
10.9863274879,0.0002044896,0.0002044896,0.465134385742
11.0109611426,0.0001401927,0.0001401927,0.385128389761
11.035650031,9.611237e-05,9.611237e-05,0.318883814986
11.0603942771,0.0001333239,0.0001333239,0.375575140551
11.085194005,0.0001849426,0.0001849426,0.442345194164
11.1100493392,0.0002565462,0.0002565462,0.520985488857
11.1349604041,0.0003558727,0.0003558727,0.613606809447
11.159927325,0.0003253059,0.0003253059,0.586663142016
11.1849502269,0.0002973645,0.0002973645,0.560902523617
11.2100292354,0.0002718231,0.0002718231,0.53627310188
11.2351644764,0.0002484755,0.0002484755,0.512725149568
11.2603560758,0.0001916891,0.0001916891,0.4503410572
11.2856041601,0.0001478807,0.0001478807,0.395547444183
11.3109088559,0.0001140842,0.0001140842,0.347420614817
11.3362702901,8.801148e-05,8.801148e-05,0.305149382827
11.36168859,7.86086e-05,7.86086e-05,0.288388451225
11.3871638831,7.02103e-05,7.02103e-05,0.272548156112
11.4126962971,6.270923e-05,6.270923e-05,0.257577882086
11.4382859602,5.600954e-05,5.600954e-05,0.243429852976
11.4639330007,5.223862e-05,5.223862e-05,0.235092449815
11.4896375472,4.872158e-05,4.872158e-05,0.227040594696
11.5153997287,4.544133e-05,4.544133e-05,0.219264514092
11.5412196745,4.238194e-05,4.238194e-05,0.211754793381
11.5670975139,2.995547e-05,2.995547e-05,0.178024962463
11.593033377,2.117247e-05,2.117247e-05,0.149667876513
11.6190273937,1.496466e-05,1.496466e-05,0.125827700766
11.6450796944,1.057699e-05,1.057699e-05,0.105784948929
11.6711904099,1.189735e-05,1.189735e-05,0.112193566215
11.6973596711,1.338252e-05,1.338252e-05,0.118990361626
11.7235876092,1.50531e-05,1.50531e-05,0.126198969092
11.749874356,1.693223e-05,1.693223e-05,0.133844310077
11.7762200431,2.471485e-05,2.471485e-05,0.161704394807
11.8026248028,3.607461e-05,3.607461e-05,0.195363603007
11.8290887675,5.265569e-05,5.265569e-05,0.236029066049
11.85561207,7.685803e-05,7.685803e-05,0.285159246282
11.8821948433,8.029032e-05,8.029032e-05,0.291456958332
11.9088372207,8.387588e-05,8.387588e-05,0.29789374119
11.935539336,8.762156e-05,8.762156e-05,0.304472676081
11.962301323,9.153451e-05,9.153451e-05,0.311196901623
11.989123316,8.267902e-05,8.267902e-05,0.295760719434
12.0160054496,7.468024e-05,7.468024e-05,0.281090188231
12.0429478585,6.74553e-05,6.74553e-05,0.267147351475
12.069950678,6.092936e-05,6.092936e-05,0.253896165548
12.0970140435,9.161603e-05,9.161603e-05,0.311335445685
12.1241380908,0.0001377579,0.0001377579,0.38176937829
12.1513229558,0.0002071387,0.0002071387,0.468137527443
12.1785687751,0.0003114628,0.0003114628,0.574044982906
12.2058756851,0.0001884979,0.0001884979,0.446576732712
12.2332438231,0.0001140792,0.0001140792,0.347413001484
12.2606733261,6.904096e-05,6.904096e-05,0.27026900614
12.2881643318,4.17837e-05,4.17837e-05,0.210254975209
12.3157169782,8.358752e-05,8.358752e-05,0.297381230342
12.3433314034,0.0001672153,0.0001672153,0.420611206936
12.3710077459,0.0003345112,0.0003345112,0.594905748501
12.3987461446,0.0006691838,0.0006691838,0.841425255385
12.4265467386,0.0004956797,0.0004956797,0.724174787327
12.4544096674,0.0003671612,0.0003671612,0.62326282546
12.4823350707,0.0002719647,0.0002719647,0.536412763271
12.5103230886,0.0002014504,0.0002014504,0.461664946904
12.5383738616,0.0001483938,0.0001483938,0.396233063234
12.5664875303,0.0001093109,0.0001093109,0.340074892046
12.5946642357,8.052136e-05,8.052136e-05,0.29187599915
12.6229041193,5.931419e-05,5.931419e-05,0.250508309283
12.6512073226,3.978445e-05,3.978445e-05,0.205163223069
12.6795739876,2.668505e-05,2.668505e-05,0.16802613755
12.7080042566,1.789876e-05,1.789876e-05,0.1376113661
12.7364982723,1.200542e-05,1.200542e-05,0.112701971411
12.7650561775,2.545381e-05,2.545381e-05,0.164104024874
12.7936781156,5.396698e-05,5.396698e-05,0.238949921197
12.8223642301,0.0001144204,0.0001144204,0.347932153156
12.8511146648,0.0002425933,0.0002425933,0.506619888477
12.8799295641,0.0001938813,0.0001938813,0.452908837847
12.9088090725,0.0001549505,0.0001549505,0.4048921202
12.9377533347,0.000123837,0.000123837,0.361966222181
12.9667624961,9.897086e-05,9.897086e-05,0.323591053461
12.9958367021,4.987469e-05,4.987469e-05,0.229711606194
13.0249760986,2.51335e-05,2.51335e-05,0.163068215787
13.0541808318,1.26656e-05,1.26656e-05,0.115759253626
13.0834510481,6.382614e-06,6.382614e-06,0.0821754562628
13.1127868944,9.300687e-06,9.300687e-06,0.0991974135046
13.1421885178,1.355288e-05,1.355288e-05,0.119745342456
13.1716560658,1.974913e-05,1.974913e-05,0.144549574679
13.2011896862,2.877825e-05,2.877825e-05,0.174491800667
13.2307895273,3.029036e-05,3.029036e-05,0.179017320056
13.2604557374,3.188192e-05,3.188192e-05,0.183660206251
13.2901884653,3.355711e-05,3.355711e-05,0.188423518649
13.3199878603,3.532031e-05,3.532031e-05,0.19331034111
13.3498540718,4.858573e-05,4.858573e-05,0.226723845989
13.3797872497,6.683332e-05,6.683332e-05,0.265912866481
13.409787544,9.193426e-05,9.193426e-05,0.311875691711
13.4398551052,0.0001264625,0.0001264625,0.365783166644
13.4699900843,9.862196e-05,9.862196e-05,0.323020175345
13.5001926323,7.691049e-05,7.691049e-05,0.285256548426
13.5304629008,5.997877e-05,5.997877e-05,0.251907797934
13.5608010415,4.677452e-05,4.677452e-05,0.222457731176
13.5912072068,7.072062e-05,7.072062e-05,0.273536863987
13.621681549,0.0001069259,0.0001069259,0.336344469555
13.6522242212,0.0001616663,0.0001616663,0.413573385749
13.6828353764,0.0002444311,0.0002444311,0.508535253252
13.7135151683,0.000264456,0.000264456,0.52895599817
13.7442637507,0.0002861214,0.0002861214,0.550196729543
13.7750812779,0.0003095617,0.0003095617,0.572290379615
13.8059679045,0.0003349223,0.0003349223,0.595271193155
13.8369237854,0.0002710186,0.0002710186,0.535478924702
13.8679490758,0.0002193078,0.0002193078,0.481692487382
13.8990439315,0.0001774636,0.0001774636,0.433308768432
13.9302085084,0.0001436032,0.0001436032,0.389784793957
13.9614429628,0.0002438657,0.0002438657,0.507946759612
13.9927474514,0.0004141307,0.0004141307,0.66192921117
14.0241221313,0.0007032732,0.0007032732,0.862590891211
14.0555671598,0.001194293,0.001194293,1.1240827345
14.0870826946,0.0009778996,0.0009778996,1.01716162767
14.1186688939,0.0008007147,0.0008007147,0.920410860757
14.1503259161,0.0006556337,0.0006556337,0.832862806589
14.18205392,0.0005368397,0.0005368397,0.753642091845
14.2138530647,0.0005338718,0.0005338718,0.751555962254
14.2457235099,0.0005309203,0.0005309203,0.749475601604
14.2776654152,0.0005279852,0.0005279852,0.747401058067
14.309678941,0.0005250662,0.0005250662,0.745332167292
14.3417642479,0.0004043789,0.0004043789,0.65408934879
14.3739214967,0.0003114318,0.0003114318,0.574016414748
14.4061508489,0.0002398488,0.0002398488,0.5037459979
14.438452466,0.0001847192,0.0001847192,0.442077949688
14.4708265102,0.0002263435,0.0002263435,0.489358174551
14.5032731437,0.0002773473,0.0002773473,0.541694972655
14.5357925295,0.0003398442,0.0003398442,0.599629188416
14.5683848305,0.0004164242,0.0004164242,0.663759597746
14.6010502103,0.0003710866,0.0003710866,0.626585686718
14.6337888328,0.0003306852,0.0003306852,0.591493822115
14.6666008621,0.0002946823,0.0002946823,0.558367149284
14.6994864629,0.0002625991,0.0002625991,0.52709567234
14.7324458001,0.0001168268,0.0001168268,0.351571833912
14.7654790391,5.197466e-05,5.197466e-05,0.234497740458
14.7985863456,2.312282e-05,2.312282e-05,0.156409537944
14.8317678855,1.028703e-05,1.028703e-05,0.104324866355
14.8650238255,4.610233e-06,4.610233e-06,0.0698400065435
14.8983543323,2.066122e-06,2.066122e-06,0.0467542198737
14.9317595731,9.25953e-07,9.25953e-07,0.0312994931908
14.9652397154,4.14975e-07,4.14975e-07,0.020953366078
14.9987949272,5.754775e-07,5.754775e-07,0.0246749912867
15.0324253769,7.980587e-07,7.980587e-07,0.0290576341879
15.0661312332,1.106729e-06,1.106729e-06,0.034218697842
15.099912665,1.534786e-06,1.534786e-06,0.0402964463446
15.1337698419,2.899514e-06,2.899514e-06,0.0553866934561
15.1677029337,5.477755e-06,5.477755e-06,0.0761279501235
15.2017121106,1.034856e-05,1.034856e-05,0.104636401314
15.2357975433,1.955047e-05,1.955047e-05,0.143820712208
15.2699594026,3.437198e-05,3.437198e-05,0.19069754807
15.3041978601,6.04299e-05,6.04299e-05,0.25285338479
15.3385130873,0.0001062427,0.0001062427,0.335268215911
15.3729052565,0.000186787,0.000186787,0.444545437498
15.4073745401,0.0002455256,0.0002455256,0.509672527021
15.4419211112,0.0003227355,0.0003227355,0.584340790122
15.4765451429,0.0004242256,0.0004242256,0.669948270242
15.5112468089,0.000557631,0.000557631,0.768097388356
15.5460262834,0.000372902,0.000372902,0.628116482828
15.5808837408,0.000249369,0.000249369,0.513646183671
15.6158193559,0.0001667593,0.0001667593,0.420037307153
15.650833304,0.0001115161,0.0001115161,0.343488040258
15.6859257607,0.000191916,0.000191916,0.450607509924
15.7210969021,0.0003302817,0.0003302817,0.591132843446
15.7563469046,0.0005684051,0.0005684051,0.775482169879
15.791675945,0.0009782088,0.0009782088,1.01732242205
15.8270842005,0.0006955009,0.0006955009,0.85781114017
15.8625718488,0.0004944971,0.0004944971,0.723310397962
15.8981390678,0.0003515846,0.0003515846,0.609898767666
15.9337860361,0.0002499746,0.0002499746,0.514269507943
15.9695129323,0.0003092044,0.0003092044,0.571960011889
16.0053199357,0.0003824683,0.0003824683,0.636122206341
16.0412072259,0.0004730916,0.0004730916,0.707482093625
16.077174983,0.0005851876,0.0005851876,0.786847177538
16.1132233874,0.0006268366,0.0006268366,0.814366700449
16.1493526198,0.0006714498,0.0006714498,0.842848674674
16.1855628616,0.0007192382,0.0007192382,0.872326782576
16.2218542944,0.000770428,0.000770428,0.902835989535
16.2582271001,0.0008481436,0.0008481436,0.94727816865
16.2946814614,0.0009336986,0.0009336986,0.993908003187
16.331217561,0.001027884,0.001027884,1.04283329061
16.3678355822,0.00113157,0.00113157,1.09416683371
16.4045357087,0.0009806054,0.0009806054,1.01856787363
16.4413181245,0.0008497812,0.0008497812,0.948192232409
16.4781830143,0.0007364105,0.0007364105,0.882679052091
16.515130563,0.0006381646,0.0006381646,0.821692245795
16.5521609557,0.0006126087,0.0006126087,0.80507142826
16.5892743785,0.0005880763,0.0005880763,0.788786869439
16.6264710173,0.0005645263,0.0005645263,0.772831692803
16.6637510587,0.0005419193,0.0005419193,0.757199194004
16.7011146899,0.0004333196,0.0004333196,0.677090936876
16.7385620982,0.0003464831,0.0003464831,0.605457777058
16.7760934714,0.0002770486,0.0002770486,0.541403194302
16.8137089979,0.0002215285,0.0002215285,0.48412514188
16.8514088663,0.0002350762,0.0002350762,0.498708952797
16.8891932657,0.0002494525,0.0002494525,0.51373217244
16.9270623856,0.0002647079,0.0002647079,0.529207859163
16.9650164161,0.0002808963,0.0002808963,0.545149782537
17.0030555475,0.0002024527,0.0002024527,0.46281201
17.0411799706,0.0001459154,0.0001459154,0.392910286452
17.0793898767,0.0001051668,0.0001051668,0.333566296859
17.1176854575,7.579774e-05,7.579774e-05,0.283185467353
17.1560669049,7.112972e-05,7.112972e-05,0.274326892156
17.1945344117,6.674917e-05,6.674917e-05,0.265745407975
17.2330881706,6.26384e-05,6.26384e-05,0.257432374032
17.2717283752,5.878078e-05,5.878078e-05,0.249379360092
17.3104552193,2.834217e-05,2.834217e-05,0.173164707316
17.3492688971,1.366567e-05,1.366567e-05,0.120242583389
17.3881696033,6.589136e-06,6.589136e-06,0.0834943464433
17.427157533,3.177065e-06,3.177065e-06,0.0579770193266
17.4662328819,2.556188e-06,2.556188e-06,0.0520042969763
17.5053958459,2.056646e-06,2.056646e-06,0.0466468805817
17.5446466216,1.654727e-06,1.654727e-06,0.0418413810241
17.5839854057,1.331353e-06,1.331353e-06,0.0375309402227
17.6234123956,2.687286e-06,2.687286e-06,0.0533211832952
17.6629277891,5.424188e-06,5.424188e-06,0.0757548077946
17.7025317845,1.094852e-05,1.094852e-05,0.107626828254
17.7422245803,2.20992e-05,2.20992e-05,0.152908317629
17.7820063757,3.811708e-05,3.811708e-05,0.200818003775
17.8218773702,6.5745e-05,6.5745e-05,0.26373890498
17.8618377639,0.0001133981,0.0001133981,0.346374349223
17.9018877572,0.0001955911,0.0001955911,0.45490151
17.942027551,0.000215188,0.000215188,0.477146627359
17.9822573467,0.0002367485,0.0002367485,0.500479682904
18.022577346,0.0002604691,0.0002604691,0.524953624428
18.0629877512,0.0002865665,0.0002865665,0.550624515437
18.103488765,0.0003639917,0.0003639917,0.620566852644
18.1440805906,0.0004623359,0.0004623359,0.699393581755
18.1847634316,0.0005872509,0.0005872509,0.788233120466
18.2255374921,0.0007459158,0.0007459158,0.88835742604
18.2664029766,0.0005162283,0.0005162283,0.739032841895
18.3073600901,0.0003572677,0.0003572677,0.614808284427
18.3484090381,0.0002472554,0.0002472554,0.511464772198
18.3895500264,0.0001711188,0.0001711188,0.425492291822
18.4307832615,0.0002912642,0.0002912642,0.555119377792
18.4721089501,0.0004957658,0.0004957658,0.724237679495
18.5135272997,0.0008438516,0.0008438516,0.944878295232
18.5550385178,0.001436335,0.001436335,1.23273777828
18.5966428129,0.001000469,0.001000469,1.02883244603
18.6383403935,0.0006968698,0.0006968698,0.858654906467
18.6801314688,0.0004853999,0.0004853999,0.716626188609
18.7220162485,0.0003381019,0.0003381019,0.598090135515
18.7639949427,0.0003335018,0.0003335018,0.594007495239
18.806067762,0.0003289643,0.0003289643,0.589952734886
18.8482349173,0.0003244886,0.0003244886,0.585925710991
18.8904966203,0.0003200737,0.0003200737,0.581926090324
18.9328530829,0.0005026029,0.0005026029,0.729214555669
18.9753045176,0.0007892234,0.0007892234,0.913782445224
19.0178511373,0.001239296,0.001239296,1.14506557367
19.0604931555,0.001946032,0.001946032,1.43488740185
19.103230786,0.00129604,0.00129604,1.17098690001
19.1460642433,0.0008631507,0.0008631507,0.955622017641
19.1889937422,0.0005748506,0.0005748506,0.779866613467
19.232019498,0.0003828452,0.0003828452,0.63643555966
19.2751417267,0.000398953,0.000398953,0.649686288912
19.3183606444,0.0004157385,0.0004157385,0.663212886636
19.361676468,0.0004332302,0.0004332302,0.677021086525
19.4050894148,0.0004514579,0.0004514579,0.691116819503
19.4485997026,0.0004114601,0.0004114601,0.659791471451
19.4922075496,0.0003750059,0.0003750059,0.629885896175
19.5359131745,0.0003417815,0.0003417815,0.601335868712
19.5797167966,0.0003115006,0.0003115006,0.574079815705
19.6236186356,0.0004229813,0.0004229813,0.668965033017
19.6676189118,0.0005743591,0.0005743591,0.779533147339
19.7117178459,0.0007799123,0.0007799123,0.908376140924
19.755915659,0.001059029,0.001059029,1.05851437496
19.8002125729,0.00108818,0.00108818,1.0729838955
19.8446088098,0.001118134,0.001118134,1.08765149382
19.8891045924,0.001148912,0.001148912,1.10251934042
19.9337001439,0.001180537,0.001180537,1.11759033013
19.978395688,0.0009561739,0.0009561739,1.00579917787
20.0231914488,0.0007744516,0.0007744516,0.905190473215
20.0680876512,0.000627266,0.000627266,0.814645584288
20.1130845203,0.0005080531,0.0005080531,0.733157677311
20.1581822819,0.0004088347,0.0004088347,0.657683139969
20.2033811621,0.0003289928,0.0003289928,0.58997828977
20.2486813877,0.0002647433,0.0002647433,0.529243244076
20.2940831859,0.0002130412,0.0002130412,0.474760560283
20.3395867845,0.0001629757,0.0001629757,0.415244856199
20.3851924117,0.0001246757,0.0001246757,0.363189882293
20.4309002963,9.537645e-05,9.537645e-05,0.317660642982
20.4767106676,7.296263e-05,7.296263e-05,0.277838914733
20.5226237553,5.372029e-05,5.372029e-05,0.238403160256
20.5686397899,3.95527e-05,3.95527e-05,0.204564798047
20.6147590021,2.912152e-05,2.912152e-05,0.175529394006
20.6609816232,2.144133e-05,2.144133e-05,0.150615162384
20.7073078852,2.682478e-05,2.682478e-05,0.168465477888
20.7537380204,3.35599e-05,3.35599e-05,0.188431351425
20.8002722617,4.198605e-05,4.198605e-05,0.210763471456
20.8469108425,5.252783e-05,5.252783e-05,0.235742325729
20.8936539968,3.222574e-05,3.222574e-05,0.184647861943
20.9405019592,1.977044e-05,1.977044e-05,0.144627540669
20.9874549645,1.212914e-05,1.212914e-05,0.113281199323
21.0345132483,7.441205e-06,7.441205e-06,0.0887287714893
21.0816770466,9.137586e-06,9.137586e-06,0.098323781396
21.1289465961,1.122069e-05,1.122069e-05,0.108956367506
21.1763221339,1.377869e-05,1.377869e-05,0.120738784241
21.2238038976,1.691984e-05,1.691984e-05,0.133795331458
21.2713921253,2.408134e-05,2.408134e-05,0.159618475497
21.3190870559,3.427401e-05,3.427401e-05,0.190425582788
21.3668889285,4.878084e-05,4.878084e-05,0.22717862734
21.414797983,6.942786e-05,6.942786e-05,0.271025231076
21.4628144596,7.870706e-05,7.870706e-05,0.288569002978
21.5109385993,8.922645e-05,8.922645e-05,0.307248407807
21.5591706434,0.0001011518,0.0001011518,0.327136981095
21.6075108339,0.000114671,0.000114671,0.348312959851
21.6559594132,0.0001289828,0.0001289828,0.369410073496
21.7045166244,0.000145081,0.000145081,0.391785270269
21.7531827111,0.0001631883,0.0001631883,0.415515609093
21.8019579174,0.0001835555,0.0001835555,0.440683241115
21.850842488,0.0002452279,0.0002452279,0.509363444114
21.899836668,0.0003276214,0.0003276214,0.588747349208
21.9489407033,0.0004376982,0.0004376982,0.680503266414
21.9981548401,0.0005847593,0.0005847593,0.786559177303
22.0474793254,0.0006487974,0.0006487974,0.82850929337
22.0969144066,0.0007198483,0.0007198483,0.872696683505
22.1464603315,0.0007986802,0.0007986802,0.919240801749
22.1961173489,0.0008861452,0.0008861452,0.968267329615
22.2458857077,0.0007129107,0.0007129107,0.868481157309
22.2957656576,0.0005735422,0.0005735422,0.778978592517
22.3457574489,0.0004614191,0.0004614191,0.698699798053
22.3958613323,0.0003712152,0.0003712152,0.626694248897
22.4460775591,0.0003953695,0.0003953695,0.646761881221
22.4964063812,0.0004210955,0.0004210955,0.66747212601
22.5468480511,0.0004484954,0.0004484954,0.688845507498
22.5974028219,0.0004776784,0.0004776784,0.710903472491
22.648070947,0.0003981515,0.0003981515,0.649033348142
22.6988526808,0.0003318647,0.0003318647,0.592547763982
22.7497482779,0.0002766138,0.0002766138,0.54097818847
22.8007579935,0.0002305614,0.0002305614,0.493896711064
22.8518820837,0.0001532897,0.0001532897,0.402716404682
22.9031208049,0.0001019153,0.0001019153,0.328369285104
22.954474414,6.775877e-05,6.775877e-05,0.267747602529
23.0059431687,4.504967e-05,4.504967e-05,0.218317545928
23.0575273272,4.402746e-05,4.402746e-05,0.215826441105
23.1092271481,4.302845e-05,4.302845e-05,0.213363774104
23.161042891,4.20521e-05,4.20521e-05,0.210929186695
23.2129748156,4.109791e-05,4.109791e-05,0.208522393953
23.2650231825,3.506874e-05,3.506874e-05,0.192620681444
23.3171882528,2.992406e-05,2.992406e-05,0.177931603376
23.3694702882,2.553413e-05,2.553413e-05,0.164362737687
23.4218695508,2.17882e-05,2.17882e-05,0.151828573068
23.4743863036,2.38252e-05,2.38252e-05,0.158767319055
23.52702081,2.605263e-05,2.605263e-05,0.166023138568
23.579773334,2.84883e-05,2.84883e-05,0.173610545187
23.6326441403,3.115171e-05,3.115171e-05,0.181544785604
23.685633494,5.763732e-05,5.763732e-05,0.246941864737
23.738741661,0.0001066414,0.0001066414,0.335896712101
23.7919689077,0.0001973093,0.0001973093,0.45689521709
23.845315501,0.0003650644,0.0003650644,0.621480599214
23.8987817086,0.0003450535,0.0003450535,0.6042074172
23.9523677987,0.0003261395,0.0003261395,0.587414326519
24.00607404,0.0003082622,0.0003082622,0.571087915824
24.059900702,0.000291365,0.000291365,0.555215426659
24.1138480547,0.0003817767,0.0003817767,0.635546810707
24.1679163687,0.0005002436,0.0005002436,0.727501016357
24.2221059153,0.0006554713,0.0006554713,0.832759650439
24.2764169661,0.0008588673,0.0008588673,0.953247923365
24.3308497938,0.0008092162,0.0008092162,0.925284139927
24.3854046713,0.0007624354,0.0007624354,0.898140664484
24.4400818723,0.0007183589,0.0007183589,0.871793390776
24.4948816711,0.0006768305,0.0006768305,0.846219043156
24.5498043425,0.0007755173,0.0007755173,0.905813062061
24.6048501621,0.0008885934,0.0008885934,0.969603948631
24.660019406,0.001018157,0.001018157,1.03788732818
24.7153123509,0.001166611,0.001166611,1.11097904481
24.7707292743,0.001040048,0.001040048,1.04898559761
24.826270454,0.0009272154,0.0009272154,0.990451358321
24.8819361687,0.0008266238,0.0008266238,0.935183393993
24.9377266976,0.0007369448,0.0007369448,0.882999206342
24.9936423207,0.0006897213,0.0006897213,0.854239507047
25.0496833183,0.0006455239,0.0006455239,0.826416533111
25.1058499716,0.0006041586,0.0006041586,0.799499717824
25.1621425623,0.0005654441,0.0005654441,0.773459667856
25.2185613729,0.0006122026,0.0006122026,0.804804541985
25.2751066862,0.0006628276,0.0006628276,0.83741960856
25.3317787861,0.0007176391,0.0007176391,0.871356510161
25.3885779567,0.0007769829,0.0007769829,0.906668576824
25.445504483,0.0005848561,0.0005848561,0.786624277403
25.5025586505,0.0004402371,0.0004402371,0.68247406676
25.5597407455,0.0003313784,0.0003313784,0.592113458047
25.6170510547,0.0002494374,0.0002494374,0.513716623441
25.6744898657,0.0001958513,0.0001958513,0.455203993172
25.7320574665,0.0001537769,0.0001537769,0.403355872896
25.789754146,0.0001207413,0.0001207413,0.357413339706
25.8475801936,9.480273e-05,9.480273e-05,0.316703786431
25.9055358994,8.730571e-05,8.730571e-05,0.303923413346
25.963621554,8.040155e-05,8.040155e-05,0.291658773055
26.0218374488,7.404339e-05,7.404339e-05,0.279889097001
26.080183876,6.8188e-05,6.8188e-05,0.268594311183
26.138661128,5.934705e-05,5.934705e-05,0.250577690348
26.1972694984,5.165238e-05,5.165238e-05,0.233769583222
26.256009281,4.495536e-05,4.495536e-05,0.218088905908
26.3148807706,3.912667e-05,3.912667e-05,0.203460111226
26.3738842624,5.483797e-05,5.483797e-05,0.240870447046
26.4330200525,7.685814e-05,7.685814e-05,0.285159450343
26.4922884374,0.0001077205,0.0001077205,0.337591897118
26.5516897145,0.0001509758,0.0001509758,0.399665355516
26.6112241817,0.0001805963,0.0001805963,0.43711655814
26.6708921377,0.0002160282,0.0002160282,0.478077227653
26.7306938818,0.0002584116,0.0002584116,0.522876154362
26.790629714,0.0003091104,0.0003091104,0.571873065636
26.8506999349,0.0003128203,0.0003128203,0.575294600531
26.9109048459,0.0003165747,0.0003165747,0.578736583084
26.9712447489,0.0003203741,0.0003203741,0.582199104946
27.0317199467,0.0003242191,0.0003242191,0.585682343767
27.0923307426,0.0004005543,0.0004005543,0.650988824328
27.1530774406,0.0004948622,0.0004948622,0.723577368082
27.2139603455,0.0006113743,0.0006113743,0.804259914083
27.2749797626,0.0007553184,0.0007553184,0.893938961675
27.3361359981,0.0009015643,0.0009015643,0.97665502067
27.3974293587,0.001076126,0.001076126,1.06702451143
27.4588601519,0.001284488,0.001284488,1.16575653719
27.5204286859,0.001533191,0.001533191,1.2736232088
27.5821352695,0.001162575,0.001162575,1.10905561177
27.6439802121,0.0008815475,0.0008815475,0.96575217059
27.7059638242,0.0006684522,0.0006684522,0.840965176211
27.7680864165,0.0005068681,0.0005068681,0.732302157446
27.8303483007,0.0005341069,0.0005341069,0.751721424598
27.8927497892,0.0005628094,0.0005628094,0.771655587163
27.9552911948,0.0005930543,0.0005930543,0.792118330428
28.0179728315,0.0006249245,0.0006249245,0.813123681244
28.0807950136,0.0005989869,0.0005989869,0.796070436708
28.1437580562,0.0005741257,0.0005741257,0.779374743368
28.2068622752,0.0005502964,0.0005502964,0.76302922041
28.270107987,0.0005274562,0.0005274562,0.747026545445
28.3334955091,0.0007117635,0.0007117635,0.867782105715
28.3970251593,0.0009604727,0.0009604727,1.00805759587
28.4606972563,0.001296088,0.001296088,1.17100858408
28.5245121196,0.001748975,0.001748975,1.36029980151
28.5884700692,0.000929252,0.000929252,0.99153850959
28.6525714259,0.0004937231,0.0004937231,0.722744103954
28.7168165114,0.0002623211,0.0002623211,0.526816594082
28.7812056478,0.0001393744,0.0001393744,0.384002754157
28.8457391582,0.0001624103,0.0001624103,0.414523940684
28.9104173663,0.0001892536,0.0001892536,0.44747101448
28.9752405965,0.0002205335,0.0002205335,0.483036689083
29.0402091741,0.0002569834,0.0002569834,0.521429225495
29.1053234248,0.0003112283,0.0003112283,0.573828843297
29.1705836754,0.0003769233,0.0003769233,0.631494142016
29.2359902531,0.0004564855,0.0004564855,0.694954429441
29.3015434862,0.0005528419,0.0005528419,0.764791952233
29.3672437034,8.72973e-05,8.72973e-05,0.303908774799
29.4330912342,1.378481e-05,1.378481e-05,0.120765595183
29.4990864091,2.17671e-06,2.17671e-06,0.0479891569003
29.565229559,3.437162e-07,3.437162e-07,0.0190696549418
29.6315210157,1.782728e-06,1.782728e-06,0.0434295547295
29.6979611119,9.246349e-06,9.246349e-06,0.0989072153182
29.7645501807,4.795737e-05,4.795737e-05,0.225252963266
29.8312885561,0.0002487373,0.0002487373,0.512995188476
29.898176573,0.0002164914,0.0002164914,0.478589491318
29.965214567,0.0001884258,0.0001884258,0.446491317273
30.0324028741,0.0001639985,0.0001639985,0.416545811406
30.0997418316,0.000142738,0.000142738,0.38860880587
30.1672317772,0.0001188997,0.0001188997,0.354677152633
30.2348730494,9.90425e-05,9.90425e-05,0.323708147874
30.3026659876,8.250163e-05,8.250163e-05,0.295443267887
30.3706109317,6.872322e-05,6.872322e-05,0.269646373534
30.4387082228,0.0001006286,0.0001006286,0.32628983864
30.5069582022,0.0001473462,0.0001473462,0.394831963752
30.5753612124,0.0002157529,0.0002157529,0.477772506744
30.6439175966,0.0003159181,0.0003159181,0.57813609972
30.7126276986,0.0004347814,0.0004347814,0.678232055568
30.781491863,0.0005983667,0.0005983667,0.795658198349
30.8505104354,0.0008235004,0.0008235004,0.933414925529
30.919683762,0.00113334,0.00113334,1.09502224635
30.9890121896,0.001127353,0.001127353,1.0921261255
31.0584960662,0.001121397,0.001121397,1.08923735981
31.1281357402,0.001115473,0.001115473,1.08635649489
31.197931561,0.00110958,0.00110958,1.08348310554
31.2678838787,0.001104736,0.001104736,1.08111548319
31.3379930442,0.001099913,0.001099913,1.07875296245
31.4082594092,0.001095111,0.001095111,1.07639557691
31.4786833261,0.00109033,0.00109033,1.07404336039
31.5492651482,0.001040974,0.001040974,1.04945247248
31.6200052296,0.0009938522,0.0009938522,1.02542460844
31.6909039252,0.0009488633,0.0009488633,1.0019467907
31.7619615905,0.0009059105,0.0009059105,0.979006286497
31.833178582,0.0009220565,0.0009220565,0.987692146876
31.904555257,0.0009384903,0.0009384903,0.996455085491
31.9760919735,0.0009552169,0.0009552169,1.00529571779
32.0477890904,0.000972242,0.000972242,1.0142149851
32.1196469672,0.001092205,0.001092205,1.07496645994
32.1916659645,0.00122697,0.00122697,1.13935695021
32.2638464435,0.001378363,0.001378363,1.20760426217
32.3361887663,0.001548436,0.001548436,1.2799395642
32.4086932959,0.001385373,0.001385373,1.21067115023
32.4813603958,0.001239483,0.001239483,1.1451519611
32.5541904306,0.001108955,0.001108955,1.08317791244
32.6271837656,0.0009921738,0.0009921738,1.02455838311
32.7003407671,0.001204642,0.001204642,1.12894252998
32.7736618019,0.00146261,0.00146261,1.24396196887
32.8471472379,0.00177582,0.00177582,1.37069966076
32.9207974436,0.002156102,0.002156102,1.51034960059
32.9946127886,0.002149038,0.002149038,1.5078734045
33.0685936431,0.002141999,0.002141999,1.50540192042
33.1427403783,0.002134982,0.002134982,1.50293411566
33.217053366,0.002127987,0.002127987,1.50047000836
33.291532979,0.001985493,0.001985493,1.44936247847
33.366179591,0.00185254,0.00185254,1.39999547142
33.4409935763,0.001728489,0.001728489,1.35230963984
33.5159753103,0.001612745,0.001612745,1.30624814258
33.5911251692,0.001262066,0.001262066,1.15553703013
33.6664435298,0.0009876392,0.0009876392,1.02221439708
33.74193077,0.0007728845,0.0007728845,0.904274184636
33.8175872684,0.0006048265,0.0006048265,0.799941520988
33.8934134047,0.0006747105,0.0006747105,0.844892720409
33.969409559,0.0007526692,0.0007526692,0.89236988609
34.0455761127,0.0008396355,0.0008396355,0.942514911818
34.1219134478,0.0009366499,0.0009366499,0.995477570918
34.1984219473,0.0005030532,0.0005030532,0.729541147297
34.2751019948,0.0002701783,0.0002701783,0.534648147289
34.3519539752,0.0001451066,0.0001451066,0.391819834618
34.4289782739,7.793345e-05,7.793345e-05,0.287147331696
34.5061752772,6.136104e-05,6.136104e-05,0.254793995848
34.5835453724,4.831273e-05,4.831273e-05,0.226085975549
34.6610889476,3.803911e-05,3.803911e-05,0.200612508035
34.7388063918,2.995017e-05,2.995017e-05,0.178009212851
34.8166980949,3.460465e-05,3.460465e-05,0.191341892172
34.8947644475,3.998247e-05,3.998247e-05,0.205673170978
34.9730058413,4.619604e-05,4.619604e-05,0.221077837695
35.0514226687,5.337524e-05,5.337524e-05,0.23763628494
35.1300153231,6.012453e-05,6.012453e-05,0.252213704505
35.2087841988,6.772726e-05,6.772726e-05,0.267685339681
35.2877296909,7.629135e-05,7.629135e-05,0.28410605115
35.3668521953,8.59384e-05,8.59384e-05,0.301534122779
35.446152109,9.879991e-05,9.879991e-05,0.323311467133
35.5256298298,0.0001135863,0.0001135863,0.346661658393
35.6052857563,0.0001305855,0.0001305855,0.371698075056
35.6851202881,0.000150129,0.000150129,0.398542948752
35.7651338258,0.0002113687,0.0002113687,0.472893312069
35.8453267706,0.0002975889,0.0002975889,0.561114120478
35.9256995248,0.0004189796,0.0004189796,0.66579307356
36.0062524917,0.0005898874,0.0005898874,0.790000550126
36.0869860752,0.0006407544,0.0006407544,0.82335785367
36.1679006804,0.0006960077,0.0006960077,0.858123619649
36.2489967131,0.0007560257,0.0007560257,0.894357417703
36.3302745802,0.0008212191,0.0008212191,0.932121133652
36.4117346893,0.001023855,0.001023855,1.04078748551
36.4933774491,0.00127649,0.00127649,1.16212151688
36.5752032691,0.001591464,0.001591464,1.29760121455
36.6572125598,0.001984158,0.001984158,1.44887513748
36.7394057326,0.002024361,0.002024361,1.46348007776
36.8217831997,0.00206538,0.00206538,1.47823274216
36.9043453744,0.00210723,0.00210723,1.49313406632
36.9870926709,0.002149928,0.002149928,1.50818560661
37.0700255042,0.002078847,0.002078847,1.48304420905
37.1531442903,0.002010116,0.002010116,1.45832188765
37.2364494462,0.001943658,0.001943658,1.43401191208
37.3199413898,0.001879397,0.001879397,1.41010709735
37.4036205398,0.001607954,0.001607954,1.30430645632
37.4874873161,0.001375716,0.001375716,1.20644416696
37.5715421394,0.001177021,0.001177021,1.11592482632
37.6557854312,0.001007023,0.001007023,1.03219684847
37.7402176141,0.001216624,0.001216624,1.13454316445
37.8248391118,0.001469851,0.001469851,1.24703743248
37.9096503486,0.001775785,0.001775785,1.37068615299
37.99465175,0.002145397,0.002145397,1.50659550842
38.0798437425,0.002366652,0.002366652,1.58237726728
38.1652267533,0.002610726,0.002610726,1.66197115137
38.2508012107,0.002879971,0.002879971,1.74556847989
38.3365675441,0.003176984,0.003176984,1.83337095864
38.4225261836,0.003132294,0.003132294,1.82043045789
38.5086775604,0.003088232,0.003088232,1.80758110634
38.5950221067,0.00304479,0.00304479,1.79482250376
38.6815602557,0.00300196,0.00300196,1.78215422453
38.7682924413,0.002727338,0.002727338,1.69868290272
38.8552190987,0.002477838,0.002477838,1.61912093557
38.942340664,0.002251163,0.002251163,1.54328560351
39.0296575741,0.002045223,0.002045223,1.47100167709
39.1171702671,0.001955309,0.001955309,1.43830348745
39.2048791819,0.001869347,0.001869347,1.40633179798
39.2927847585,0.001787165,0.001787165,1.37507111452
39.3808874379,0.001708595,0.001708595,1.34450493119
39.4691876621,0.001626701,0.001626701,1.31188782219
39.5576858739,0.001548732,0.001548732,1.28006189538
39.6463825172,0.001474501,0.001474501,1.24900842992
39.7352780371,0.001403827,0.001403827,1.2187079084
39.8243728794,0.0008888493,0.0008888493,0.96974355342
39.9136674911,0.0005627852,0.0005627852,0.771638996941
40.00316232,0.000356334,0.000356334,0.614004374577
40.0928578152,0.000225617,0.000225617,0.488572191186
40.1827544265,0.0003200282,0.0003200282,0.581884727072
40.2728526049,0.0004539465,0.0004539465,0.693019045193
40.3631528023,0.0006439041,0.0006439041,0.825379026751
40.4536554718,0.0009133512,0.0009133512,0.983018600841
40.5443610673,0.0009465339,0.0009465339,1.00071617665
40.6352700437,0.000980922,0.000980922,1.01873228868
40.7263828572,0.00101656,0.00101656,1.03707303504
40.8176999648,0.001053492,0.001053492,1.05574359387
40.9092218245,0.001136922,0.001136922,1.09675132824
41.0009488954,0.001226959,0.001226959,1.13935184294
41.0928816378,0.001324126,0.001324126,1.18360690603
41.1850205126,0.001428988,0.001428988,1.2295809465
41.2773659822,0.001151785,0.001151785,1.10389697436
41.3699185097,0.0009283563,0.0009283563,0.991060525599
41.4626785594,0.000748269,0.000748269,0.889757608565
41.5556465966,0.0006031158,0.0006031158,0.79880943685
41.6488230877,0.0007011095,0.0007011095,0.861262939525
41.7422085001,0.0008150252,0.0008150252,0.928599300883
41.8358033022,0.0009474498,0.0009474498,1.00120022393
41.9296079635,0.00110139,0.00110139,1.07947701226
42.0236229546,0.001284732,0.001284732,1.16586725488
42.117848747,0.001498592,0.001498592,1.25917049521
42.2122858134,0.001748053,0.001748053,1.35994120241
42.3069346276,0.00203904,0.00203904,1.4687764704
42.4017956644,0.002258628,0.002258628,1.54584230244
42.4968693995,0.002501864,0.002501864,1.6269517854
42.5921563099,0.002771294,0.002771294,1.7123168667
42.6876568736,0.003069741,0.003069741,1.8021614739
42.7833715696,0.002517834,0.002517834,1.6321361377
42.879300878,0.002065155,0.002065155,1.47815222153
42.9754452801,0.001693862,0.001693862,1.33869563232
43.0718052582,0.001389324,0.001389324,1.21239630155
43.1683812956,0.0009529311,0.0009529311,1.00409217894
43.2651738768,0.0006536111,0.0006536111,0.831577142423
43.3621834872,0.0004483089,0.0004483089,0.688702269635
43.4594106136,0.000307493,0.000307493,0.570374959128
43.5568557437,0.0004134873,0.0004134873,0.661414819459
43.6545193662,0.0005560183,0.0005560183,0.766985893873
43.752401971,0.0007476804,0.0007476804,0.889407591153
43.8505040493,0.00100541,0.00100541,1.03136985607
43.948826093,0.001057565,0.001057565,1.05778247764
44.0473685954,0.001112425,0.001112425,1.08487125964
44.1461320507,0.001170131,0.001170131,1.11265385363
44.2451169545,0.001230832,0.001230832,1.1411486564
44.3443238033,0.0009249509,0.0009249509,0.98924114967
44.4437530946,0.0006950863,0.0006950863,0.857555424098
44.5434053273,0.0005223466,0.0005223466,0.74339942346
44.6432810013,0.0003925352,0.0003925352,0.644439478617
44.7433806175,0.0003581346,0.0003581346,0.615553739977
44.8437046781,0.0003267486,0.0003267486,0.587962599831
44.9442536863,0.0002981133,0.0002981133,0.561608290003
45.0450281465,0.0002719875,0.0002719875,0.536435247723
45.1460285642,0.0002429237,0.0002429237,0.506964766626
45.247255446,0.0002169656,0.0002169656,0.479113352767
45.3487092998,0.0001937812,0.0001937812,0.452791905405
45.4503906345,0.0001730744,0.0001730744,0.427916715261
45.5522999601,0.0001299803,0.0001299803,0.370835755288
45.6544377878,9.761628e-05,9.761628e-05,0.321368984564
45.75680463,7.331064e-05,7.331064e-05,0.278500730915
45.8594010001,5.505686e-05,5.505686e-05,0.241350694799
45.9622274129,0.0001055064,0.0001055064,0.334104431578
46.0652843841,0.0002021838,0.0002021838,0.462504551761
46.1685724306,0.0003874482,0.0003874482,0.640250103944
46.2720920707,0.0007424738,0.0007424738,0.886305410341
46.3758438236,0.0006704131,0.0006704131,0.842197755756
46.4798282096,0.0006053463,0.0006053463,0.800285190042
46.5840457506,0.0005465945,0.0005465945,0.760458401887
46.6884969691,0.0004935447,0.0004935447,0.722613515373
46.7931823892,0.000765368,0.000765368,0.89986629229
46.8981025361,0.0011869,0.0011869,1.12059814385
47.0032579359,0.001840594,0.001840594,1.39547427493
47.1086491163,0.002854314,0.002854314,1.73777565065
47.2142766058,0.003024336,0.003024336,1.78878380136
47.3201409344,0.003204486,0.003204486,1.84128927331
47.426242633,0.003395366,0.003395366,1.89533565049
47.5325822339,0.003597618,0.003597618,1.95096895003
47.6391602705,0.002960331,0.002960331,1.76975427616
47.7459772775,0.002435934,0.002435934,1.60537166164
47.8530337907,0.002004429,0.002004429,1.45625749165
47.9603303471,0.001649361,0.001649361,1.320993542
48.0678674849,0.001895469,0.001895469,1.4161236535
48.1756457435,0.002178301,0.002178301,1.51810489032
48.2836656637,0.002503335,0.002503335,1.62743000771
48.3919277872,0.00287687,0.00287687,1.74462845901
48.5004326571,0.002553588,0.002553588,1.6436836995
48.6091808178,0.002266635,0.002266635,1.54857993982
48.7181728147,0.002011927,0.002011927,1.45897867222
48.8274091945,0.001785842,0.001785842,1.37456205244
48.9368905053,0.001894088,0.001894088,1.41560768011
49.0466172961,0.002008896,0.002008896,1.45787927072
49.1565901175,0.002130663,0.002130663,1.50141315233
49.2668095211,0.002259811,0.002259811,1.54624708181
49.3772760597,0.002359111,0.002359111,1.57985424581
49.4879902875,0.002462775,0.002462775,1.61419204248
49.5989527598,0.002570994,0.002570994,1.64927609938
49.7101640334,0.002683967,0.002683967,1.68512227628
49.821624666,0.002355434,0.002355434,1.57862255527
49.9333352167,0.002067115,0.002067115,1.47885349849
50.045296246,0.001814088,0.001814088,1.38538987437
50.1575083154,0.001592032,0.001592032,1.29783275348
50.2699719878,0.001899822,0.001899822,1.41774880568
50.3826878275,0.002267118,0.002267118,1.54874492542
50.4956563997,0.002705423,0.002705423,1.69184441779
50.6088782712,0.003228467,0.003228467,1.84816614134
50.72235401,0.002847317,0.002847317,1.73564437198
50.8360841852,0.002511165,0.002511165,1.62997318076
50.9500693673,0.002214699,0.002214699,1.5307356212
51.0643101282,0.001953233,0.001953233,1.43753974345
51.1788070408,0.001895486,0.001895486,1.41613000392
51.2935606796,0.001839446,0.001839446,1.39503902024
51.4085716202,0.001785062,0.001785062,1.37426183677
51.5238404394,0.001732287,0.001732287,1.35379453611
51.6393677156,0.00115049,0.00115049,1.10327622108
51.7551540282,0.0007640923,0.0007640923,0.899116040008
51.871199958,0.0005074681,0.0005074681,0.732735456901
51.9875060872,0.0003370324,0.0003370324,0.597143432686
52.1040729992,0.0002924575,0.0002924575,0.556255368513
52.2209012786,0.0002537778,0.0002537778,0.518166876981
52.3379915117,0.0002202139,0.0002202139,0.482686550672
52.4553442856,0.000191089,0.000191089,0.449635588004
52.5729601891,0.0001558955,0.0001558955,0.406124905663
52.6908398122,0.0001271837,0.0001271837,0.366824691917
52.8089837462,0.0001037598,0.0001037598,0.331327433817
52.9273925836,8.465002e-05,8.465002e-05,0.299265302299
53.0460669186,5.705339e-05,5.705339e-05,0.245687782806
53.1650073464,3.845349e-05,3.845349e-05,0.201702237023
53.2842144636,2.591732e-05,2.591732e-05,0.165591438668
53.4036888682,1.746805e-05,1.746805e-05,0.135945565945
53.5234311595,5.608422e-05,5.608422e-05,0.243592086817
53.6434419382,0.0001800682,0.0001800682,0.436476981753
53.7637218063,0.0005781404,0.0005781404,0.782094970704
53.8842713671,0.001856222,0.001856222,1.4013860553
54.0050912254,0.002159601,0.002159601,1.51157462866
54.1261819872,0.002512563,0.002512563,1.63042683184
54.2475442599,0.002923213,0.002923213,1.7586242788
54.3691786523,0.003400981,0.003400981,1.89690218462
54.4910857746,0.002748432,0.002748432,1.70523929582
54.6132662383,0.002221087,0.002221087,1.53294163164
54.7357206562,0.001794925,0.001794925,1.37805321015
54.8584496427,0.001450531,0.001450531,1.2388146746
54.9814538133,0.002007923,0.002007923,1.45752616923
55.1047337852,0.002779502,0.002779502,1.71485075619
55.2282901766,0.003847573,0.003847573,2.01760556948
55.3521236074,0.00532607,0.00532607,2.37381171536
55.4762346988,0.005540311,0.005540311,2.42108426908
55.6006240734,0.00576317,0.00576317,2.46929825254
55.7252923551,0.005994994,0.005994994,2.51847248387
55.8502401692,0.006236143,0.006236143,2.56862595447
55.9754681426,0.00626998,0.00626998,2.57558514517
56.1009769034,0.006304001,0.006304001,2.5825632728
56.2267670813,0.006338205,0.006338205,2.58955998
56.3528393071,0.006372594,0.006372594,2.59657552403
56.4791942134,0.005535006,0.005535006,2.41992486412
56.6058324339,0.004807507,0.004807507,2.25529208884
56.7327546039,0.004175628,0.004175628,2.10185975365
56.8599613601,0.003626801,0.003626801,1.95886586013
56.9874533406,0.004575661,0.004575661,2.20023847298
57.1152311848,0.005772768,0.005772768,2.47135358539
57.2432955339,0.007283066,0.007283066,2.77587532645
57.3716470301,0.009188501,0.009188501,3.1179214323
57.5002863174,0.008496162,0.008496162,2.99815599928
57.6292140409,0.007855989,0.007855989,2.88299087095
57.7584308475,0.007264053,0.007264053,2.77224964136
57.8879373854,0.006716714,0.006716714,2.6657613194
58.0177343041,0.006355824,0.006355824,2.59315672338
58.1478222548,0.006014324,0.006014324,2.52252944324
58.2782018899,0.005691173,0.005691173,2.45382579537
58.4088738637,0.005385384,0.005385384,2.38699314452
58.5398388314,0.00508115,0.00508115,2.31858937719
58.6710974501,0.004794102,0.004794102,2.25214562495
58.8026503783,0.004523271,0.004523271,2.18760616154
58.9344982757,0.004267739,0.004267739,2.12491596587
59.0666418038,0.004527872,0.004527872,2.18871847801
59.1990816255,0.004803861,0.004803861,2.254436723
59.3318184051,0.005096673,0.005096673,2.32212834141
59.4648528084,0.005407333,0.005407333,2.39185248584
59.5981855028,0.005391291,0.005391291,2.38830188167
59.7318171572,0.005375297,0.005375297,2.38475663874
59.8657484417,0.00535935,0.00535935,2.38121655882
59.9999800284,0.002892222,0.002892222,1.74927724389
