Hz,real,imaginary,V^2 (rms) 
9.99999046326,0.9836381,-0.08822678,0.987586895661
10.022412543,0.9921807,-0.1167957,0.999031419421
10.0448848978,1.000018,-0.1459242,1.01060866436
10.0674076403,1.007126,-0.1755987,1.02231975591
10.0899808835,1.013482,-0.2058047,1.03416697823
10.1126047407,0.9915379,-0.1761777,1.00706801613
10.1352793254,0.9694687,-0.1478591,0.980679291987
10.1580047512,0.9473089,-0.1208172,0.954982171475
10.1807811322,0.9250914,-0.09502037,0.929958584599
10.2036085826,1.011799,-0.03925826,1.01256033271
10.226487217,1.102159,0.02733206,1.10249784707
10.24941715,1.195741,0.1059414,1.20042497446
10.2723984968,1.291993,0.1978337,1.30705167645
10.2954313727,1.181951,0.1125786,1.1873003443
10.318515893,1.077744,0.04095282,1.07852179533
10.3416521737,0.9795321,-0.01861417,0.979708947726
10.3648403308,0.8873824,-0.0675552,0.889950127185
10.3880804806,0.9062332,-0.06425284,0.908508139881
10.4113727398,0.9254592,-0.06078159,0.927453035225
10.434717225,0.9450675,-0.05713596,0.946793059481
10.4581140535,0.9650649,-0.05331025,0.966536209341
10.4815633426,0.979219,-0.03891294,0.979991870813
10.50506521,0.9933425,-0.024095,0.993634687061
10.5286197734,1.007428,-0.008851087,1.0074668813
10.5522271512,1.02147,0.006824044,1.02149279414
10.5758874616,1.016615,0.0106269,1.01667054114
10.5996008235,1.01177,0.01439354,1.01187237678
10.6233673556,1.006932,0.01812419,1.00709509923
10.6471871774,1.002105,0.02181905,1.00234250731
10.6710604082,0.9986356,0.01989799,0.998833815804
10.6949871677,0.9951752,0.01799005,0.995337792206
10.7189675761,0.9917234,0.01609515,0.991853999317
10.7430017537,0.9882804,0.01421326,0.988382600911
10.7670898208,0.9854153,0.005322798,0.98542967565
10.7912318985,0.9824794,-0.003515091,0.982485688084
10.8154281078,0.979473,-0.01229994,0.979550226509
10.8396785701,0.9763974,-0.02103128,0.976623877173
10.8639834071,0.9730471,-0.01985142,0.973249576262
10.8883427405,0.9697073,-0.01867943,0.969887193842
10.9127566928,0.9663776,-0.01751528,0.966536316346
10.9372253862,0.9630576,-0.01635893,0.963196530054
10.9617489436,0.9727536,-0.01779687,0.972916386384
10.9863274879,0.9825455,-0.01926214,0.982734292476
11.0109611426,0.9924341,-0.02075514,0.99265110622
11.035650031,1.00242,-0.02227625,1.00266748612
11.0603942771,0.9997862,0.006704665,0.99980868082
11.085194005,0.9963254,0.03551491,0.996958179423
11.1100493392,0.9920453,0.06413119,0.994116032857
11.1349604041,0.9869533,0.09253047,0.991281344654
11.159927325,0.9860013,0.05490272,0.987528669085
11.1849502269,0.983635,0.01748014,0.983790307189
11.2100292354,0.9798685,-0.01968485,0.980066207259
11.2351644764,0.9747168,-0.05654053,0.976355299947
11.2603560758,1.036505,0.04333093,1.03741032601
11.2856041601,1.091266,0.1554567,1.10228320695
11.3109088559,1.137302,0.2797951,1.17121353185
11.3362702901,1.17282,0.4161219,1.24445336918
11.36168859,1.246237,0.2819656,1.27773677248
11.3871638831,1.304812,0.1362791,1.31190942844
11.4126962971,1.346856,-0.01936225,1.34699516757
11.4382859602,1.370841,-0.1831478,1.38302138954
11.4639330007,1.252086,-0.1176322,1.25759957295
11.4896375472,1.141853,-0.06232924,1.14355288805
11.5153997287,1.039724,-0.01600257,1.03984714185
11.5412196745,0.9452802,0.02245652,0.945546906188
11.5670975139,0.9662951,0.01737766,0.966451345568
11.593033377,0.9877447,0.01206268,0.987818354065
11.6190273937,1.009637,0.006503771,1.00965794743
11.6450796944,1.031979,0.0006929481,1.03197923265
11.6711904099,1.025945,-0.006869334,1.02596799695
11.6973596711,1.019891,-0.01434317,1.01999185213
11.7235876092,1.013818,-0.02172894,1.01405082908
11.749874356,1.007727,-0.029027,1.00814496639
11.7762200431,1.005202,-0.04633526,1.00626935615
11.8026248028,1.002385,-0.06356527,1.00439844274
11.8290887675,0.9992765,-0.08071209,1.00253078004
11.85561207,0.9958785,-0.09777088,1.00066634386
11.8821948433,1.01431,-0.08272909,1.01767818019
11.9088372207,1.032799,-0.06712477,1.03497802351
11.935539336,1.051338,-0.05094744,1.05257172292
11.962301323,1.069919,-0.03418662,1.07046503518
11.989123316,1.047456,-0.013835,1.04754736368
12.0160054496,1.025103,0.005665598,1.02511865636
12.0429478585,1.002876,0.02433559,1.00317121785
12.069950678,0.9807866,0.04219519,0.98169383659
12.0970140435,0.9791845,0.02555359,0.979517876816
12.1241380908,0.9773057,0.00897825,0.977346939539
12.1513229558,0.9751516,-0.007526289,0.975180643783
12.1785687751,0.9727238,-0.02395558,0.97301873615
12.2058756851,0.9768341,-0.03322989,0.977399142885
12.2332438231,0.9808753,-0.04258431,0.981799255249
12.2606733261,0.9848465,-0.05201849,0.986219322394
12.2881643318,0.9887462,-0.06153215,0.990658999605
12.3157169782,1.006216,-0.06041013,1.00802778854
12.3433314034,1.02399,-0.05922958,1.02570154687
12.3710077459,1.042073,-0.05798876,1.04368521769
12.3987461446,1.060469,-0.05668592,1.06198295348
12.4265467386,1.0599,-0.03249065,1.06039787454
12.4544096674,1.058782,-0.00835068,1.05881493066
12.4823350707,1.057118,0.01572162,1.0572349007
12.5103230886,1.054909,0.03971393,1.05565628616
12.5383738616,1.03415,-0.004929879,1.0341617505
12.5664875303,1.011977,-0.04776338,1.01310354308
12.5946642357,0.9884976,-0.08876641,0.992475178909
12.6229041193,0.9638146,-0.1279236,0.972266954396
12.6512073226,0.7463041,-0.4272884,0.859968131067
12.6795739876,0.4680336,-0.5995985,0.760640395937
12.7080042566,0.182536,-0.6475493,0.672784874404
12.7364982723,-0.06725968,-0.591263,0.595076297396
12.7650561775,0.08937083,-0.6694223,0.675361652
12.7936781156,0.2833828,-0.7121681,0.766478449791
12.8223642301,0.5087556,-0.7056016,0.869888428739
12.8511146648,0.7550195,-0.6360878,0.987249783332
12.8799295641,0.7649957,-0.5786406,0.959188909958
12.9088090725,0.7717444,-0.5223941,0.931925434059
12.9377533347,0.7754227,-0.4674774,0.905436625715
12.9667624961,0.7761899,-0.4140076,0.879700547755
12.9958367021,0.8584942,-0.4055703,0.949473306458
13.0249760986,0.9467784,-0.3921543,1.02478013921
13.0541808318,1.041248,-0.3730568,1.10606002257
13.0834510481,1.142086,-0.3475103,1.19378550837
13.1127868944,1.071058,-0.335095,1.12225393668
13.1421885178,1.004379,-0.3229005,1.0550080135
13.1716560658,0.9417871,-0.3109456,0.991791363083
13.2011896862,0.8830358,-0.2992461,0.932362833047
13.2307895273,0.869783,-0.2249166,0.898392978626
13.2604557374,0.8517748,-0.1544298,0.865660945777
13.2901884653,0.8294693,-0.08797301,0.834121436082
13.3199878603,0.8033203,-0.02569365,0.803731091872
13.3498540718,0.8558341,0.004411167,0.855845468012
13.3797872497,0.9105247,0.03852157,0.91133920176
13.409787544,0.967373,0.07698037,0.970431088998
13.4398551052,1.026345,0.1201516,1.03335398872
13.4699900843,0.9829637,0.1151117,0.989680927873
13.5001926323,0.9414154,0.1102831,0.947853004164
13.5304629008,0.9016233,0.1056571,0.907792926764
13.5608010415,0.8635136,0.1012251,0.869426396111
13.5912072068,0.8897949,0.09691443,0.895057188569
13.621681549,0.9168135,0.09225486,0.921443407365
13.6522242212,0.9445885,0.08722998,0.948607665868
13.6828353764,0.9731387,0.08182262,0.976572511686
13.7135151683,0.9982177,0.05467746,0.999714059732
13.7442637507,1.02307,0.02615226,1.02340420441
13.7750812779,1.047649,-0.003778316,1.04765581317
13.8059679045,1.071905,-0.03513879,1.0724807987
13.8369237854,1.026362,-0.0464577,1.02741290285
13.8679490758,0.9826001,-0.05675635,0.984237897962
13.8990439315,0.9405576,-0.06609894,0.942877334963
13.9302085084,0.900173,-0.07454623,0.90325443278
13.9614429628,0.9666642,-0.06046245,0.96855324243
13.9927474514,1.037643,-0.04392641,1.0385723494
14.0241221313,1.11338,-0.0246644,1.11365315832
14.0555671598,1.194159,-0.002377091,1.19416136591
14.0870826946,1.173472,-0.004739502,1.17348157108
14.1186688939,1.153139,-0.007019357,1.15316036382
14.1503259161,1.133154,-0.009218803,1.13319149928
14.18205392,1.113509,-0.01133993,1.11356674119
14.2138530647,1.056663,-0.02760157,1.05702343505
14.2457235099,1.002465,-0.0421759,1.00335182402
14.2776654152,0.9508039,-0.05518881,0.952404252933
14.309678941,0.9015761,-0.0667582,0.904044313825
14.3417642479,1.012614,-0.176905,1.02795062723
14.3739214967,1.125869,-0.3140191,1.16884087896
14.4061508489,1.238597,-0.4818955,1.32903942806
14.438452466,1.347273,-0.6845197,1.51119547254
14.4708265102,1.353594,-0.8730697,1.61073505515
14.5032731437,1.33968,-1.07367,1.71683131708
14.5357925295,1.302994,-1.284835,1.82991648478
14.5683848305,1.24101,-1.504709,1.95044994675
14.6010502103,1.138068,-1.058329,1.55411037088
14.6337888328,1.009933,-0.716549,1.23830817404
14.6666008621,0.8728724,-0.460032,0.986679110808
14.6994864629,0.7377042,-0.2717971,0.786181372373
14.7324458001,0.9000291,-0.142726,0.91127553019
14.7654790391,1.055493,0.04061913,1.05627429523
14.7985863456,1.190921,0.2841261,1.22434491421
14.8317678855,1.290005,0.5915192,1.41915744863
14.8650238255,1.278578,0.3732209,1.33193676362
14.8983543323,1.238177,0.1720758,1.25007694334
14.9317595731,1.173211,-0.009187074,1.1732469701
14.9652397154,1.08815,-0.1686362,1.10113967799
14.9987949272,1.085611,-0.1999411,1.10386941564
15.0324253769,1.082175,-0.2312387,1.10660474742
15.0661312332,1.077843,-0.2625037,1.10934833356
15.099912665,1.072612,-0.2937102,1.11209810005
15.1337698419,1.090157,-0.2385326,1.11594806596
15.1677029337,1.104868,-0.1823256,1.11981066339
15.2017121106,1.116687,-0.1252347,1.12368749484
15.2357975433,1.125561,-0.06740837,1.1275776927
15.2699594026,1.061632,-0.07324626,1.06415577714
15.3041978601,1.001252,-0.07820849,1.0043018149
15.3385130873,0.944228,-0.08237477,0.947814390435
15.3729052565,0.8903781,-0.08581857,0.894504325264
15.4073745401,0.868044,-0.08229272,0.871936051383
15.4419211112,0.8462678,-0.07888998,0.84993694958
15.4765451429,0.8250361,-0.07560633,0.828493140249
15.5112468089,0.8043347,-0.07243796,0.807589974971
15.5460262834,0.8879975,0.003846683,0.888005831612
15.5808837408,0.9716977,0.09600414,0.976428806971
15.6158193559,1.053798,0.2055416,1.07365617128
15.650833304,1.132353,0.3339399,1.18056730999
15.6859257607,1.045298,0.254715,1.0758845849
15.7210969021,0.962607,0.1863851,0.980485411391
15.7563469046,0.8843606,0.1277828,0.893544690997
15.791675945,0.8105844,0.07784213,0.814313494133
15.8270842005,0.8361698,0.03989085,0.837120788385
15.8625718488,0.8605669,-0.0003421351,0.860566968011
15.8981390678,0.8836311,-0.04285929,0.88466990433
15.9337860361,0.905213,-0.08765601,0.909447168041
15.9695129323,0.8764907,-0.05912193,0.878482412911
16.0053199357,0.8479539,-0.03238068,0.848571932698
16.0412072259,0.8196467,-0.007365187,0.819679790406
16.077174983,0.7916094,0.01599042,0.791770885863
16.1132233874,0.8190595,-0.05475406,0.820887612056
16.1493526198,0.8410421,-0.1302944,0.85107487605
16.1855628616,0.8569458,-0.2102958,0.882372046041
16.2218542944,0.86617,-0.294358,0.914820802706
16.2582271001,0.8454929,-0.2735167,0.888633574163
16.2946814614,0.8251117,-0.2535699,0.863195813048
16.331217561,0.8050309,-0.2344876,0.838486245867
16.3678355822,0.7852541,-0.2162406,0.814483884835
16.4045357087,0.7590848,-0.1950318,0.783739201905
16.4413181245,0.7335552,-0.1750603,0.754154718929
16.4781830143,0.7086621,-0.1562687,0.725687176803
16.515130563,0.6844009,-0.1386018,0.698294386977
16.5521609557,0.6491877,-0.1495597,0.666192745154
16.5892743785,0.6153267,-0.1591161,0.635566582674
16.6264710173,0.5827912,-0.1673702,0.606348387188
16.6637510587,0.5515531,-0.1744162,0.578473709811
16.7011146899,0.564441,-0.1451136,0.58279636185
16.7385620982,0.5757938,-0.1149271,0.58715137608
16.7760934714,0.5855538,-0.08393581,0.591539071317
16.8137089979,0.5936664,-0.05222257,0.595958883906
16.8514088663,0.3802642,-0.3081496,0.489445643337
16.8891932657,0.1174407,-0.3844305,0.401969062674
16.9270623856,-0.09654807,-0.3156932,0.330126833728
16.9650164161,-0.2106966,-0.1706326,0.271124586554
17.0030555475,-0.1019082,-0.2615445,0.2806970016
17.0411799706,0.04256309,-0.2874736,0.290607445409
17.0793898767,0.1857777,-0.2366601,0.300867673154
17.1176854575,0.2884852,-0.1174841,0.311490327895
17.1560669049,0.3785358,0.07699819,0.386287552407
17.1945344117,0.3378263,0.3396445,0.479045921966
17.2330881706,0.1152904,0.5827836,0.594077941655
17.2717283752,-0.2815296,0.6808201,0.736732600229
17.3104552193,0.1076299,0.7093598,0.717478585903
17.3492688971,0.4465218,0.5374368,0.698727437467
17.3881696033,0.6426733,0.2236208,0.68046692258
17.427157533,0.6484226,-0.1367362,0.66268292311
17.4662328819,0.6669513,-0.05313262,0.669064355559
17.5053958459,0.674702,0.03297613,0.675507375203
17.5446466216,0.6713365,0.1202007,0.682012393225
17.5839854057,0.6566962,0.2071061,0.688580304505
17.6234123956,0.8504647,0.1645755,0.866242056902
17.6629277891,1.08653,0.08360679,1.08974195855
17.7025317845,1.369942,-0.05147349,1.37090867804
17.7422245803,1.704758,-0.2609784,1.72461867201
17.7820063757,1.415086,-0.1191239,1.42009115586
17.8218773702,1.169185,-0.01877629,1.1693357573
17.8618377639,0.9615632,0.04991867,0.962858069088
17.9018877572,0.7871574,0.09474961,0.792839366436
17.942027551,0.8000344,-0.01799942,0.800236852628
17.9822573467,0.7967623,-0.1324935,0.807703342969
18.022577346,0.7771057,-0.2464196,0.815239773463
18.0629877512,0.7411593,-0.3574335,0.822846167214
18.103488765,0.7886661,-0.2548301,0.828813970174
18.1440805906,0.8219727,-0.1459212,0.83482460203
18.1847634316,0.8402441,-0.03267177,0.840879059164
18.2255374921,0.8429156,0.08284341,0.846976823357
18.2664029766,0.8352269,0.08881666,0.83993593421
18.3073600901,0.827555,0.09467925,0.83295344312
18.3484090381,0.8199006,0.1004323,0.826028837731
18.3895500264,0.8122652,0.1060768,0.819162403086
18.4307832615,0.8863085,0.1208281,0.894506672374
18.4721089501,0.9670702,0.1373914,0.976781023834
18.5135272997,1.055157,0.1559747,1.06662289573
18.5550385178,1.151229,0.1768086,1.16472721762
18.5966428129,1.084307,0.1669661,1.09708675537
18.6383403935,1.021276,0.1576704,1.03337535446
18.6801314688,0.9619087,0.1488912,0.973363722651
18.7220162485,0.9059931,0.1406001,0.916837982071
18.7639949427,0.9265462,0.05901357,0.928423643699
18.806067762,0.9398197,-0.02514498,0.940156018184
18.8482349173,0.9455162,-0.1112322,0.952036494458
18.8904966203,0.9433948,-0.1985721,0.964066713234
18.9328530829,0.9562958,-0.2209247,0.981483255164
18.9753045176,0.9689823,-0.2439339,0.999214914462
19.0178511373,0.9814366,-0.2676073,1.01726666456
19.0604931555,0.9936417,-0.2919517,1.03564454477
19.103230786,0.9834586,-0.1578695,0.996048993245
19.1460642433,0.9574593,-0.03118259,0.957966943624
19.1889937422,0.9172691,0.08652802,0.921341250601
19.232019498,0.8646296,0.1939512,0.886115914075
19.2751417267,0.9412824,0.1309132,0.950342476418
19.3183606444,1.017642,0.05676378,1.0192239042
19.361676468,1.092707,-0.02923605,1.09309804431
19.4050894148,1.165341,-0.1277876,1.17232645496
19.4485997026,1.072042,-0.09168501,1.07595547809
19.4922075496,0.9856452,-0.06060638,0.98750675622
19.5359131745,0.9056915,-0.03398601,0.906328937002
19.5797167966,0.8317474,-0.01131492,0.831824359358
19.6236186356,0.8289622,0.0156776,0.829110436655
19.6676189118,0.8253132,0.04247762,0.826405606403
19.7117178459,0.8208095,0.06905781,0.823709424744
19.755915659,0.815461,0.09539135,0.821021407867
19.8002125729,0.8495894,0.01438181,0.849711118588
19.8446088098,0.8764054,-0.07255308,0.879403419692
19.8891045924,0.8950814,-0.1648381,0.910133128634
19.9337001439,0.9048246,-0.2617958,0.941936620831
19.978395688,0.9909967,-0.1063131,0.996682965964
20.0231914488,1.052181,0.07155497,1.05461128881
20.0680876512,1.083209,0.2681511,1.11590624611
20.1130845203,1.079367,0.4787132,1.18076223201
20.1581822819,0.9120897,0.3101223,0.963370884864
20.2033811621,0.7638372,0.1853491,0.786003534963
20.2486813877,0.6342472,0.09479217,0.641291716929
20.2940831859,0.5223225,0.03067574,0.523222510057
20.3395867845,0.3087099,0.3457571,0.463518904208
20.3851924117,-0.02233964,0.4100199,0.410628028648
20.4309002963,-0.2703245,0.2434234,0.36377230099
20.4767106676,-0.3218575,-0.0161701,0.3222634364
20.5226237553,-0.3947529,-0.2851837,0.486990343646
20.5686397899,-0.2659431,-0.6861852,0.735918379399
20.6147590021,0.2271298,-1.088646,1.11208725349
20.6609816232,1.183214,-1.193403,1.68053744088
20.7073078852,1.375641,-0.8820387,1.63412986913
20.7537380204,1.492329,-0.5457906,1.58900384622
20.8002722617,1.531867,-0.2019657,1.54512350628
20.8469108425,1.496583,0.132713,1.50245579511
20.8936539968,1.283309,-0.003054344,1.28331263475
20.9405019592,1.091375,-0.1020184,1.09613281338
20.9874549645,0.9204446,-0.1713299,0.93625434381
21.0345132483,0.7696773,-0.2170455,0.799694876316
21.0816770466,0.8164574,-0.1173746,0.824851188239
21.1289465961,0.8507503,-0.009109331,0.850799067266
21.1763221339,0.8711074,0.1062472,0.877562858058
21.2238038976,0.8762532,0.2269616,0.905169176665
21.2713921253,0.8677376,0.1017462,0.873682340252
21.3190870559,0.8431221,-0.0168653,0.843290764714
21.3668889285,0.8039807,-0.1270442,0.813956506655
21.414797983,0.7520581,-0.2272486,0.785641974424
21.4628144596,0.8305784,-0.1192168,0.839090652998
21.5109385993,0.8961447,0.007459355,0.896175744659
21.5591706434,0.9450396,0.1517422,0.957144472287
21.6075108339,0.9735053,0.3119397,1.02226168155
21.6559594132,0.9988576,0.1913126,1.01701377375
21.7045166244,1.009428,0.06913941,1.01179303477
21.7531827111,1.005213,-0.05278789,1.00659810088
21.8019579174,0.9864272,-0.1726988,1.00143072472
21.850842488,1.042518,-0.1397846,1.05184766707
21.899836668,1.100002,-0.1028833,1.10480286632
21.9489407033,1.158781,-0.06173901,1.16042453926
21.9981548401,1.218741,-0.01608722,1.21884716996
22.0474793254,1.222149,0.07245351,1.22429477223
22.0969144066,1.219128,0.1614046,1.22976604494
22.1464603315,1.209638,0.2502995,1.23526269706
22.1961173489,1.19367,0.338668,1.24078365686
22.2458857077,1.077276,0.3240151,1.12494860558
22.2957656576,0.9719699,0.3090736,1.01992743699
22.3457574489,0.8767193,0.2940291,0.924710680505
22.3958613323,0.7905849,0.2790338,0.838381980752
22.4460775591,1.087609,0.2704204,1.12072321722
22.4964063812,1.481749,0.2210579,1.49814775445
22.5468480511,1.999919,0.10508,2.00267766077
22.5974028219,2.674627,-0.1153673,2.677113969
22.648070947,2.33156,0.8990022,2.49887514478
22.6988526808,1.659627,1.638966,2.33250323221
22.7497482779,0.8086647,2.021459,2.17720809426
22.8007579935,-0.06213573,2.031302,2.03225211629
22.8518820837,0.7975086,1.508517,1.70635386317
22.9031208049,1.208077,0.7702156,1.43271843305
22.954474414,1.201419,0.06093679,1.20296338512
23.0059431687,0.9022516,-0.4540333,1.01005157651
23.0575273272,0.9944471,-0.3921855,1.06898760569
23.1092271481,1.085702,-0.3181716,1.13136289485
23.161042891,1.1748,-0.2314245,1.19737727521
23.2129748156,1.260407,-0.1314631,1.26724439328
23.2650231825,1.152807,-0.005505077,1.15282014431
23.3171882528,1.04406,0.09882747,1.04872691985
23.3694702882,0.9362234,0.1834806,0.95403322022
23.4218695508,0.8309826,0.250401,0.867889821523
23.4743863036,0.8198222,0.2070455,0.845562699439
23.52702081,0.8070472,0.1653411,0.823809967394
23.579773334,0.7927741,0.1253149,0.802617342071
23.6326441403,0.7771159,0.08698817,0.781969349625
23.685633494,0.8443738,0.08954795,0.849108914967
23.738741661,0.9174212,0.09190269,0.922012886373
23.7919689077,0.9967538,0.0939983,1.00117621737
23.845315501,1.082911,0.095773,1.08713784841
23.8987817086,1.029469,0.1117172,1.0355129911
23.9523677987,0.9782735,0.125889,0.986340246124
24.00607404,0.9292501,0.1384156,0.939502329254
24.059900702,0.8823265,0.1494165,0.894888452867
24.1138480547,0.8973111,0.1365907,0.907647635104
24.1679163687,0.9122902,0.1233303,0.920588818048
24.2221059153,0.9272565,0.1096291,0.933714708227
24.2764169661,0.9422022,0.09548117,0.947027792364
24.3308497938,0.9721511,0.01751824,0.972308927226
24.3854046713,0.9961599,-0.06479903,0.998265225607
24.4400818723,1.01372,-0.151066,1.024914228
24.4948816711,1.024345,-0.240825,1.05227342438
24.5498043425,1.082241,-0.196838,1.09999580923
24.6048501621,1.14034,-0.1478309,1.14988229423
24.660019406,1.198384,-0.09357207,1.20203159016
24.7153123509,1.256089,-0.03383353,1.25654458085
24.7707292743,1.23675,0.0002263733,1.23675002072
24.826270454,1.216813,0.03322137,1.21726641964
24.8819361687,1.196318,0.06515269,1.19809082717
24.9377266976,1.175299,0.09602244,1.17921501364
24.9936423207,1.118397,-0.02186107,1.11861063646
25.0496833183,1.053413,-0.1276697,1.06112134126
25.1058499716,0.9819563,-0.2213087,1.00658616909
25.1621425623,0.905556,-0.3028434,0.95485380769
25.2185613729,1.037866,-0.4683638,1.13865292478
25.2751066862,1.1749,-0.6806721,1.35783081336
25.3317787861,1.311904,-0.9490584,1.61919855232
25.3885779567,1.442118,-1.283972,1.93087763017
25.445504483,1.754549,-0.3767172,1.79453560627
25.5025586505,1.591119,0.4999686,1.66782141524
25.5597407455,1.057018,1.133748,1.55005534734
25.6170510547,0.3346438,1.401197,1.44060386841
25.6744898657,0.7718383,0.5730473,0.961310339788
25.7320574665,0.6403605,-0.03786669,0.641479115928
25.789754146,0.3112198,-0.2938961,0.428056867142
25.8475801936,0.03314701,-0.2837109,0.285640681715
25.9055358994,0.1265985,-0.3051403,0.330360080649
25.963621554,0.2373385,-0.2994261,0.382080558186
26.0218374488,0.3587275,-0.258048,0.441898392801
26.080183876,0.4806849,-0.1736268,0.511081440444
26.138661128,0.6395384,-0.1856953,0.665952032444
26.1972694984,0.8471104,-0.188143,0.867752164064
26.256009281,1.117232,-0.1740178,1.130703116
26.3148807706,1.467308,-0.1331267,1.47333481772
26.3738842624,1.399378,-0.1059941,1.40338645288
26.4330200525,1.334296,-0.0811155,1.33675934257
26.4922884374,1.271958,-0.05834311,1.27329535939
26.5516897145,1.212263,-0.03753792,1.21284404464
26.6112241817,1.104182,-0.04504203,1.10510030024
26.6708921377,1.00564,-0.05091269,1.0069279575
26.7306938818,0.9158042,-0.05538037,0.917477148554
26.790629714,0.833912,-0.05864757,0.835971746658
26.8506999349,0.8844544,-0.006860972,0.884481010885
26.9109048459,0.9344052,0.05116148,0.935804773883
26.9712447489,0.9833201,0.1157297,0.990106955094
27.0317199467,1.030709,0.1871416,1.04756050953
27.0923307426,0.9971193,0.09229772,1.00138192891
27.1530774406,0.9572271,0.004779805,0.957239033633
27.2139603455,0.9119438,-0.07523634,0.915042076199
27.2749797626,0.8621522,-0.1476593,0.87470548463
27.3361359981,0.8514854,-0.1384902,0.862674284947
27.3974293587,0.84089,-0.1295357,0.850808726844
27.4588601519,0.8303665,-0.1207924,0.839106267537
27.5204286859,0.8199156,-0.1122567,0.827564594348
27.5821352695,0.813897,-0.1346377,0.824957960668
27.6439802121,0.8072778,-0.1567725,0.82235944886
27.7059638242,0.8000673,-0.178645,0.819769309351
27.7680864165,0.7922738,-0.2002397,0.817186460744
27.8303483007,0.8959762,-0.116791,0.903556024078
27.8927497892,0.9989859,-0.01167172,0.999054081342
27.9552911948,1.098416,0.1171518,1.10464575919
28.0179728315,1.19083,0.2715369,1.22139607702
28.0807950136,1.110071,-0.1052599,1.11505034487
28.1437580562,0.9322644,-0.4088207,1.01796428044
28.2068622752,0.6912728,-0.6211266,0.929331123576
28.270107987,0.4216102,-0.7362431,0.848415619282
28.3334955091,0.6423429,-0.5203172,0.826640423519
28.3970251593,0.7668048,-0.2464108,0.805424039658
28.4606972563,0.783388,0.04625589,0.784752423318
28.5245121196,0.6953617,0.317965,0.764610773565
28.5884700692,0.5837616,0.1511896,0.603022305377
28.6525714259,0.4741381,0.03704266,0.475582901849
28.7168165114,0.3732949,-0.03650746,0.375075828336
28.7812056478,0.2848592,-0.07974069,0.29580963721
28.8457391582,0.2905809,0.03743788,0.292982686014
28.9104173663,0.2504879,0.1464988,0.290182850024
28.9752405965,0.1717577,0.2304422,0.287409664156
29.0402091741,0.0675094,0.276542,0.284662953073
29.1053234248,0.02854067,0.3192256,0.320498913476
29.1705836754,-0.02203361,0.3601728,0.360846124864
29.2359902531,-0.0852346,0.3972312,0.406272769566
29.3015434862,-0.1618361,0.4278317,0.457417628419
29.3672437034,-0.05815291,0.3638579,0.368475687575
29.4330912342,0.01325468,0.2965321,0.296828187463
29.4990864091,0.05865235,0.2318069,0.239111975961
29.565229559,0.08395107,0.1733608,0.192618143306
29.6315210157,0.1182067,0.1906186,0.22429506145
29.6979611119,0.1599682,0.2064603,0.261181317263
29.7645501807,0.2102514,0.2197535,0.304133608738
29.8312885561,0.2700953,0.2290646,0.354149773479
29.898176573,0.3761682,0.1334676,0.399144228245
29.965214567,0.4497514,-0.009661721,0.449855166309
30.0324028741,0.4701024,-0.1898996,0.507008998506
30.0997418316,0.4195266,-0.3879721,0.571423589368
30.1672317772,0.4511353,-0.3524024,0.572460051385
30.2348730494,0.4797305,-0.3142598,0.573498539254
30.3026659876,0.5051027,-0.2737995,0.574538861825
30.3706109317,0.5270642,-0.2312936,0.575580924217
30.4387082228,0.6606456,-0.07180823,0.664536703798
30.5069582022,0.7524019,0.1501642,0.767240448676
30.5753612124,0.7764193,0.4264329,0.885817107317
30.6439175966,0.7070039,0.7389861,1.02271939974
30.7126276986,0.9616648,0.650888,1.16122968275
30.781491863,1.223214,0.4921249,1.31849892188
30.8505104354,1.475487,0.2532808,1.49706815169
30.919683762,1.698287,-0.07222216,1.69982198326
30.9890121896,1.4264,0.1105715,1.43067921513
31.0584960662,1.180808,0.2359549,1.20415208661
31.1281357402,0.962966,0.316011,1.01349221471
31.197931561,0.7728737,0.3609833,0.853019753013
31.2678838787,0.7118233,0.3497209,0.793093385623
31.3379930442,0.655279,0.3381328,0.737376673266
31.4082594092,0.6029297,0.3263249,0.685574331128
31.4786833261,0.554484,0.3143889,0.637411081406
31.5492651482,0.5769001,0.3342332,0.66672749858
31.6200052296,0.6001526,0.3552076,0.697391986177
31.6909039252,0.6242696,0.3773721,0.729467089965
31.7619615905,0.6492783,0.4007898,0.763016890137
31.833178582,0.612414,0.3317462,0.696495835314
31.904555257,0.5752531,0.2707258,0.635774006897
31.9760919735,0.5382365,0.2170328,0.580346246829
32.0477890904,0.5017291,0.1700101,0.529750435478
32.1196469672,0.5264283,0.1661664,0.552030821177
32.1916659645,0.5520769,0.1616226,0.575248440541
32.2638464435,0.578699,0.1563286,0.599442377363
32.3361887663,0.6063193,0.1502322,0.624654150286
32.4086932959,0.7681757,0.1937873,0.792242023445
32.4813603958,0.9732212,0.2498952,1.00479207556
32.5541904306,1.232975,0.3221551,1.27436700329
32.6271837656,1.562027,0.4151937,1.61626549714
32.7003407671,1.650027,0.3380992,1.68430999812
32.7736618019,1.736948,0.2526051,1.75522012615
32.8471472379,1.822241,0.1584373,1.82911580828
32.9207974436,1.905318,0.05534356,1.90612160965
32.9946127886,2.00433,0.1116342,2.00743641083
33.0685936431,2.106991,0.1736692,2.11413624564
33.1427403783,2.213334,0.2418541,2.22650865735
33.217053366,2.323379,0.3166164,2.34485307053
33.291532979,2.35586,0.7504688,2.47250475417
33.366179591,2.310873,1.207009,2.60710658551
33.4409935763,2.181301,1.673057,2.74903506304
33.5159753103,1.962145,2.133632,2.89868910241
33.5911251692,0.9892572,2.232668,2.44201478414
33.6664435298,0.1861773,2.048845,2.05728651895
33.74193077,-0.4049825,1.685192,1.73317134242
33.8175872684,-0.7784518,1.235296,1.4601176023
33.8934134047,-1.159487,1.141301,1.6269536182
33.969409559,-1.548804,0.942144,1.81285111003
34.0455761127,-1.920279,0.6268099,2.01999061596
34.1219134478,-2.242763,0.190013,2.25079781729
34.1984219473,-1.650131,0.2918205,1.67573611329
34.2751019948,-1.203868,0.3274239,1.24759952377
34.3519539752,-0.8705848,0.3237897,0.928847492227
34.4289782739,-0.6237134,0.2986661,0.691534413192
34.5061752772,-0.8159255,-0.1023461,0.822319369671
34.5835453724,-0.7503098,-0.6270598,0.977838835776
34.6610889476,-0.3472558,-1.109707,1.16277092176
34.7388063918,0.3662676,-1.333284,1.38267790156
34.8166980949,0.5587107,-1.355586,1.46620975638
34.8947644475,0.76414,-1.354052,1.55478833232
34.9730058413,0.9801391,-1.325744,1.64871762558
35.0514226687,1.203783,-1.267887,1.74832232608
35.1300153231,1.395523,-0.5412284,1.49680079653
35.2087841988,1.278201,0.0913962,1.2814644208
35.2877296909,0.9560252,0.5382022,1.09710792136
35.3668521953,0.5432287,0.7662488,0.939273466039
35.446152109,0.8710938,0.549137,1.02973581717
35.5256298298,1.112473,0.1919411,1.12890989968
35.6052857563,1.207599,-0.2710142,1.23763647385
35.6851202881,1.11027,-0.7799362,1.35683453264
35.7651338258,1.012704,-0.8166355,1.30094693646
35.8453267706,0.9170323,-0.845554,1.24736113702
35.9256995248,0.8236674,-0.8671485,1.19598265325
36.0062524917,0.7329737,-0.8818826,1.14672026453
36.0869860752,0.9283415,-0.4989913,1.05394983661
36.1679006804,0.9629303,-0.1054302,0.968684824765
36.2489967131,0.8568417,0.2418428,0.89031771788
36.3302745802,0.6468247,0.5012168,0.818291190917
36.4117346893,0.8920661,0.3893666,0.973338726223
36.4933774491,1.142255,0.188867,1.15776389161
36.5752032691,1.372298,-0.1153034,1.37713349929
36.6572125598,1.548878,-0.5331494,1.63806939462
36.7394057326,1.553317,-0.08729152,1.55576782071
36.8217831997,1.442232,0.3213567,1.47760051112
36.9043453744,1.235172,0.6661631,1.40336137377
36.9870926709,0.9568809,0.9278337,1.33285274192
37.0700255042,1.225257,0.4851132,1.31779722752
37.1531442903,1.302744,-0.02085285,1.30291088371
37.2364494462,1.181941,-0.5123066,1.28819353355
37.3199413898,0.8855282,-0.9154262,1.27364254037
37.4036205398,0.9131967,-0.3652841,0.983544959117
37.4874873161,0.7588855,0.03111258,0.75952300475
37.5715421394,0.524916,0.2616799,0.586526365239
37.6557854312,0.2872071,0.3502297,0.452933506215
37.7402176141,0.3906818,0.4546978,0.599485077526
37.8248391118,0.5307763,0.5897859,0.793455032425
37.9096503486,0.7202574,0.7642773,1.05018594237
37.99465175,0.9762856,0.9894074,1.38998581861
38.0798437425,1.011481,0.9958626,1.41944923525
38.1652267533,1.047513,1.001934,1.44953621049
38.2508012107,1.084396,1.007601,1.48026161877
38.3365675441,1.122139,1.012845,1.51163849162
38.4225261836,1.4903,0.5318664,1.58236404075
38.5086775604,1.654438,-0.08056729,1.65639855834
38.5950221067,1.568662,-0.7387143,1.73389713861
38.6815602557,1.222811,-1.341282,1.81502180297
38.7682924413,1.754077,-1.114815,2.07836440649
38.8552190987,2.273098,-0.7049946,2.37991426392
38.942340664,2.723518,-0.09624855,2.72521817103
39.0296575741,3.038379,0.711701,3.12061937138
39.1171702671,3.127477,1.357664,3.40945214403
39.2048791819,3.097274,2.069456,3.72501736466
39.2927847585,2.925985,2.828748,4.06979157547
39.3808874379,2.593762,3.611586,4.44647666676
39.4691876621,4.062106,3.808784,5.56844149775
39.5576858739,5.913983,3.695217,6.97350870089
39.6463825172,8.161775,3.106876,8.73311225337
39.7352780371,10.78094,1.839256,10.9367056245
39.8243728794,7.015307,-1.917452,7.27263050598
39.9136674911,3.690783,-3.125082,4.83611586501
40.00316232,1.347691,-2.919879,3.21589247428
40.0928578152,-0.007183923,-2.138474,2.13848606669
40.1827544265,1.54042,-1.779938,2.35394839796
40.2728526049,2.565526,-0.3632758,2.59111809139
40.3631528023,2.391852,1.553707,2.85218537822
40.4536554718,0.8615049,3.019042,3.13955495102
40.5443610673,2.068942,1.24448,2.41438428378
40.6352700437,1.816009,-0.386641,1.85671213465
40.7263828572,0.8176421,-1.170563,1.42785025148
40.8176999648,-0.1549415,-1.08706,1.09804658919
40.9092218245,-0.6074289,-0.7308692,0.950336601454
41.0009488954,-0.7792994,-0.2630451,0.822496370493
41.0928816378,-0.6937019,0.1597282,0.711853512978
41.1850205126,-0.4387897,0.4324765,0.616094411497
41.2773659822,-0.7185458,0.134755,0.731072483905
41.3699185097,-0.7965125,-0.3437127,0.867508260939
41.4626785594,-0.5560616,-0.8662983,1.02940625973
41.5556465966,0.02701618,-1.221221,1.22151979305
41.6488230877,-0.05262076,-1.164587,1.16577520344
41.7422085001,-0.1248183,-1.105552,1.11257576493
41.8358033022,-0.189778,-1.044706,1.06180333194
41.9296079635,-0.2477296,-0.9826008,1.01334805811
42.0236229546,-0.4018684,-0.8975591,0.983417789605
42.117848747,-0.5349082,-0.7903787,0.954371663369
42.2122858134,-0.6440615,-0.6655826,0.926183250337
42.3069346276,-0.7274243,-0.5279628,0.898827475333
42.4017956644,-0.8544668,-0.3841299,0.936840056987
42.4968693995,-0.9535314,-0.2103637,0.976460453405
42.5921563099,-1.017686,-0.01199962,1.0177567418
42.6876568736,-1.040991,0.2040443,1.06079985786
42.7833715696,-1.456612,0.9654015,1.74748922021
42.879300878,-1.610552,2.386004,2.87869637731
42.9754452801,-0.9514359,4.645747,4.74217201921
43.0718052582,1.473369,7.671731,7.81193143509
43.1683812956,-0.5268802,6.41047,6.43208584878
43.2651738768,-1.834638,4.968034,5.29596624009
43.3621834872,-2.553104,3.534943,4.36052313926
43.4594106136,-2.806236,2.239501,3.59030990538
43.5568557437,-3.284816,1.602668,3.65493650726
43.6545193662,-3.619067,0.8638014,3.72072557563
43.752401971,-3.78729,0.05557171,3.7876976858
43.8505040493,-3.775177,-0.7847525,3.85587835228
43.948826093,-3.800339,-1.535689,4.0988921942
44.0473685954,-3.684473,-2.325953,4.35722373145
44.1461320507,-3.41364,-3.130649,4.63183562001
44.2451169545,-2.977976,-3.921101,4.92375609761
44.3443238033,-2.05649,-5.533904,5.90366365923
44.4437530946,-0.43905,-7.06496,7.07858917469
44.5434053273,1.948732,-8.260599,8.48734659635
44.6432810013,5.104156,-8.803862,10.1764627738
44.7433806175,4.820302,-7.107862,8.5881903555
44.8437046781,4.480504,-5.697,7.24780829589
44.9442536863,4.110562,-4.529498,6.11662260466
45.0450281465,3.729717,-3.568657,5.16198621499
45.1460285642,1.46606,-2.619036,3.00144656672
45.247255446,0.3692051,-1.705696,1.74519662224
45.3487092998,-0.08512129,-1.011172,1.01474846518
45.4503906345,-0.2194728,-0.5476893,0.590027015716
45.5522999601,-0.1562189,-0.6364264,0.655318935583
45.6544377878,-0.07286231,-0.7241794,0.727835640514
45.75680463,0.03244869,-0.8077258,0.808377316275
45.8594010001,0.1612496,-0.8832325,0.897831321884
45.9622274129,0.689715,-0.8613502,1.10346316126
46.0652843841,1.248609,-0.5293676,1.35619117045
46.1685724306,1.659503,0.1558134,1.66680173465
46.2720920707,1.704243,1.136715,2.048551975
46.3758438236,1.501022,1.129945,1.87878757381
46.4798282096,1.315298,1.113117,1.7230897494
46.5840457506,1.146124,1.087997,1.58029671119
46.6884969691,0.9925343,1.056148,1.44933534235
46.7931823892,1.122524,0.3624051,1.17957517229
46.8981025361,0.9424068,-0.1830713,0.960023790106
47.0032579359,0.5995961,-0.5009712,0.781337076021
47.1086491163,0.2303216,-0.5927335,0.635909617358
47.2142766058,0.5895077,-0.4570081,0.745905980553
47.3201409344,0.8687683,-0.1036441,0.874928830563
47.426242633,0.9362451,0.4203271,1.02626982722
47.5325822339,0.6877325,0.9879928,1.20378808949
47.6391602705,0.5637925,0.7975293,0.976685705544
47.7459772775,0.4621153,0.6437322,0.792427722768
47.8530337907,0.3787164,0.5195521,0.642931175355
47.9603303471,0.3103214,0.4192931,0.521637877273
48.0678674849,0.366481,0.2159737,0.425385663196
48.1756457435,0.3439034,0.0454501,0.3468937303
48.2836656637,0.2726566,-0.07538126,0.282885057723
48.3919277872,0.1806942,-0.1434093,0.230687280187
48.5004326571,0.2879903,-0.06728129,0.295745135003
48.6091808178,0.3706741,0.07972257,0.379150335063
48.7181728147,0.3860143,0.2954049,0.486077251832
48.8274091945,0.2856818,0.5538171,0.623159266242
48.9368905053,0.4726091,0.2463178,0.532946357525
49.0466172961,0.4517285,-0.06073541,0.455793185272
49.1565901175,0.2858157,-0.2650675,0.389809432829
49.2668095211,0.06915061,-0.3261274,0.333377995516
49.3772760597,0.3832609,-0.3916646,0.547987295803
49.4879902875,0.8769008,-0.2059027,0.900750206721
49.5989527598,1.398303,0.486753,1.48060114913
49.7101640334,1.511692,1.907305,2.43372657994
49.821624666,1.564723,1.975912,2.52043375205
49.9333352167,1.619614,2.046986,2.6102301035
50.045296246,1.676429,2.120616,2.70322518698
50.1575083154,1.735239,2.196895,2.79953603802
50.2699719878,3.031877,1.956567,3.60838365042
50.3826878275,4.513268,1.123163,4.65092282933
50.4956563997,5.972894,-0.5106019,5.99467906026
50.6088782712,7.072482,-3.111514,7.72667593552
50.72235401,3.319932,-4.940093,5.95201372086
50.8360841852,0.124192,-4.583274,4.58495629335
50.9500693673,-1.808387,-3.033801,3.53188505608
51.0643101282,-2.427344,-1.228866,2.72068199911
51.1788070408,-2.252759,-1.440794,2.67409993503
51.2935606796,-2.061158,-1.630853,2.62831767649
51.4085716202,-1.855066,-1.797848,2.5833171109
51.5238404394,-1.637078,-1.940863,2.5390891207
51.6393677156,-0.4991346,-2.993462,3.03478995885
51.7551540282,1.312531,-3.381466,3.6272648008
51.871199958,3.411422,-2.675437,4.33540807803
51.9875060872,5.138352,-0.6696605,5.18180532837
52.1040729992,3.452382,0.8263164,3.54989299372
52.2209012786,2.007905,1.372061,2.43191979242
52.3379915117,0.9500733,1.368585,1.66603246595
52.4553442856,0.2738524,1.108006,1.14134676283
52.5729601891,0.6169392,1.16764,1.32060484101
52.6908398122,1.018828,1.138782,1.52801666781
52.8089837462,1.462028,0.9941402,1.7680046974
52.9273925836,1.91928,0.7079535,2.04568665161
53.0460669186,1.824618,0.1646111,1.83202829131
53.1650073464,1.616071,-0.2831264,1.640684624
53.2842144636,1.331345,-0.621642,1.46932579273
53.4036888682,1.006218,-0.8479539,1.3158649171
53.5234311595,1.267212,-0.5819246,1.3944398492
53.6434419382,1.45866,-0.2364973,1.47770767356
53.7637218063,1.55665,0.1703856,1.56594714955
53.8842713671,1.54183,0.6136449,1.65945768617
54.0050912254,1.595445,0.4151539,1.64857438677
54.1261819872,1.623867,0.2128848,1.63776187883
54.2475442599,1.62699,0.009992162,1.62702068315
54.3691786523,1.605097,-0.1904013,1.61635052957
54.4910857746,1.586343,-0.2009059,1.59901447595
54.6132662383,1.56771,-0.2111508,1.58186576688
54.7357206562,1.549196,-0.2211399,1.56489970982
54.8584496427,1.530804,-0.2308767,1.54811657733
54.9814538133,1.350716,0.0121928,1.35077103057
55.1047337852,1.162039,0.1967762,1.17858199138
55.2282901766,0.9740275,0.3297858,1.02834247439
55.3521236074,0.7937017,0.418453,0.897254312774
55.4762346988,0.7600962,0.3779266,0.848866743513
55.6006240734,0.7274006,0.3403524,0.803088655795
55.7252923551,0.6956323,0.3055497,0.759779518001
55.8502401692,0.6648029,0.2733477,0.718805857616
55.9754681426,0.723286,0.135004,0.735777627964
56.1009769034,0.7529837,-0.01584429,0.753150379401
56.2267670813,0.7512237,-0.1732084,0.770933328682
56.3528393071,0.71658,-0.3305293,0.78913656268
56.4791942134,0.8067778,-0.1788876,0.826372308349
56.6058324339,0.8653573,-0.00365513,0.865365019306
56.7327546039,0.8863357,0.1886869,0.906197395343
56.8599613601,0.865032,0.3901762,0.948956178161
56.9874533406,0.80316,0.263739,0.845354508902
57.1152311848,0.7363881,0.1575991,0.753063682661
57.2432955339,0.6671966,0.06990178,0.670848389652
57.3716470301,0.5976075,-0.001230282,0.597608766377
57.5002863174,0.7479919,0.01657273,0.74817547263
57.6292140409,0.9356702,0.04341257,0.936676771572
57.7584308475,1.169752,0.08269306,1.17267125985
57.8879373854,1.461534,0.1389505,1.46812427083
58.0177343041,1.415905,0.2293208,1.43435525528
58.1478222548,1.365618,0.314491,1.40136259084
58.2782018899,1.311125,0.394293,1.36912955394
58.4088738637,1.252875,0.4685912,1.33763727458
58.5398388314,1.209452,0.4794847,1.30103025247
58.6710974501,1.167018,0.4892531,1.26542467503
58.8026503783,1.125568,0.497946,1.23079386639
58.9344982757,1.085094,0.5056117,1.19710992812
59.0666418038,0.8860334,0.4485099,0.993084244318
59.1990816255,0.7225283,0.3957912,0.823831183131
59.3318184051,0.5883845,0.3476668,0.683424116975
59.4648528084,0.4784613,0.304144,0.566946900806
59.5981855028,0.6168116,0.3984054,0.734291095305
59.7318171572,0.7951074,0.5217873,0.951029843893
59.8657484417,1.024864,0.6832596,1.23174262713
59.9999800284,0.6964274,0.8241068,1.07896392029
