#I+1.668000E+03
+1.000000E+00
+8.010000E+02
+8.010000E+02
+1.000000E+01
+2.000000E+00
+3.000000E+00
+0.000000E+00
+1.000000E+00
+2.000000E+00
+5.000000E+00
+1.000000E+00
+2.497000E+03
-1.092400E+04
+2.025600E+04
-1.299100E+04
-1.119200E+04
+0.000000E+00
+0.000000E+00
+0.000000E+00
+0.000000E+00
+0.000000E+00
+0.000000E+00
+0.000000E+00
+0.000000E+00
+0.000000E+00
+0.000000E+00
+0.000000E+00
+0.000000E+00
+0.000000E+00
+0.000000E+00
+0.000000E+00
+0.000000E+00
+0.000000E+00
+0.000000E+00
+0.000000E+00
+1.000000E+00
+1.000000E+00
+1.000000E+00
+0.000000E+00
+0.000000E+00
+1.000000E+00
+0.000000E+00
+1.000000E+00
+2.000000E+00
+3.000000E+00
+4.500000E+01
+4.500000E+01
+0.000000E+00
+0.000000E+00
+2.000000E+00
+0.000000E+00
+0.000000E+00
+0.000000E+00
+0.000000E+00
+0.000000E+00
+9.726894E-04
+7.943256E-01
+0.000000E+00
+0.000000E+00
+0.000000E+00
+1.000000E+00
+1.000000E+00
+0.000000E+00
+0.000000E+00
+9.9999904632568339E+00
+9.9999904632568339E+00
+9.432729E-01
-2.351287E-02
+9.192933E-01
-1.231057E-02
+8.958038E-01
-1.665614E-03
+8.727988E-01
+8.441834E-03
+8.502713E-01
+1.803103E-02
+1.150701E+00
+2.243575E-01
+1.510281E+00
+5.752338E-01
+1.916228E+00
+1.136358E+00
+2.335731E+00
+1.993964E+00
+1.867163E+00
+1.247738E+00
+1.462908E+00
+7.460078E-01
+1.126321E+00
+4.163149E-01
+8.536249E-01
+2.057535E-01
+8.736635E-01
+1.836973E-01
+8.933724E-01
+1.606852E-01
+9.127174E-01
+1.367113E-01
+9.316650E-01
+1.117709E-01
+9.953860E-01
+5.552918E-02
+1.059147E+00
-8.410575E-03
+1.122429E+00
-8.051510E-02
+1.184650E+00
-1.612441E-01
+1.149027E+00
-1.133343E-01
+1.112937E+00
-6.836928E-02
+1.076504E+00
-2.626282E-02
+1.039840E+00
+1.307262E-02
+1.035161E+00
+2.334699E-03
+1.030393E+00
-8.305473E-03
+1.025539E+00
-1.884744E-02
+1.020597E+00
-2.929072E-02
+1.019786E+00
-2.909185E-02
+1.018975E+00
-2.889327E-02
+1.018166E+00
-2.869499E-02
+1.017357E+00
-2.849703E-02
+1.018198E+00
-1.272077E-02
+1.018795E+00
+3.074727E-03
+1.019147E+00
+1.888567E-02
+1.019252E+00
+3.470825E-02
+1.021781E+00
+2.221999E-02
+1.024160E+00
+9.674849E-03
+1.026389E+00
-2.925464E-03
+1.028467E+00
-1.557919E-02
+1.011786E+00
-5.205029E-03
+9.952746E-01
+4.835186E-03
+9.789353E-01
+1.454860E-02
+9.627684E-01
+2.394225E-02
+9.686998E-01
+9.536395E-03
+9.744481E-01
-5.042407E-03
+9.800092E-01
-1.979238E-02
+9.853796E-01
-3.471171E-02
+1.010484E+00
-6.759302E-03
+1.035386E+00
+2.261025E-02
+1.060038E+00
+5.342566E-02
+1.084392E+00
+8.571495E-02
+1.065134E+00
+5.247337E-02
+1.045295E+00
+2.045832E-02
+1.024924E+00
-1.033792E-02
+1.004066E+00
-3.992429E-02
+1.001598E+00
-1.483723E-02
+9.985150E-01
+1.010204E-02
+9.948228E-01
+3.487875E-02
+9.905280E-01
+5.947834E-02
+9.824239E-01
+5.411812E-02
+9.743625E-01
+4.884308E-02
+9.663435E-01
+4.365226E-02
+9.583665E-01
+3.854472E-02
+9.833671E-01
+6.964977E-02
+1.008076E+00
+1.023894E-01
+1.032434E+00
+1.367992E-01
+1.056380E+00
+1.729137E-01
+1.072424E+00
+1.033127E-01
+1.083902E+00
+3.234496E-02
+1.090704E+00
-3.969152E-02
+1.092739E+00
-1.124898E-01
+9.944611E-01
-2.575114E-01
+8.832279E-01
-3.777812E-01
+7.634943E-01
-4.733471E-01
+6.393722E-01
-5.448796E-01
+8.223980E-01
-4.858575E-01
+1.015936E+00
-3.840854E-01
+1.212923E+00
-2.323749E-01
+1.404046E+00
-2.404922E-02
+1.250090E+00
-5.939526E-02
+1.111989E+00
-8.671828E-02
+9.882277E-01
-1.073230E-01
+8.774224E-01
-1.223309E-01
+9.200836E-01
-7.917018E-02
+9.621228E-01
-3.189916E-02
+1.003289E+00
+1.961642E-02
+1.043313E+00
+7.550244E-02
+1.001439E+00
+1.137254E-01
+9.596222E-01
+1.488759E-01
+9.179820E-01
+1.810708E-01
+8.766283E-01
+2.104272E-01
+9.010826E-01
+1.539783E-01
+9.220303E-01
+9.522162E-02
+9.392749E-01
+3.436590E-02
+9.526321E-01
-2.836473E-02
+9.678517E-01
-6.267710E-02
+9.821123E-01
-9.811445E-02
+9.953571E-01
-1.346618E-01
+1.007529E+00
-1.723020E-01
+1.016782E+00
-1.170934E-01
+1.023010E+00
-6.138816E-02
+1.026185E+00
-5.351999E-03
+1.026292E+00
+5.084779E-02
+1.003036E+00
+5.027906E-02
+9.803070E-01
+4.971003E-02
+9.580925E-01
+4.914097E-02
+9.363807E-01
+4.857219E-02
+9.401258E-01
+4.367042E-02
+9.438580E-01
+3.873011E-02
+9.475771E-01
+3.375117E-02
+9.512835E-01
+2.873354E-02
+9.734930E-01
+2.300832E-02
+9.961775E-01
+1.700141E-02
+1.019347E+00
+1.070308E-02
+1.043011E+00
+4.103369E-03
+1.038188E+00
-9.570403E-03
+1.033209E+00
-2.311711E-02
+1.028076E+00
-3.653532E-02
+1.022792E+00
-4.982359E-02
+1.031338E+00
-4.568192E-02
+1.039936E+00
-4.146855E-02
+1.048585E+00
-3.718265E-02
+1.057286E+00
-3.282347E-02
+1.027394E+00
-2.152112E-02
+9.982460E-01
-1.083479E-02
+9.698258E-01
-7.395708E-04
+9.421195E-01
+8.788565E-03
+9.699896E-01
+6.911679E-03
+9.986797E-01
+4.916103E-03
+1.028213E+00
+2.796465E-03
+1.058615E+00
+5.471887E-04
+1.012962E+00
+3.255989E-02
+9.683090E-01
+6.181099E-02
+9.246954E-01
+8.844979E-02
+8.821562E-01
+1.126204E-01
+9.673778E-01
+7.706483E-02
+1.058427E+00
+3.389550E-02
+1.155435E+00
-1.787464E-02
+1.258491E+00
-7.932816E-02
+1.224148E+00
-7.621495E-02
+1.190741E+00
-7.321264E-02
+1.158245E+00
-7.031743E-02
+1.126635E+00
-6.752576E-02
+1.046402E+00
+7.588019E-04
+9.683197E-01
+5.944652E-02
+8.927661E-01
+1.093739E-01
+8.200444E-01
+1.513362E-01
+8.696841E-01
+4.546819E-02
+9.067246E-01
-7.089169E-02
+9.292954E-01
-1.964068E-01
+9.356407E-01
-3.294392E-01
+8.478309E-01
-8.716552E-02
+7.257839E-01
+9.757857E-02
+5.866984E-01
+2.273825E-01
+4.444206E-01
+3.078652E-01
+7.062469E-01
+2.609131E-03
+7.622610E-01
-5.197517E-01
+4.360638E-01
-1.123560E+00
-3.618765E-01
-1.532252E+00
+3.515318E-01
-1.599126E+00
+1.050273E+00
-1.340223E+00
+1.588421E+00
-7.826187E-01
+1.841420E+00
-1.746439E-02
+1.463627E+00
-8.135547E-02
+1.160871E+00
-1.183185E-01
+9.187707E-01
-1.366183E-01
+7.255856E-01
-1.422996E-01
+7.814480E-01
-1.450389E-01
+8.415216E-01
-1.473742E-01
+9.061171E-01
-1.492293E-01
+9.755681E-01
-1.505189E-01
+9.815599E-01
-5.443486E-02
+9.781662E-01
+4.138137E-02
+9.654962E-01
+1.360206E-01
+9.437462E-01
+2.285922E-01
+1.018317E+00
+2.153311E-01
+1.097798E+00
+1.987850E-01
+1.182437E+00
+1.785653E-01
+1.272487E+00
+1.542480E-01
+1.164085E+00
+1.682005E-01
+1.064348E+00
+1.787253E-01
+9.726344E-01
+1.862875E-01
+8.883418E-01
+1.913004E-01
+9.400206E-01
+1.429140E-01
+9.908956E-01
+8.907099E-02
+1.040581E+00
+2.958071E-02
+1.088663E+00
-3.573140E-02
+1.109830E+00
-7.080247E-02
+1.130324E+00
-1.072594E-01
+1.150088E+00
-1.451093E-01
+1.169062E+00
-1.843577E-01
+1.101605E+00
-1.395043E-01
+1.037063E+00
-9.936742E-02
+9.753908E-01
-6.357042E-02
+9.165326E-01
-3.176142E-02
+9.146377E-01
-2.487237E-02
+9.126958E-01
-1.801344E-02
+9.107078E-01
-1.118490E-02
+9.086736E-01
-4.387016E-03
+9.556049E-01
-8.490628E-03
+1.004943E+00
-1.300650E-02
+1.056812E+00
-1.796621E-02
+1.111339E+00
-2.340349E-02
+1.072450E+00
-3.189679E-02
+1.034845E+00
-3.976869E-02
+9.984821E-01
-4.705151E-02
+9.633251E-01
-5.377626E-02
+9.715765E-01
-2.587329E-02
+9.790660E-01
+2.465160E-03
+9.857756E-01
+3.121974E-02
+9.916876E-01
+6.037042E-02
+1.018722E+00
+1.585657E-02
+1.044352E+00
-3.099879E-02
+1.068436E+00
-8.018775E-02
+1.090827E+00
-1.316957E-01
+1.056153E+00
-1.065154E-01
+1.022182E+00
-8.285101E-02
+9.889208E-01
-6.063739E-02
+9.563717E-01
-3.981178E-02
+9.773620E-01
-2.110792E-02
+9.984129E-01
-1.580511E-03
+1.019509E+00
+1.878905E-02
+1.040634E+00
+4.001946E-02
+1.013989E+00
+4.455351E-02
+9.879960E-01
+4.883028E-02
+9.626406E-01
+5.285978E-02
+9.379080E-01
+5.665169E-02
+9.471506E-01
+2.919215E-02
+9.556504E-01
+1.236276E-03
+9.633866E-01
-2.719781E-02
+9.703377E-01
-5.609117E-02
+9.785858E-01
-7.729252E-02
+9.864629E-01
-9.887572E-02
+9.939571E-01
-1.208366E-01
+1.001056E+00
-1.431707E-01
+1.026485E+00
-1.176306E-01
+1.051727E+00
-9.081982E-02
+1.076740E+00
-6.271653E-02
+1.101484E+00
-3.329972E-02
+1.054777E+00
-5.346543E-03
+1.009411E+00
+2.027656E-02
+9.653860E-01
+4.370237E-02
+9.226955E-01
+6.505792E-02
+9.015642E-01
+5.328538E-02
+8.808032E-01
+4.202596E-02
+8.604087E-01
+3.126343E-02
+8.403779E-01
+2.098193E-02
+9.695729E-01
+7.995789E-02
+1.114934E+00
+1.566635E-01
+1.277797E+00
+2.549255E-01
+1.459454E+00
+3.792545E-01
+1.135581E+00
+5.872997E-01
+8.287762E-01
+6.985732E-01
+5.542332E-01
+7.330352E-01
+3.207716E-01
+7.100376E-01
+4.063779E-01
+7.183250E-01
+4.974800E-01
+7.188707E-01
+5.936385E-01
+7.107233E-01
+6.942981E-01
+6.929215E-01
+7.380241E-01
+6.699711E-01
+7.813042E-01
+6.445745E-01
+8.240143E-01
+6.167170E-01
+8.660274E-01
+5.863887E-01
+9.318486E-01
+3.693715E-01
+9.484976E-01
+1.526608E-01
+9.191960E-01
-5.357971E-02
+8.490635E-01
-2.405054E-01
+8.357356E-01
-1.869912E-01
+8.199199E-01
-1.358618E-01
+8.018225E-01
-8.717804E-02
+7.816468E-01
-4.098777E-02
+8.356696E-01
-6.947354E-03
+8.916916E-01
+3.190321E-02
+9.496192E-01
+7.597856E-02
+1.009334E+00
+1.257166E-01
+1.028841E+00
+1.089135E-01
+1.048363E+00
+9.145899E-02
+1.067890E+00
+7.334156E-02
+1.087407E+00
+5.455001E-02
+1.049328E+00
+7.740961E-02
+1.012018E+00
+9.862952E-02
+9.754907E-01
+1.182828E-01
+9.397539E-01
+1.364401E-01
+9.940673E-01
+8.728276E-02
+1.048129E+00
+3.247979E-02
+1.101590E+00
-2.823133E-02
+1.154071E+00
-9.510536E-02
+1.133209E+00
-6.215718E-02
+1.111885E+00
-3.043828E-02
+1.090141E+00
+6.384319E-05
+1.068018E+00
+2.936259E-02
+1.037441E+00
+3.465567E-02
+1.007703E+00
+3.962258E-02
+9.787835E-01
+4.427741E-02
+9.506606E-01
+4.863372E-02
+9.740187E-01
+3.269839E-02
+9.976431E-01
+1.596633E-02
+1.021526E+00
-1.586035E-03
+1.045657E+00
-1.998276E-02
+1.026239E+00
-3.094090E-02
+1.007058E+00
-4.148749E-02
+9.881159E-01
-5.163269E-02
+9.694112E-01
-6.138644E-02
+9.938801E-01
-4.587091E-02
+1.018667E+00
-2.955196E-02
+1.043767E+00
-1.240462E-02
+1.069171E+00
+5.596585E-03
+1.125305E+00
+2.394316E-02
+1.184080E+00
+4.420236E-02
+1.245606E+00
+6.651942E-02
+1.309988E+00
+9.104888E-02
+1.060851E+00
-4.936146E-02
+8.475841E-01
-1.388576E-01
+6.678940E-01
-1.908079E-01
+5.186876E-01
-2.157370E-01
+5.243503E-01
-1.915590E-01
+5.289176E-01
-1.673088E-01
+5.323945E-01
-1.430344E-01
+5.347875E-01
-1.187838E-01
+6.021377E-01
-1.196869E-01
+6.776174E-01
-1.190118E-01
+7.621659E-01
-1.163648E-01
+8.568266E-01
-1.112815E-01
+9.474875E-01
-1.005838E-01
+1.047161E+00
-8.645166E-02
+1.156683E+00
-6.830068E-02
+1.276959E+00
-4.546513E-02
+1.190001E+00
-1.505473E-02
+1.108381E+00
+1.140399E-02
+1.031817E+00
+3.429718E-02
+9.600359E-01
+5.397835E-02
+9.649662E-01
+2.403084E-02
+9.689730E-01
-6.172345E-03
+9.720455E-01
-3.660309E-02
+9.741732E-01
-6.723283E-02
+9.723619E-01
-5.912494E-02
+9.704891E-01
-5.105146E-02
+9.685548E-01
-4.301281E-02
+9.665600E-01
-3.500938E-02
+9.670561E-01
-9.680742E-03
+9.668890E-01
+1.564986E-02
+9.660583E-01
+4.096506E-02
+9.645654E-01
+6.624751E-02
+9.608129E-01
+6.263773E-02
+9.570633E-01
+5.905581E-02
+9.533170E-01
+5.550166E-02
+9.495743E-01
+5.197517E-02
+9.690207E-01
+3.229893E-02
+9.884139E-01
+1.181971E-02
+1.007735E+00
-9.476809E-03
+1.026965E+00
-3.160483E-02
+1.032110E+00
-1.814874E-02
+1.037100E+00
-4.562574E-03
+1.041933E+00
+9.152202E-03
+1.046607E+00
+2.299409E-02
+1.033393E+00
+3.598327E-02
+1.020177E+00
+4.864449E-02
+1.006963E+00
+6.098179E-02
+9.937578E-01
+7.299919E-02
+9.909974E-01
+7.183729E-02
+9.882439E-01
+7.068129E-02
+9.854971E-01
+6.953128E-02
+9.827574E-01
+6.838720E-02
+9.926921E-01
+3.761182E-02
+1.001724E+00
+6.277003E-03
+1.009830E+00
-2.559291E-02
+1.016983E+00
-5.797260E-02
+1.019562E+00
-1.951480E-02
+1.020687E+00
+1.905514E-02
+1.020353E+00
+5.768225E-02
+1.018556E+00
+9.631135E-02
+1.024681E+00
+5.070779E-02
+1.028765E+00
+4.748601E-03
+1.030792E+00
-4.147521E-02
+1.030747E+00
-8.787166E-02
+1.009603E+00
-4.289743E-02
+9.870976E-01
+1.156161E-04
+9.633454E-01
+4.115804E-02
+9.384583E-01
+8.022545E-02
+9.915856E-01
-9.561549E-02
+1.013300E+00
-2.886804E-01
+9.990503E-01
-4.936689E-01
+9.451107E-01
-7.041992E-01
+1.042796E+00
-3.638284E-01
+1.034443E+00
-3.210653E-02
+9.337300E-01
+2.620768E-01
+7.610081E-01
+4.967418E-01
+8.266037E-01
+4.401348E-01
+8.887449E-01
+3.760241E-01
+9.466527E-01
+3.045283E-01
+9.995387E-01
+2.258404E-01
+1.006936E+00
+1.307323E-01
+1.005472E+00
+3.621859E-02
+9.953214E-01
-5.689251E-02
+9.767288E-01
-1.478195E-01
+9.891766E-01
-9.255566E-02
+9.985145E-01
-3.635386E-02
+1.004675E+00
+2.061178E-02
+1.007603E+00
+7.816263E-02
+1.007897E+00
+7.690050E-02
+1.008188E+00
+7.563777E-02
+1.008479E+00
+7.437442E-02
+1.008769E+00
+7.311051E-02
+1.016649E+00
+4.531597E-02
+1.023798E+00
+1.714023E-02
+1.030200E+00
-1.139848E-02
+1.035841E+00
-4.028136E-02
+1.041073E+00
-2.733514E-02
+1.046165E+00
-1.426359E-02
+1.051114E+00
-1.067916E-03
+1.055919E+00
+1.225063E-02
+1.044843E+00
-1.304930E-02
+1.033284E+00
-3.781290E-02
+1.021260E+00
-6.203438E-02
+1.008786E+00
-8.570848E-02
+1.020200E+00
-5.598012E-02
+1.030816E+00
-2.564687E-02
+1.040609E+00
+5.272462E-03
+1.049552E+00
+3.675810E-02
+1.036558E+00
+4.190927E-02
+1.023694E+00
+4.692829E-02
+1.010961E+00
+5.181748E-02
+9.983557E-01
+5.657906E-02
+9.817322E-01
+4.071911E-02
+9.651633E-01
+2.538425E-02
+9.486555E-01
+1.056444E-02
+9.322163E-01
-3.750188E-03
+9.694010E-01
+3.758689E-03
+1.008005E+00
+1.187231E-02
+1.048082E+00
+2.062644E-02
+1.089684E+00
+3.005872E-02
+1.061579E+00
+3.514986E-03
+1.033591E+00
-2.166275E-02
+1.005748E+00
-4.551335E-02
+9.780768E-01
-6.807531E-02
+9.675111E-01
-4.373153E-02
+9.564923E-01
-1.994522E-02
+9.450398E-01
+3.279691E-03
+9.331730E-01
+2.593980E-02
+9.408439E-01
+3.892780E-02
+9.484030E-01
+5.213245E-02
+9.558466E-01
+6.555404E-02
+9.631697E-01
+7.919283E-02
+9.740699E-01
+8.783345E-02
+9.850317E-01
+9.666459E-02
+9.960540E-01
+1.056890E-01
+1.007136E+00
+1.149095E-01
+1.061480E+00
+1.324955E-01
+1.118628E+00
+1.516593E-01
+1.178719E+00
+1.725193E-01
+1.241896E+00
+1.952019E-01
+1.109826E+00
+1.319407E-01
+9.903821E-01
+8.015008E-02
+8.825375E-01
+3.812829E-02
+7.853244E-01
+4.397790E-03
+8.077327E-01
+5.752137E-02
+8.272036E-01
+1.136930E-01
+8.434468E-01
+1.728026E-01
+8.561710E-01
+2.347173E-01
+1.190652E+00
+6.577961E-02
+1.582008E+00
-2.507483E-01
+2.006257E+00
-7.771732E-01
+2.414266E+00
-1.588516E+00
+1.869032E+00
-1.097690E-01
+1.084333E+00
+5.435015E-01
+4.325083E-01
+6.560346E-01
+3.030880E-02
+5.081538E-01
+1.966453E-01
+4.330058E-01
+3.165346E-01
+3.117529E-01
+3.804740E-01
+1.658501E-01
+3.873633E-01
+1.719223E-02
+4.238694E-01
+5.944472E-02
+4.595624E-01
+1.096973E-01
+4.935241E-01
+1.686560E-01
+5.246724E-01
+2.370006E-01
+5.662445E-01
+1.942253E-01
+6.051129E-01
+1.458927E-01
+6.406411E-01
+9.207059E-02
+6.721764E-01
+3.289097E-02
+7.736434E-01
+1.146939E-01
+8.816644E-01
+2.208729E-01
+9.944860E-01
+3.559911E-01
+1.109558E+00
+5.251258E-01
+1.110588E+00
+2.780703E-01
+1.066498E+00
+5.191018E-02
+9.849478E-01
-1.469137E-01
+8.741165E-01
-3.139063E-01
+8.546470E-01
-2.115976E-01
+8.264047E-01
-1.169969E-01
+7.906338E-01
-3.051238E-02
+7.485467E-01
+4.759089E-02
+7.410496E-01
+6.747417E-02
+7.330762E-01
+8.698948E-02
+7.246400E-01
+1.061269E-01
+7.157553E-01
+1.248771E-01
+7.835885E-01
+5.615579E-02
+8.490520E-01
-2.517776E-02
+9.105891E-01
-1.198196E-01
+9.664482E-01
-2.283485E-01
+1.016136E+00
-2.232011E-01
+1.068100E+00
-2.169867E-01
+1.122429E+00
-2.096172E-01
+1.179217E+00
-2.009986E-01
+1.085255E+00
-1.671285E-01
+9.985169E-01
-1.374247E-01
+9.184707E-01
-1.114385E-01
+8.446215E-01
-8.876579E-02
+9.256910E-01
-3.157157E-02
+1.009485E+00
+3.688832E-02
+1.095376E+00
+1.178138E-01
+1.182589E+00
+2.124618E-01
+1.096670E+00
+1.371020E-01
+1.014053E+00
+7.209946E-02
+9.349753E-01
+1.644826E-02
+8.596080E-01
-3.078723E-02
+8.752929E-01
+1.350439E-03
+8.900214E-01
+3.462667E-02
+9.037350E-01
+6.902434E-02
+9.163731E-01
+1.045239E-01
+9.613069E-01
+1.028733E-01
+1.008394E+00
+1.008152E-01
+1.057737E+00
+9.831415E-02
+1.109440E+00
+9.533240E-02
+1.046588E+00
+1.035792E-01
+9.871298E-01
+1.106000E-01
+9.308921E-01
+1.165043E-01
+8.777090E-01
+1.213936E-01
+8.870443E-01
+6.238537E-02
+8.924142E-01
+2.670374E-03
+8.937655E-01
-5.748499E-02
+8.910635E-01
-1.178105E-01
+9.414416E-01
-6.667589E-02
+9.909836E-01
-9.869887E-03
+1.039288E+00
+5.282714E-02
+1.085919E+00
+1.216197E-01
+1.117299E+00
+7.549126E-02
+1.147344E+00
+2.684637E-02
+1.175909E+00
-2.431476E-02
+1.202846E+00
-7.798524E-02
+1.197500E+00
-5.593551E-02
+1.191789E+00
-3.410547E-02
+1.185717E+00
-1.250050E-02
+1.179292E+00
+8.874228E-03
+1.069313E+00
+4.911932E-02
+9.681600E-01
+8.179159E-02
+8.752762E-01
+1.079027E-01
+7.901207E-01
+1.283506E-01
+8.418559E-01
+3.338362E-02
+8.838020E-01
-7.242973E-02
+9.141389E-01
-1.883272E-01
+9.310609E-01
-3.132805E-01
+9.438592E-01
-3.234996E-01
+9.568001E-01
-3.339518E-01
+9.698840E-01
-3.446416E-01
+9.831124E-01
-3.555735E-01
+9.753321E-01
-1.191047E-01
+9.185050E-01
+9.588207E-02
+8.212629E-01
+2.808813E-01
+6.932996E-01
+4.299155E-01
+9.612380E-01
+2.984857E-01
+1.240473E+00
+5.846415E-02
+1.499533E+00
-3.147430E-01
+1.693212E+00
-8.407513E-01
+1.472664E+00
-1.590601E+00
+9.309548E-01
-2.304578E+00
+5.959534E-02
-2.849343E+00
-1.096222E+00
-3.078511E+00
-1.694671E+00
-1.109139E+00
-1.252239E+00
+8.737598E-02
-5.854978E-01
+5.123292E-01
-9.710242E-02
+4.723141E-01
+1.831546E-01
+6.419960E-01
+6.358362E-01
+6.708928E-01
+1.210067E+00
+4.165742E-01
+1.752213E+00
-2.632441E-01
+1.410610E+00
-2.960023E-01
+1.131658E+00
-3.065754E-01
+9.046270E-01
-3.020715E-01
+7.204677E-01
-2.877607E-01
+7.192029E-01
-2.201106E-01
+7.125438E-01
-1.548528E-01
+7.008651E-01
-9.233965E-02
+6.845573E-01
-3.288177E-02
+7.974626E-01
-2.730651E-02
+9.288131E-01
-1.900619E-02
+1.081593E+00
-7.237776E-03
+1.259266E+00
+8.911556E-03
+1.168078E+00
+5.608139E-02
+1.081678E+00
+9.638588E-02
+9.999810E-01
+1.305021E-01
+9.228824E-01
+1.590551E-01
+9.237879E-01
+1.524752E-01
+9.246465E-01
+1.458905E-01
+9.254580E-01
+1.393013E-01
+9.262229E-01
+1.327079E-01
+9.773229E-01
+1.001138E-01
+1.029557E+00
+6.376071E-02
+1.082821E+00
+2.341626E-02
+1.136998E+00
-2.115925E-02
+1.083315E+00
-4.658622E-02
+1.031552E+00
-6.957634E-02
+9.816762E-01
-9.028827E-02
+9.336530E-01
-1.088725E-01
+9.773253E-01
-5.920880E-02
+1.019872E+00
-5.030259E-03
+1.060987E+00
+5.377878E-02
+1.100345E+00
+1.173207E-01
+1.090747E+00
+1.202640E-01
+1.081217E+00
+1.231486E-01
+1.071757E+00
+1.259752E-01
+1.062365E+00
+1.287443E-01
+1.045278E+00
+6.493936E-02
+1.024930E+00
+3.582073E-03
+1.001536E+00
-5.519719E-02
+9.753152E-01
-1.112834E-01
+1.025157E+00
-9.288697E-02
+1.076958E+00
-7.238670E-02
+1.130764E+00
-4.963309E-02
+1.186615E+00
-2.446851E-02
+1.179766E+00
-4.955602E-02
+1.172422E+00
-7.436423E-02
+1.164589E+00
-9.888403E-02
+1.156277E+00
-1.231066E-01
+1.079616E+00
-3.583314E-02
+1.002685E+00
+3.983916E-02
+9.262894E-01
+1.047448E-01
+8.511179E-01
+1.597112E-01
+8.888100E-01
+6.582521E-02
+9.166029E-01
-3.451873E-02
+9.335314E-01
-1.403335E-01
+9.387208E-01
-2.504990E-01
+1.046495E+00
-1.886833E-01
+1.158485E+00
-1.115487E-01
+1.273693E+00
-1.732504E-02
+1.390871E+00
+9.582876E-02
+1.181606E+00
+2.103636E-01
+9.919256E-01
+2.890839E-01
+8.223146E-01
+3.389578E-01
+6.725422E-01
+3.659938E-01
+9.127222E-01
+2.870054E-01
+1.188234E+00
+1.323723E-01
+1.488873E+00
-1.235160E-01
+1.795968E+00
-5.096096E-01
+2.076824E+00
+4.839904E-02
+2.192042E+00
+7.339319E-01
+2.089258E+00
+1.500609E+00
+1.728043E+00
+2.281914E+00
+1.000739E+00
+2.579545E+00
+2.457401E-01
+2.663211E+00
-4.782293E-01
+2.540652E+00
-1.118637E+00
+2.234640E+00
+1.078881E-01
+2.446513E+00
+1.258960E+00
+2.043045E+00
+2.052017E+00
+1.148751E+00
+2.304527E+00
+4.976246E-03
+1.758941E+00
+2.577582E-01
+1.314533E+00
+3.906320E-01
+9.605895E-01
+4.431064E-01
+6.845726E-01
+4.441652E-01
+7.093764E-01
+2.888365E-01
+7.048706E-01
+1.412688E-01
+6.747118E-01
+6.020701E-03
+6.230749E-01
-1.133492E-01
+7.125703E-01
-1.585582E-01
+8.136204E-01
-2.146524E-01
+9.274903E-01
-2.838036E-01
+1.055538E+00
-3.685698E-01
+1.079718E+00
-1.933212E-01
+1.075959E+00
-1.979942E-02
+1.045401E+00
+1.477159E-01
+9.898141E-01
+3.052551E-01
+9.327351E-01
+1.699969E-01
+8.661769E-01
+5.326182E-02
+7.930144E-01
-4.560963E-02
+7.157870E-01
-1.275285E-01
+7.779683E-01
-1.611736E-01
+8.448614E-01
-1.998245E-01
+9.167486E-01
-2.440877E-01
+9.939195E-01
-2.946334E-01
+9.684654E-01
-1.609713E-01
+9.289530E-01
-3.832256E-02
+8.775133E-01
+7.233576E-02
+8.162626E-01
+1.703340E-01
+9.136394E-01
+1.503174E-01
+1.020723E+00
+1.234995E-01
+1.138252E+00
+8.867644E-02
+1.266992E+00
+4.447774E-02
+1.115065E+00
+1.071736E-02
+9.807194E-01
-1.556370E-02
+8.619998E-01
-3.566214E-02
+7.571586E-01
-5.067430E-02
+7.942215E-01
-9.368064E-02
+8.309394E-01
-1.409204E-01
+8.670684E-01
-1.925975E-01
+9.023407E-01
-2.489136E-01
+9.868482E-01
-2.315960E-01
+1.077570E+00
-2.093205E-01
+1.174810E+00
-1.814199E-01
+1.278866E+00
-1.471597E-01
+1.169298E+00
-1.833095E-01
+1.067282E+00
-2.123958E-01
+9.724706E-01
-2.352774E-01
+8.845101E-01
-2.527301E-01
+9.657215E-01
-2.514082E-01
+1.053760E+00
-2.478924E-01
+1.149147E+00
-2.418228E-01
+1.252438E+00
-2.327951E-01
+1.291493E+00
-1.561714E-01
+1.326334E+00
-7.555212E-02
+1.356623E+00
+8.866576E-03
+1.382026E+00
+9.686257E-02
+1.368746E+00
+1.518476E-02
+1.350898E+00
-6.460313E-02
+1.328655E+00
-1.422615E-01
+1.302200E+00
-2.175637E-01
+1.160313E+00
-2.560903E-01
+1.030993E+00
-2.841218E-01
+9.134553E-01
-3.033043E-01
+8.069202E-01
-3.150809E-01
+7.829719E-01
-1.823132E-01
+7.433556E-01
-6.354414E-02
+6.912056E-01
+4.028767E-02
+6.295262E-01
+1.287363E-01
+7.102884E-01
+1.671502E-02
+7.762199E-01
-1.210160E-01
+8.209747E-01
-2.838179E-01
+8.377706E-01
-4.697521E-01
+9.540885E-01
-2.353360E-01
+1.005022E+00
+2.751194E-02
+9.837338E-01
+3.006096E-01
+8.884252E-01
+5.641631E-01
+7.243651E-01
+4.087166E-01
+5.884927E-01
+2.927812E-01
+4.764916E-01
+2.068696E-01
+3.845647E-01
+1.436721E-01
+4.584841E-01
+1.298437E-02
+4.894286E-01
-1.518885E-01
+4.625886E-01
-3.373805E-01
+3.672071E-01
-5.237988E-01
+6.786762E-01
-6.329729E-01
+1.153560E+00
-6.942524E-01
+1.845965E+00
-6.384148E-01
+2.811870E+00
-3.509462E-01
+3.338801E+00
+6.589001E-01
+3.559339E+00
+2.008987E+00
+3.302314E+00
+3.631673E+00
+2.398013E+00
+5.385344E+00
-4.761768E-01
+4.304557E+00
-1.898188E+00
+2.553338E+00
-2.150633E+00
+9.154237E-01
-1.703367E+00
-2.169354E-01
-1.233900E+00
-6.724023E-01
-7.404505E-01
-8.798603E-01
-3.025412E-01
-8.911227E-01
+3.462910E-02
-7.693578E-01
+4.824501E-01
-7.111820E-01
+8.741942E-01
-3.942176E-01
+1.061419E+00
+1.360078E-01
+9.296049E-01
+7.494765E-01
+8.529323E-01
+4.528353E-01
+7.466329E-01
+2.290131E-01
+6.279555E-01
+6.755163E-02
+5.089956E-01
-4.249453E-02
+6.098810E-01
-9.852611E-02
+7.263404E-01
-1.754690E-01
+8.596386E-01
-2.790766E-01
+1.010766E+00
-4.164050E-01
+1.100946E+00
-3.089836E-01
+1.181493E+00
-1.863625E-01
+1.250174E+00
-4.912928E-02
+1.304742E+00
+1.018329E-01
+1.209569E+00
-4.668511E-03
+1.113861E+00
-9.559096E-02
+1.018837E+00
-1.721222E-01
+9.255265E-01
-2.354483E-01
+9.468003E-01
-1.287029E-01
+9.557980E-01
-2.017329E-02
+9.523896E-01
+8.873267E-02
+9.366060E-01
+1.966006E-01
+9.935011E-01
+1.267170E-01
+1.047005E+00
+4.905479E-02
+1.096322E+00
-3.643813E-02
+1.140614E+00
-1.297494E-01
+1.115099E+00
-5.228873E-02
+1.085345E+00
+2.122409E-02
+1.051729E+00
+9.063266E-02
+1.014633E+00
+1.558099E-01
+9.794246E-01
+1.165512E-01
+9.443341E-01
+7.999898E-02
+9.094456E-01
+4.604191E-02
+8.748354E-01
+1.457033E-02
+9.141777E-01
-1.271527E-02
+9.543975E-01
-4.246961E-02
+9.954544E-01
-7.483043E-02
+1.037302E+00
-1.099402E-01
+1.017845E+00
-1.083771E-01
+9.987544E-01
-1.068340E-01
+9.800209E-01
-1.053107E-01
+1.112801E+00
+1.196272E-02
