#I+8.670000E+02
+3.000000E+00
+8.010000E+02
+8.010000E+02
+1.000000E+01
+1.000000E+00
+3.000000E+00
+0.000000E+00
+1.000000E+00
+1.000000E+00
+1.000000E+00
+1.000000E+00
+2.497000E+03
-1.092400E+04
+2.025600E+04
-1.299100E+04
-1.119200E+04
+0.000000E+00
+0.000000E+00
+0.000000E+00
+0.000000E+00
+0.000000E+00
+0.000000E+00
+0.000000E+00
+0.000000E+00
+0.000000E+00
+0.000000E+00
+0.000000E+00
+0.000000E+00
+0.000000E+00
+0.000000E+00
+0.000000E+00
+0.000000E+00
+0.000000E+00
+0.000000E+00
+0.000000E+00
+1.000000E+00
+0.000000E+00
+1.000000E+00
+0.000000E+00
+0.000000E+00
+1.000000E+00
+0.000000E+00
+1.000000E+00
+2.000000E+00
+3.000000E+00
+4.500000E+01
+4.500000E+01
+0.000000E+00
+0.000000E+00
+2.000000E+00
+0.000000E+00
+0.000000E+00
+0.000000E+00
+0.000000E+00
+0.000000E+00
+9.726894E-04
+1.002375E+00
+0.000000E+00
+0.000000E+00
+0.000000E+00
+1.000000E+00
+1.000000E+00
+0.000000E+00
+0.000000E+00
+9.9999904632568339E+00
+9.9999904632568339E+00
+3.612186E-04
+2.495568E-04
+1.724126E-04
+1.191155E-04
+8.229396E-05
+3.763357E-05
+1.721008E-05
+7.870281E-06
+3.599129E-06
+5.114198E-06
+7.267042E-06
+1.032614E-05
+1.467298E-05
+2.287164E-05
+3.565138E-05
+5.557193E-05
+8.662331E-05
+8.062525E-05
+7.504251E-05
+6.984634E-05
+6.500995E-05
+1.362409E-04
+2.855190E-04
+5.983601E-04
+1.253979E-03
+1.350949E-03
+1.455418E-03
+1.567965E-03
+1.689216E-03
+1.822890E-03
+1.967143E-03
+2.122811E-03
+2.290798E-03
+2.037514E-03
+1.812235E-03
+1.611864E-03
+1.433647E-03
+1.678966E-03
+1.966265E-03
+2.302724E-03
+2.696757E-03
+2.094890E-03
+1.627350E-03
+1.264155E-03
+9.820189E-04
+1.156274E-03
+1.361451E-03
+1.603036E-03
+1.887489E-03
+1.134563E-03
+6.819816E-04
+4.099366E-04
+2.464114E-04
+4.172980E-04
+7.066946E-04
+1.196788E-03
+2.026762E-03
+1.726070E-03
+1.469990E-03
+1.251901E-03
+1.066169E-03
+9.650335E-04
+8.734919E-04
+7.906337E-04
+7.156354E-04
+4.629752E-04
+2.995185E-04
+1.937713E-04
+1.253590E-04
+1.424296E-04
+1.618247E-04
+1.838610E-04
+2.088980E-04
+8.641761E-05
+3.574952E-05
+1.478897E-05
+6.117953E-06
+1.010142E-05
+1.667856E-05
+2.753815E-05
+4.546857E-05
+6.245695E-05
+8.579269E-05
+1.178474E-04
+1.618787E-04
+2.321370E-04
+3.328886E-04
+4.773683E-04
+6.845549E-04
+4.094412E-04
+2.448921E-04
+1.464731E-04
+8.760743E-05
+1.832402E-04
+3.832662E-04
+8.016418E-04
+1.676720E-03
+1.013732E-03
+6.128949E-04
+3.705516E-04
+2.240328E-04
+4.054795E-04
+7.338821E-04
+1.328262E-03
+2.404037E-03
+1.880145E-03
+1.470421E-03
+1.149984E-03
+8.993772E-04
+1.067048E-03
+1.265978E-03
+1.501994E-03
+1.782011E-03
+2.250210E-03
+2.841423E-03
+3.587969E-03
+4.530659E-03
+4.126335E-03
+3.758094E-03
+3.422715E-03
+3.117266E-03
+2.939421E-03
+2.771723E-03
+2.613592E-03
+2.464483E-03
+2.417060E-03
+2.370549E-03
+2.324934E-03
+2.280196E-03
+2.521062E-03
+2.787372E-03
+3.081813E-03
+3.407357E-03
+1.886098E-03
+1.044025E-03
+5.779066E-04
+3.198925E-04
+3.051049E-04
+2.910008E-04
+2.775487E-04
+2.647185E-04
+3.454692E-04
+4.508524E-04
+5.883821E-04
+7.678644E-04
+5.403454E-04
+3.802406E-04
+2.675749E-04
+1.882922E-04
+1.720593E-04
+1.572259E-04
+1.436713E-04
+1.312853E-04
+7.188094E-05
+3.935606E-05
+2.154812E-05
+1.179796E-05
+1.176854E-05
+1.173918E-05
+1.170990E-05
+1.168069E-05
+1.945170E-05
+3.239268E-05
+5.394313E-05
+8.983082E-05
+9.819787E-05
+1.073442E-04
+1.173425E-04
+1.282721E-04
+2.169351E-04
+3.668829E-04
+6.204762E-04
+1.049356E-03
+8.463606E-04
+6.826340E-04
+5.505799E-04
+4.440714E-04
+4.546993E-04
+4.655814E-04
+4.767241E-04
+4.881332E-04
+4.980282E-04
+5.081239E-04
+5.184242E-04
+5.289335E-04
+8.928466E-04
+1.507137E-03
+2.544066E-03
+4.294418E-03
+2.856316E-03
+1.899801E-03
+1.263602E-03
+8.404503E-04
+1.208957E-03
+1.739039E-03
+2.501544E-03
+3.598378E-03
+3.499701E-03
+3.403729E-03
+3.310389E-03
+3.219610E-03
+3.196644E-03
+3.173843E-03
+3.151204E-03
+3.128725E-03
+3.649161E-03
+4.256166E-03
+4.964140E-03
+5.789884E-03
+6.010101E-03
+6.238693E-03
+6.475980E-03
+6.722289E-03
+4.270334E-03
+2.712729E-03
+1.723261E-03
+1.094702E-03
+1.633177E-03
+2.436523E-03
+3.635029E-03
+5.423072E-03
+5.457191E-03
+5.491524E-03
+5.526073E-03
+5.560840E-03
+4.288413E-03
+3.307141E-03
+2.550404E-03
+1.966821E-03
+2.245123E-03
+2.562803E-03
+2.925434E-03
+3.339376E-03
+2.241559E-03
+1.504648E-03
+1.009996E-03
+6.779608E-04
+8.008869E-04
+9.461016E-04
+1.117646E-03
+1.320295E-03
+1.222524E-03
+1.131992E-03
+1.048165E-03
+9.705450E-04
+7.401952E-04
+5.645168E-04
+4.305340E-04
+3.283508E-04
+2.311986E-04
+1.627917E-04
+1.146250E-04
+8.070981E-05
+4.627724E-05
+2.653436E-05
+1.521423E-05
+8.723498E-06
+1.140783E-05
+1.491817E-05
+1.950869E-05
+2.551177E-05
+3.149594E-05
+3.888378E-05
+4.800454E-05
+5.926470E-05
+7.862128E-05
+1.042999E-04
+1.383656E-04
+1.835575E-04
+2.019335E-04
+2.221490E-04
+2.443883E-04
+2.688540E-04
+4.127097E-04
+6.335382E-04
+9.725254E-04
+1.492895E-03
+1.755877E-03
+2.065184E-03
+2.428977E-03
+2.856853E-03
+2.155097E-03
+1.625719E-03
+1.226378E-03
+9.251303E-04
+9.437586E-04
+9.627620E-04
+9.821481E-04
+1.001924E-03
+1.490401E-03
+2.217030E-03
+3.297917E-03
+4.905779E-03
+4.608726E-03
+4.329661E-03
+4.067494E-03
+3.821201E-03
+4.691016E-03
+5.758826E-03
+7.069699E-03
+8.678969E-03
+6.909627E-03
+5.500994E-03
+4.379531E-03
+3.486696E-03
+3.500289E-03
+3.513935E-03
+3.527635E-03
+3.541387E-03
+1.774187E-03
+8.888436E-04
+4.452986E-04
+2.230885E-04
+1.108245E-04
+5.505468E-05
+2.734971E-05
+1.358660E-05
+1.347657E-05
+1.336744E-05
+1.325918E-05
+1.315181E-05
+2.639362E-05
+5.296789E-05
+1.062983E-04
+2.133241E-04
+2.022508E-04
+1.917524E-04
+1.817989E-04
+1.723620E-04
+2.769393E-04
+4.449668E-04
+7.149415E-04
+1.148718E-03
+1.139259E-03
+1.129877E-03
+1.120573E-03
+1.111346E-03
+1.321229E-03
+1.570750E-03
+1.867395E-03
+2.220063E-03
+1.744960E-03
+1.371530E-03
+1.078017E-03
+8.473161E-04
+8.421933E-04
+8.371014E-04
+8.320403E-04
+8.270098E-04
+1.147093E-03
+1.591060E-03
+2.206859E-03
+3.060996E-03
+2.696445E-03
+2.375311E-03
+2.092423E-03
+1.843225E-03
+1.490689E-03
+1.205579E-03
+9.750000E-04
+7.885213E-04
+7.884874E-04
+7.884535E-04
+7.884196E-04
+7.883856E-04
+8.977792E-04
+1.022352E-03
+1.164210E-03
+1.325751E-03
+1.034734E-03
+8.075980E-04
+6.303211E-04
+4.919585E-04
+5.078765E-04
+5.243096E-04
+5.412744E-04
+5.587882E-04
+5.149632E-04
+4.745753E-04
+4.373550E-04
+4.030538E-04
+1.705584E-04
+7.217443E-05
+3.054173E-05
+1.292421E-05
+1.286477E-05
+1.280560E-05
+1.274670E-05
+1.268807E-05
+2.120311E-05
+3.543263E-05
+5.921164E-05
+9.894890E-05
+1.147562E-04
+1.330886E-04
+1.543498E-04
+1.790075E-04
+2.777487E-04
+4.309558E-04
+6.686726E-04
+1.037515E-03
+1.095185E-03
+1.156061E-03
+1.220320E-03
+1.288151E-03
+1.558987E-03
+1.886766E-03
+2.283461E-03
+2.763560E-03
+2.772665E-03
+2.781800E-03
+2.790964E-03
+2.800160E-03
+2.290730E-03
+1.873980E-03
+1.533049E-03
+1.254144E-03
+1.794663E-03
+2.568140E-03
+3.674976E-03
+5.258844E-03
+5.425132E-03
+5.596677E-03
+5.773647E-03
+5.956212E-03
+5.263793E-03
+4.651870E-03
+4.111083E-03
+3.633164E-03
+3.477347E-03
+3.328213E-03
+3.185475E-03
+3.048858E-03
+3.411772E-03
+3.817885E-03
+4.272338E-03
+4.780888E-03
+4.766467E-03
+4.752090E-03
+4.737757E-03
+4.723468E-03
+4.513576E-03
+4.313010E-03
+4.121357E-03
+3.938220E-03
+3.741518E-03
+3.554640E-03
+3.377097E-03
+3.208421E-03
+2.260196E-03
+1.592211E-03
+1.121645E-03
+7.901511E-04
+7.994937E-04
+8.089469E-04
+8.185118E-04
+8.281895E-04
+8.011537E-04
+7.750004E-04
+7.497009E-04
+7.252272E-04
+4.997767E-04
+3.444117E-04
+2.373448E-04
+1.635617E-04
+9.986693E-05
+6.097639E-05
+3.723074E-05
+2.273221E-05
+2.835927E-05
+3.537924E-05
+4.413691E-05
+5.506242E-05
+7.400394E-05
+9.946135E-05
+1.336761E-04
+1.796608E-04
+2.664257E-04
+3.950926E-04
+5.858976E-04
+8.688495E-04
+9.578124E-04
+1.055884E-03
+1.163998E-03
+1.283182E-03
+1.459839E-03
+1.660818E-03
+1.889465E-03
+2.149591E-03
+2.305444E-03
+2.472598E-03
+2.651870E-03
+2.844141E-03
+2.571997E-03
+2.325894E-03
+2.103339E-03
+1.902079E-03
+2.568781E-03
+3.469170E-03
+4.685155E-03
+6.327361E-03
+6.414316E-03
+6.502465E-03
+6.591827E-03
+6.682414E-03
+6.777651E-03
+6.874246E-03
+6.972217E-03
+7.071586E-03
+6.436432E-03
+5.858325E-03
+5.332143E-03
+4.853222E-03
+5.639783E-03
+6.553823E-03
+7.616001E-03
+8.850330E-03
+9.139962E-03
+9.439074E-03
+9.747973E-03
+1.006698E-02
+1.055424E-02
+1.106509E-02
+1.160067E-02
+1.216217E-02
+9.781428E-03
+7.866718E-03
+6.326811E-03
+5.088340E-03
+5.255828E-03
+5.428829E-03
+5.607525E-03
+5.792101E-03
+6.542659E-03
+7.390478E-03
+8.348159E-03
+9.429937E-03
+8.127704E-03
+7.005304E-03
+6.037902E-03
+5.204096E-03
+5.635023E-03
+6.101633E-03
+6.606882E-03
+7.153968E-03
+4.977486E-03
+3.463164E-03
+2.409551E-03
+1.676482E-03
+1.630848E-03
+1.586457E-03
+1.543273E-03
+1.501266E-03
+1.450092E-03
+1.400663E-03
+1.352919E-03
+1.306802E-03
+9.485562E-04
+6.885196E-04
+4.997692E-04
+3.627627E-04
+3.861524E-04
+4.110501E-04
+4.375532E-04
+4.657650E-04
+3.312227E-04
+2.355447E-04
+1.675046E-04
+1.191186E-04
+8.080512E-05
+5.481485E-05
+3.718412E-05
+2.522416E-05
+6.010842E-05
+1.432366E-04
+3.413286E-04
+8.133766E-04
+7.657242E-04
+7.208636E-04
+6.786311E-04
+6.388729E-04
+6.812348E-04
+7.264056E-04
+7.745717E-04
+8.259315E-04
+1.240767E-03
+1.863959E-03
+2.800157E-03
+4.206575E-03
+4.420222E-03
+4.644720E-03
+4.880620E-03
+5.128500E-03
+5.614253E-03
+6.146014E-03
+6.728142E-03
+7.365406E-03
+8.622391E-03
+1.009389E-02
+1.181652E-02
+1.383313E-02
+1.325789E-02
+1.270658E-02
+1.217819E-02
+1.167177E-02
+1.168495E-02
+1.169815E-02
+1.171136E-02
+1.172458E-02
+1.203809E-02
+1.235998E-02
+1.269048E-02
+1.302982E-02
+1.454575E-02
+1.623805E-02
+1.812724E-02
+2.023623E-02
+1.756091E-02
+1.523929E-02
+1.322459E-02
+1.147624E-02
+1.109351E-02
+1.072355E-02
+1.036592E-02
+1.002022E-02
+8.374447E-03
+6.998981E-03
+5.849429E-03
+4.888684E-03
+4.829349E-03
+4.770733E-03
+4.712829E-03
+4.655628E-03
+4.532893E-03
+4.413393E-03
+4.297044E-03
+4.183763E-03
+2.839960E-03
+1.927780E-03
+1.308587E-03
+8.882754E-04
+1.024777E-03
+1.182254E-03
+1.363931E-03
+1.573526E-03
+1.240975E-03
+9.787050E-04
+7.718639E-04
+6.087366E-04
+5.104877E-04
+4.280959E-04
+3.590020E-04
+3.010596E-04
+4.520738E-04
+6.788380E-04
+1.019349E-03
+1.530664E-03
+1.435112E-03
+1.345525E-03
+1.261530E-03
+1.182779E-03
+1.254623E-03
+1.330832E-03
+1.411669E-03
+1.497417E-03
+2.142337E-03
+3.065016E-03
+4.385081E-03
+6.273681E-03
+6.821787E-03
+7.417778E-03
+8.065838E-03
+8.770518E-03
+7.490295E-03
+6.396945E-03
+5.463189E-03
+4.665733E-03
+5.889331E-03
+7.433819E-03
+9.383351E-03
+1.184415E-02
+1.188523E-02
+1.192645E-02
+1.196781E-02
+1.200932E-02
+1.469125E-02
+1.797211E-02
+2.198566E-02
+2.689553E-02
+2.243925E-02
+1.872133E-02
+1.561942E-02
+1.303146E-02
+1.439551E-02
+1.590235E-02
+1.756692E-02
+1.940572E-02
+2.162308E-02
+2.409380E-02
+2.684684E-02
+2.991444E-02
+2.773236E-02
+2.570944E-02
+2.383409E-02
+2.209553E-02
+2.389153E-02
+2.583352E-02
+2.793336E-02
+3.020388E-02
+3.069410E-02
+3.119227E-02
+3.169853E-02
+3.221302E-02
+3.298304E-02
+3.377147E-02
+3.457875E-02
+3.540531E-02
+2.932945E-02
+2.429625E-02
+2.012680E-02
+1.667287E-02
+1.406884E-02
+1.187152E-02
+1.001739E-02
+8.452838E-03
+9.285606E-03
+1.020042E-02
+1.120536E-02
+1.230930E-02
+1.202701E-02
+1.175119E-02
+1.148170E-02
+1.121839E-02
+6.702431E-03
+4.004368E-03
+2.392410E-03
+1.429346E-03
+1.564287E-03
+1.711967E-03
+1.873590E-03
+2.050471E-03
+2.869033E-03
+4.014370E-03
+5.616933E-03
+7.859254E-03
+6.465726E-03
+5.319284E-03
+4.376119E-03
+3.600186E-03
+2.774807E-03
+2.138655E-03
+1.648347E-03
+1.270447E-03
+1.250866E-03
+1.231586E-03
+1.212603E-03
+1.193912E-03
+1.893227E-03
+3.002154E-03
+4.760616E-03
+7.549070E-03
+6.043196E-03
+4.837710E-03
+3.872693E-03
+3.100174E-03
+4.907386E-03
+7.768093E-03
+1.229642E-02
+1.946448E-02
+2.393163E-02
+2.942401E-02
+3.617691E-02
+4.447962E-02
+4.307055E-02
+4.170611E-02
+4.038490E-02
+3.910555E-02
+4.202931E-02
+4.517167E-02
+4.854897E-02
+5.217880E-02
+5.881346E-02
+6.629173E-02
+7.472089E-02
+8.422185E-02
+8.584750E-02
+8.750452E-02
+8.919352E-02
+9.091513E-02
+9.228212E-02
+9.366965E-02
+9.507805E-02
+9.650768E-02
+1.079247E-01
+1.206925E-01
+1.349706E-01
+1.509379E-01
+1.487056E-01
+1.465062E-01
+1.443394E-01
+1.785136E-01
