#I+8.670000E+02
+2.000000E+00
+8.010000E+02
+8.010000E+02
+1.000000E+01
+0.000000E+00
+3.000000E+00
+0.000000E+00
+1.000000E+00
+1.000000E+00
+1.000000E+00
+1.000000E+00
+2.497000E+03
-1.092400E+04
+2.025600E+04
-1.299100E+04
-1.119200E+04
+0.000000E+00
+0.000000E+00
+0.000000E+00
+0.000000E+00
+0.000000E+00
+0.000000E+00
+0.000000E+00
+0.000000E+00
+0.000000E+00
+0.000000E+00
+0.000000E+00
+0.000000E+00
+0.000000E+00
+0.000000E+00
+0.000000E+00
+0.000000E+00
+0.000000E+00
+0.000000E+00
+0.000000E+00
+1.000000E+00
+0.000000E+00
+1.000000E+00
+0.000000E+00
+0.000000E+00
+1.000000E+00
+0.000000E+00
+1.000000E+00
+2.000000E+00
+3.000000E+00
+4.500000E+01
+4.500000E+01
+0.000000E+00
+0.000000E+00
+2.000000E+00
+0.000000E+00
+0.000000E+00
+0.000000E+00
+0.000000E+00
+0.000000E+00
+9.726894E-04
+1.588667E+00
+0.000000E+00
+0.000000E+00
+0.000000E+00
+1.000000E+00
+1.000000E+00
+0.000000E+00
+0.000000E+00
+9.9999904632568339E+00
+9.9999904632568339E+00
+4.057194E-04
+2.952458E-04
+2.148532E-04
+1.563507E-04
+1.137779E-04
+2.738086E-05
+6.589255E-06
+1.585717E-06
+3.816057E-07
+1.014088E-06
+2.694861E-06
+7.161387E-06
+1.903085E-05
+2.869597E-05
+4.326968E-05
+6.524489E-05
+9.838054E-05
+8.112201E-05
+6.689108E-05
+5.515663E-05
+4.548070E-05
+1.021980E-04
+2.296453E-04
+5.160273E-04
+1.159547E-03
+1.260726E-03
+1.370735E-03
+1.490343E-03
+1.620388E-03
+1.751415E-03
+1.893037E-03
+2.046111E-03
+2.211563E-03
+1.965026E-03
+1.745972E-03
+1.551337E-03
+1.378400E-03
+1.607391E-03
+1.874425E-03
+2.185820E-03
+2.548948E-03
+2.046315E-03
+1.642798E-03
+1.318851E-03
+1.058785E-03
+1.232084E-03
+1.433749E-03
+1.668422E-03
+1.941506E-03
+1.111092E-03
+6.358597E-04
+3.638920E-04
+2.082493E-04
+3.669320E-04
+6.465283E-04
+1.139173E-03
+2.007206E-03
+1.720190E-03
+1.474214E-03
+1.263412E-03
+1.082753E-03
+9.968472E-04
+9.177573E-04
+8.449424E-04
+7.779050E-04
+4.763795E-04
+2.917290E-04
+1.786513E-04
+1.094038E-04
+1.227030E-04
+1.376189E-04
+1.543479E-04
+1.731105E-04
+8.189183E-05
+3.873982E-05
+1.832630E-05
+8.669452E-06
+1.107131E-05
+1.413859E-05
+1.805566E-05
+2.305796E-05
+3.987663E-05
+6.896299E-05
+1.192652E-04
+2.062583E-04
+2.721987E-04
+3.592201E-04
+4.740622E-04
+6.256193E-04
+4.030674E-04
+2.596840E-04
+1.673065E-04
+1.077905E-04
+2.192763E-04
+4.460699E-04
+9.074321E-04
+1.845974E-03
+1.077677E-03
+6.291459E-04
+3.672944E-04
+2.144257E-04
+3.870716E-04
+6.987241E-04
+1.261305E-03
+2.276850E-03
+1.864096E-03
+1.526167E-03
+1.249498E-03
+1.022986E-03
+1.204691E-03
+1.418671E-03
+1.670659E-03
+1.967407E-03
+2.373094E-03
+2.862435E-03
+3.452680E-03
+4.164637E-03
+3.828031E-03
+3.518630E-03
+3.234237E-03
+2.972830E-03
+2.758088E-03
+2.558858E-03
+2.374019E-03
+2.202532E-03
+2.288877E-03
+2.378606E-03
+2.471853E-03
+2.568755E-03
+2.679337E-03
+2.794680E-03
+2.914988E-03
+3.040476E-03
+1.836239E-03
+1.108962E-03
+6.697372E-04
+4.044753E-04
+3.239734E-04
+2.594937E-04
+2.078472E-04
+1.664799E-04
+2.296474E-04
+3.167825E-04
+4.369793E-04
+6.027825E-04
+4.934847E-04
+4.040049E-04
+3.307498E-04
+2.707775E-04
+2.268661E-04
+1.900758E-04
+1.592516E-04
+1.334262E-04
+9.895295E-05
+7.338656E-05
+5.442573E-05
+4.036378E-05
+2.359408E-05
+1.379158E-05
+8.061675E-06
+4.712334E-06
+7.255996E-06
+1.117270E-05
+1.720359E-05
+2.648990E-05
+4.569843E-05
+7.883560E-05
+1.360014E-04
+2.346197E-04
+3.434164E-04
+5.026637E-04
+7.357564E-04
+1.076938E-03
+8.757669E-04
+7.121745E-04
+5.791410E-04
+4.709579E-04
+4.197211E-04
+3.740584E-04
+3.333635E-04
+2.970959E-04
+3.600070E-04
+4.362398E-04
+5.286152E-04
+6.405517E-04
+9.875933E-04
+1.522657E-03
+2.347610E-03
+3.619512E-03
+2.309563E-03
+1.473701E-03
+9.403493E-04
+6.000244E-04
+9.805034E-04
+1.602246E-03
+2.618240E-03
+4.278483E-03
+4.180341E-03
+4.084450E-03
+3.990759E-03
+3.899217E-03
+3.500285E-03
+3.142169E-03
+2.820692E-03
+2.532104E-03
+3.169965E-03
+3.968508E-03
+4.968212E-03
+6.219748E-03
+6.362384E-03
+6.508292E-03
+6.657545E-03
+6.810218E-03
+4.113824E-03
+2.485023E-03
+1.501119E-03
+9.067755E-04
+1.449388E-03
+2.316700E-03
+3.703010E-03
+5.918885E-03
+5.710256E-03
+5.508982E-03
+5.314802E-03
+5.127465E-03
+4.162869E-03
+3.379737E-03
+2.743929E-03
+2.227731E-03
+2.500286E-03
+2.806187E-03
+3.149514E-03
+3.534847E-03
+2.326223E-03
+1.530848E-03
+1.007425E-03
+6.629697E-04
+7.502391E-04
+8.489962E-04
+9.607532E-04
+1.087222E-03
+1.098816E-03
+1.110533E-03
+1.122376E-03
+1.134345E-03
+9.074829E-04
+7.259917E-04
+5.807977E-04
+4.646416E-04
+2.442757E-04
+1.284229E-04
+6.751567E-05
+3.549494E-05
+2.831338E-05
+2.258484E-05
+1.801533E-05
+1.437036E-05
+1.674830E-05
+1.951972E-05
+2.274975E-05
+2.651427E-05
+3.170070E-05
+3.790163E-05
+4.531553E-05
+5.417966E-05
+7.824749E-05
+1.130068E-04
+1.632070E-04
+2.357073E-04
+2.753312E-04
+3.216161E-04
+3.756818E-04
+4.388365E-04
+5.909427E-04
+7.957708E-04
+1.071595E-03
+1.443023E-03
+1.640430E-03
+1.864844E-03
+2.119957E-03
+2.409970E-03
+1.946649E-03
+1.572401E-03
+1.270104E-03
+1.025924E-03
+9.477504E-04
+8.755336E-04
+8.088194E-04
+7.471888E-04
+1.157120E-03
+1.791953E-03
+2.775074E-03
+4.297566E-03
+4.277307E-03
+4.257143E-03
+4.237073E-03
+4.217099E-03
+4.939046E-03
+5.784586E-03
+6.774878E-03
+7.934703E-03
+6.554854E-03
+5.414962E-03
+4.473297E-03
+3.695388E-03
+3.535996E-03
+3.383479E-03
+3.237541E-03
+3.097897E-03
+1.400434E-03
+6.330793E-04
+2.861895E-04
+1.293746E-04
+9.826242E-05
+7.463212E-05
+5.668447E-05
+4.305289E-05
+4.324430E-05
+4.343657E-05
+4.362969E-05
+4.382367E-05
+7.002915E-05
+1.119049E-04
+1.788213E-04
+2.857520E-04
+2.227801E-04
+1.736855E-04
+1.354100E-04
+1.055693E-04
+1.955330E-04
+3.621617E-04
+6.707875E-04
+1.242418E-03
+1.222726E-03
+1.203346E-03
+1.184273E-03
+1.165502E-03
+1.392257E-03
+1.663128E-03
+1.986699E-03
+2.373221E-03
+1.865685E-03
+1.466690E-03
+1.153024E-03
+9.064387E-04
+9.084317E-04
+9.104290E-04
+9.124308E-04
+9.144369E-04
+1.220254E-03
+1.628347E-03
+2.172919E-03
+2.899613E-03
+2.530494E-03
+2.208364E-03
+1.927241E-03
+1.681905E-03
+1.394216E-03
+1.155735E-03
+9.580471E-04
+7.941729E-04
+7.986811E-04
+8.032147E-04
+8.077741E-04
+8.123593E-04
+9.097402E-04
+1.018795E-03
+1.140922E-03
+1.277689E-03
+9.950434E-04
+7.749236E-04
+6.034978E-04
+4.699943E-04
+4.825242E-04
+4.953882E-04
+5.085951E-04
+5.221540E-04
+5.043031E-04
+4.870626E-04
+4.704114E-04
+4.543294E-04
+1.718673E-04
+6.501535E-05
+2.459453E-05
+9.303809E-06
+1.054665E-05
+1.195551E-05
+1.355258E-05
+1.536298E-05
+2.417706E-05
+3.804798E-05
+5.987693E-05
+9.422967E-05
+1.113045E-04
+1.314735E-04
+1.552971E-04
+1.834377E-04
+2.813966E-04
+4.316672E-04
+6.621850E-04
+1.015804E-03
+1.071851E-03
+1.130990E-03
+1.193393E-03
+1.259239E-03
+1.505351E-03
+1.799564E-03
+2.151279E-03
+2.571735E-03
+2.556439E-03
+2.541235E-03
+2.526120E-03
+2.511096E-03
+2.097992E-03
+1.752848E-03
+1.464484E-03
+1.223559E-03
+1.719120E-03
+2.415390E-03
+3.393661E-03
+4.768146E-03
+5.040967E-03
+5.329398E-03
+5.634331E-03
+5.956714E-03
+5.452129E-03
+4.990287E-03
+4.567567E-03
+4.180655E-03
+3.700280E-03
+3.275102E-03
+2.898780E-03
+2.565698E-03
+3.027402E-03
+3.572191E-03
+4.215016E-03
+4.973521E-03
+5.081574E-03
+5.191975E-03
+5.304774E-03
+5.420022E-03
+5.090293E-03
+4.780624E-03
+4.489793E-03
+4.216657E-03
+3.911566E-03
+3.628550E-03
+3.366011E-03
+3.122467E-03
+1.975188E-03
+1.249451E-03
+7.903690E-04
+4.999661E-04
+6.400441E-04
+8.193684E-04
+1.048935E-03
+1.342820E-03
+1.221754E-03
+1.111602E-03
+1.011382E-03
+9.201972E-04
+3.514655E-04
+1.342407E-04
+5.127269E-05
+1.958337E-05
+2.849003E-05
+4.144749E-05
+6.029809E-05
+8.772210E-05
+1.253928E-04
+1.792406E-04
+2.562124E-04
+3.662384E-04
+4.039537E-04
+4.455530E-04
+4.914362E-04
+5.420444E-04
+7.434657E-04
+1.019734E-03
+1.398663E-03
+1.918400E-03
+1.565875E-03
+1.278129E-03
+1.043260E-03
+8.515506E-04
+1.113762E-03
+1.456714E-03
+1.905268E-03
+2.491942E-03
+2.974019E-03
+3.549356E-03
+4.235993E-03
+5.055467E-03
+4.645048E-03
+4.267948E-03
+3.921462E-03
+3.603105E-03
+4.162230E-03
+4.808118E-03
+5.554233E-03
+6.416127E-03
+5.926274E-03
+5.473820E-03
+5.055909E-03
+4.669902E-03
+5.621294E-03
+6.766513E-03
+8.145045E-03
+9.804428E-03
+7.502540E-03
+5.741091E-03
+4.393195E-03
+3.361758E-03
+4.617163E-03
+6.341383E-03
+8.709490E-03
+1.196195E-02
+1.192989E-02
+1.189793E-02
+1.186605E-02
+1.183425E-02
+1.129165E-02
+1.077394E-02
+1.027996E-02
+9.808626E-03
+8.843366E-03
+7.973097E-03
+7.188470E-03
+6.481056E-03
+6.646722E-03
+6.816622E-03
+6.990866E-03
+7.169562E-03
+7.345047E-03
+7.524827E-03
+7.709007E-03
+7.897694E-03
+6.481137E-03
+5.318658E-03
+4.364686E-03
+3.581820E-03
+3.921009E-03
+4.292318E-03
+4.698789E-03
+5.143749E-03
+4.343951E-03
+3.668514E-03
+3.098099E-03
+2.616378E-03
+2.297501E-03
+2.017488E-03
+1.771603E-03
+1.555685E-03
+1.456613E-03
+1.363851E-03
+1.276997E-03
+1.195673E-03
+9.824925E-04
+8.073207E-04
+6.633808E-04
+5.451045E-04
+3.811694E-04
+2.665363E-04
+1.863780E-04
+1.303265E-04
+7.049166E-05
+3.812787E-05
+2.062279E-05
+1.115455E-05
+1.969849E-05
+3.478676E-05
+6.143204E-05
+1.084866E-04
+1.348616E-04
+1.676487E-04
+2.084070E-04
+2.590743E-04
+3.685907E-04
+5.244021E-04
+7.460786E-04
+1.061462E-03
+1.204230E-03
+1.366199E-03
+1.549954E-03
+1.758423E-03
+1.948770E-03
+2.159722E-03
+2.393508E-03
+2.652602E-03
+3.232216E-03
+3.938481E-03
+4.799071E-03
+5.847707E-03
+6.404338E-03
+7.013954E-03
+7.681598E-03
+8.412795E-03
+8.933421E-03
+9.486267E-03
+1.007333E-02
+1.069671E-02
+1.127620E-02
+1.188708E-02
+1.253106E-02
+1.320992E-02
+1.218871E-02
+1.124644E-02
+1.037701E-02
+9.574803E-03
+9.996824E-03
+1.043745E-02
+1.089749E-02
+1.137781E-02
+1.326171E-02
+1.545754E-02
+1.801695E-02
+2.100013E-02
+1.657354E-02
+1.308003E-02
+1.032292E-02
+8.146964E-03
+7.956306E-03
+7.770108E-03
+7.588268E-03
+7.410683E-03
+7.176943E-03
+6.950576E-03
+6.731349E-03
+6.519035E-03
+6.079882E-03
+5.670313E-03
+5.288334E-03
+4.932086E-03
+4.008733E-03
+3.258244E-03
+2.648256E-03
+2.152467E-03
+1.971587E-03
+1.805907E-03
+1.654149E-03
+1.515145E-03
+1.119443E-03
+8.270848E-04
+6.110799E-04
+4.514877E-04
+2.875594E-04
+1.831510E-04
+1.166516E-04
+7.429717E-05
+6.668220E-05
+5.984771E-05
+5.371370E-05
+4.820839E-05
+7.538250E-05
+1.178741E-04
+1.843174E-04
+2.882135E-04
+4.541044E-04
+7.154794E-04
+1.127297E-03
+1.776151E-03
+2.138654E-03
+2.575142E-03
+3.100715E-03
+3.733554E-03
+4.020170E-03
+4.328789E-03
+4.661100E-03
+5.018925E-03
+5.669871E-03
+6.405244E-03
+7.235993E-03
+8.174492E-03
+8.332796E-03
+8.494165E-03
+8.658659E-03
+8.826341E-03
+9.330206E-03
+9.862835E-03
+1.042587E-02
+1.102105E-02
+1.233116E-02
+1.379701E-02
+1.543711E-02
+1.727217E-02
+1.713601E-02
+1.700091E-02
+1.686689E-02
+1.673391E-02
+1.804545E-02
+1.945977E-02
+2.098495E-02
+2.262967E-02
+2.250833E-02
+2.238763E-02
+2.226758E-02
+2.214817E-02
+2.104422E-02
+1.999529E-02
+1.899864E-02
+1.805168E-02
+1.979667E-02
+2.171034E-02
+2.380899E-02
+2.611052E-02
+2.399172E-02
+2.204486E-02
+2.025598E-02
+1.861225E-02
+1.813706E-02
+1.767399E-02
+1.722275E-02
+1.678303E-02
+1.760321E-02
+1.846347E-02
+1.936577E-02
+2.031216E-02
+2.077289E-02
+2.124408E-02
+2.172595E-02
+2.221876E-02
+2.176885E-02
+2.132805E-02
+2.089618E-02
+2.047304E-02
+1.839503E-02
+1.652793E-02
+1.485035E-02
+1.334303E-02
+1.245460E-02
+1.162533E-02
+1.085127E-02
+1.012875E-02
+9.689040E-03
+9.268422E-03
+8.866064E-03
+8.481173E-03
+7.435665E-03
+6.519041E-03
+5.715413E-03
+5.010852E-03
+3.331218E-03
+2.214597E-03
+1.472266E-03
+9.787637E-04
+5.582689E-04
+3.184263E-04
+1.816245E-04
+1.035953E-04
+1.479426E-04
+2.112742E-04
+3.017168E-04
+4.308764E-04
+6.334666E-04
+9.313110E-04
+1.369196E-03
+2.012967E-03
+2.563481E-03
+3.264551E-03
+4.157352E-03
+5.294322E-03
+6.480269E-03
+7.931873E-03
+9.708641E-03
+1.188341E-02
+1.285792E-02
+1.391234E-02
+1.505324E-02
+1.628769E-02
+1.830262E-02
+2.056681E-02
+2.311110E-02
+2.597014E-02
+2.943828E-02
+3.336956E-02
+3.782585E-02
+4.287724E-02
+4.603453E-02
+4.942431E-02
+5.306369E-02
+5.697106E-02
+5.863159E-02
+6.034052E-02
+6.209926E-02
+6.390928E-02
+6.888850E-02
+7.425566E-02
+8.004099E-02
+8.627707E-02
+9.485686E-02
+1.042899E-01
+1.146609E-01
+1.260633E-01
+1.291147E-01
+1.322400E-01
+1.354409E-01
+1.387194E-01
+1.419278E-01
+1.452104E-01
+1.485690E-01
+1.441403E-01
