Hz,real,imaginary,V^2 (rms) 
9.99999046326,0.0004057194,0.0004057194,0.655172591918
10.022412543,0.0002952458,0.0002952458,0.558900757201
10.0448848978,0.0002148532,0.0002148532,0.476775298857
10.0674076403,0.0001563507,0.0001563507,0.406717396481
10.0899808835,0.0001137779,0.0001137779,0.346953913654
10.1126047407,2.738086e-05,2.738086e-05,0.170202672952
10.1352793254,6.589255e-06,6.589255e-06,0.0834951003952
10.1580047512,1.585717e-06,1.585717e-06,0.0409595969951
10.1807811322,3.816057e-07,3.816057e-07,0.0200932533603
10.2036085826,1.014088e-06,1.014088e-06,0.0327552301778
10.226487217,2.694861e-06,2.694861e-06,0.0533962820616
10.24941715,7.161387e-06,7.161387e-06,0.0870445141637
10.2723984968,1.903085e-05,1.903085e-05,0.141896579592
10.2954313727,2.869597e-05,2.869597e-05,0.174242177041
10.318515893,4.326968e-05,4.326968e-05,0.213961027853
10.3416521737,6.524489e-05,6.524489e-05,0.262733883654
10.3648403308,9.838054e-05,9.838054e-05,0.322624567136
10.3880804806,8.112201e-05,8.112201e-05,0.292962602699
10.4113727398,6.689108e-05,6.689108e-05,0.266027747876
10.434717225,5.515663e-05,5.515663e-05,0.241569274826
10.4581140535,4.54807e-05,4.54807e-05,0.219359478026
10.4815633426,0.000102198,0.000102198,0.328824396905
10.50506521,0.0002296453,0.0002296453,0.492914523422
10.5286197734,0.0005160273,0.0005160273,0.738888952008
10.5522271512,0.001159547,0.001159547,1.10761036741
10.5758874616,0.001260726,0.001260726,1.15492342084
10.5996008235,0.001370735,0.001370735,1.20425812432
10.6233673556,0.001490343,0.001490343,1.25570016087
10.6471871774,0.001620388,0.001620388,1.30933972062
10.6710604082,0.001751415,0.001751415,1.36124834986
10.6949871677,0.001893037,0.001893037,1.41521487626
10.7189675761,0.002046111,0.002046111,1.47132098401
10.7430017537,0.002211563,0.002211563,1.52965148122
10.7670898208,0.001965026,0.001965026,1.44187291673
10.7912318985,0.001745972,0.001745972,1.35913147856
10.8154281078,0.001551337,0.001551337,1.28113798866
10.8396785701,0.0013784,0.0013784,1.20762047018
10.8639834071,0.001607391,0.001607391,1.30407809505
10.8883427405,0.001874425,0.001874425,1.40824062219
10.9127566928,0.00218582,0.00218582,1.52072270977
10.9372253862,0.002548948,0.002548948,1.64218969184
10.9617489436,0.002046315,0.002046315,1.47139432852
10.9863274879,0.001642798,0.001642798,1.31836272854
11.0109611426,0.001318851,0.001318851,1.18124695047
11.035650031,0.001058785,0.001058785,1.05839242722
11.0603942771,0.001232084,0.001232084,1.14172889602
11.085194005,0.001433749,0.001433749,1.23162755815
11.1100493392,0.001668422,0.001668422,1.32860471021
11.1349604041,0.001941506,0.001941506,1.43321782992
11.159927325,0.001111092,0.001111092,1.0842210734
11.1849502269,0.0006358597,0.0006358597,0.820207024232
11.2100292354,0.000363892,0.000363892,0.620481857914
11.2351644764,0.0002082493,0.0002082493,0.469390838641
11.2603560758,0.000366932,0.000366932,0.623068259503
11.2856041601,0.0006465283,0.0006465283,0.827059212753
11.3109088559,0.001139173,0.001139173,1.09783652426
11.3362702901,0.002007206,0.002007206,1.45726591534
11.36168859,0.00172019,0.00172019,1.3490593093
11.3871638831,0.001474214,0.001474214,1.24888686918
11.4126962971,0.001263412,0.001263412,1.15615305907
11.4382859602,0.001082753,0.001082753,1.0703049444
11.4639330007,0.0009968472,0.0009968472,1.02696851831
11.4896375472,0.0009177573,0.0009177573,0.98538683947
11.5153997287,0.0008449424,0.0008449424,0.945488793799
11.5412196745,0.000777905,0.000777905,0.907206420833
11.5670975139,0.0004763795,0.0004763795,0.709936272492
11.593033377,0.000291729,0.000291729,0.555562131539
11.6190273937,0.0001786513,0.0001786513,0.434756340264
11.6450796944,0.0001094038,0.0001094038,0.340219370995
11.6711904099,0.000122703,0.000122703,0.36030511237
11.6973596711,0.0001376189,0.0001376189,0.381576723871
11.7235876092,0.0001543479,0.0001543479,0.404104043781
11.749874356,0.0001731105,0.0001731105,0.427961340544
11.7762200431,8.189183e-05,8.189183e-05,0.294349377679
11.8026248028,3.873982e-05,3.873982e-05,0.202451795645
11.8290887675,1.83263e-05,1.83263e-05,0.13924519884
11.85561207,8.669452e-06,8.669452e-06,0.0957720220941
11.8821948433,1.107131e-05,1.107131e-05,0.108228674481
11.9088372207,1.413859e-05,1.413859e-05,0.122305470932
11.935539336,1.805566e-05,1.805566e-05,0.138213198646
11.962301323,2.305796e-05,2.305796e-05,0.156190017863
11.989123316,3.987663e-05,3.987663e-05,0.205400765675
12.0160054496,6.896299e-05,6.896299e-05,0.270116351634
12.0429478585,0.0001192652,0.0001192652,0.355221876579
12.069950678,0.0002062583,0.0002062583,0.467141607438
12.0970140435,0.0002721987,0.0002721987,0.536643479975
12.1241380908,0.0003592201,0.0003592201,0.616485900731
12.1513229558,0.0004740622,0.0004740622,0.708207460847
12.1785687751,0.0006256193,0.0006256193,0.813575576944
12.2058756851,0.0004030674,0.0004030674,0.653027801246
12.2332438231,0.000259684,0.000259684,0.52416187576
12.2606733261,0.0001673065,0.0001673065,0.420725892952
12.2881643318,0.0001077905,0.0001077905,0.337701567956
12.3157169782,0.0002192763,0.0002192763,0.481657892492
12.3433314034,0.0004460699,0.0004460699,0.68698031573
12.3710077459,0.0009074321,0.0009074321,0.979828128704
12.3987461446,0.001845974,0.001845974,1.39751225111
12.4265467386,0.001077677,0.001077677,1.06779317567
12.4544096674,0.0006291459,0.0006291459,0.815865406915
12.4823350707,0.0003672944,0.0003672944,0.623375869921
12.5103230886,0.0002144257,0.0002144257,0.47630073546
12.5383738616,0.0003870716,0.0003870716,0.639938866455
12.5664875303,0.0006987241,0.0006987241,0.859796544422
12.5946642357,0.001261305,0.001261305,1.15518859499
12.6229041193,0.00227685,0.00227685,1.55206549475
12.6512073226,0.001864096,0.001864096,1.40435521432
12.6795739876,0.001526167,0.001526167,1.27070243802
12.7080042566,0.001249498,0.001249498,1.14976905681
12.7364982723,0.001022986,0.001022986,1.040345706
12.7650561775,0.001204691,0.001204691,1.12896549017
12.7936781156,0.001418671,0.001418671,1.22513424489
12.8223642301,0.001670659,0.001670659,1.3294951004
12.8511146648,0.001967407,0.001967407,1.44274620291
12.8799295641,0.002373094,0.002373094,1.58452941027
12.9088090725,0.002862435,0.002862435,1.74024602571
12.9377533347,0.00345268,0.00345268,1.91126540282
12.9667624961,0.004164637,0.004164637,2.09909169547
12.9958367021,0.003828031,0.003828031,2.01247529128
13.0249760986,0.00351863,0.00351863,1.92943269901
13.0541808318,0.003234237,0.003234237,1.84981694932
13.0834510481,0.00297283,0.00297283,1.77348643637
13.1127868944,0.002758088,0.002758088,1.70823215752
13.1421885178,0.002558858,0.002558858,1.64537891198
13.1716560658,0.002374019,0.002374019,1.58483819426
13.2011896862,0.002202532,0.002202532,1.52652509183
13.2307895273,0.002288877,0.002288877,1.55615933182
13.2604557374,0.002378606,0.002378606,1.58636854104
13.2901884653,0.002471853,0.002471853,1.61716433117
13.3199878603,0.002568755,0.002568755,1.64855779092
13.3498540718,0.002679337,0.002679337,1.68366818168
13.3797872497,0.00279468,0.00279468,1.71952651622
13.409787544,0.002914988,0.002914988,1.75614842881
13.4398551052,0.003040476,0.003040476,1.79355055909
13.4699900843,0.001836239,0.001836239,1.39382239256
13.5001926323,0.001108962,0.001108962,1.08318133108
13.5304629008,0.0006697372,0.0006697372,0.841773103395
13.5608010415,0.0004044753,0.0004044753,0.654167308416
13.5912072068,0.0003239734,0.0003239734,0.585460380555
13.621681549,0.0002594937,0.0002594937,0.523969784052
13.6522242212,0.0002078472,0.0002078472,0.468937455958
13.6828353764,0.0001664799,0.0001664799,0.419685279942
13.7135151683,0.0002296474,0.0002296474,0.492916777154
13.7442637507,0.0003167825,0.0003167825,0.578926493607
13.7750812779,0.0004369793,0.0004369793,0.679944188445
13.8059679045,0.0006027825,0.0006027825,0.798588683241
13.8369237854,0.0004934847,0.0004934847,0.722569590143
13.8679490758,0.0004040049,0.0004040049,0.653786803324
13.8990439315,0.0003307498,0.0003307498,0.59155159403
13.9302085084,0.0002707775,0.0002707775,0.535240688849
13.9614429628,0.0002268661,0.0002268661,0.489922783508
13.9927474514,0.0001900758,0.0001900758,0.448441965476
14.0241221313,0.0001592516,0.0001592516,0.41047313286
14.0555671598,0.0001334262,0.0001334262,0.375719203129
14.0870826946,9.895295e-05,9.895295e-05,0.323561773237
14.1186688939,7.338656e-05,7.338656e-05,0.27864490033
14.1503259161,5.442573e-05,5.442573e-05,0.239963377081
14.18205392,4.036378e-05,4.036378e-05,0.206651589009
14.2138530647,2.359408e-05,2.359408e-05,0.157995369046
14.2457235099,1.379158e-05,1.379158e-05,0.120795246761
14.2776654152,8.061675e-06,8.061675e-06,0.0923539503757
14.309678941,4.712334e-06,4.712334e-06,0.0706091309393
14.3417642479,7.255996e-06,7.255996e-06,0.0876175996476
14.3739214967,1.11727e-05,1.11727e-05,0.108723118977
14.4061508489,1.720359e-05,1.720359e-05,0.134912557681
14.438452466,2.64899e-05,2.64899e-05,0.167410615553
14.4708265102,4.569843e-05,4.569843e-05,0.219883921513
14.5032731437,7.88356e-05,7.88356e-05,0.288804544286
14.5357925295,0.0001360014,0.0001360014,0.379327669964
14.5683848305,0.0002346197,0.0002346197,0.498224490165
14.6010502103,0.0003434164,0.0003434164,0.602772387556
14.6337888328,0.0005026637,0.0005026637,0.72925866097
14.6666008621,0.0007357564,0.0007357564,0.882286955134
14.6994864629,0.001076938,0.001076938,1.06742700172
14.7324458001,0.0008757669,0.0008757669,0.962580583744
14.7654790391,0.0007121745,0.0007121745,0.868032615171
14.7985863456,0.000579141,0.000579141,0.782771472398
14.8317678855,0.0004709579,0.0004709579,0.705884876024
14.8650238255,0.0004197211,0.0004197211,0.666381965392
14.8983543323,0.0003740584,0.0003740584,0.629089649573
14.9317595731,0.0003333635,0.0003333635,0.59388431786
14.9652397154,0.0002970959,0.0002970959,0.560649143583
14.9987949272,0.000360007,0.000360007,0.617160761877
15.0324253769,0.0004362398,0.0004362398,0.679368610108
15.0661312332,0.0005286152,0.0005286152,0.747846830307
15.099912665,0.0006405517,0.0006405517,0.823227610446
15.1337698419,0.0009875933,0.0009875933,1.02219064337
15.1677029337,0.001522657,0.001522657,1.26924036573
15.2017121106,0.00234761,0.00234761,1.57599853426
15.2357975433,0.003619512,0.003619512,1.95689644488
15.2699594026,0.002309563,0.002309563,1.56317550326
15.3041978601,0.001473701,0.001473701,1.24866955517
15.3385130873,0.0009403493,0.0009403493,0.997441506756
15.3729052565,0.0006000244,0.0006000244,0.796759571766
15.4073745401,0.0009805034,0.0009805034,1.01851489788
15.4419211112,0.001602246,0.001602246,1.30198935019
15.4765451429,0.00261824,0.00261824,1.66436111466
15.5112468089,0.004278483,0.004278483,2.12758901435
15.5460262834,0.004180341,0.004180341,2.1030455958
15.5808837408,0.00408445,0.00408445,2.07878524624
15.6158193559,0.003990759,0.003990759,2.05480486227
15.650833304,0.003899217,0.003899217,2.03110107725
15.6859257607,0.003500285,0.003500285,1.92439640667
15.7210969021,0.003142169,0.003142169,1.82329778204
15.7563469046,0.002820692,0.002820692,1.72751038665
15.791675945,0.002532104,0.002532104,1.63675472567
15.8270842005,0.003169965,0.003169965,1.83134457981
15.8625718488,0.003968508,0.003968508,2.0490684381
15.8981390678,0.004968212,0.004968212,2.29267710243
15.9337860361,0.006219748,0.006219748,2.56524723643
15.9695129323,0.006362384,0.006362384,2.5944946082
16.0053199357,0.006508292,0.006508292,2.62407563458
16.0412072259,0.006657545,0.006657545,2.65399370949
16.077174983,0.006810218,0.006810218,2.68425234358
16.1132233874,0.004113824,0.004113824,2.08624681953
16.1493526198,0.002485023,0.002485023,1.62146672306
16.1855628616,0.001501119,0.001501119,1.26023168584
16.2218542944,0.0009067755,0.0009067755,0.979473572385
16.2582271001,0.001449388,0.001449388,1.2383264933
16.2946814614,0.0023167,0.0023167,1.56558889879
16.331217561,0.00370301,0.00370301,1.97933943021
16.3678355822,0.005918885,0.005918885,2.50243488027
16.4045357087,0.005710256,0.005710256,2.4579362986
16.4413181245,0.005508982,0.005508982,2.41422926749
16.4781830143,0.005314802,0.005314802,2.37129933075
16.515130563,0.005127465,0.005127465,2.32913245008
16.5521609557,0.004162869,0.004162869,2.09864608784
16.5892743785,0.003379737,0.003379737,1.89096846774
16.6264710173,0.002743929,0.002743929,1.70384180075
16.6637510587,0.002227731,0.002227731,1.5352326853
16.7011146899,0.002500286,0.002500286,1.62643862104
16.7385620982,0.002806187,0.002806187,1.72306292572
16.7760934714,0.003149514,0.003149514,1.82542756964
16.8137089979,0.003534847,0.003534847,1.93387386507
16.8514088663,0.002326223,0.002326223,1.56880334459
16.8891932657,0.001530848,0.001530848,1.27264967057
16.9270623856,0.001007425,0.001007425,1.03240285257
16.9650164161,0.0006629697,0.0006629697,0.837509368664
17.0030555475,0.0007502391,0.0007502391,0.890928149628
17.0411799706,0.0008489962,0.0008489962,0.947754176778
17.0793898767,0.0009607532,0.0009607532,1.00820478356
17.1176854575,0.001087222,0.001087222,1.07251148059
17.1560669049,0.001098816,0.001098816,1.07821488025
17.1945344117,0.001110533,0.001110533,1.08394829858
17.2330881706,0.001122376,0.001122376,1.08971271811
17.2717283752,0.001134345,0.001134345,1.09550764945
17.3104552193,0.0009074829,0.0009074829,0.979855554763
17.3492688971,0.0007259917,0.0007259917,0.87641269879
17.3881696033,0.0005807977,0.0005807977,0.783890277143
17.427157533,0.0004646416,0.0004646416,0.70113537409
17.4662328819,0.0002442757,0.0002442757,0.508373573861
17.5053958459,0.0001284229,0.0001284229,0.368607417451
17.5446466216,6.751567e-05,6.751567e-05,0.267266868242
17.5839854057,3.549494e-05,3.549494e-05,0.193787632526
17.6234123956,2.831338e-05,2.831338e-05,0.173076734543
17.6629277891,2.258484e-05,2.258484e-05,0.154579302366
17.7025317845,1.801533e-05,1.801533e-05,0.138058752493
17.7422245803,1.437036e-05,1.437036e-05,0.123303855901
17.7820063757,1.67483e-05,1.67483e-05,0.13311536876
17.8218773702,1.951972e-05,1.951972e-05,0.143707563336
17.8618377639,2.274975e-05,2.274975e-05,0.155142629538
17.9018877572,2.651427e-05,2.651427e-05,0.167487604497
17.942027551,3.17007e-05,3.17007e-05,0.183137490973
17.9822573467,3.790163e-05,3.790163e-05,0.20024965553
18.022577346,4.531553e-05,4.531553e-05,0.218960797267
18.0629877512,5.417966e-05,5.417966e-05,0.239420300476
18.103488765,7.824749e-05,7.824749e-05,0.287725293327
18.1440805906,0.0001130068,0.0001130068,0.345776220119
18.1847634316,0.000163207,0.000163207,0.4155394157
18.2255374921,0.0002357073,0.0002357073,0.499377936437
18.2664029766,0.0002753312,0.0002753312,0.539722530195
18.3073600901,0.0003216161,0.0003216161,0.58332652417
18.3484090381,0.0003756818,0.0003756818,0.630453284867
18.3895500264,0.0004388365,0.0004388365,0.681387567395
18.4307832615,0.0005909427,0.0005909427,0.790706884123
18.4721089501,0.0007957708,0.0007957708,0.917564987562
18.5135272997,0.001071595,0.001071595,1.06477580269
18.5550385178,0.001443023,0.001443023,1.23560444075
18.5966428129,0.00164043,0.00164043,1.31741221339
18.6383403935,0.001864844,0.001864844,1.40463694669
18.6801314688,0.002119957,0.002119957,1.49763630632
18.7220162485,0.00240997,0.00240997,1.59679311747
18.7639949427,0.001946649,0.001946649,1.43511485324
18.806067762,0.001572401,0.001572401,1.28980628701
18.8482349173,0.001270104,0.001270104,1.15921095233
18.8904966203,0.001025924,0.001025924,1.04183856331
18.9328530829,0.0009477504,0.0009477504,1.00135903811
18.9753045176,0.0008755336,0.0008755336,0.962452361834
19.0178511373,0.0008088194,0.0008088194,0.925057255093
19.0604931555,0.0007471888,0.0007471888,0.889115150248
19.103230786,0.00115712,0.00115712,1.10645061345
19.1460642433,0.001791953,0.001791953,1.37691186138
19.1889937422,0.002775074,0.002775074,1.71348425496
19.232019498,0.004297566,0.004297566,2.13232849908
19.2751417267,0.004277307,0.004277307,2.12729659568
19.3183606444,0.004257143,0.004257143,2.12227644147
19.361676468,0.004237073,0.004237073,2.11726787016
19.4050894148,0.004217099,0.004217099,2.11227146503
19.4485997026,0.004939046,0.004939046,2.28593759057
19.4922075496,0.005784586,0.005784586,2.47388196727
19.5359131745,0.006774878,0.006774878,2.67727864146
19.5797167966,0.007934703,0.007934703,2.89739810416
19.6236186356,0.006554854,0.006554854,2.63344556276
19.6676189118,0.005414962,0.005414962,2.39353917787
19.7117178459,0.004473297,0.004473297,2.17548804318
19.755915659,0.003695388,0.003695388,1.97730131846
19.8002125729,0.003535996,0.003535996,1.93418814183
19.8446088098,0.003383479,0.003383479,1.89201500575
19.8891045924,0.003237541,0.003237541,1.85076156703
19.9337001439,0.003097897,0.003097897,1.81040741989
19.978395688,0.001400434,0.001400434,1.21723423054
20.0231914488,0.0006330793,0.0006330793,0.818411815286
20.0680876512,0.0002861895,0.0002861895,0.550262202046
20.1130845203,0.0001293746,0.0001293746,0.369970710733
20.1581822819,9.826242e-05,9.826242e-05,0.32243083035
20.2033811621,7.463212e-05,7.463212e-05,0.280999613808
20.2486813877,5.668447e-05,5.668447e-05,0.244892158429
20.2940831859,4.305289e-05,4.305289e-05,0.213424360418
20.3395867845,4.32443e-05,4.32443e-05,0.21389826881
20.3851924117,4.343657e-05,4.343657e-05,0.214373251736
20.4309002963,4.362969e-05,4.362969e-05,0.214849277448
20.4767106676,4.382367e-05,4.382367e-05,0.215326363597
20.5226237553,7.002915e-05,7.002915e-05,0.272196327492
20.5686397899,0.0001119049,0.0001119049,0.344086303418
20.6147590021,0.0001788213,0.0001788213,0.434963142576
20.6609816232,0.000285752,0.000285752,0.549841446237
20.7073078852,0.0002227801,0.0002227801,0.48549082978
20.7537380204,0.0001736855,0.0001736855,0.428671504768
20.8002722617,0.00013541,0.00013541,0.378502021131
20.8469108425,0.0001055693,0.0001055693,0.334204008653
20.8936539968,0.000195533,0.000195533,0.454833941126
20.9405019592,0.0003621617,0.0003621617,0.619004909997
20.9874549645,0.0006707875,0.0006707875,0.842432890502
21.0345132483,0.001242418,0.001242418,1.14650697512
21.0816770466,0.001222726,0.001222726,1.13738476691
21.1289465961,0.001203346,0.001203346,1.12833508675
21.1763221339,0.001184273,0.001184273,1.11935733079
21.2238038976,0.001165502,0.001165502,1.11045086159
21.2713921253,0.001392257,0.001392257,1.21367537093
21.3190870559,0.001663128,0.001663128,1.32649516546
21.3668889285,0.001986699,0.001986699,1.44980258725
21.414797983,0.002373221,0.002373221,1.58457180904
21.4628144596,0.001865685,0.001865685,1.4049536398
21.5109385993,0.00146669,0.00146669,1.24569579754
21.5591706434,0.001153024,0.001153024,1.10449055768
21.6075108339,0.0009064387,0.0009064387,0.979291654514
21.6559594132,0.0009084317,0.0009084317,0.980367654811
21.7045166244,0.000910429,0.000910429,0.981444793149
21.7531827111,0.0009124308,0.0009124308,0.982523173467
21.8019579174,0.0009144369,0.0009144369,0.983602684116
21.850842488,0.001220254,0.001220254,1.13623445292
21.899836668,0.001628347,0.001628347,1.31255138033
21.9489407033,0.002172919,0.002172919,1.5162283146
21.9981548401,0.002899613,0.002899613,1.75151093459
22.0474793254,0.002530494,0.002530494,1.63623429007
22.0969144066,0.002208364,0.002208364,1.52854476938
22.1464603315,0.001927241,0.001927241,1.42794291833
22.1961173489,0.001681905,0.001681905,1.33396232705
22.2458857077,0.001394216,0.001394216,1.21452893255
22.2957656576,0.001155735,0.001155735,1.10578823922
22.3457574489,0.0009580471,0.0009580471,1.00678390522
22.3958613323,0.0007941729,0.0007941729,0.916643293872
22.4460775591,0.0007986811,0.0007986811,0.919241319676
22.4964063812,0.0008032147,0.0008032147,0.921846599278
22.5468480511,0.0008077741,0.0008077741,0.92445930024
22.5974028219,0.0008123593,0.0008123593,0.927079359818
22.648070947,0.0009097402,0.0009097402,0.981073458819
22.6988526808,0.001018795,0.001018795,1.03821245899
22.7497482779,0.001140922,0.001140922,1.09867896858
22.8007579935,0.001277689,0.001277689,1.16266717594
22.8518820837,0.0009950434,0.0009950434,1.02603894526
22.9031208049,0.0007749236,0.0007749236,0.905466271487
22.954474414,0.0006034978,0.0006034978,0.799062370782
23.0059431687,0.0004699943,0.0004699943,0.705162370947
23.0575273272,0.0004825242,0.0004825242,0.714500247446
23.1092271481,0.0004953882,0.0004953882,0.723961819159
23.161042891,0.0005085951,0.0005085951,0.733548645831
23.2129748156,0.000522154,0.000522154,0.743262357449
23.2650231825,0.0005043031,0.0005043031,0.730446904162
23.3171882528,0.0004870626,0.0004870626,0.717852513264
23.3694702882,0.0004704114,0.0004704114,0.705475202399
23.4218695508,0.0004543294,0.0004543294,0.693311261411
23.4743863036,0.0001718673,0.0001718673,0.426421860837
23.52702081,6.501535e-05,6.501535e-05,0.262271310478
23.579773334,2.459453e-05,2.459453e-05,0.161310299547
23.6326441403,9.303809e-06,9.303809e-06,0.0992140611103
23.685633494,1.054665e-05,1.054665e-05,0.105633118386
23.738741661,1.195551e-05,1.195551e-05,0.112467460094
23.7919689077,1.355258e-05,1.355258e-05,0.119744017137
23.845315501,1.536298e-05,1.536298e-05,0.127491304958
23.8987817086,2.417706e-05,2.417706e-05,0.15993539158
23.9523677987,3.804798e-05,3.804798e-05,0.20063589619
24.00607404,5.987693e-05,5.987693e-05,0.251693845654
24.059900702,9.422967e-05,9.422967e-05,0.315745135925
24.1138480547,0.0001113045,0.0001113045,0.343162004016
24.1679163687,0.0001314735,0.0001314735,0.372959733752
24.2221059153,0.0001552971,0.0001552971,0.405344707379
24.2764169661,0.0001834377,0.0001834377,0.440541810275
24.3308497938,0.0002813966,0.0002813966,0.545635045429
24.3854046713,0.0004316672,0.0004316672,0.67579871086
24.4400818723,0.000662185,0.000662185,0.837013578146
24.4948816711,0.001015804,0.001015804,1.0366873357
24.5498043425,0.001071851,0.001071851,1.06490298056
24.6048501621,0.00113099,0.00113099,1.0938863835
24.660019406,0.001193393,0.001193393,1.12365910934
24.7153123509,0.001259239,0.001259239,1.15424211585
24.7707292743,0.001505351,0.001505351,1.26200687716
24.826270454,0.001799564,0.001799564,1.37983285654
24.8819361687,0.002151279,0.002151279,1.50865939894
24.9377266976,0.002571735,0.002571735,1.64951375563
24.9936423207,0.002556439,0.002556439,1.64460100389
25.0496833183,0.002541235,0.002541235,1.639703214
25.1058499716,0.00252612,0.00252612,1.63481954968
25.1621425623,0.002511096,0.002511096,1.62995078699
25.2185613729,0.002097992,0.002097992,1.48985755561
25.2751066862,0.001752848,0.001752848,1.36180511968
25.3317787861,0.001464484,0.001464484,1.24475864006
25.3885779567,0.001223559,0.001223559,1.13777213096
25.445504483,0.00171912,0.00171912,1.34863967019
25.5025586505,0.00241539,0.00241539,1.59858769544
25.5597407455,0.003393661,0.003393661,1.8948597146
25.6170510547,0.004768146,0.004768146,2.24604062029
25.6744898657,0.005040967,0.005040967,2.30940318827
25.7320574665,0.005329398,0.005329398,2.37455323882
25.789754146,0.005634331,0.005634331,2.44154094743
25.8475801936,0.005956714,0.005956714,2.51041897141
25.9055358994,0.005452129,0.005452129,2.40173947005
25.963621554,0.004990287,0.004990287,2.29776492401
26.0218374488,0.004567567,0.004567567,2.19829158348
26.080183876,0.004180655,0.004180655,2.10312457786
26.138661128,0.00370028,0.00370028,1.97860967348
26.1972694984,0.003275102,0.003275102,1.86146660351
26.256009281,0.00289878,0.00289878,1.75125932974
26.3148807706,0.002565698,0.002565698,1.64757654875
26.3738842624,0.003027402,0.003027402,1.78969028494
26.4330200525,0.003572191,0.003572191,1.94406226186
26.4922884374,0.004215016,0.004215016,2.11174973138
26.5516897145,0.004973521,0.004973521,2.2939017455
26.6112241817,0.005081574,0.005081574,2.3186861133
26.6708921377,0.005191975,0.005191975,2.34373837064
26.7306938818,0.005304774,0.005304774,2.36906118368
26.790629714,0.005420022,0.005420022,2.3946572356
26.8506999349,0.005090293,0.005090293,2.32067446963
26.9109048459,0.004780624,0.004780624,2.24897758815
26.9712447489,0.004489793,0.004489793,2.17949558247
27.0317199467,0.004216657,0.004216657,2.11216076708
27.0923307426,0.003911566,0.003911566,2.03431483011
27.1530774406,0.00362855,0.00362855,1.95933812804
27.2139603455,0.003366011,0.003366011,1.88712470123
27.2749797626,0.003122467,0.003122467,1.81757258067
27.3361359981,0.001975188,0.001975188,1.4455963835
27.3974293587,0.001249451,0.001249451,1.14974743227
27.4588601519,0.000790369,0.000790369,0.91444540679
27.5204286859,0.0004999661,0.0004999661,0.727299205142
27.5821352695,0.0006400441,0.0006400441,0.822901365778
27.6439802121,0.0008193684,0.0008193684,0.931070226782
27.7059638242,0.001048935,0.001048935,1.05345774951
27.7680864165,0.00134282,0.00134282,1.19193269944
27.8303483007,0.001221754,0.001221754,1.13693259783
27.8927497892,0.001111602,0.001111602,1.08446987787
27.9552911948,0.001011382,0.001011382,1.03442841995
28.0179728315,0.0009201972,0.0009201972,0.986695818173
28.0807950136,0.0003514655,0.0003514655,0.60979545669
28.1437580562,0.0001342407,0.0001342407,0.376864246911
28.2068622752,5.127269e-05,5.127269e-05,0.232908793351
28.270107987,1.958337e-05,1.958337e-05,0.143941673813
28.3334955091,2.849003e-05,2.849003e-05,0.173615816503
28.3970251593,4.144749e-05,4.144749e-05,0.20940736477
28.4606972563,6.029809e-05,6.029809e-05,0.252577471719
28.5245121196,8.77221e-05,8.77221e-05,0.304647307226
28.5884700692,0.0001253928,0.0001253928,0.364232868369
28.6525714259,0.0001792406,0.0001792406,0.435472794558
28.7168165114,0.0002562124,0.0002562124,0.520646443568
28.7812056478,0.0003662384,0.0003662384,0.622479097802
28.8457391582,0.0004039537,0.0004039537,0.653745374439
28.9104173663,0.000445553,0.000445553,0.686582168426
28.9752405965,0.0004914362,0.0004914362,0.721068304393
29.0402091741,0.0005420444,0.0005420444,0.757286587231
29.1053234248,0.0007434657,0.0007434657,0.886897237903
29.1705836754,0.001019734,0.001019734,1.03869079711
29.2359902531,0.001398663,0.001398663,1.216464325
29.3015434862,0.0019184,0.0019184,1.42466389019
29.3672437034,0.001565875,0.001565875,1.28712693624
29.4330912342,0.001278129,0.001278129,1.16286735357
29.4990864091,0.00104326,0.00104326,1.05060415
29.565229559,0.0008515506,0.0008515506,0.949178873975
29.6315210157,0.001113762,0.001113762,1.08552300574
29.6979611119,0.001456714,0.001456714,1.24145213842
29.7645501807,0.001905268,0.001905268,1.41977939977
29.8312885561,0.002491942,0.002491942,1.62372246274
29.898176573,0.002974019,0.002974019,1.77384105883
29.965214567,0.003549356,0.003549356,1.93783865376
30.0324028741,0.004235993,0.004235993,2.11699801464
30.0997418316,0.005055467,0.005055467,2.31272222413
30.1672317772,0.004645048,0.004645048,2.21685831392
30.2348730494,0.004267948,0.004267948,2.12496799599
30.3026659876,0.003921462,0.003921462,2.0368865447
30.3706109317,0.003603105,0.003603105,1.95245616852
30.4387082228,0.00416223,0.00416223,2.09848501067
30.5069582022,0.004808118,0.004808118,2.25543540009
30.5753612124,0.005554233,0.005554233,2.42412427775
30.6439175966,0.006416127,0.006416127,2.60542940146
30.7126276986,0.005926274,0.005926274,2.50399638418
30.781491863,0.00547382,0.00547382,2.40651232284
30.8505104354,0.005055909,0.005055909,2.31282332269
30.919683762,0.004669902,0.004669902,2.22278121191
30.9890121896,0.005621294,0.005621294,2.43871463111
31.0584960662,0.006766513,0.006766513,2.67562530149
31.1281357402,0.008145045,0.008145045,2.93555064852
31.197931561,0.009804428,0.009804428,3.22072737499
31.2678838787,0.00750254,0.00750254,2.81739016112
31.3379930442,0.005741091,0.005741091,2.46456370946
31.4082594092,0.004393195,0.004393195,2.15592214841
31.4786833261,0.003361758,0.003361758,1.88593212073
31.5492651482,0.004617163,0.004617163,2.21019421183
31.6200052296,0.006341383,0.006341383,2.59020910623
31.6909039252,0.00870949,0.00870949,3.03556262001
31.7619615905,0.01196195,0.01196195,3.55749112437
31.833178582,0.01192989,0.01192989,3.55272059414
31.904555257,0.01189793,0.01189793,3.54795855951
31.9760919735,0.01186605,0.01186605,3.54320206875
32.0477890904,0.01183425,0.01183425,3.53845114422
32.1196469672,0.01129165,0.01129165,3.45638043334
32.1916659645,0.01077394,0.01077394,3.37621511755
32.2638464435,0.01027996,0.01027996,3.29790807634
32.3361887663,0.009808626,0.009808626,3.22141681687
32.4086932959,0.008843366,0.008843366,3.05880388845
32.4813603958,0.007973097,0.007973097,2.90439952933
32.5541904306,0.00718847,0.00718847,2.75778919789
32.6271837656,0.006481056,0.006481056,2.61857924226
32.7003407671,0.006646722,0.006646722,2.6518355673
32.7736618019,0.006816622,0.006816622,2.68551411763
32.8471472379,0.006990866,0.006990866,2.71962060369
32.9207974436,0.007169562,0.007169562,2.75415987118
32.9946127886,0.007345047,0.007345047,2.78766205376
33.0685936431,0.007524827,0.007524827,2.8215717191
33.1427403783,0.007709007,0.007709007,2.8558938016
33.217053366,0.007897694,0.007897694,2.89063319223
33.291532979,0.006481137,0.006481137,2.61859560566
33.366179591,0.005318658,0.005318658,2.37215938841
33.4409935763,0.004364686,0.004364686,2.14891549113
33.5159753103,0.00358182,0.00358182,1.94668065178
33.5911251692,0.003921009,0.003921009,2.03676889263
33.6664435298,0.004292318,0.004292318,2.13102614813
33.74193077,0.004698789,0.004698789,2.22964543414
33.8175872684,0.005143749,0.005143749,2.33282799237
33.8934134047,0.004343951,0.004343951,2.1438050653
33.969409559,0.003668514,0.003668514,1.97009842698
34.0455761127,0.003098099,0.003098099,1.81046644321
34.1219134478,0.002616378,0.002616378,1.66376919193
34.1984219473,0.002297501,0.002297501,1.55908821367
34.2751019948,0.002017488,0.002017488,1.46099360163
34.3519539752,0.001771603,0.001771603,1.36907120852
34.4289782739,0.001555685,0.001555685,1.28293208316
34.5061752772,0.001456613,0.001456613,1.24140910018
34.5835453724,0.001363851,0.001363851,1.20123035176
34.6610889476,0.001276997,0.001276997,1.16235228137
34.7388063918,0.001195673,0.001195673,1.12473198319
34.8166980949,0.0009824925,0.0009824925,1.0195474805
34.8947644475,0.0008073207,0.0008073207,0.924199816382
34.9730058413,0.0006633808,0.0006633808,0.837768993458
35.0514226687,0.0005451045,0.0005451045,0.759421201311
35.1300153231,0.0003811694,0.0003811694,0.635041120873
35.2087841988,0.0002665363,0.0002665363,0.53103239581
35.2877296909,0.000186378,0.000186378,0.444058469123
35.3668521953,0.0001303265,0.0001303265,0.37132928379
35.446152109,7.049166e-05,7.049166e-05,0.273093713366
35.5256298298,3.812787e-05,3.812787e-05,0.200846425062
35.6052857563,2.062279e-05,2.062279e-05,0.147712260222
35.6851202881,1.115455e-05,1.115455e-05,0.108634772978
35.7651338258,1.969849e-05,1.969849e-05,0.144364131348
35.8453267706,3.478676e-05,3.478676e-05,0.191844708241
35.9256995248,6.143204e-05,6.143204e-05,0.254941362513
36.0062524917,0.0001084866,0.0001084866,0.338790234216
36.0869860752,0.0001348616,0.0001348616,0.37773479162
36.1679006804,0.0001676487,0.0001676487,0.421155938579
36.2489967131,0.000208407,0.000208407,0.46956853174
36.3302745802,0.0002590743,0.0002590743,0.523546186501
36.4117346893,0.0003685907,0.0003685907,0.624474947936
36.4933774491,0.0005244021,0.0005244021,0.744860672744
36.5752032691,0.0007460786,0.0007460786,0.888454365063
36.6572125598,0.001061462,0.001061462,1.05972958626
36.7394057326,0.00120423,0.00120423,1.12874945847
36.8217831997,0.001366199,0.001366199,1.2022639236
36.9043453744,0.001549954,0.001549954,1.28056680107
36.9870926709,0.001758423,0.001758423,1.36396903704
37.0700255042,0.00194877,0.00194877,1.43589646563
37.1531442903,0.002159722,0.002159722,1.51161697397
37.2364494462,0.002393508,0.002393508,1.59133009272
37.3199413898,0.002652602,0.002652602,1.67524712088
37.4036205398,0.003232216,0.003232216,1.84923890506
37.4874873161,0.003938481,0.003938481,2.04130176554
37.5715421394,0.004799071,0.004799071,2.25331247678
37.6557854312,0.005847707,0.005847707,2.48734276006
37.7402176141,0.006404338,0.006404338,2.60303469128
37.8248391118,0.007013954,0.007013954,2.72410780477
37.9096503486,0.007681598,0.007681598,2.85081228495
37.99465175,0.008412795,0.008412795,2.98341031539
38.0798437425,0.008933421,0.008933421,3.07433885868
38.1652267533,0.009486267,0.009486267,3.16803890222
38.2508012107,0.01007333,0.01007333,3.26459540219
38.3365675441,0.01069671,0.01069671,3.36409262358
38.4225261836,0.0112762,0.0112762,3.45401499707
38.5086775604,0.01188708,0.01188708,3.54634045743
38.5950221067,0.01253106,0.01253106,3.64113464184
38.6815602557,0.01320992,0.01320992,3.73846163014
38.7682924413,0.01218871,0.01218871,3.59105209932
38.8552190987,0.01124644,0.01124644,3.44945409014
38.942340664,0.01037701,0.01037701,3.31343878471
39.0296575741,0.009574803,0.009574803,3.18278833321
39.1171702671,0.009996824,0.009996824,3.25217462508
39.2048791819,0.01043745,0.01043745,3.32307419418
39.2927847585,0.01089749,0.01089749,3.39551828444
39.3808874379,0.01137781,0.01137781,3.46954218594
39.4691876621,0.01326171,0.01326171,3.74578285276
39.5576858739,0.01545754,0.01545754,4.04401747276
39.6463825172,0.01801695,0.01801695,4.36599737746
39.7352780371,0.02100013,0.02100013,4.71361194202
39.8243728794,0.01657354,0.01657354,4.1874580977
39.9136674911,0.01308003,0.01308003,3.72003652401
40.00316232,0.01032292,0.01032292,3.30479187847
40.0928578152,0.008146964,0.008146964,2.93589644095
40.1827544265,0.007956306,0.007956306,2.90133964713
40.2728526049,0.007770108,0.007770108,2.86718926198
40.3631528023,0.007588268,0.007588268,2.83344093709
40.4536554718,0.007410683,0.007410683,2.80008975106
40.5443610673,0.007176943,0.007176943,2.75557719798
40.6352700437,0.006950576,0.006950576,2.71177237393
40.7263828572,0.006731349,0.006731349,2.66866394325
40.8176999648,0.006519035,0.006519035,2.62624047452
40.9092218245,0.006079882,0.006079882,2.53624035848
41.0009488954,0.005670313,0.005670313,2.44932463222
41.0928816378,0.005288334,0.005288334,2.36538736193
41.1850205126,0.004932086,0.004932086,2.2843263751
41.2773659822,0.004008733,0.004008733,2.05942698681
41.3699185097,0.003258244,0.003258244,1.85666963997
41.4626785594,0.002648256,0.002648256,1.67387420316
41.5556465966,0.002152467,0.002152467,1.50907590465
41.6488230877,0.001971587,0.001971587,1.44427803625
41.7422085001,0.001805907,0.001805907,1.38226249533
41.8358033022,0.001654149,0.001654149,1.32290953659
41.9296079635,0.001515145,0.001515145,1.26610560776
42.0236229546,0.001119443,0.001119443,1.08828796465
42.117848747,0.0008270848,0.0008270848,0.935444128957
42.2122858134,0.0006110799,0.0006110799,0.804066249882
42.3069346276,0.0004514877,0.0004514877,0.691139628874
42.4017956644,0.0002875594,0.0002875594,0.551577596717
42.4968693995,0.000183151,0.000183151,0.440197407989
42.5921563099,0.0001166516,0.0001166516,0.351308116616
42.6876568736,7.429717e-05,7.429717e-05,0.280368339618
42.7833715696,6.66822e-05,6.66822e-05,0.265612062226
42.879300878,5.984771e-05,5.984771e-05,0.251632424739
42.9754452801,5.37137e-05,5.37137e-05,0.238388537057
43.0718052582,4.820839e-05,4.820839e-05,0.225841706999
43.1683812956,7.53825e-05,7.53825e-05,0.282408719766
43.2651738768,0.0001178741,0.0001178741,0.353144160082
43.3621834872,0.0001843174,0.0001843174,0.441596885406
43.4594106136,0.0002882135,0.0002882135,0.552204566261
43.5568557437,0.0004541044,0.0004541044,0.693139564013
43.6545193662,0.0007154794,0.0007154794,0.870044369673
43.752401971,0.001127297,0.001127297,1.09209900009
43.8505040493,0.001776151,0.001776151,1.37082739906
43.948826093,0.002138654,0.002138654,1.50422602424
44.0473685954,0.002575142,0.002575142,1.65060602083
44.1461320507,0.003100715,0.003100715,1.81123065069
44.2451169545,0.003733554,0.003733554,1.98748588221
44.3443238033,0.00402017,0.00402017,2.06236268876
44.4437530946,0.004328789,0.004328789,2.14006045756
44.5434053273,0.0046611,0.0046611,2.22068543473
44.6432810013,0.005018925,0.005018925,2.30434863899
44.7433806175,0.005669871,0.005669871,2.44922916813
44.8437046781,0.006405244,0.006405244,2.60321880602
44.9442536863,0.007235993,0.007235993,2.76689005817
45.0450281465,0.008174492,0.008174492,2.94085234855
45.1460285642,0.008332796,0.008332796,2.96919150073
45.247255446,0.008494165,0.008494165,2.99780362432
45.3487092998,0.008658659,0.008658659,3.02669146462
45.4503906345,0.008826341,0.008826341,3.05585810829
45.5522999601,0.009330206,0.009330206,3.14187172685
45.6544377878,0.009862835,0.009862835,3.23030639878
45.75680463,0.01042587,0.01042587,3.32123026302
45.8594010001,0.01102105,0.01102105,3.4147138826
45.9622274129,0.01233116,0.01233116,3.61197553702
46.0652843841,0.01379701,0.01379701,3.82063300776
46.1685724306,0.01543711,0.01543711,4.04134413036
46.2720920707,0.01727217,0.01727217,4.27480477449
46.3758438236,0.01713601,0.01713601,4.25792186166
46.4798282096,0.01700091,0.01700091,4.2411039577
46.5840457506,0.01686689,0.01686689,4.22435434357
46.6884969691,0.01673391,0.01673391,4.20766880588
46.7931823892,0.01804545,0.01804545,4.36944917581
46.8981025361,0.01945977,0.01945977,4.53744825425
47.0032579359,0.02098495,0.02098495,4.71190801056
47.1086491163,0.02262967,0.02262967,4.89307580771
47.2142766058,0.02250833,0.02250833,4.87993987053
47.3201409344,0.02238763,0.02238763,4.86683804333
47.426242633,0.02226758,0.02226758,4.8537716922
47.5325822339,0.02214817,0.02214817,4.84074001161
47.6391602705,0.02104422,0.02104422,4.7185574872
47.7459772775,0.01999529,0.01999529,4.59945831811
47.8530337907,0.01899864,0.01899864,4.48336493273
47.9603303471,0.01805168,0.01805168,4.37020336369
48.0678674849,0.01979667,0.01979667,4.57655731528
48.1756457435,0.02171034,0.02171034,4.79265476745
48.2836656637,0.02380899,0.02380899,5.01895521199
48.3919277872,0.02611052,0.02611052,5.2559423665
48.5004326571,0.02399172,0.02399172,5.03817821836
48.6091808178,0.02204486,0.02204486,4.82943701481
48.7181728147,0.02025598,0.02025598,4.62934410473
48.8274091945,0.01861225,0.01861225,4.43753991531
48.9368905053,0.01813706,0.01813706,4.38052616474
49.0466172961,0.01767399,0.01767399,4.32424345059
49.1565901175,0.01722275,0.01722275,4.2686847506
49.2668095211,0.01678303,0.01678303,4.21383978575
49.3772760597,0.01760321,0.01760321,4.31557599632
49.4879902875,0.01846347,0.01846347,4.41976823601
49.5989527598,0.01936577,0.01936577,4.52647596481
49.7101640334,0.02031216,0.02031216,4.63575940704
49.821624666,0.02077289,0.02077289,4.68803984838
49.9333352167,0.02124408,0.02124408,4.74091095044
50.045296246,0.02172595,0.02172595,4.79437744655
50.1575083154,0.02221876,0.02221876,4.84844800735
50.2699719878,0.02176885,0.02176885,4.79910859431
50.3826878275,0.02132805,0.02132805,4.75027124489
50.4956563997,0.02089618,0.02089618,4.70193135211
50.6088782712,0.02047304,0.02047304,4.65408168386
50.72235401,0.01839503,0.01839503,4.41156907914
50.8360841852,0.01652793,0.01652793,4.18169223401
50.9500693673,0.01485035,0.01485035,3.96379493667
51.0643101282,0.01334303,0.01334303,3.75724975747
51.1788070408,0.0124546,0.0124546,3.63000920109
51.2935606796,0.01162533,0.01162533,3.50707843368
51.4085716202,0.01085127,0.01085127,3.38830985301
51.5238404394,0.01012875,0.01012875,3.27356342538
51.6393677156,0.00968904,0.00968904,3.20171896331
51.7551540282,0.009268422,0.009268422,3.13145181601
51.871199958,0.008866064,0.008866064,3.06272684254
51.9875060872,0.008481173,0.008481173,2.99551014587
52.1040729992,0.007435665,0.007435665,2.80480544245
52.2209012786,0.006519041,0.006519041,2.62624168309
52.3379915117,0.005715413,0.005715413,2.45904594386
52.4553442856,0.005010852,0.005010852,2.30249460716
52.5729601891,0.003331218,0.003331218,1.87734617053
52.6908398122,0.002214597,0.002214597,1.53070037107
52.8089837462,0.001472266,0.001472266,1.24806146804
52.9273925836,0.0009787637,0.0009787637,1.01761092496
53.0460669186,0.0005582689,0.0005582689,0.768536593924
53.1650073464,0.0003184263,0.0003184263,0.580426589157
53.2842144636,0.0001816245,0.0001816245,0.438359123322
53.4036888682,0.0001035953,0.0001035953,0.331064687637
53.5234311595,0.0001479426,0.0001479426,0.395630219776
53.6434419382,0.0002112742,0.0002112742,0.472787588247
53.7637218063,0.0003017168,0.0003017168,0.564992366674
53.8842713671,0.0004308764,0.0004308764,0.675179406676
54.0050912254,0.0006334666,0.0006334666,0.818662117604
54.1261819872,0.000931311,0.000931311,0.992636407755
54.2475442599,0.001369196,0.001369196,1.20358189086
54.3691786523,0.002012967,0.002012967,1.45935570921
54.4910857746,0.002563481,0.002563481,1.64686456577
54.6132662383,0.003264551,0.003264551,1.85846575379
54.7357206562,0.004157352,0.004157352,2.09725497162
54.8584496427,0.005294322,0.005294322,2.36672615146
54.9814538133,0.006480269,0.006480269,2.61842024931
55.1047337852,0.007931873,0.007931873,2.89688136347
55.2282901766,0.009708641,0.009708641,3.2049558777
55.3521236074,0.01188341,0.01188341,3.54579296914
55.4762346988,0.01285792,0.01285792,3.68831660246
55.6006240734,0.01391234,0.01391234,3.83656822173
55.7252923551,0.01505324,0.01505324,3.99078036479
55.8502401692,0.01628769,0.01628769,4.1511897114
55.9754681426,0.01830262,0.01830262,4.40047406083
56.1009769034,0.02056681,0.02056681,4.66472774983
56.2267670813,0.0231111,0.0231111,4.94485023029
56.3528393071,0.02597014,0.02597014,5.24179436071
56.4791942134,0.02943828,0.02943828,5.58083329262
56.6058324339,0.03336956,0.03336956,5.94180060924
56.7327546039,0.03782585,0.03782585,6.32611644692
56.8599613601,0.04287724,0.04287724,6.73528914895
56.9874533406,0.04603453,0.04603453,6.97886328423
57.1152311848,0.04942431,0.04942431,7.23124608764
57.2432955339,0.05306369,0.05306369,7.49275543575
57.3716470301,0.05697106,0.05697106,7.76372214083
57.5002863174,0.05863159,0.05863159,7.87605372125
57.6292140409,0.06034052,0.06034052,7.9900106483
57.7584308475,0.06209926,0.06209926,8.10561639112
57.8879373854,0.06390928,0.06390928,8.22289597648
58.0177343041,0.0688885,0.0688885,8.53721459259
58.1478222548,0.07425566,0.07425566,8.86354828948
58.2782018899,0.08004099,0.08004099,9.20235662317
58.4088738637,0.08627707,0.08627707,9.55411639347
58.5398388314,0.09485686,0.09485686,10.0179118523
58.6710974501,0.1042899,0.1042899,10.5042236362
58.8026503783,0.1146609,0.1146609,11.0141378328
58.9344982757,0.1260633,0.1260633,11.5488082242
59.0666418038,0.1291147,0.1291147,11.6877436916
59.1990816255,0.13224,0.13224,11.8283523789
59.3318184051,0.1354409,0.1354409,11.9706504502
59.4648528084,0.1387194,0.1387194,12.1146657073
59.5981855028,0.1419278,0.1419278,12.2539631304
59.7318171572,0.1452104,0.1452104,12.3948619678
59.8657484417,0.148569,0.148569,12.5373841769
59.9999800284,0.1441403,0.1441403,12.349106745
