Hz,real,imaginary,V^2 (rms) 
9.99999046326,1.966072e-06,1.966072e-06,0.0456081590946
10.0288142103,2.000643e-06,2.000643e-06,0.0460073939058
10.0577210382,2.035822e-06,2.035822e-06,0.0464101247143
10.0867111865,2.071621e-06,2.071621e-06,0.0468163968925
10.1157848954,2.108048e-06,2.108048e-06,0.0472262086558
10.1449424057,2.145116e-06,2.145116e-06,0.0476396130127
10.1741839589,2.182836e-06,2.182836e-06,0.0480566383344
10.2035097974,2.22122e-06,2.22122e-06,0.0484773221208
10.2329201639,2.260278e-06,2.260278e-06,0.0489016781307
10.2624153023,2.300023e-06,2.300023e-06,0.0493297510028
10.2919954567,2.340467e-06,2.340467e-06,0.0497615723827
10.3216608724,2.381622e-06,2.381622e-06,0.0501971719921
10.3514117949,2.4235e-06,2.4235e-06,0.0506365776885
10.3812484709,2.466115e-06,2.466115e-06,0.051079836237
10.4111711474,2.50948e-06,2.50948e-06,0.0515269816698
10.4411800723,2.553606e-06,2.553606e-06,0.0519780256262
10.4712754943,2.598509e-06,2.598509e-06,0.0524330289226
10.5014576627,2.644202e-06,2.644202e-06,0.052892019398
10.5317268275,2.690697e-06,2.690697e-06,0.053355013129
10.5620832394,2.738011e-06,2.738011e-06,0.0538220738917
10.5925271499,2.786156e-06,2.786156e-06,0.0542932136459
10.6230588113,2.835148e-06,2.835148e-06,0.054768481666
10.6536784765,2.885002e-06,2.885002e-06,0.0552479150376
10.6843863991,2.935732e-06,2.935732e-06,0.0557315391497
10.7151828336,2.987354e-06,2.987354e-06,0.0562193964037
10.746068035,3.039884e-06,3.039884e-06,0.0567115268001
10.7770422591,3.093337e-06,3.093337e-06,0.0572079587645
10.8081057627,3.147731e-06,3.147731e-06,0.0577087462868
10.8392588031,3.203081e-06,3.203081e-06,0.0582139132682
10.8705016382,3.259404e-06,3.259404e-06,0.0587234998276
10.901834527,3.316718e-06,3.316718e-06,0.0592375526503
10.9332577291,3.375039e-06,3.375039e-06,0.0597560981156
10.9647715046,3.434386e-06,3.434386e-06,0.0602791870217
10.9963761147,3.494777e-06,3.494777e-06,0.0608068587085
11.0280718213,3.556229e-06,3.556229e-06,0.0613391415167
11.0598588868,3.618762e-06,3.618762e-06,0.0618760874329
11.0917375747,3.682395e-06,3.682395e-06,0.0624177371426
11.123708149,3.747146e-06,3.747146e-06,0.0629641204814
11.1557708745,3.813036e-06,3.813036e-06,0.0635152901906
11.1879260169,3.880085e-06,3.880085e-06,0.0640712878753
11.2201738426,3.948313e-06,3.948313e-06,0.0646321526332
11.2525146187,4.01774e-06,4.01774e-06,0.0651979211325
11.2849486131,4.088389e-06,4.088389e-06,0.0657686518183
11.3174760945,4.16028e-06,4.16028e-06,0.0663443760993
11.3500973324,5.481518e-06,5.481518e-06,0.0761540940725
11.382812597,5.558162e-06,5.558162e-06,0.0766846490244
11.4156221594,5.504254e-06,5.504254e-06,0.076311864949
11.4485262913,5.860628e-06,5.860628e-06,0.0787435357601
11.4815252653,5.886483e-06,5.886483e-06,0.0789170388066
11.5146193549,5.955108e-06,5.955108e-06,0.079375715833
11.547808834,6.193866e-06,6.193866e-06,0.0809512830535
11.5810939778,6.209969e-06,6.209969e-06,0.0810564445433
11.614475062,6.451227e-06,6.451227e-06,0.0826159679844
11.647952363,6.706715e-06,6.706715e-06,0.0842360045942
11.6815261582,6.97232e-06,6.97232e-06,0.0858878021607
11.7151967258,7.098438e-06,7.098438e-06,0.0866611066396
11.7489643447,7.226838e-06,7.226838e-06,0.0874413780998
11.7828292946,7.355714e-06,7.355714e-06,0.0882176026199
11.8167918561,7.486889e-06,7.486889e-06,0.0890007222555
11.8508523105,7.826502e-06,7.826502e-06,0.0909969181676
11.8850109399,8.181519e-06,8.181519e-06,0.0930378799307
11.9192680275,8.339662e-06,8.339662e-06,0.0939327546493
11.9536238569,8.500863e-06,8.500863e-06,0.0948362433566
11.9880787127,8.665178e-06,8.665178e-06,0.0957484116004
12.0226328805,8.833531e-06,8.833531e-06,0.096674069936
12.0572866464,9.005154e-06,9.005154e-06,0.0976086724221
12.0920402976,9.180116e-06,9.180116e-06,0.0985523349698
12.1268941218,9.515461e-06,9.515461e-06,0.100336223459
12.161848408,9.863057e-06,9.863057e-06,0.102152407245
12.1969034456,1.022335e-05,1.022335e-05,0.10400146297
12.2320595251,1.038654e-05,1.038654e-05,0.104828237226
12.2673169376,1.055234e-05,1.055234e-05,0.10566160949
12.3026759754,1.072079e-05,1.072079e-05,0.106501623556
12.3381369312,1.089192e-05,1.089192e-05,0.107348271341
12.3737000989,1.129214e-05,1.129214e-05,0.109302717807
12.409365773,1.170707e-05,1.170707e-05,0.11129276733
12.4451342491,1.213725e-05,1.213725e-05,0.113319065033
12.4810058234,1.258323e-05,1.258323e-05,0.115382222808
12.5169807932,1.286729e-05,1.286729e-05,0.116677302077
12.5530594564,1.315777e-05,1.315777e-05,0.117986951228
12.5892421119,1.345481e-05,1.345481e-05,0.119311311199
12.6255290595,1.375855e-05,1.375855e-05,0.120650511396
12.6619205997,1.427672e-05,1.427672e-05,0.12290146362
12.6984170342,1.48144e-05,1.48144e-05,0.125194389651
12.7350186651,1.537233e-05,1.537233e-05,0.127530095036
12.7717257957,1.595127e-05,1.595127e-05,0.129909367099
12.8085387302,1.655202e-05,1.655202e-05,0.132333053921
12.8454577734,1.692246e-05,1.692246e-05,0.133805690014
12.8824832312,1.730119e-05,1.730119e-05,0.135294711722
12.9196154104,1.76884e-05,1.76884e-05,0.136800318713
12.9568546185,1.808427e-05,1.808427e-05,0.138322657797
12.9942011641,1.8489e-05,1.8489e-05,0.139861939068
13.0316553566,1.890279e-05,1.890279e-05,0.141418357436
13.0692175061,1.959686e-05,1.959686e-05,0.143991242373
13.1068879239,2.031642e-05,2.031642e-05,0.146610955798
13.1446669222,2.106241e-05,2.106241e-05,0.149278363402
13.1825548137,2.183578e-05,2.183578e-05,0.15199426055
13.2205519124,2.263755e-05,2.263755e-05,0.154759580964
13.2586585332,2.346875e-05,2.346875e-05,0.15757518047
13.2968749915,2.399993e-05,2.399993e-05,0.159348441913
13.3352016042,2.454313e-05,2.454313e-05,0.161141650544
13.3736386886,2.509862e-05,2.509862e-05,0.162955024347
13.4121865632,2.566669e-05,2.566669e-05,0.164788828566
13.4508455473,2.624761e-05,2.624761e-05,0.166643245828
13.4896159612,2.684168e-05,2.684168e-05,0.168518537378
13.5284981261,2.744918e-05,2.744918e-05,0.17041488327
13.567492364,2.859146e-05,2.859146e-05,0.173924594811
13.6065989981,2.978128e-05,2.978128e-05,0.17750660337
13.6458183522,3.102062e-05,3.102062e-05,0.18116240217
13.6851507513,3.231152e-05,3.231152e-05,0.18489345083
13.7245965213,3.365615e-05,3.365615e-05,0.188701369099
13.7641559888,3.505674e-05,3.505674e-05,0.192587722662
13.8038294817,3.651563e-05,3.651563e-05,0.196554156761
13.8436173285,3.725234e-05,3.725234e-05,0.198527015089
13.8835198589,3.80039e-05,3.80039e-05,0.200519640435
13.9235374035,3.877062e-05,3.877062e-05,0.20253225906
13.9636702938,3.955282e-05,3.955282e-05,0.204565108364
14.0039188621,4.035079e-05,4.035079e-05,0.206618333698
14.0442834421,4.116487e-05,4.116487e-05,0.208692195494
14.084764368,4.199537e-05,4.199537e-05,0.210786862636
14.1253619752,4.284261e-05,4.284261e-05,0.212902516143
14.1660766001,4.403278e-05,4.403278e-05,0.215839480263
14.2069085798,4.525601e-05,4.525601e-05,0.218816952223
14.2478582528,4.651323e-05,4.651323e-05,0.221835518662
14.2889259581,4.780536e-05,4.780536e-05,0.224895688887
14.3301120361,4.91334e-05,4.91334e-05,0.227998107887
14.3714168279,5.049833e-05,5.049833e-05,0.231143317316
14.4128406757,5.190117e-05,5.190117e-05,0.234331896805
14.4543839227,5.334299e-05,5.334299e-05,0.237564482657
14.496046913,5.482486e-05,5.482486e-05,0.240841653125
14.5378299917,5.557809e-05,5.557809e-05,0.242490451812
14.5797335051,5.634167e-05,5.634167e-05,0.244150541388
14.6217578002,5.711574e-05,5.711574e-05,0.245821994378
14.6639032251,5.790044e-05,5.790044e-05,0.24750487979
14.7061701291,5.869593e-05,5.869593e-05,0.249199305657
14.7485588623,5.950234e-05,5.950234e-05,0.250905312259
14.7910697758,6.031984e-05,6.031984e-05,0.252623020962
14.8337032218,6.114857e-05,6.114857e-05,0.254352485854
14.8764595535,6.198868e-05,6.198868e-05,0.256093778605
14.9193391251,6.284041e-05,6.284041e-05,0.257847151972
14.9623422917,6.310506e-05,6.310506e-05,0.258389538256
15.0054694098,6.337084e-05,6.337084e-05,0.258933096996
15.0487208364,6.363774e-05,6.363774e-05,0.259477800438
15.09209693,6.390575e-05,6.390575e-05,0.260023621042
15.1355980499,6.417491e-05,6.417491e-05,0.260570632996
15.1792245564,6.444519e-05,6.444519e-05,0.261118768035
15.222976811,6.471661e-05,6.471661e-05,0.261668059533
15.2668551761,6.498919e-05,6.498919e-05,0.262218540573
15.3108600152,6.52629e-05,6.52629e-05,0.262770143281
15.3549916929,6.553777e-05,6.553777e-05,0.263322920879
15.3992505747,6.581384e-05,6.581384e-05,0.26387694617
15.4436370273,6.563045e-05,6.563045e-05,0.263509043678
15.4881514185,6.544756e-05,6.544756e-05,0.263141631978
15.5327941169,6.526518e-05,6.526518e-05,0.26277473326
15.5775654924,6.508331e-05,6.508331e-05,0.262408349677
15.6224659159,6.490195e-05,6.490195e-05,0.262042483388
15.6674957594,6.47211e-05,6.47211e-05,0.261677136563
15.7126553959,6.454074e-05,6.454074e-05,0.261312270894
15.7579451995,6.436089e-05,6.436089e-05,0.260947928944
15.8033655454,6.418154e-05,6.418154e-05,0.260584092607
15.8489168099,6.400268e-05,6.400268e-05,0.260220743677
15.8945993703,6.382433e-05,6.382433e-05,0.259857924913
15.9404136051,6.364647e-05,6.364647e-05,0.259495597766
15.9863598939,6.252959e-05,6.252959e-05,0.257208682241
16.0324386172,6.143232e-05,6.143232e-05,0.254941943509
16.0786501567,6.03543e-05,6.03543e-05,0.252695170908
16.1249948954,5.92952e-05,5.92952e-05,0.250468204769
16.1714732171,5.825468e-05,5.825468e-05,0.24826085362
16.2180855068,5.723242e-05,5.723242e-05,0.246072957393
16.2648321508,5.62281e-05,5.62281e-05,0.243904345595
16.3117135362,5.524141e-05,5.524141e-05,0.241754858855
16.3587300515,5.427202e-05,5.427202e-05,0.239624283327
16.4058820861,5.331965e-05,5.331965e-05,0.237512504302
16.4531700307,5.238399e-05,5.238399e-05,0.235419331024
16.500594277,5.146475e-05,5.146475e-05,0.233344606751
16.5481552179,5.056163e-05,5.056163e-05,0.231288141806
16.5958532473,4.989297e-05,4.989297e-05,0.229753699121
16.6436887605,4.923315e-05,4.923315e-05,0.22822942996
16.6916621537,4.858205e-05,4.858205e-05,0.226715259522
16.7397738243,4.793957e-05,4.793957e-05,0.225211156606
16.7880241709,4.730558e-05,4.730558e-05,0.223717016876
16.8364135932,4.667998e-05,4.667998e-05,0.222232803249
16.8849424921,4.606265e-05,4.606265e-05,0.220758428378
16.9336112696,4.545348e-05,4.545348e-05,0.219293825358
16.9824203289,4.485237e-05,4.485237e-05,0.217838948446
17.0313700743,4.425921e-05,4.425921e-05,0.216393724909
17.0804609114,4.36739e-05,4.36739e-05,0.21495810336
17.1296932468,4.309633e-05,4.309633e-05,0.213532004955
17.1790674883,4.252639e-05,4.252639e-05,0.212115347441
17.2285840451,4.196401e-05,4.196401e-05,0.2107081455
17.2782433272,4.138781e-05,4.138781e-05,0.209256548237
17.3280457462,4.081952e-05,4.081952e-05,0.207814946912
17.3779917145,4.025903e-05,4.025903e-05,0.206383269041
17.428081646,3.970624e-05,3.970624e-05,0.204961464476
17.4783159555,3.916104e-05,3.916104e-05,0.203549454237
17.5286950593,3.862332e-05,3.862332e-05,0.202147155706
17.5792193747,3.809299e-05,3.809299e-05,0.200754535241
17.6298893203,3.756994e-05,3.756994e-05,0.199371503781
17.6807053157,3.705407e-05,3.705407e-05,0.197997995091
17.731667782,3.654529e-05,3.654529e-05,0.196633966598
17.7827771414,3.604349e-05,3.604349e-05,0.195279318977
17.8340338172,3.554858e-05,3.554858e-05,0.19393400331
17.8854382342,3.506046e-05,3.506046e-05,0.192597940487
17.936990818,3.504146e-05,3.504146e-05,0.19254574698
17.9886919959,3.411104e-05,3.411104e-05,0.189972314615
18.0405421961,3.367058e-05,3.367058e-05,0.188741817412
18.0925418481,3.352431e-05,3.352431e-05,0.188331409967
18.1446913828,3.355071e-05,3.355071e-05,0.188405549759
18.1969912321,3.244178e-05,3.244178e-05,0.18526576381
18.2494418293,3.261949e-05,3.261949e-05,0.185772496404
18.3020436089,3.185966e-05,3.185966e-05,0.183596079152
18.3547970067,3.188104e-05,3.188104e-05,0.183657671552
18.4077024597,3.190243e-05,3.190243e-05,0.183719272097
18.4607604062,3.145967e-05,3.145967e-05,0.182439937678
18.5139712857,3.102306e-05,3.102306e-05,0.181169526908
18.5673355391,3.065117e-05,3.065117e-05,0.180080365004
18.6208536084,3.028374e-05,3.028374e-05,0.178997756746
18.6745259369,3.005344e-05,3.005344e-05,0.178315842033
18.7283529694,2.982489e-05,2.982489e-05,0.177636521076
18.7823351517,2.952412e-05,2.952412e-05,0.176738561044
18.836472931,2.922639e-05,2.922639e-05,0.175845160923
18.8907667559,2.893166e-05,2.893166e-05,0.174956269622
18.945217076,2.858064e-05,2.858064e-05,0.173891682147
18.9998243425,2.823388e-05,2.823388e-05,0.172833576136
19.0545890077,2.789132e-05,2.789132e-05,0.171781886589
19.1095115254,2.777211e-05,2.777211e-05,0.171414387903
19.1645923506,2.765341e-05,2.765341e-05,0.171047676921
19.2198319394,2.753521e-05,2.753521e-05,0.170681727727
19.2752307496,2.728204e-05,2.728204e-05,0.169895256908
19.3307892401,2.703119e-05,2.703119e-05,0.169112385768
19.3865078711,2.678264e-05,2.678264e-05,0.168333101676
19.4423871042,2.653638e-05,2.653638e-05,0.167557423112
19.4984274024,2.64162e-05,2.64162e-05,0.16717756907
19.5546292299,2.629657e-05,2.629657e-05,0.166798594299
19.6109930522,2.617748e-05,2.617748e-05,0.166420473019
19.6675193364,2.605893e-05,2.605893e-05,0.166043211063
19.7242085507,2.566523e-05,2.566523e-05,0.164784141652
19.7810611646,2.527749e-05,2.527749e-05,0.163534658162
19.8380776493,2.489561e-05,2.489561e-05,0.162294656043
19.895258477,2.451949e-05,2.451949e-05,0.161064025841
19.9526041214,2.440686e-05,2.440686e-05,0.160693677162
20.0101150576,2.429475e-05,2.429475e-05,0.160324188755
20.067791762,2.418315e-05,2.418315e-05,0.159955533509
20.1256347125,2.407207e-05,2.407207e-05,0.159587750344
20.1836443882,2.39615e-05,2.39615e-05,0.159220812082
20.2418212696,2.373086e-05,2.373086e-05,0.158452673944
20.3001658388,2.350243e-05,2.350243e-05,0.157688207993
20.3586785791,2.32762e-05,2.32762e-05,0.156927434185
20.4173599752,2.305215e-05,2.305215e-05,0.156170338733
20.4762105132,2.283025e-05,2.283025e-05,0.15541687328
20.5352306806,2.261049e-05,2.261049e-05,0.154667056673
20.5944209665,2.248435e-05,2.248435e-05,0.154235022936
20.6537818611,2.235892e-05,2.235892e-05,0.153804217627
20.7133138562,2.223418e-05,2.223418e-05,0.153374582118
20.773017445,2.211014e-05,2.211014e-05,0.152946160854
20.8328931221,2.198679e-05,2.198679e-05,0.152518929383
20.8929413835,2.186413e-05,2.186413e-05,0.15209289773
20.9531627266,2.174052e-05,2.174052e-05,0.151662355778
21.0135576504,2.161761e-05,2.161761e-05,0.151233036669
21.0741266551,2.149539e-05,2.149539e-05,0.150804915769
21.1348702426,2.137387e-05,2.137387e-05,0.15037803849
21.195788916,2.125304e-05,2.125304e-05,0.149952380175
21.25688318,2.113288e-05,2.113288e-05,0.149527880477
21.3181535408,2.101341e-05,2.101341e-05,0.14910462025
21.3796005058,2.089461e-05,2.089461e-05,0.148682538921
21.4412245842,2.063323e-05,2.063323e-05,0.147749644128
21.5030262865,2.064492e-05,2.064492e-05,0.147791492854
21.5650061246,2.042166e-05,2.042166e-05,0.146990191101
21.627164612,2.045441e-05,2.045441e-05,0.147108007192
21.6895022636,2.023703e-05,2.023703e-05,0.146324221303
21.7520195958,2.042319e-05,2.042319e-05,0.146995697284
21.8147171266,2.007024e-05,2.007024e-05,0.145719984628
21.8775953754,2.005225e-05,2.005225e-05,0.145654661786
21.940654863,1.985977e-05,1.985977e-05,0.144953912193
22.0038961118,1.966915e-05,1.966915e-05,0.144256579399
22.0673196458,1.954459e-05,1.954459e-05,0.14379908282
22.1309259903,1.942082e-05,1.942082e-05,0.143343041547
22.1947156724,1.918653e-05,1.918653e-05,0.142475782995
22.2586892204,1.895506e-05,1.895506e-05,0.141613747496
22.3228471643,1.901887e-05,1.901887e-05,0.141851910315
22.3871900356,1.908289e-05,1.908289e-05,0.142090455767
22.4517183673,1.898292e-05,1.898292e-05,0.141717780677
22.5164326941,1.888347e-05,1.888347e-05,0.141346069135
22.581333552,1.878453e-05,1.878453e-05,0.140975291239
22.6464214786,1.871412e-05,1.871412e-05,0.140710834551
22.7116970132,1.864396e-05,1.864396e-05,0.140446821538
22.7771606966,1.857408e-05,1.857408e-05,0.140183367915
22.8428130709,1.839283e-05,1.839283e-05,0.139497720913
22.9086546803,1.821336e-05,1.821336e-05,0.138815470608
22.9746860699,1.803563e-05,1.803563e-05,0.138136514145
23.040907787,1.793966e-05,1.793966e-05,0.137768502496
23.1073203801,1.784419e-05,1.784419e-05,0.137401430196
23.1739243993,1.774924e-05,1.774924e-05,0.137035382
23.2407203964,1.765479e-05,1.765479e-05,0.136670288724
23.3077089248,1.762542e-05,1.762542e-05,0.136556561029
23.3748905395,1.75961e-05,1.75961e-05,0.136442932393
23.4422657969,1.756683e-05,1.756683e-05,0.136329403065
23.5098352552,1.715775e-05,1.715775e-05,0.134732696477
23.5775994742,1.748269e-05,1.748269e-05,0.136002522109
23.6455590153,1.739341e-05,1.739341e-05,0.13565481112
23.7137144414,1.703886e-05,1.703886e-05,0.134265088091
23.7820663172,1.713919e-05,1.713919e-05,0.134659804767
23.8506152089,1.722995e-05,1.722995e-05,0.135015877214
23.9193616844,1.703806e-05,1.703806e-05,0.13426193608
23.9883063131,1.670618e-05,1.670618e-05,0.132947878659
24.0574496663,1.671267e-05,1.671267e-05,0.132973699881
24.1267923168,1.657723e-05,1.657723e-05,0.132433792289
24.1963348389,1.644288e-05,1.644288e-05,0.13189604634
24.2660778089,1.641482e-05,1.641482e-05,0.13178345708
24.3360218044,1.638681e-05,1.638681e-05,0.131670972427
24.4061674049,1.640309e-05,1.640309e-05,0.131736362558
24.4765151915,1.64194e-05,1.64194e-05,0.131801840655
24.5470657469,1.631e-05,1.631e-05,0.131362018864
24.6178196557,1.620133e-05,1.620133e-05,0.130923669136
24.688777504,1.619126e-05,1.619126e-05,0.130882974752
24.7599398796,1.618119e-05,1.618119e-05,0.130842267712
24.831307372,1.617114e-05,1.617114e-05,0.130801628889
24.9028805724,1.602284e-05,1.602284e-05,0.130200478955
24.9746600738,1.587591e-05,1.587591e-05,0.129602132621
25.0466464709,1.573032e-05,1.573032e-05,0.129006505882
25.1188403599,1.567639e-05,1.567639e-05,0.128785172361
25.1912423389,1.562265e-05,1.562265e-05,0.128564239585
25.2638530078,1.556909e-05,1.556909e-05,0.128343668406
25.336672968,1.549478e-05,1.549478e-05,0.128037015117
25.4097028229,1.542084e-05,1.542084e-05,0.127731157984
25.4829431773,1.534724e-05,1.534724e-05,0.127425978199
25.5563946381,1.5274e-05,1.5274e-05,0.127121563867
25.6300578138,1.526924e-05,1.526924e-05,0.127101754197
25.7039333145,1.526448e-05,1.526448e-05,0.127081941439
25.7780217523,1.525973e-05,1.525973e-05,0.127062167225
25.8523237409,1.525497e-05,1.525497e-05,0.127042348294
25.9268398959,1.523318e-05,1.523318e-05,0.126951583054
26.0015708346,1.521143e-05,1.521143e-05,0.126860919672
26.0765171761,1.51897e-05,1.51897e-05,0.126770274907
26.1516795412,1.516801e-05,1.516801e-05,0.126679732317
26.2270585526,1.510464e-05,1.510464e-05,0.12641482951
26.3026548348,1.504153e-05,1.504153e-05,0.126150460721
26.378469014,1.497869e-05,1.497869e-05,0.125886671336
26.4545017182,1.491611e-05,1.491611e-05,0.125623422896
26.5307535775,1.485379e-05,1.485379e-05,0.125360718808
26.6072252233,1.477651e-05,1.477651e-05,0.125034185645
26.6839172894,1.469963e-05,1.469963e-05,0.124708494258
26.7608304109,1.462315e-05,1.462315e-05,0.124383651257
26.837965225,1.454707e-05,1.454707e-05,0.124059663308
26.9153223708,1.447138e-05,1.447138e-05,0.123736494374
26.9929024891,1.439609e-05,1.439609e-05,0.123414193754
27.0707062226,1.435585e-05,1.435585e-05,0.123241589165
27.1487342157,1.431572e-05,1.431572e-05,0.123069215322
27.2269871151,1.427571e-05,1.427571e-05,0.12289711624
27.3054655688,1.423581e-05,1.423581e-05,0.122725249969
27.384170227,1.419601e-05,1.419601e-05,0.122553574326
27.4631017418,1.415634e-05,1.415634e-05,0.122382219787
27.542260767,1.414622e-05,1.414622e-05,0.12233846803
27.6216479584,1.413611e-05,1.413611e-05,0.122294743877
27.7012639736,1.4126e-05,1.4126e-05,0.122251004086
27.7811094723,1.41159e-05,1.41159e-05,0.122207291926
27.8611851158,1.410581e-05,1.410581e-05,0.122163607429
27.9414915675,1.409573e-05,1.409573e-05,0.122119950622
28.0220294928,1.408565e-05,1.408565e-05,0.122076278203
28.1027995587,1.399535e-05,1.399535e-05,0.12168434698
28.1838024345,1.390562e-05,1.390562e-05,0.121293635282
28.2650387911,1.381646e-05,1.381646e-05,0.120904154933
28.3465093015,1.372788e-05,1.372788e-05,0.120515961764
28.4282146408,1.363987e-05,1.363987e-05,0.12012902422
28.5101554856,1.355242e-05,1.355242e-05,0.119743310293
28.5923325149,1.346553e-05,1.346553e-05,0.119358831848
28.6747464094,1.346706e-05,1.346706e-05,0.119365612636
28.7573978519,1.346858e-05,1.346858e-05,0.119372348724
28.840287527,1.34701e-05,1.34701e-05,0.119379084433
28.9234161214,1.347162e-05,1.347162e-05,0.119385819761
29.0067843239,1.347315e-05,1.347315e-05,0.119392599017
29.0903928249,1.347467e-05,1.347467e-05,0.119399333583
29.1742423173,1.347619e-05,1.347619e-05,0.119406067769
29.2583334955,1.347773e-05,1.347773e-05,0.119412890175
29.3426670562,1.345841e-05,1.345841e-05,0.119327271736
29.4272436981,1.343911e-05,1.343911e-05,0.119241680548
29.5120641217,1.341985e-05,1.341985e-05,0.119156205462
29.5971290299,1.340061e-05,1.340061e-05,0.119070757871
29.6824391272,1.33814e-05,1.33814e-05,0.118985382295
29.7679951205,1.336222e-05,1.336222e-05,0.11890007889
29.8537977184,1.334307e-05,1.334307e-05,0.11881484781
29.9398476317,1.332394e-05,1.332394e-05,0.118729644655
30.0261455734,1.330484e-05,1.330484e-05,0.118644514075
30.1126922584,1.327417e-05,1.327417e-05,0.118507686924
30.1994884035,1.324358e-05,1.324358e-05,0.118371059132
30.2865347279,1.321306e-05,1.321306e-05,0.118234586649
30.3738319527,1.318261e-05,1.318261e-05,0.118098270013
30.461380801,1.315223e-05,1.315223e-05,0.117962109764
30.5491819982,1.312191e-05,1.312191e-05,0.117826061548
30.6372362715,1.309167e-05,1.309167e-05,0.117690215651
30.7255443505,1.30615e-05,1.30615e-05,0.117554527773
30.8141069667,1.30314e-05,1.30314e-05,0.117418998463
30.9029248538,1.300137e-05,1.300137e-05,0.117283628269
30.9919987476,1.300564e-05,1.300564e-05,0.117302886239
31.0813293859,1.300992e-05,1.300992e-05,0.117322186137
31.1709175089,1.30142e-05,1.30142e-05,0.117341482861
31.2607638586,1.301848e-05,1.301848e-05,0.117360776412
31.3508691795,1.302276e-05,1.302276e-05,0.117380066792
31.4412342179,1.302704e-05,1.302704e-05,0.117399354002
31.5318597224,1.303132e-05,1.303132e-05,0.117418638044
31.6227464439,1.303561e-05,1.303561e-05,0.117437963964
31.7138951351,1.303989e-05,1.303989e-05,0.117457241667
31.8053065514,1.304418e-05,1.304418e-05,0.117476561237
31.8969814498,1.304846e-05,1.304846e-05,0.117495832607
31.9889205899,1.305024e-05,1.305024e-05,0.117503846405
32.0811247333,1.305201e-05,1.305201e-05,0.11751181464
32.1735946438,1.305379e-05,1.305379e-05,0.117519827348
32.2663310875,1.305557e-05,1.305557e-05,0.11752783951
32.3593348327,1.305735e-05,1.305735e-05,0.117535851126
32.4526066497,1.305912e-05,1.305912e-05,0.117543817192
32.5461473114,1.30609e-05,1.30609e-05,0.117551827719
32.6399575925,1.306268e-05,1.306268e-05,0.1175598377
32.7340382702,1.306446e-05,1.306446e-05,0.117567847135
32.828390124,1.306624e-05,1.306624e-05,0.117575856025
32.9230139355,1.306802e-05,1.306802e-05,0.117583864369
33.0179104885,1.306979e-05,1.306979e-05,0.117591827182
33.1130805691,1.313659e-05,1.313659e-05,0.117891951464
33.2085249659,1.320373e-05,1.320373e-05,0.1181928354
33.3042444694,1.327121e-05,1.327121e-05,0.118494473204
33.4002398727,1.333904e-05,1.333904e-05,0.118796903663
33.496511971,1.340722e-05,1.340722e-05,0.119100120739
33.5930615618,1.347574e-05,1.347574e-05,0.119404074135
33.6898894449,1.354461e-05,1.354461e-05,0.119708802433
33.7869964226,1.361384e-05,1.361384e-05,0.120014343809
33.8843832992,1.368342e-05,1.368342e-05,0.120320648103
33.9820508816,1.375336e-05,1.375336e-05,0.120627753357
34.0799999788,1.382365e-05,1.382365e-05,0.120935609727
34.1782314023,1.38943e-05,1.38943e-05,0.121244255122
34.2767459658,1.396532e-05,1.396532e-05,0.121553727051
34.3755444854,1.395453e-05,1.395453e-05,0.121506760059
34.4746277797,1.394374e-05,1.394374e-05,0.121459774905
34.5739966695,1.393296e-05,1.393296e-05,0.121412815139
34.6736519779,1.392219e-05,1.392219e-05,0.12136588079
34.7735945305,1.391143e-05,1.391143e-05,0.121318971888
34.8738251552,1.390068e-05,1.390068e-05,0.121272088462
34.9743446825,1.388994e-05,1.388994e-05,0.121225230542
35.075153945,1.38792e-05,1.38792e-05,0.121178354503
35.1762537778,1.386847e-05,1.386847e-05,0.121131503995
35.2776450185,1.381762e-05,1.381762e-05,0.120909230251
35.379328507,1.411526e-05,1.411526e-05,0.12220452152
35.4813050857,1.379528e-05,1.379528e-05,0.120811449126
35.5835755994,1.410559e-05,1.410559e-05,0.122162654768
35.6861408954,1.445516e-05,1.445516e-05,0.12366713096
35.7890018232,1.388075e-05,1.388075e-05,0.121185120786
35.892159235,1.403112e-05,1.403112e-05,0.121839751149
35.9956139855,1.450609e-05,1.450609e-05,0.12388479818
36.0993669316,1.423725e-05,1.423725e-05,0.122731456848
36.2034189328,1.397339e-05,1.397339e-05,0.121588842498
36.3077708512,1.426178e-05,1.426178e-05,0.122837141126
36.4124235512,1.455614e-05,1.455614e-05,0.124098332463
36.5173778998,1.450725e-05,1.450725e-05,0.123889751392
36.6226347664,1.445853e-05,1.445853e-05,0.123681545673
36.728195023,1.445959e-05,1.445959e-05,0.12368607933
36.8340595442,1.446066e-05,1.446066e-05,0.123690655589
36.9402292068,1.458568e-05,1.458568e-05,0.124224190237
37.0467048905,1.471177e-05,1.471177e-05,0.124759980202
37.1534874774,1.483896e-05,1.483896e-05,0.12529812321
37.2605778519,1.48692e-05,1.48692e-05,0.125425729418
37.3679769013,1.48995e-05,1.48995e-05,0.125553458734
37.4756855153,1.492986e-05,1.492986e-05,0.125681310782
37.5837045862,1.490888e-05,1.490888e-05,0.125592973689
37.6920350088,1.488794e-05,1.488794e-05,0.125504743018
37.8006776806,1.486703e-05,1.486703e-05,0.125416576815
37.9096335016,1.49949e-05,1.49949e-05,0.125954770454
38.0189033744,1.512387e-05,1.512387e-05,0.126495274457
38.1284882042,1.525396e-05,1.525396e-05,0.127038142619
38.2383888988,1.538515e-05,1.538515e-05,0.127583261833
38.3486063687,1.545568e-05,1.545568e-05,0.127875366823
38.459141527,1.552654e-05,1.552654e-05,0.128168168123
38.5699952893,1.559771e-05,1.559771e-05,0.128461578614
38.681168574,1.566922e-05,1.566922e-05,0.128755717388
38.7926623021,1.583701e-05,1.583701e-05,0.129443256217
38.9044773972,1.60066e-05,1.60066e-05,0.130134479674
39.0166147856,1.6178e-05,1.6178e-05,0.130829369791
39.1290753963,1.635124e-05,1.635124e-05,0.131527989113
39.2418601609,1.64524e-05,1.64524e-05,0.131934223005
39.3549700137,1.655417e-05,1.655417e-05,0.132341648244
39.4684058919,1.665658e-05,1.665658e-05,0.132750373408
39.582168735,1.675963e-05,1.675963e-05,0.133160386527
39.6962594857,1.68633e-05,1.68633e-05,0.133571596532
39.8106790889,1.689826e-05,1.689826e-05,0.133709981228
39.9254284926,1.693329e-05,1.693329e-05,0.133848499506
40.0405086474,1.696839e-05,1.696839e-05,0.133987150951
40.1559205067,1.700357e-05,1.700357e-05,0.134125974591
40.2716650265,1.703882e-05,1.703882e-05,0.134264930492
40.3877431656,1.707414e-05,1.707414e-05,0.134404018244
40.5041558858,1.722841e-05,1.722841e-05,0.135009843271
40.6209041514,1.738406e-05,1.738406e-05,0.135618344924
40.7379889296,1.754113e-05,1.754113e-05,0.136229642663
40.8554111903,1.769961e-05,1.769961e-05,0.136843660357
40.9731719063,1.785952e-05,1.785952e-05,0.137460438527
41.0912720531,1.802088e-05,1.802088e-05,0.138080016802
41.2097126091,1.809336e-05,1.809336e-05,0.138357417148
41.3284945554,1.816614e-05,1.816614e-05,0.138635407166
41.4476188762,1.823921e-05,1.823921e-05,0.138913945232
41.5670865583,1.831258e-05,1.831258e-05,0.139193066063
41.6868985913,1.838624e-05,1.838624e-05,0.13947272823
41.8070559678,1.846019e-05,1.846019e-05,0.139752928485
41.9275596832,1.853443e-05,1.853443e-05,0.140033663596
42.0484107358,1.875831e-05,1.875831e-05,0.140876868151
42.1696101267,1.898488e-05,1.898488e-05,0.141725096719
42.2911588601,1.92142e-05,1.92142e-05,0.142578482247
42.4130579428,1.944628e-05,1.944628e-05,0.143436969572
42.5353083846,1.968117e-05,1.968117e-05,0.144300650934
42.6579111984,1.991889e-05,1.991889e-05,0.145169506509
42.7808673997,2.015949e-05,2.015949e-05,0.146043625058
42.9041780072,2.034929e-05,2.034929e-05,0.146729509029
43.0278440425,2.054087e-05,2.054087e-05,0.147418589262
43.1518665299,2.073425e-05,2.073425e-05,0.148110892577
43.276246497,2.092946e-05,2.092946e-05,0.148806480638
43.400984974,2.11265e-05,2.11265e-05,0.149505307598
43.5260829945,2.13254e-05,2.13254e-05,0.150207433904
43.6515415946,2.152617e-05,2.152617e-05,0.150912848558
43.7773618138,2.172885e-05,2.172885e-05,0.151621645223
43.9035446944,2.19951e-05,2.19951e-05,0.152547749246
44.0300912816,2.22646e-05,2.22646e-05,0.153479467031
44.1570026239,2.253741e-05,2.253741e-05,0.154416902507
44.2842797726,2.281356e-05,2.281356e-05,0.155360054325
44.411923782,2.30931e-05,2.30931e-05,0.156308988225
44.5399357097,2.337606e-05,2.337606e-05,0.157263700452
44.668316616,2.366249e-05,2.366249e-05,0.158224253577
44.7970675646,2.395242e-05,2.395242e-05,0.159190641559
44.926189622,2.424591e-05,2.424591e-05,0.160162956953
45.055683858,2.453947e-05,2.453947e-05,0.161129634953
45.1855513452,2.483658e-05,2.483658e-05,0.16210213336
45.3157931595,2.513728e-05,2.513728e-05,0.163080477802
45.4464103798,2.544163e-05,2.544163e-05,0.164064757154
45.5774040883,2.574966e-05,2.574966e-05,0.165054961392
45.7087753702,2.606142e-05,2.606142e-05,0.166051143808
45.8405253136,2.637695e-05,2.637695e-05,0.167053324121
45.9726550101,2.669631e-05,2.669631e-05,0.168061583891
46.1051655543,2.701953e-05,2.701953e-05,0.169075908219
46.2380580438,2.734668e-05,2.734668e-05,0.170096406311
46.3713335797,2.7697e-05,2.7697e-05,0.171182434847
46.504993266,2.80518e-05,2.80518e-05,0.172275373748
46.6390382099,2.841115e-05,2.841115e-05,0.173375305912
46.773469522,2.877511e-05,2.877511e-05,0.174482280992
46.9082883159,2.914372e-05,2.914372e-05,0.175596286293
47.0434957084,2.951706e-05,2.951706e-05,0.176717428343
47.1790928196,2.989518e-05,2.989518e-05,0.177845720893
47.3150807729,3.027814e-05,3.027814e-05,0.178981206052
47.4514606948,3.066601e-05,3.066601e-05,0.180123953377
47.5882337152,3.105884e-05,3.105884e-05,0.181273971436
47.725400967,3.14567e-05,3.14567e-05,0.182431325709
47.8629635865,3.194666e-05,3.194666e-05,0.183846583542
48.0009227135,3.244426e-05,3.244426e-05,0.185272844961
48.1392794908,3.294961e-05,3.294961e-05,0.186710169461
48.2780350645,3.346283e-05,3.346283e-05,0.188158640886
48.4171905841,3.398404e-05,3.398404e-05,0.189618338565
48.5567472025,3.451337e-05,3.451337e-05,0.191089365115
48.6967060757,3.505095e-05,3.505095e-05,0.192571818032
48.8370683633,3.55969e-05,3.55969e-05,0.194065762565
48.9778352279,3.615135e-05,3.615135e-05,0.195571287003
49.1190078358,3.671444e-05,3.671444e-05,0.197088501745
49.2605873564,3.72863e-05,3.72863e-05,0.198617485132
49.4025749626,3.786702e-05,3.786702e-05,0.200158205328
49.5449718307,3.850345e-05,3.850345e-05,0.201833223479
49.6877791403,3.915057e-05,3.915057e-05,0.203522242175
49.8309980745,3.980857e-05,3.980857e-05,0.205225405494
49.9746298197,4.047762e-05,4.047762e-05,0.206942798763
50.1186755658,4.115792e-05,4.115792e-05,0.208674577656
50.2631365061,4.184966e-05,4.184966e-05,0.21042086465
50.4080138374,4.255302e-05,4.255302e-05,0.212181750299
50.5533087598,4.32682e-05,4.32682e-05,0.213957368651
50.6990224771,4.39954e-05,4.39954e-05,0.215747846339
50.8451561962,4.473483e-05,4.473483e-05,0.217553327118
50.991711128,4.548668e-05,4.548668e-05,0.219373898721
51.1386884863,4.625117e-05,4.625117e-05,0.22120971466
51.2860894889,4.702852e-05,4.702852e-05,0.223060920289
51.4339153568,4.780299e-05,4.780299e-05,0.2248901141
51.5821673146,4.859021e-05,4.859021e-05,0.226734298641
51.7308465905,4.93904e-05,4.93904e-05,0.228593620208
51.8799544163,5.020377e-05,5.020377e-05,0.230468194465
52.029492027,5.103053e-05,5.103053e-05,0.232358130351
52.1794606616,5.18709e-05,5.18709e-05,0.234263552863
52.3298615625,5.272511e-05,5.272511e-05,0.236184602335
52.4806959754,5.359339e-05,5.359339e-05,0.238121411511
52.6319651501,5.447597e-05,5.447597e-05,0.240074105767
52.7836703397,5.537308e-05,5.537308e-05,0.242042803322
52.9358128008,5.628497e-05,5.628497e-05,0.244027658801
53.088393794,5.721187e-05,5.721187e-05,0.246028775675
53.2414145832,5.815404e-05,5.815404e-05,0.248046314869
53.394876436,5.911168e-05,5.911168e-05,0.250080301983
53.5487806239,5.993238e-05,5.993238e-05,0.251810361264
53.7031284217,6.076448e-05,6.076448e-05,0.25355240058
53.8579211081,6.160812e-05,6.160812e-05,0.255306464783
54.0131599655,6.246348e-05,6.246348e-05,0.257072678128
54.1688462798,6.333072e-05,6.333072e-05,0.258851118908
54.3249813409,6.420999e-05,6.420999e-05,0.260641841269
54.4815664421,6.510147e-05,6.510147e-05,0.262444956629
54.6386028807,6.600533e-05,6.600533e-05,0.264260551615
54.7960919576,6.692174e-05,6.692174e-05,0.266088708742
54.9540349775,6.785087e-05,6.785087e-05,0.267929506512
55.1124332487,6.87929e-05,6.87929e-05,0.269783039126
55.2712880836,6.974801e-05,6.974801e-05,0.271649396429
55.430600798,7.071638e-05,7.071638e-05,0.273528664019
55.5903727119,7.16982e-05,7.16982e-05,0.275420942559
55.7506051487,7.269365e-05,7.269365e-05,0.277326309066
55.9112994358,7.370293e-05,7.370293e-05,0.27924487451
56.0724569046,7.354587e-05,7.354587e-05,0.278947182205
56.23407889,7.338915e-05,7.338915e-05,0.278649817334
56.396166731,7.323276e-05,7.323276e-05,0.278352761941
56.5587217703,7.30767e-05,7.30767e-05,0.278056017018
56.7217453546,7.292099e-05,7.292099e-05,0.277759621652
56.8852388343,7.276559e-05,7.276559e-05,0.277463500699
57.0492035641,7.261052e-05,7.261052e-05,0.277167693211
57.213640902,7.245579e-05,7.245579e-05,0.2768722193
57.3785522104,7.230139e-05,7.230139e-05,0.276577060907
57.5439388555,7.214732e-05,7.214732e-05,0.276282219044
57.7098022073,7.199357e-05,7.199357e-05,0.275987675558
57.8761436399,7.184016e-05,7.184016e-05,0.275693469781
58.0429645312,7.168707e-05,7.168707e-05,0.275399564379
58.2102662634,7.15343e-05,7.15343e-05,0.275105960313
58.3780502223,7.138187e-05,7.138187e-05,0.27481269705
58.5463177979,7.122976e-05,7.122976e-05,0.274519737141
58.7150703841,7.10779e-05,7.10779e-05,0.274226946524
58.8843093791,6.995846e-05,6.995846e-05,0.272058910312
59.0540361846,6.885665e-05,6.885665e-05,0.269908013405
59.2242522069,6.777219e-05,6.777219e-05,0.267774115665
59.394958856,6.670483e-05,6.670483e-05,0.265657128909
59.5661575461,6.565427e-05,6.565427e-05,0.263556858495
59.7378496955,6.462025e-05,6.462025e-05,0.261473181225
59.9100367264,6.360252e-05,6.360252e-05,0.259405987132
60.0827200654,6.260081e-05,6.260081e-05,0.257355118426
60.2559011429,6.161489e-05,6.161489e-05,0.25532049197
60.4295813936,6.064449e-05,6.064449e-05,0.253301935287
60.6037622564,5.968937e-05,5.968937e-05,0.251299330401
60.7784451742,5.87493e-05,5.87493e-05,0.24931257369
60.953631594,5.782403e-05,5.782403e-05,0.247341512367
61.1293229673,5.691333e-05,5.691333e-05,0.24538602882
61.3055207494,5.601698e-05,5.601698e-05,0.243446020382
61.4822264001,5.513474e-05,5.513474e-05,0.241521334296
61.6594413831,5.42664e-05,5.42664e-05,0.239611876166
61.8371671665,5.341174e-05,5.341174e-05,0.237717523376
62.0154052228,5.25705e-05,5.25705e-05,0.235838056725
62.1941570285,5.14757e-05,5.14757e-05,0.233369429446
62.3734240643,5.040371e-05,5.040371e-05,0.230926666238
62.5532078153,4.935404e-05,4.935404e-05,0.228509462211
62.733509771,4.832623e-05,4.832623e-05,0.226117560884
62.914331425,4.731982e-05,4.731982e-05,0.223750686167
63.0956742752,4.633437e-05,4.633437e-05,0.2214085894
63.277539824,4.536945e-05,4.536945e-05,0.219091026973
63.459929578,4.442462e-05,4.442462e-05,0.216797712073
63.642845048,4.349947e-05,4.349947e-05,0.214528411312
63.8262877495,4.259358e-05,4.259358e-05,0.2122828482
64.0102592021,4.170656e-05,4.170656e-05,0.210060801865
64.1947609299,4.083801e-05,4.083801e-05,0.207862008506
64.3797944612,3.998754e-05,3.998754e-05,0.205686210816
64.5653613291,3.915479e-05,3.915479e-05,0.203533210607
64.7514630707,3.833939e-05,3.833939e-05,0.201402767161
64.9381012278,3.754096e-05,3.754096e-05,0.19929459521
65.1252773465,3.675916e-05,3.675916e-05,0.197208496977
65.3129929774,3.599364e-05,3.599364e-05,0.195144231583
65.5012496756,3.524406e-05,3.524406e-05,0.193101567782
65.6900490007,3.451009e-05,3.451009e-05,0.19108028475
65.8793925166,3.37914e-05,3.37914e-05,0.189080144912
66.0692817921,3.299375e-05,3.299375e-05,0.186835188067
66.2597184002,3.221492e-05,3.221492e-05,0.184616860985
66.4507039184,3.145448e-05,3.145448e-05,0.182424888214
66.642239929,3.071199e-05,3.071199e-05,0.180258939917
66.8343280186,2.998703e-05,2.998703e-05,0.178118718107
67.0269697787,2.927918e-05,2.927918e-05,0.176003898934
67.2201668049,2.858803e-05,2.858803e-05,0.173914161988
67.413920698,2.791321e-05,2.791321e-05,0.171849283327
67.6082330629,2.725431e-05,2.725431e-05,0.169808892523
67.8031055094,2.661097e-05,2.661097e-05,0.167792747936
67.9985396518,2.598281e-05,2.598281e-05,0.165800521652
68.1945371092,2.536948e-05,2.536948e-05,0.163831956101
68.3910995052,2.477063e-05,2.477063e-05,0.161886770738
68.5882284683,2.418591e-05,2.418591e-05,0.159964661035
68.7859256314,2.361499e-05,2.361499e-05,0.158065364391
68.9841926324,2.305756e-05,2.305756e-05,0.156188663097
69.1830311138,2.251328e-05,2.251328e-05,0.154334216038
69.3824427226,2.198185e-05,2.198185e-05,0.152501794416
69.582429111,2.146296e-05,2.146296e-05,0.150691113474
69.7829919357,2.095632e-05,2.095632e-05,0.148901936052
69.9841328581,2.046164e-05,2.046164e-05,0.147134003956
70.1858535446,1.997864e-05,1.997864e-05,0.145387073428
70.3881556662,1.950706e-05,1.950706e-05,0.14366095322
70.5910408989,1.905211e-05,1.905211e-05,0.14197581618
70.7945109234,1.860777e-05,1.860777e-05,0.140310443874
70.9985674254,1.81738e-05,1.81738e-05,0.138664632838
71.2032120952,1.774994e-05,1.774994e-05,0.137038084196
71.4084466282,1.733597e-05,1.733597e-05,0.13543063265
71.6142727245,1.693166e-05,1.693166e-05,0.133842057217
71.8206920894,1.653677e-05,1.653677e-05,0.132272078157
72.0277064328,1.61511e-05,1.61511e-05,0.130720556149
72.2353174697,1.577442e-05,1.577442e-05,0.129187214383
72.4435269199,1.540653e-05,1.540653e-05,0.127671879206
72.6523365084,1.504721e-05,1.504721e-05,0.126174277014
72.8617479649,1.469628e-05,1.469628e-05,0.124694283109
73.0717630243,1.435353e-05,1.435353e-05,0.123231630436
73.2823834263,1.401877e-05,1.401877e-05,0.121786118503
73.4936109158,1.369182e-05,1.369182e-05,0.120357573754
73.7054472427,1.33725e-05,1.33725e-05,0.118945806988
73.9178941619,1.306062e-05,1.306062e-05,0.117550567672
74.1309534332,1.275602e-05,1.275602e-05,0.116171722721
74.3446268218,1.245852e-05,1.245852e-05,0.114809033442
74.5589160978,1.216796e-05,1.216796e-05,0.113462335953
74.7738230363,1.188418e-05,1.188418e-05,0.112131451609
74.9893494178,1.160701e-05,1.160701e-05,0.110816138626
75.2054970276,1.133631e-05,1.133631e-05,0.109516281803
75.4222676564,1.107192e-05,1.107192e-05,0.108231655998
75.6396631,1.081369e-05,1.081369e-05,0.106962068136
75.8576851593,1.057318e-05,1.057318e-05,0.105765894503
76.0763356405,1.033802e-05,1.033802e-05,0.104583101694
76.2956163549,1.010809e-05,1.010809e-05,0.103413534994
76.5155291191,9.883268e-06,9.883268e-06,0.102257017089
76.7360757549,9.66345e-06,9.66345e-06,0.101113451627
76.9572580893,9.44852e-06,9.44852e-06,0.0999826692982
77.1790779547,9.238371e-06,9.238371e-06,0.0988645361998
77.4015371887,9.032896e-06,9.032896e-06,0.0977589073589
77.6246376342,8.83199e-06,8.83199e-06,0.0966656372244
77.8483811393,8.635554e-06,8.635554e-06,0.0955846019608
78.0727695577,8.443487e-06,8.443487e-06,0.0945156560893
78.2978047482,8.255691e-06,8.255691e-06,0.0934586597272
78.5234885751,8.072073e-06,8.072073e-06,0.0924134905412
78.7498229079,7.892539e-06,7.892539e-06,0.0913800101882
78.9768096218,7.716997e-06,7.716997e-06,0.0903580811328
79.204450597,7.54536e-06,7.54536e-06,0.0893475846344
79.4327477194,7.37754e-06,7.37754e-06,0.0883483860634
79.6617028803,7.360361e-06,7.360361e-06,0.0882454641214
79.8913179764,6.981087e-06,6.981087e-06,0.0859417828882
80.1215949098,6.859048e-06,6.859048e-06,0.0851872806468
80.3525355883,6.845501e-06,6.845501e-06,0.0851031142673
80.584141925,6.697143e-06,6.697143e-06,0.0841758712102
80.8164158386,6.511907e-06,6.511907e-06,0.0830035999581
81.0493592533,6.093787e-06,6.093787e-06,0.0802946240168
81.2829740989,6.181765e-06,6.181765e-06,0.0808721668437
81.5172623105,5.97626e-06,5.97626e-06,0.0795165585271
81.7522258293,5.777585e-06,5.777585e-06,0.0781836615285
81.9878666016,5.692126e-06,5.692126e-06,0.0776032815543
82.2241865795,5.607932e-06,5.607932e-06,0.0770272163329
82.4611877209,5.324669e-06,5.324669e-06,0.0750566439564
82.6988719889,5.055714e-06,5.055714e-06,0.0731364848212
82.9372413528,5.053653e-06,5.053653e-06,0.0731215759814
83.1762977871,5.051593e-06,5.051593e-06,0.0731066713372
83.4160432723,4.989087e-06,4.989087e-06,0.0726529699737
83.6564797945,4.927354e-06,4.927354e-06,0.0722020812165
83.8976093455,4.866385e-06,4.866385e-06,0.0717539917357
84.1394339228,4.640638e-06,4.640638e-06,0.0700699293849
84.3819555299,4.425363e-06,4.425363e-06,0.0684253904191
84.6251761758,4.220074e-06,4.220074e-06,0.0668194454631
84.8690978754,4.186526e-06,4.186526e-06,0.0665533207887
85.1137226494,4.153244e-06,4.153244e-06,0.0662882504823
85.3590525243,4.120226e-06,4.120226e-06,0.0660242312185
85.6050895326,3.992109e-06,3.992109e-06,0.0649896247258
85.8518357123,3.867975e-06,3.867975e-06,0.0639712243903
86.0992931077,3.747702e-06,3.747702e-06,0.0629687916035
86.3474637687,3.631168e-06,3.631168e-06,0.0619820598561
86.5963497512,3.45489e-06,3.45489e-06,0.0604588589042
86.8459531171,3.28717e-06,3.28717e-06,0.0589730943736
87.096275934,3.127591e-06,3.127591e-06,0.0575238322611
87.3473202759,2.975759e-06,2.975759e-06,0.056110186437
87.5990882222,2.915459e-06,2.915459e-06,0.0555387758417
87.8515818588,2.856381e-06,2.856381e-06,0.0549731852634
88.1048032774,2.798501e-06,2.798501e-06,0.0544133628624
88.3587545757,2.741793e-06,2.741793e-06,0.053859233136
88.6134378575,2.717582e-06,2.717582e-06,0.0536209078252
88.8688552326,2.693584e-06,2.693584e-06,0.0533836292509
89.1250088171,2.669798e-06,2.669798e-06,0.0531474014793
89.3819007328,2.262633e-06,2.262633e-06,0.0489271470045
89.639533108,2.633371e-06,2.633371e-06,0.0527835818982
89.8979080769,3.075467e-06,3.075467e-06,0.0570424761559
90.1570277801,4.127984e-06,4.127984e-06,0.0660863607108
90.416894364,4.426068e-06,4.426068e-06,0.0684308405911
90.6775099815,5.182732e-06,5.182732e-06,0.0740495135433
90.9388767916,5.479193e-06,5.479193e-06,0.0761379418818
91.2009969595,5.657672e-06,5.657672e-06,0.0773680617309
91.4638726566,5.870118e-06,5.870118e-06,0.0788072639038
91.7275060607,6.11657e-06,6.11657e-06,0.0804445837829
91.9918993558,6.39914e-06,6.39914e-06,0.0822817727082
92.2570547322,6.693729e-06,6.693729e-06,0.0841544133246
92.5229743865,6.692989e-06,6.692989e-06,0.0841497615089
92.7896605215,6.841686e-06,6.841686e-06,0.0850793969654
93.0571153467,6.993687e-06,6.993687e-06,0.0860193050774
93.3253410776,6.943913e-06,6.943913e-06,0.08571265924
93.5943399364,6.894494e-06,6.894494e-06,0.0854071112496
93.8641141513,6.792283e-06,6.792283e-06,0.0847716663396
94.1346659574,6.691587e-06,6.691587e-06,0.0841409474988
94.4059975959,6.864929e-06,6.864929e-06,0.0852237929337
94.6781113146,7.042762e-06,7.042762e-06,0.0863205780565
94.9510093678,7.025436e-06,7.025436e-06,0.0862143334255
95.2246940161,7.008153e-06,7.008153e-06,0.0861082218722
95.499167527,6.990911e-06,6.990911e-06,0.0860022315873
95.774432174,6.939481e-06,6.939481e-06,0.0856853015283
96.0504902377,6.888429e-06,6.888429e-06,0.0853695372015
96.3273440049,6.837751e-06,6.837751e-06,0.0850549267121
96.6049957692,6.79381e-06,6.79381e-06,0.0847811947309
96.8834478306,6.750151e-06,6.750151e-06,0.0845083413516
97.162702496,6.70677e-06,6.70677e-06,0.0842363499922
97.4427620788,6.695114e-06,6.695114e-06,0.0841631190724
97.723628899,6.683478e-06,6.683478e-06,0.0840899501962
98.0053052833,6.671863e-06,6.671863e-06,0.0840168498219
98.2877935654,6.660269e-06,6.660269e-06,0.0839438181286
98.5710960852,6.609685e-06,6.609685e-06,0.083624438593
98.8552151899,6.559484e-06,6.559484e-06,0.0833062667031
99.1401532331,6.509666e-06,6.509666e-06,0.0829893163486
99.4259125753,6.460224e-06,6.460224e-06,0.0826735567881
99.7124955837,6.39157e-06,6.39157e-06,0.0822330898118
99.9999046326,6.323647e-06,6.323647e-06,0.0817949786112
