#I+8.670000E+02
+2.000000E+00
+8.010000E+02
+8.010000E+02
+1.000000E+01
+0.000000E+00
+3.000000E+00
+0.000000E+00
+1.000000E+00
+1.000000E+00
+1.000000E+00
+1.000000E+00
+2.497000E+03
-1.092400E+04
+2.025600E+04
-1.299100E+04
-1.119200E+04
+0.000000E+00
+0.000000E+00
+0.000000E+00
+0.000000E+00
+0.000000E+00
+0.000000E+00
+0.000000E+00
+0.000000E+00
+0.000000E+00
+0.000000E+00
+0.000000E+00
+0.000000E+00
+0.000000E+00
+0.000000E+00
+0.000000E+00
+0.000000E+00
+0.000000E+00
+0.000000E+00
+0.000000E+00
+1.000000E+00
+0.000000E+00
+1.000000E+00
+0.000000E+00
+0.000000E+00
+1.000000E+00
+0.000000E+00
+1.000000E+00
+2.000000E+00
+3.000000E+00
+4.500000E+01
+4.500000E+01
+0.000000E+00
+0.000000E+00
+2.000000E+00
+0.000000E+00
+0.000000E+00
+0.000000E+00
+0.000000E+00
+0.000000E+00
+1.250000E-03
+1.588656E+01
+0.000000E+00
+0.000000E+00
+0.000000E+00
+1.000000E+00
+1.000000E+00
+0.000000E+00
+0.000000E+00
+9.9999904632568339E+00
+9.9999904632568339E+00
+2.372577E-06
+2.410513E-06
+2.449056E-06
+2.488215E-06
+2.528001E-06
+2.568422E-06
+2.609490E-06
+2.651214E-06
+2.693606E-06
+2.736675E-06
+2.780434E-06
+2.824891E-06
+2.870060E-06
+2.915951E-06
+2.962576E-06
+3.009946E-06
+3.058074E-06
+3.106971E-06
+3.156650E-06
+3.207123E-06
+3.258403E-06
+3.310504E-06
+3.363437E-06
+3.417217E-06
+3.471857E-06
+3.527370E-06
+3.583771E-06
+3.641074E-06
+3.699293E-06
+3.758443E-06
+3.818539E-06
+3.879596E-06
+3.941629E-06
+4.004654E-06
+4.068687E-06
+4.133743E-06
+4.199840E-06
+4.266994E-06
+4.335221E-06
+4.404539E-06
+4.474966E-06
+4.546519E-06
+4.619215E-06
+4.693074E-06
+5.843753E-06
+5.709582E-06
+5.596818E-06
+6.244540E-06
+6.137050E-06
+5.966662E-06
+6.241116E-06
+6.199031E-06
+6.448462E-06
+6.742543E-06
+7.050034E-06
+7.075738E-06
+7.101534E-06
+7.083097E-06
+7.064709E-06
+7.507637E-06
+7.978333E-06
+8.075787E-06
+8.174433E-06
+8.274283E-06
+8.330518E-06
+8.387136E-06
+8.444136E-06
+8.804549E-06
+9.180345E-06
+9.572179E-06
+9.635889E-06
+9.700023E-06
+9.764582E-06
+9.829575E-06
+1.013971E-05
+1.045962E-05
+1.078963E-05
+1.113006E-05
+1.130049E-05
+1.147353E-05
+1.164921E-05
+1.182759E-05
+1.219921E-05
+1.258251E-05
+1.297785E-05
+1.338561E-05
+1.380619E-05
+1.400551E-05
+1.420771E-05
+1.441283E-05
+1.462091E-05
+1.483200E-05
+1.504613E-05
+1.548581E-05
+1.593833E-05
+1.640408E-05
+1.688344E-05
+1.737681E-05
+1.788461E-05
+1.814780E-05
+1.841487E-05
+1.868587E-05
+1.896086E-05
+1.923990E-05
+1.952304E-05
+1.981035E-05
+2.033233E-05
+2.086806E-05
+2.141791E-05
+2.198225E-05
+2.256146E-05
+2.315592E-05
+2.376605E-05
+2.408910E-05
+2.441654E-05
+2.474843E-05
+2.508484E-05
+2.542582E-05
+2.577143E-05
+2.612174E-05
+2.647682E-05
+2.689195E-05
+2.731358E-05
+2.774183E-05
+2.817679E-05
+2.861857E-05
+2.906728E-05
+2.952302E-05
+2.998591E-05
+3.045605E-05
+3.054277E-05
+3.062974E-05
+3.071695E-05
+3.080442E-05
+3.089213E-05
+3.098010E-05
+3.106831E-05
+3.115678E-05
+3.124549E-05
+3.133443E-05
+3.097797E-05
+3.062558E-05
+3.027718E-05
+2.993276E-05
+2.959225E-05
+2.925561E-05
+2.892281E-05
+2.859379E-05
+2.826851E-05
+2.794694E-05
+2.762900E-05
+2.724823E-05
+2.687271E-05
+2.650236E-05
+2.613712E-05
+2.577691E-05
+2.542166E-05
+2.507132E-05
+2.472580E-05
+2.438504E-05
+2.404898E-05
+2.371754E-05
+2.339068E-05
+2.260523E-05
+2.184616E-05
+2.111257E-05
+2.040362E-05
+1.971848E-05
+1.905634E-05
+1.841644E-05
+1.779802E-05
+1.720037E-05
+1.662279E-05
+1.606460E-05
+1.552516E-05
+1.500384E-05
+1.455556E-05
+1.412067E-05
+1.369877E-05
+1.328948E-05
+1.289242E-05
+1.250722E-05
+1.213353E-05
+1.177101E-05
+1.141931E-05
+1.107813E-05
+1.074714E-05
+1.042603E-05
+1.011453E-05
+9.812320E-06
+9.592302E-06
+9.377218E-06
+9.166955E-06
+8.961407E-06
+8.760469E-06
+8.564037E-06
+8.372008E-06
+8.184284E-06
+8.000770E-06
+7.821372E-06
+7.645996E-06
+7.474553E-06
+7.306953E-06
+6.775623E-06
+6.558536E-06
+6.209906E-06
+6.112642E-06
+5.757006E-06
+5.774329E-06
+5.527410E-06
+5.523149E-06
+5.351269E-06
+5.184737E-06
+4.982110E-06
+4.787402E-06
+4.736456E-06
+4.686053E-06
+4.593616E-06
+4.503002E-06
+4.313486E-06
+4.131946E-06
+3.958046E-06
+3.776266E-06
+3.602834E-06
+3.437367E-06
+3.394747E-06
+3.352654E-06
+3.311085E-06
+3.195204E-06
+3.083378E-06
+2.975466E-06
+2.871332E-06
+2.792774E-06
+2.716366E-06
+2.642048E-06
+2.569764E-06
+2.463644E-06
+2.361906E-06
+2.264370E-06
+2.170862E-06
+2.135603E-06
+2.100917E-06
+2.066794E-06
+2.033226E-06
+2.000202E-06
+1.926352E-06
+1.855229E-06
+1.786731E-06
+1.720763E-06
+1.657230E-06
+1.596043E-06
+1.552627E-06
+1.510392E-06
+1.469306E-06
+1.429338E-06
+1.390456E-06
+1.352633E-06
+1.328220E-06
+1.304249E-06
+1.280710E-06
+1.257596E-06
+1.234899E-06
+1.212611E-06
+1.190726E-06
+1.169236E-06
+1.120944E-06
+1.078141E-06
+1.122150E-06
+1.018404E-06
+1.006316E-06
+9.447638E-07
+9.437325E-07
+9.575403E-07
+9.678190E-07
+9.782077E-07
+9.595533E-07
+9.412547E-07
+9.613018E-07
+9.817756E-07
+9.437557E-07
+9.072081E-07
+8.962404E-07
+8.854054E-07
+8.747013E-07
+9.234996E-07
+9.750202E-07
+1.029415E-06
+1.028643E-06
+1.027872E-06
+1.027101E-06
+1.031731E-06
+1.036381E-06
+1.041053E-06
+1.045745E-06
+1.097635E-06
+1.152101E-06
+1.209269E-06
+1.355367E-06
+1.222420E-06
+1.306814E-06
+1.316885E-06
+1.401021E-06
+1.473225E-06
+1.529007E-06
+1.704742E-06
+1.683011E-06
+1.782671E-06
+1.888232E-06
+1.923815E-06
+1.960069E-06
+2.009225E-06
+2.059614E-06
+2.059896E-06
+2.060178E-06
+2.154981E-06
+2.254147E-06
+2.357876E-06
+2.471434E-06
+2.590460E-06
+2.715218E-06
+2.761221E-06
+2.808004E-06
+2.855580E-06
+3.002971E-06
+3.157971E-06
+3.320970E-06
+3.492382E-06
+3.500872E-06
+3.509383E-06
+3.517915E-06
+3.526469E-06
+3.676428E-06
+3.832763E-06
+3.995746E-06
+4.165658E-06
+4.313668E-06
+4.466937E-06
+4.625652E-06
+4.790006E-06
+4.960202E-06
+5.113619E-06
+5.271781E-06
+5.434836E-06
+5.602933E-06
+5.776229E-06
+5.954881E-06
+6.081891E-06
+6.211610E-06
+6.344095E-06
+6.479406E-06
+6.617603E-06
+6.758753E-06
+6.861263E-06
+6.965327E-06
+7.070970E-06
+7.178216E-06
+7.287088E-06
+7.397612E-06
+7.509806E-06
+7.651224E-06
+7.795306E-06
+7.942102E-06
+8.091661E-06
+8.244038E-06
+8.399284E-06
+8.557446E-06
+8.691355E-06
+8.827359E-06
+8.965491E-06
+9.105784E-06
+9.248273E-06
+9.392992E-06
+9.539975E-06
+9.689262E-06
+9.893148E-06
+1.010133E-05
+1.031388E-05
+1.053092E-05
+1.075251E-05
+1.097877E-05
+1.120980E-05
+1.144568E-05
+1.168653E-05
+1.197940E-05
+1.227961E-05
+1.258734E-05
+1.290278E-05
+1.322613E-05
+1.355758E-05
+1.389734E-05
+1.424561E-05
+1.460261E-05
+1.496858E-05
+1.531810E-05
+1.567577E-05
+1.604180E-05
+1.641638E-05
+1.679970E-05
+1.719197E-05
+1.759341E-05
+1.800422E-05
+1.842461E-05
+1.885483E-05
+1.929509E-05
+1.975082E-05
+2.021732E-05
+2.069483E-05
+2.118362E-05
+2.168395E-05
+2.219611E-05
+2.272035E-05
+2.325698E-05
+2.380629E-05
+2.436857E-05
+2.494413E-05
+2.553328E-05
+2.607565E-05
+2.662953E-05
+2.719518E-05
+2.777284E-05
+2.836277E-05
+2.896524E-05
+2.958050E-05
+3.020884E-05
+3.085052E-05
+3.150583E-05
+3.217506E-05
+3.285850E-05
+3.355644E-05
+3.439514E-05
+3.525480E-05
+3.613595E-05
+3.703912E-05
+3.796486E-05
+3.891374E-05
+3.988634E-05
+4.088325E-05
+4.190507E-05
+4.318816E-05
+4.272944E-05
+4.533176E-05
+4.515130E-05
+4.571495E-05
+4.836173E-05
+4.876144E-05
+4.948949E-05
+5.131565E-05
+5.320917E-05
+5.371934E-05
+5.423439E-05
+5.559700E-05
+5.699384E-05
+5.866267E-05
+6.038038E-05
+6.154630E-05
+6.273475E-05
+6.394616E-05
+6.521893E-05
+6.651702E-05
+6.784097E-05
+6.968612E-05
+7.158146E-05
+7.352838E-05
+7.501759E-05
+7.653698E-05
+7.808713E-05
+7.966872E-05
+8.158067E-05
+8.353850E-05
+8.554332E-05
+8.759629E-05
+8.939872E-05
+9.123822E-05
+9.311558E-05
+9.503160E-05
+9.713588E-05
+9.928675E-05
+1.014852E-04
+1.037324E-04
+1.060294E-04
+1.086058E-04
+1.112448E-04
+1.139480E-04
+1.167168E-04
+1.195529E-04
+1.224580E-04
+1.253356E-04
+1.282808E-04
+1.312952E-04
+1.343805E-04
+1.375383E-04
+1.407702E-04
+1.442395E-04
+1.477944E-04
+1.514368E-04
+1.551690E-04
+1.589932E-04
+1.629117E-04
+1.669267E-04
+1.709009E-04
+1.749697E-04
+1.791354E-04
+1.834003E-04
+1.877666E-04
+1.922370E-04
+1.968138E-04
+2.017490E-04
+2.068079E-04
+2.119937E-04
+2.173096E-04
+2.227587E-04
+2.283445E-04
+2.340703E-04
+2.399399E-04
+2.460673E-04
+2.523512E-04
+2.587956E-04
+2.654046E-04
+2.721824E-04
+2.791333E-04
+2.862616E-04
+2.935720E-04
+3.010689E-04
+3.088494E-04
+3.168309E-04
+3.250187E-04
+3.334180E-04
+3.420344E-04
+3.508735E-04
+3.599410E-04
+3.692429E-04
+3.787851E-04
+3.885742E-04
+3.993054E-04
+4.103330E-04
+4.216652E-04
+4.333103E-04
+4.452771E-04
+4.575743E-04
+4.702111E-04
+4.831969E-04
+4.965414E-04
+5.102544E-04
+5.243463E-04
+5.394152E-04
+5.549171E-04
+5.708646E-04
+5.872705E-04
+6.041478E-04
+6.215101E-04
+6.393713E-04
+6.577459E-04
+6.766485E-04
+6.960944E-04
+7.160990E-04
+7.366779E-04
+7.603079E-04
+7.846958E-04
+8.098660E-04
+8.358435E-04
+8.626543E-04
+8.903251E-04
+9.188835E-04
+9.483579E-04
+9.787776E-04
+1.010173E-03
+1.042576E-03
+1.076018E-03
+1.110533E-03
+1.145904E-03
+1.182401E-03
+1.220061E-03
+1.258920E-03
+1.299016E-03
+1.340390E-03
+1.383082E-03
+1.427133E-03
+1.472587E-03
+1.519490E-03
+1.567886E-03
+1.617823E-03
+1.669351E-03
+1.722518E-03
+1.769792E-03
+1.818364E-03
+1.868268E-03
+1.919543E-03
+1.972224E-03
+2.026352E-03
+2.081965E-03
+2.139104E-03
+2.197811E-03
+2.258129E-03
+2.320103E-03
+2.383778E-03
+2.449201E-03
+2.516419E-03
+2.585481E-03
+2.656437E-03
+2.687695E-03
+2.719320E-03
+2.751317E-03
+2.783691E-03
+2.816446E-03
+2.849586E-03
+2.883116E-03
+2.917041E-03
+2.951364E-03
+2.986092E-03
+3.021229E-03
+3.056779E-03
+3.092747E-03
+3.129138E-03
+3.165958E-03
+3.203210E-03
+3.240895E-03
+3.226920E-03
+3.213005E-03
+3.199149E-03
+3.185354E-03
+3.171618E-03
+3.157941E-03
+3.144323E-03
+3.130764E-03
+3.117263E-03
+3.103820E-03
+3.090436E-03
+3.077109E-03
+3.063839E-03
+3.050627E-03
+3.037472E-03
+3.024374E-03
+3.011332E-03
+2.998346E-03
+2.985419E-03
+2.948955E-03
+2.912936E-03
+2.877357E-03
+2.842213E-03
+2.807498E-03
+2.773207E-03
+2.739335E-03
+2.705877E-03
+2.672827E-03
+2.640181E-03
+2.607933E-03
+2.576080E-03
+2.544615E-03
+2.513535E-03
+2.482835E-03
+2.452509E-03
+2.422554E-03
+2.392965E-03
+2.363737E-03
+2.334866E-03
+2.306349E-03
+2.274148E-03
+2.242397E-03
+2.211089E-03
+2.180218E-03
+2.149778E-03
+2.119764E-03
+2.090168E-03
+2.060986E-03
+2.032211E-03
+2.003837E-03
+1.975860E-03
+1.948274E-03
+1.921073E-03
+1.894251E-03
+1.867804E-03
+1.841726E-03
+1.816012E-03
+1.790657E-03
+1.765656E-03
+1.741005E-03
+1.716697E-03
+1.692729E-03
+1.669093E-03
+1.650513E-03
+1.632140E-03
+1.613972E-03
+1.596006E-03
+1.578240E-03
+1.560671E-03
+1.543298E-03
+1.526119E-03
+1.509131E-03
+1.492331E-03
+1.475719E-03
+1.459292E-03
+1.443048E-03
+1.426985E-03
+1.411100E-03
+1.395392E-03
+1.379859E-03
+1.364499E-03
+1.349310E-03
+1.334290E-03
+1.319437E-03
+1.304749E-03
+1.290225E-03
+1.275863E-03
+1.261660E-03
+1.252827E-03
+1.244056E-03
+1.235346E-03
+1.226697E-03
+1.218109E-03
+1.209581E-03
+1.201112E-03
+1.192703E-03
+1.184353E-03
+1.176061E-03
+1.167828E-03
+1.159651E-03
+1.151533E-03
+1.143471E-03
+1.135465E-03
+1.127515E-03
+1.119622E-03
+1.112465E-03
+1.105981E-03
+1.097466E-03
+1.091028E-03
+1.081000E-03
+1.076068E-03
+1.070304E-03
+1.062814E-03
+1.055962E-03
+1.049154E-03
+1.041811E-03
+1.034521E-03
+1.031778E-03
+1.029043E-03
+1.023794E-03
+1.018572E-03
+1.011082E-03
+1.003646E-03
+9.962651E-04
+9.929607E-04
+9.896674E-04
+9.863852E-04
+9.819441E-04
+9.775231E-04
+9.731222E-04
+9.700597E-04
+9.670068E-04
+9.639634E-04
+9.609298E-04
+9.611165E-04
+9.613032E-04
+9.614901E-04
+9.616768E-04
+9.612698E-04
+9.608631E-04
+9.604564E-04
+9.600498E-04
+9.599446E-04
+9.598393E-04
+9.597341E-04
+9.659344E-04
+9.351034E-04
+8.742138E-04
+7.690478E-04
+7.261917E-04
+6.647871E-04
+6.248445E-04
+5.888797E-04
+5.526153E-04
+5.208016E-04
+4.911226E-04
+4.644076E-04
+4.412736E-04
+4.183908E-04
+3.966947E-04
+3.802712E-04
+3.645276E-04
+3.494163E-04
+3.349314E-04
+3.233707E-04
+3.122091E-04
+3.001688E-04
+2.885928E-04
+2.774633E-04
+2.691341E-04
+2.610548E-04
+2.532181E-04
+2.465555E-04
+2.400682E-04
+2.337515E-04
+2.271673E-04
+2.207684E-04
+2.145499E-04
+2.085065E-04
+2.020274E-04
+1.957496E-04
+1.896669E-04
+1.837733E-04
+1.797021E-04
+1.757212E-04
