Hz,real,imaginary,V^2 (rms) 
9.99999046326,1.063359,-0.07280932,1.06584875098
10.0288142103,1.069451,-0.07442589,1.07203761804
10.0577210382,1.075576,-0.0760587,1.07826186876
10.0867111865,1.081735,-0.07770784,1.08452253025
10.1157848954,1.087927,-0.07937349,1.09081864132
10.1449424057,1.094154,-0.08105575,1.09715222751
10.1741839589,1.100415,-0.08275478,1.10352232684
10.2035097974,1.10671,-0.08447067,1.10992896989
10.2329201639,1.11304,-0.08620362,1.11637319284
10.2624153023,1.119405,-0.08795373,1.12285502744
10.2919954567,1.125804,-0.08972113,1.1293735111
10.3216608724,1.132239,-0.09150599,1.13593067541
10.3514117949,1.13871,-0.09330843,1.14252655427
10.3812484709,1.145215,-0.09512861,1.14915919205
10.4111711474,1.151757,-0.09696667,1.15583161496
10.4411800723,1.158334,-0.0988227,1.1625418623
10.4712754943,1.164948,-0.1006969,1.16929196883
10.5014576627,1.171597,-0.1025895,1.17607998704
10.5317268275,1.178283,-0.1045005,1.18290793496
10.5620832394,1.185007,-0.10643,1.1897768425
10.5925271499,1.191766,-0.1083784,1.19668378294
10.6230588113,1.198563,-0.1103456,1.20363176113
10.6536784765,1.205397,-0.1123319,1.21061983437
10.6843863991,1.212269,-0.1143374,1.21764903375
10.7151828336,1.219178,-0.1163622,1.22471839917
10.746068035,1.226125,-0.1184065,1.23182897144
10.7770422591,1.23311,-0.1204706,1.23898080597
10.8081057627,1.240133,-0.1225544,1.2461739199
10.8392588031,1.247195,-0.1246582,1.25340936443
10.8705016382,1.254296,-0.1267822,1.26068718636
10.901834527,1.261435,-0.1289265,1.26800642807
10.9332577291,1.268613,-0.1310912,1.27536812195
10.9647715046,1.27583,-0.1332766,1.28277232626
10.9963761147,1.283087,-0.1354827,1.29022006323
11.0280718213,1.290384,-0.1377098,1.29771139182
11.0598588868,1.29772,-0.1399581,1.30524536703
11.0917375747,1.305096,-0.1422275,1.31282300063
11.123708149,1.312514,-0.1445185,1.3204463628
11.1557708745,1.31997,-0.1468311,1.32811150617
11.1879260169,1.327468,-0.1491654,1.33582244613
11.2201738426,1.335006,-0.1515218,1.34357726831
11.2525146187,1.342587,-0.1539004,1.3513789941
11.2849486131,1.350208,-0.1563012,1.35922467178
11.3174760945,1.357871,-0.1587245,1.36711635187
11.3500973324,1.365576,-0.1611706,1.3750540986
11.382812597,1.373323,-0.1636393,1.38303791808
11.4156221594,1.381111,-0.1661312,1.39106691785
11.4485262913,1.388942,-0.1686464,1.3991431262
11.4815252653,1.396816,-0.1711849,1.40726657313
11.5146193549,1.404733,-0.1737469,1.41543731283
11.547808834,1.412693,-0.1763327,1.42365541243
11.5810939778,1.420696,-0.1789425,1.43192092754
11.614475062,1.428743,-0.1815764,1.44023489372
11.647952363,1.436834,-0.1842346,1.4485973669
11.6815261582,1.444968,-0.1869175,1.45700743747
11.7151967258,1.453147,-0.1896249,1.46546709493
11.7489643447,1.46137,-0.1923572,1.47397543036
11.7828292946,1.469638,-0.1951146,1.4825334931
11.8167918561,1.47795,-0.1978974,1.49114036342
11.8508523105,1.486308,-0.2007056,1.49979805598
11.8850109399,1.494711,-0.2035395,1.50850565182
11.9192680275,1.50316,-0.2063993,1.51726420133
11.9536238569,1.511654,-0.2092852,1.52607277371
11.9880787127,1.520195,-0.2121974,1.53493341047
12.0226328805,1.528782,-0.2151361,1.5438451817
12.0572866464,1.537416,-0.2181015,1.55280913874
12.0920402976,1.546096,-0.2210937,1.56182433884
12.1268941218,1.554823,-0.2241131,1.57089186226
12.161848408,1.563598,-0.2271599,1.58001276127
12.1969034456,1.57242,-0.2302342,1.58918609459
12.2320595251,1.58129,-0.2333362,1.59841291484
12.2673169376,1.590208,-0.2364662,1.60769330004
12.3026759754,1.599174,-0.2396244,1.61702731435
12.3381369312,1.608188,-0.242811,1.62641502239
12.3737000989,1.617252,-0.2460262,1.63585846655
12.409365773,1.626364,-0.2492702,1.64535573452
12.4451342491,1.635526,-0.2525434,1.65490889947
12.4810058234,1.644737,-0.2558457,1.66451699342
12.5169807932,1.653998,-0.2591776,1.67418111695
12.5530594564,1.663309,-0.2625392,1.68390132164
12.5892421119,1.672671,-0.2659308,1.69367867809
12.6255290595,1.682082,-0.2693526,1.70351127905
12.6619205997,1.727661,-0.2669628,1.74816522889
12.6984170342,1.747517,-0.2796947,1.76975839891
12.7350186651,1.735816,-0.2707555,1.75680554605
12.7717257957,1.760367,-0.3108609,1.78760355612
12.8085387302,1.78918,-0.2984151,1.81389543368
12.8454577734,1.804917,-0.3125268,1.83177465252
12.8824832312,1.823551,-0.3542406,1.85763953777
12.9196154104,1.819422,-0.3808762,1.8588606978
12.9568546185,1.849263,-0.3829102,1.88848983699
12.9942011641,1.879585,-0.3849103,1.91859211696
13.0316553566,1.893793,-0.4084503,1.93733930286
13.0692175061,1.907891,-0.4323687,1.95626960326
13.1068879239,1.911529,-0.465123,1.96730336323
13.1446669222,1.914665,-0.4981158,1.97839869906
13.1825548137,1.966392,-0.5401899,2.03924069833
13.2205519124,2.019116,-0.584278,2.10195390119
13.2586585332,2.026221,-0.5908543,2.11061136751
13.2968749915,2.033341,-0.5974726,2.11930392583
13.3352016042,2.040475,-0.6041323,2.12803055935
13.3736386886,2.042362,-0.63104,2.13762812964
13.4121865632,2.043937,-0.6580895,2.14726808992
13.4508455473,2.045198,-0.6852778,2.15695167363
13.4896159612,2.092155,-0.7197515,2.21249966458
13.5284981261,2.140035,-0.7554988,2.26947752534
13.567492364,2.188854,-0.7925607,2.32792489065
13.6065989981,2.206131,-0.8285555,2.35659037716
13.6458183522,2.223188,-0.8651983,2.38560956187
13.6851507513,2.240013,-0.9024946,2.41498545403
13.7245965213,2.256597,-0.9404498,2.44472408397
13.7641559888,2.273731,-0.9907841,2.48022293215
13.8038294817,2.290291,-1.042122,2.51623749427
13.8436173285,2.306252,-1.094468,2.55277466505
13.8835198589,2.321588,-1.14783,2.58984257256
13.9235374035,2.327347,-1.16456,2.60244962526
13.9636702938,2.333054,-1.181398,2.61511800906
14.0039188621,2.338707,-1.198346,2.62784770631
14.0442834421,2.344306,-1.215401,2.64063822067
14.084764368,2.369049,-1.262171,2.68430042984
14.1253619752,2.393665,-1.309994,2.7286840074
14.1660766001,2.41814,-1.358885,2.7738005521
14.2069085798,2.442461,-1.40886,2.81966349697
14.2478582528,2.466614,-1.459937,2.86628691323
14.2889259581,2.486027,-1.488237,2.89744363412
14.3301120361,2.505509,-1.516942,2.92893980485
14.3714168279,2.525058,-1.546057,2.96077863925
14.4128406757,2.544672,-1.575587,2.99296341143
14.4543839227,2.564349,-1.605536,3.02549692466
14.496046913,2.58409,-1.63591,3.05838562909
14.5378299917,2.599701,-1.669649,3.08968818372
14.5797335051,2.61525,-1.703835,3.1213116265
14.6217578002,2.630733,-1.738473,3.15325934376
14.6639032251,2.646146,-1.773566,3.18553370876
14.7061701291,2.661485,-1.809119,3.21813827568
14.7485588623,2.676746,-1.845137,3.25107669815
14.7910697758,2.686833,-1.895691,3.28826944416
14.8337032218,2.696476,-1.946932,3.32588740507
14.8764595535,2.705665,-1.998862,3.36393703676
14.9193391251,2.714385,-2.051485,3.40242217155
14.9623422917,2.72262,-2.104802,3.44134437736
15.0054694098,2.730363,-2.158817,3.48071443116
15.0487208364,2.737599,-2.213532,3.52053578306
15.09209693,2.750172,-2.254109,3.55590402197
15.1355980499,2.7626,-2.295177,3.59162863076
15.1792245564,2.774876,-2.33674,3.62771148839
15.222976811,2.786995,-2.378803,3.66415677105
15.2668551761,2.798954,-2.421368,3.70096831728
15.3108600152,2.810747,-2.46444,3.73814970428
15.3549916929,2.822369,-2.508024,3.77570538532
15.3992505747,2.839045,-2.55805,3.82149137308
15.4436370273,2.855575,-2.608797,3.86783277403
15.4881514185,2.871952,-2.660274,3.914737034
15.5327941169,2.888167,-2.712488,3.96220895083
15.5775654924,2.904214,-2.765446,4.01025566974
15.6224659159,2.920087,-2.819158,4.05888653654
15.6674957594,2.935778,-2.873631,4.10810754356
15.7126553959,2.951281,-2.928874,4.15792766277
15.7579451995,2.944082,-3.003878,4.20605538024
15.8033655454,2.935748,-3.079641,4.25473912342
15.8489168099,2.926257,-3.156157,4.30398734184
15.8945993703,2.915582,-3.233419,4.35380486796
15.9404136051,2.903702,-3.311417,4.40419888887
15.9863598939,2.890592,-3.390145,4.45517735129
16.0324386172,2.876227,-3.469592,4.50674498968
16.0786501567,2.860584,-3.54975,4.55891060272
16.1249948954,2.843636,-3.630608,4.61167866944
16.1714732171,2.837576,-3.667665,4.63719787242
16.2180855068,2.831262,-3.704891,4.66285983432
16.2648321508,2.824688,-3.742284,4.68866205159
16.3117135362,2.817856,-3.779845,4.71460927976
16.3587300515,2.810761,-3.81757,4.74069806084
16.4058820861,2.99414,-4.390361,5.31414565569
16.4531700307,2.897383,-4.393657,5.26298870247
16.500594277,2.912818,-4.345107,5.23110538439
16.5481552179,2.860894,-4.636367,5.4479916885
16.5958532473,2.946742,-4.483642,5.36528974043
16.6436887605,2.850982,-4.48105,5.31111169783
16.6916621537,2.862138,-5.014356,5.77369898988
16.7397738243,2.736133,-5.093911,5.78224463938
16.7880241709,2.649627,-5.055467,5.70773771535
16.8364135932,2.564627,-5.016648,5.63418750176
16.8849424921,2.529793,-5.286923,5.86100737338
16.9336112696,2.486183,-5.567027,6.09695789129
16.9824203289,2.358714,-5.523744,6.00627001652
17.0313700743,2.233858,-5.479047,5.91693143381
17.0804609114,2.22985,-5.782949,6.19796177458
17.1296932468,2.219571,-6.101144,6.49233806365
17.1790674883,2.057035,-6.237638,6.56806827083
17.2285840451,1.888487,-6.370667,6.64468066758
17.2782433272,1.713966,-6.50001,6.72218784692
17.3280457462,1.530285,-6.462037,6.64076007477
17.3779917145,1.349837,-6.419946,6.56031756621
17.428081646,1.172682,-6.373864,6.48084295162
17.4783159555,1.015853,-6.284902,6.36647080157
17.5286950593,0.8637246,-6.194188,6.25411745684
17.5792193747,0.7162491,-6.101851,6.14374465611
17.6298893203,0.5675612,-6.285943,6.31151369443
17.6807053157,0.4098004,-6.470899,6.48386229311
17.731667782,0.2426979,-6.656495,6.66091795143
17.7827771414,0.06598423,-6.842488,6.84280614578
17.8340338172,-0.1524296,-6.838302,6.84000065981
17.8854382342,-0.370509,-6.827149,6.83719535974
17.936990818,-0.5880319,-6.809049,6.8343931552
17.9886919959,-0.8047756,-6.78402,6.83158774567
18.0405421961,-0.9168366,-6.687245,6.74980259275
18.0925418481,-1.0258,-6.589629,6.66899362705
18.1446913828,-1.131688,-6.491241,6.58915225575
18.1969912321,-1.234526,-6.392144,6.51026569054
18.2494418293,-1.387885,-6.318473,6.46910548878
18.3020436089,-1.538364,-6.241414,6.42820445505
18.3547970067,-1.685895,-6.161065,6.38756321967
18.4077024597,-1.830415,-6.077521,6.3471789464
18.4607604062,-1.971864,-5.99088,6.30705088047
18.5139712857,-2.02867,-5.985881,6.32030642573
18.5673355391,-3.045642,-5.803205,6.55386324729
18.6208536084,-2.366081,-5.551784,6.03495193694
18.6745259369,-2.544893,-5.287322,5.86790033258
18.7283529694,-2.625001,-5.22379,5.84624770379
18.7823351517,-2.99583,-5.027553,5.85245987229
18.836472931,-3.520556,-4.986949,6.1044225671
18.8907667559,-2.962674,-5.018388,5.82766294056
18.945217076,-3.090117,-4.776896,5.68924937654
18.9998243425,-2.943306,-4.598931,5.46014803393
19.0545890077,-3.058962,-4.438525,5.39052434306
19.1095115254,-3.217891,-4.266793,5.34418796383
19.1645923506,-3.51171,-3.907836,5.25388326165
19.2198319394,-3.277436,-3.803949,5.02111688061
19.2752307496,-3.635314,-3.696242,5.18437197751
19.3307892401,-3.468891,-4.077106,5.35312974858
19.3865078711,-3.480111,-3.778238,5.13675529464
19.4423871042,-3.47958,-3.49125,4.92912807086
19.4984274024,-3.505045,-3.394534,4.87936486945
19.5546292299,-3.528556,-3.298363,4.83010413189
19.6109930522,-3.479023,-3.187022,4.71812571505
19.6675193364,-3.429544,-3.078754,4.60874150289
19.7242085507,-3.438417,-2.88449,4.48809469887
19.7810611646,-3.440711,-2.69513,4.3706084133
19.8380776493,-3.342268,-2.636839,4.25719101001
19.895258477,-3.24658,-2.57973,4.14672021835
19.9526041214,-3.153569,-2.523778,4.03911535253
20.0101150576,-3.160655,-2.446238,3.99672620799
20.067791762,-3.16642,-2.369409,3.95478376472
20.1256347125,-3.170887,-2.293303,3.91328033964
20.1836443882,-3.137766,-2.266725,3.87086782213
20.2418212696,-3.104991,-2.240453,3.82891613323
20.3001658388,-3.072557,-2.214483,3.78741884079
20.3586785791,-3.042518,-2.097284,3.69533705594
20.4173599752,-3.010818,-1.983574,3.6054945351
20.4762105132,-2.977567,-1.873301,3.51783482786
20.5352306806,-2.942875,-1.766414,3.43230704993
20.5944209665,-2.922259,-1.726174,3.3940056484
20.6537818611,-2.901592,-1.686528,3.35613063352
20.7133138562,-2.88088,-1.647468,3.31867750549
20.773017445,-2.860128,-1.608991,3.28164352337
20.8328931221,-2.821893,-1.559288,3.2240439157
20.8929413835,-2.783959,-1.510745,3.16745610367
20.9531627266,-2.746327,-1.46334,3.11186052813
21.0135576504,-2.709002,-1.417049,3.05724053754
21.0741266551,-2.656221,-1.397369,3.00135804645
21.1348702426,-2.60445,-1.377927,2.9464966689
21.195788916,-2.553669,-1.358722,2.89263734935
21.25688318,-2.503862,-1.339751,2.83976366218
21.3181535408,-2.45501,-1.321015,2.78785844876
21.3796005058,-2.4321,-1.265553,2.74166642862
21.4412245842,-2.408814,-1.211327,2.69623774685
21.5030262865,-2.385178,-1.158322,2.65156254827
21.5650061246,-2.361215,-1.106522,2.60762865698
21.627164612,-2.336944,-1.055912,2.56442145734
21.6895022636,-2.312388,-1.006477,2.52193065211
21.7520195958,-2.286251,-0.9881412,2.49065587068
21.8147171266,-2.260391,-0.9700991,2.45976822825
21.8775953754,-2.234807,-0.9523467,2.42926461388
21.940654863,-2.209495,-0.934879,2.39913878291
22.0038961118,-2.184453,-0.9176918,2.36938666093
22.0673196458,-2.159677,-0.9007813,2.34000249888
22.1309259903,-2.133026,-0.8801643,2.3074854521
22.1947156724,-2.106668,-0.859934,2.27542008134
22.2586892204,-2.080601,-0.8400837,2.2438006026
22.3228471643,-2.054822,-0.8206071,2.21262049712
22.3871900356,-2.029328,-0.8014978,2.18187324448
22.4517183673,-2.004117,-0.78275,2.15155351135
22.5164326941,-1.979188,-0.7643579,2.12165693236
22.581333552,-1.962345,-0.7369081,2.09614680947
22.6464214786,-1.945453,-0.7099444,2.07094384914
22.7116970132,-1.928516,-0.6834618,2.04604349766
22.7771606966,-1.91154,-0.6574549,2.02144307789
22.8428130709,-1.894529,-0.6319179,1.99713804335
22.9086546803,-1.877488,-0.6068458,1.97312518993
22.9746860699,-1.86042,-0.5822314,1.94939887646
23.040907787,-1.834374,-0.5739573,1.92207048625
23.1073203801,-1.808694,-0.5658006,1.89512646137
23.1739243993,-1.783373,-0.5577597,1.86855964317
23.2407203964,-1.758406,-0.549833,1.84236478167
23.3077089248,-1.733789,-0.542019,1.81653761119
23.3748905395,-1.709517,-0.534316,1.79107285199
23.4422657969,-1.685584,-0.5267226,1.76596435933
23.5098352552,-1.66199,-0.5192381,1.74121192409
23.5775994742,-1.644841,-0.5072151,1.72126961077
23.6455590153,-1.627845,-0.4953927,1.70155613226
23.7137144414,-1.610999,-0.4837679,1.68206693062
23.7820663172,-1.594305,-0.4723378,1.66280228239
23.8506152089,-1.57776,-0.4610996,1.64375772507
23.9193616844,-1.561363,-0.4500508,1.62493081094
23.9883063131,-1.545114,-0.4391884,1.60631993192
24.0574496663,-1.529012,-0.4285099,1.58792267776
24.1267923168,-1.513053,-0.4180132,1.56973386795
24.1963348389,-1.496605,-0.4114152,1.55212402624
24.2660778089,-1.480333,-0.4049118,1.53471148972
24.3360218044,-1.464235,-0.3985021,1.51749400623
24.4061674049,-1.448311,-0.3921846,1.50047109709
24.4765151915,-1.432556,-0.385958,1.48363751331
24.5470657469,-1.416971,-0.3798211,1.46699382509
24.6178196557,-1.401552,-0.3737728,1.45053580263
24.688777504,-1.3863,-0.3678117,1.43426397035
24.7599398796,-1.37121,-0.3619367,1.41817313432
24.831307372,-1.356285,-0.3561469,1.4022658862
24.9028805724,-1.344732,-0.3434131,1.38788930001
24.9746600738,-1.333211,-0.3308875,1.37365865781
25.0466464709,-1.321726,-0.3185677,1.35957530081
25.1188403599,-1.310275,-0.3064513,1.34563478511
25.1912423389,-1.298862,-0.2945359,1.33183853805
25.2638530078,-1.287486,-0.2828193,1.31818320299
25.336672968,-1.276149,-0.2712994,1.30466840026
25.4097028229,-1.26485,-0.2599737,1.29129076787
25.4829431773,-1.253593,-0.2488398,1.27805189868
25.5563946381,-1.242376,-0.2378958,1.26494764201
25.6300578138,-1.231202,-0.2271393,1.25197868449
25.7039333145,-1.218706,-0.2268514,1.23963941213
25.7780217523,-1.206335,-0.2265466,1.22742311132
25.8523237409,-1.194085,-0.226225,1.21532577437
25.9268398959,-1.181957,-0.2258873,1.20334842093
26.0015708346,-1.16995,-0.2255338,1.19149003246
26.0765171761,-1.158061,-0.2251646,1.1797475903
26.1516795412,-1.14629,-0.2247803,1.16812111845
26.2270585526,-1.134635,-0.2243811,1.15660860331
26.3026548348,-1.123096,-0.2239673,1.14521001423
26.378469014,-1.111671,-0.2235394,1.13392339935
26.4545017182,-1.10036,-0.2230976,1.1227487113
26.5307535775,-1.089163,-0.2226423,1.1116859423
26.6072252233,-1.079098,-0.2190814,1.1011126888
26.6839172894,-1.069126,-0.2155679,1.09064197764
26.7608304109,-1.059243,-0.2121009,1.08026965376
26.837965225,-1.04945,-0.20868,1.06999656303
26.9153223708,-1.039746,-0.2053047,1.05982157194
26.9929024891,-1.030129,-0.2019742,1.04974250848
27.0707062226,-1.020599,-0.1986882,1.03975926042
27.1487342157,-1.011156,-0.1954461,1.02987165916
27.2269871151,-1.001798,-0.1922474,1.02007759294
27.3054655688,-0.9925248,-0.1890914,1.01037668034
27.384170227,-0.9833356,-0.1859777,1.00076800864
27.4631017418,-0.9742297,-0.1829058,0.991250745289
27.542260767,-0.9652058,-0.1798755,0.981823523783
27.6216479584,-0.9558209,-0.1762747,0.971939485121
27.7012639736,-0.9465238,-0.1727277,0.962154957537
27.7811094723,-0.9373137,-0.1692336,0.952468888509
27.8611851158,-0.9281899,-0.1657918,0.942880380223
27.9414915675,-0.9191515,-0.1624016,0.933388321994
28.0220294928,-0.9101976,-0.1590622,0.923991587903
28.1027995587,-0.901328,-0.1557731,0.914689795651
28.1838024345,-0.8925413,-0.1525334,0.905481314176
28.2650387911,-0.8838373,-0.1493427,0.896365781874
28.3465093015,-0.8752149,-0.1462004,0.887341917269
28.4282146408,-0.8666736,-0.1431056,0.878408983156
28.5101554856,-0.8662492,-0.1463913,0.878531780425
28.5923325149,-0.8548249,-0.1602648,0.869718584244
28.6747464094,-0.8528806,-0.1318969,0.863019182919
28.7573978519,-0.8472053,-0.1366442,0.858154099065
28.840287527,-0.836959,-0.1113978,0.844339882705
28.9234161214,-0.8156444,-0.1391169,0.827423288962
29.0067843239,-0.8227531,-0.1291208,0.832823417389
29.0903928249,-0.8195657,-0.1304118,0.829876601788
29.1742423173,-0.8071801,-0.1268963,0.817093865348
29.2583334955,-0.7949792,-0.1234576,0.804508363804
29.3426670562,-0.7960121,-0.1121486,0.803873479988
29.4272436981,-0.7968852,-0.1008353,0.803239553125
29.5120641217,-0.7908238,-0.1193957,0.799785981263
29.5971290299,-0.7843472,-0.1377265,0.796347360735
29.6824391272,-0.7690614,-0.1283334,0.779695388293
29.7679951205,-0.7540177,-0.1192638,0.76339147618
29.8537977184,-0.7462667,-0.1269484,0.756987373601
29.9398476317,-0.7384926,-0.1344787,0.750636956863
30.0261455734,-0.7306973,-0.1418555,0.744339658427
30.1126922584,-0.7301568,-0.128454,0.74136993647
30.1994884035,-0.7293836,-0.1151175,0.738412130693
30.2865347279,-0.7283803,-0.1018498,0.735466683942
30.3738319527,-0.7193448,-0.1036257,0.726770408718
30.461380801,-0.7104088,-0.1053436,0.718176814704
30.5491819982,-0.7015716,-0.1070047,0.709684941188
30.6372362715,-0.6955415,-0.107405,0.703785345292
30.7255443505,-0.6895608,-0.1077909,0.697934792813
30.8141069667,-0.6836292,-0.1081626,0.692132957698
30.9029248538,-0.6777462,-0.1085201,0.686379285613
30.9919987476,-0.6761345,-0.1025239,0.683863299323
31.0813293859,-0.6744792,-0.09656321,0.681356474071
31.1709175089,-0.6727806,-0.09063821,0.678858616244
31.2607638586,-0.6710392,-0.08474912,0.676369737109
31.3508691795,-0.6602556,-0.09307067,0.666783028388
31.4412342179,-0.6495076,-0.1011202,0.657332044941
31.5318597224,-0.6387988,-0.1089022,0.64801512023
31.6227464439,-0.6281318,-0.1164211,0.638829735295
31.7138951351,-0.6260346,-0.1099479,0.635616127164
31.8053065514,-0.6238872,-0.1035272,0.632418468629
31.8969814498,-0.6216906,-0.0971591,0.629236913127
31.9889205899,-0.6194454,-0.0908439,0.626071256127
32.0811247333,-0.617153,-0.08458169,0.622922055872
32.1735946438,-0.6136962,-0.08270864,0.619244495353
32.2663310875,-0.6102556,-0.08085437,0.615588601648
32.3593348327,-0.6068312,-0.07901867,0.611954292004
32.4526066497,-0.6034233,-0.07720144,0.608341796461
32.5461473114,-0.600031,-0.07540254,0.604750150062
32.6399575925,-0.5966553,-0.07362185,0.601180275637
32.7340382702,-0.5921511,-0.07061206,0.596346366006
32.828390124,-0.587671,-0.06764473,0.591551361876
32.9230139355,-0.5832146,-0.06471942,0.586794574769
33.0179104885,-0.5787824,-0.06183576,0.582076221611
33.1130805691,-0.5743743,-0.05899324,0.577395911716
33.2085249659,-0.5699905,-0.05619156,0.572753578344
33.3042444694,-0.5649148,-0.06000716,0.568092941789
33.4002398727,-0.5598518,-0.06375353,0.563470097299
33.496511971,-0.5548023,-0.06743135,0.558885121513
33.5930615618,-0.5497662,-0.07104127,0.554337204872
33.6898894449,-0.5447441,-0.07458393,0.549826242643
33.7869964226,-0.5397366,-0.07806002,0.545352146876
33.8843832992,-0.5347444,-0.08147012,0.540914922871
33.9820508816,-0.5305411,-0.07977749,0.536505644611
34.0799999788,-0.5263688,-0.07810681,0.532132302517
34.1782314023,-0.5222274,-0.07645772,0.527794695178
34.2767459658,-0.5181166,-0.07483007,0.523492455124
34.3755444854,-0.5140363,-0.07322358,0.519225394589
34.4746277797,-0.5099858,-0.07163803,0.514992741254
34.5739966695,-0.5059668,-0.07007332,0.510796116741
34.6736519779,-0.5021535,-0.06883304,0.506849213236
34.7735945305,-0.498368,-0.0676076,0.502932849396
34.8738251552,-0.49461,-0.06639685,0.49904668498
34.9743446825,-0.4908795,-0.06520067,0.495190681343
35.075153945,-0.4871761,-0.06401886,0.491364393141
35.1762537778,-0.4834997,-0.06285129,0.487567682025
35.2776450185,-0.4798501,-0.06169785,0.483800313316
35.379328507,-0.4762272,-0.06055845,0.480062154191
35.4813050857,-0.4726223,-0.0596767,0.47637500667
35.5835755994,-0.4690444,-0.05880489,0.472716261894
35.6861408954,-0.4654931,-0.05794289,0.469085498229
35.7890018232,-0.4619685,-0.05709063,0.465482797777
35.892159235,-0.45847,-0.056248,0.461907543134
35.9956139855,-0.4549978,-0.05541489,0.458359911029
36.0993669316,-0.4515515,-0.05459123,0.454839487671
36.2034189328,-0.448131,-0.0537769,0.451346151124
36.3077708512,-0.4447362,-0.05297171,0.447879771424
36.4124235512,-0.442679,-0.05032519,0.445530382566
36.5173778998,-0.4406185,-0.04770356,0.443193289862
36.6226347664,-0.4385548,-0.04510667,0.440868375234
36.728195023,-0.4364882,-0.04253445,0.438555729841
36.8340595442,-0.4344187,-0.03998675,0.436255139896
36.9402292068,-0.4323466,-0.03746346,0.433966696149
37.0467048905,-0.430272,-0.03496449,0.43169029355
37.1534874774,-0.4281949,-0.03248971,0.429425725408
37.2605778519,-0.4261157,-0.03003899,0.427173185847
37.3679769013,-0.4240344,-0.02761227,0.424932476798
37.4756855153,-0.4203691,-0.02905641,0.421372110132
37.5837045862,-0.4167287,-0.03047395,0.417841442454
37.6920350088,-0.4131133,-0.03186522,0.414340428733
37.8006776806,-0.4095227,-0.03323054,0.410868726729
37.9096335016,-0.4059569,-0.03457019,0.407426192941
38.0189033744,-0.4024156,-0.03588455,0.404012395914
38.1284882042,-0.3988988,-0.03717386,0.400627193921
38.2383888988,-0.3954065,-0.03843848,0.397270458236
38.3486063687,-0.3919384,-0.03967869,0.393941756907
38.459141527,-0.3884944,-0.04089478,0.390640860462
38.5699952893,-0.3850759,-0.04208726,0.387369056863
38.681168574,-0.3830962,-0.04144483,0.385331509727
38.7926623021,-0.381126,-0.04080795,0.383304469918
38.9044773972,-0.3791656,-0.04017656,0.381288221949
39.0166147856,-0.3772148,-0.03955065,0.379282558595
39.1290753963,-0.3752736,-0.03893017,0.377287467315
39.2418601609,-0.3733419,-0.03831507,0.375302836233
39.3549700137,-0.3714197,-0.03770531,0.373328654071
39.4684058919,-0.369507,-0.03710086,0.37136491065
39.582168735,-0.3676036,-0.03650168,0.369411395839
39.6962594857,-0.3657096,-0.03590774,0.367468199065
39.8106790889,-0.3638249,-0.03531899,0.365535208858
39.9254284926,-0.3619502,-0.03473554,0.363613125477
40.0405086474,-0.3593593,-0.03471456,0.361032141467
40.1559205067,-0.3567868,-0.03469212,0.358469474076
40.2716650265,-0.3542325,-0.03466823,0.355924922178
40.3877431656,-0.3516964,-0.03464293,0.353398486658
40.5041558858,-0.3491784,-0.03461622,0.350890064997
40.6209041514,-0.3466782,-0.03458815,0.348399360613
40.7379889296,-0.3441959,-0.03455871,0.345926469085
40.8554111903,-0.341731,-0.03452794,0.343470893966
40.9731719063,-0.3392839,-0.03449584,0.341033030331
41.0912720531,-0.3368539,-0.03446244,0.338612181878
41.2097126091,-0.3344414,-0.03442777,0.336208746735
41.3284945554,-0.332046,-0.03439184,0.333822325159
41.4476188762,-0.3296672,-0.03435457,0.331452408704
41.5670865583,-0.3271387,-0.03416838,0.32891823791
41.6868985913,-0.3246298,-0.03398303,0.326403666303
41.8070559678,-0.3221402,-0.03379851,0.323908394047
41.9275596832,-0.3196695,-0.03361481,0.321432021867
42.0484107358,-0.3172179,-0.03343195,0.318974750351
42.1696101267,-0.3147848,-0.03324992,0.316535981353
42.2911588601,-0.3123706,-0.03306874,0.314116114374
42.4130579428,-0.3099748,-0.03288836,0.311714646526
42.5353083846,-0.3075975,-0.0327088,0.309331678953
42.6579111984,-0.3052383,-0.03253008,0.30696681562
42.7808673997,-0.3028972,-0.03235216,0.304620051908
42.9041780072,-0.300574,-0.03217507,0.302291191743
43.0278440425,-0.2982686,-0.03199879,0.299980133188
43.1518665299,-0.2959821,-0.03182348,0.297687986657
43.276246497,-0.2943291,-0.03142419,0.296001856116
43.400984974,-0.2926852,-0.03102839,0.294325308604
43.5260829945,-0.2910504,-0.03063605,0.292658338169
43.6515415946,-0.2894246,-0.03024715,0.291000840494
43.7773618138,-0.2878075,-0.02986165,0.289352510266
43.9035446944,-0.2861995,-0.02947952,0.287713739505
44.0300912816,-0.2846002,-0.02910076,0.286084127614
44.1570026239,-0.2830098,-0.02872532,0.284463865728
44.2842797726,-0.281428,-0.0283532,0.282852652691
44.411923782,-0.279855,-0.02798434,0.281250678773
44.5399357097,-0.2782906,-0.02761874,0.279657742334
44.668316616,-0.2767348,-0.02725637,0.278073837742
44.7970675646,-0.2751874,-0.0268972,0.276498760371
44.926189622,-0.2736487,-0.02654121,0.274932804227
45.055683858,-0.2721184,-0.02618838,0.273375666191
45.1855513452,-0.2705956,-0.02583854,0.271826431549
45.3157931595,-0.2689777,-0.02542902,0.270177049646
45.4464103798,-0.2673692,-0.0250235,0.26853764105
45.5774040883,-0.26577,-0.02462194,0.266908098096
45.7087753702,-0.2641802,-0.02422432,0.265288514172
45.8405253136,-0.2625996,-0.02383059,0.263678681239
45.9726550101,-0.2610283,-0.02344073,0.262078692808
46.1051655543,-0.2594662,-0.02305469,0.260488440575
46.2380580438,-0.2579132,-0.02267247,0.25890782072
46.3713335797,-0.2563692,-0.02229402,0.257336725005
46.504993266,-0.2548342,-0.0219193,0.255775145787
46.6390382099,-0.2533082,-0.02154829,0.254223077216
46.773469522,-0.2517912,-0.02118095,0.252680511794
46.9082883159,-0.2502831,-0.02081726,0.251147344122
47.0434957084,-0.2487836,-0.0204572,0.24962326947
47.1790928196,-0.247293,-0.0201007,0.248108577017
47.3150807729,-0.2458111,-0.01974778,0.246603065062
47.4514606948,-0.2443379,-0.01939841,0.245106727135
47.5882337152,-0.242694,-0.01935428,0.243464506223
47.725400967,-0.2410612,-0.01930986,0.241833357581
47.8629635865,-0.2394393,-0.01926517,0.240213082824
48.0009227135,-0.2378284,-0.01922021,0.238603781024
48.1392794908,-0.2362281,-0.01917498,0.237005052874
48.2780350645,-0.2346387,-0.0191295,0.235417198412
48.4171905841,-0.23306,-0.01908376,0.233840016883
48.5567472025,-0.2314918,-0.01903778,0.232273309992
48.6967060757,-0.2299341,-0.01899155,0.230717076339
48.8370683633,-0.2283869,-0.01894509,0.229171316981
48.9778352279,-0.2268501,-0.01889839,0.227635930851
49.1190078358,-0.2253236,-0.01885146,0.226110818541
49.2605873564,-0.2238074,-0.01880432,0.224595981143
49.4025749626,-0.2223012,-0.01875694,0.223091116631
49.5449718307,-0.2208053,-0.01870937,0.221596527576
49.6877791403,-0.2193194,-0.01866159,0.220111912803
49.8309980745,-0.2178434,-0.01861361,0.218637172962
49.9746298197,-0.2163773,-0.01856543,0.217172307503
50.1186755658,-0.2149216,-0.01851712,0.215717820033
50.2631365061,-0.2139225,-0.0180441,0.214682150052
50.4080138374,-0.2129273,-0.01757513,0.213651398965
50.5533087598,-0.211936,-0.0171102,0.212625555943
50.6990224771,-0.2109487,-0.01664927,0.211604707469
50.8451561962,-0.2099653,-0.01619232,0.210588742413
50.991711128,-0.2089858,-0.01573932,0.209577648607
51.1386884863,-0.2080102,-0.01529025,0.208571414746
51.2860894889,-0.2070385,-0.01484508,0.207570028864
51.4339153568,-0.2060706,-0.01440378,0.206573379366
51.5821673146,-0.2051066,-0.01396633,0.205581554954
51.7308465905,-0.2041465,-0.01353271,0.204594544654
51.8799544163,-0.2031902,-0.01310288,0.20361223647
52.029492027,-0.2022378,-0.01267683,0.202634720045
52.1794606616,-0.2012891,-0.01225453,0.201661784392
52.3298615625,-0.2003442,-0.01183595,0.200693518047
52.4806959754,-0.1994032,-0.01142106,0.199730009718
52.6319651501,-0.1984659,-0.01100986,0.198771050407
52.7836703397,-0.1975324,-0.0106023,0.197816727844
52.9358128008,-0.1966026,-0.01019837,0.196866932412
53.088393794,-0.1956765,-0.009798037,0.195921653171
53.2414145832,-0.1947546,-0.009401305,0.194981380539
53.394876436,-0.1933214,-0.009342967,0.19354703493
53.5487806239,-0.1918987,-0.009284979,0.192123194583
53.7031284217,-0.1904865,-0.009227337,0.19070985929
53.8579211081,-0.1890847,-0.009170039,0.189306929058
54.0131599655,-0.1876931,-0.009113086,0.187914204157
54.1688462798,-0.1863119,-0.009056477,0.186531884291
54.3249813409,-0.1849408,-0.009000203,0.185159669363
54.4815664421,-0.1835798,-0.008944267,0.183797559506
54.6386028807,-0.1822288,-0.008888671,0.182445454922
54.7960919576,-0.1808877,-0.008833406,0.18110325528
54.9540349775,-0.1795565,-0.008778473,0.179770960615
55.1124332487,-0.1782351,-0.008723872,0.178448471035
55.2712880836,-0.1769234,-0.008669598,0.177135686402
55.430600798,-0.1756214,-0.008615652,0.175832606752
55.5903727119,-0.174329,-0.00856203,0.174539131998
55.7506051487,-0.173046,-0.008508733,0.173255062417
55.9112994358,-0.1717725,-0.008455751,0.171980497386
56.0724569046,-0.1670029,-0.01152322,0.167399979712
56.23407889,-0.1675653,-0.01104742,0.167929078044
56.396166731,-0.1737431,-0.003845453,0.173785650462
56.5587217703,-0.1625529,-0.008967618,0.162800072085
56.7217453546,-0.164394,-0.01245414,0.164865074649
56.8852388343,-0.1642304,-0.005668881,0.164328209678
57.0492035641,-0.1651504,-0.008371389,0.165362434591
57.213640902,-0.1605159,-0.009737154,0.160810964554
57.3785522104,-0.1612489,-0.008078182,0.16145112194
57.5439388555,-0.1619672,-0.00640496,0.162093791949
57.7098022073,-0.1620191,-0.006044294,0.162131805192
57.8761436399,-0.1620702,-0.005683444,0.162169822297
58.0429645312,-0.1587408,-0.007596214,0.158922446658
58.2102662634,-0.1554545,-0.00942889,0.155740186005
58.3780502223,-0.1540205,-0.008630993,0.154262142019
58.5463177979,-0.1525964,-0.007847166,0.15279803437
58.7150703841,-0.1530797,-0.008044919,0.153290949745
58.8843093791,-0.1535642,-0.008243853,0.153785319956
59.0540361846,-0.1540502,-0.008443976,0.154281446878
59.2242522069,-0.1530217,-0.007944794,0.153227805644
59.394958856,-0.1519987,-0.007451975,0.152181262753
59.5661575461,-0.1509815,-0.006965482,0.151142089709
59.7378496955,-0.1498875,-0.0069731,0.150049614394
59.9100367264,-0.1488015,-0.006980245,0.148965130895
60.0827200654,-0.1477233,-0.006986928,0.14788843946
60.2559011429,-0.146558,-0.007314629,0.146740421021
60.4295813936,-0.1454008,-0.007636772,0.14560121197
60.6037622564,-0.1442518,-0.007953422,0.14447089231
60.7784451742,-0.1431108,-0.008264655,0.143349243454
60.953631594,-0.1422888,-0.008286143,0.142529866243
61.1293229673,-0.1414715,-0.008307116,0.141715184396
61.3055207494,-0.1406588,-0.008327575,0.140905097576
61.4822264001,-0.1398508,-0.008347495,0.140099703545
61.6594413831,-0.1390068,-0.009016538,0.139298917454
61.8371671665,-0.1381643,-0.009677427,0.138502802816
62.0154052228,-0.1373231,-0.01033021,0.137711099888
62.1941570285,-0.1364834,-0.01097499,0.136923952912
62.3734240643,-0.1351817,-0.01055513,0.135593151686
62.5532078153,-0.1338917,-0.01014233,0.13427529254
62.733509771,-0.1326133,-0.00973651,0.132970248416
62.914331425,-0.1313463,-0.009337565,0.131677791004
63.0956742752,-0.1300909,-0.008945385,0.13039809115
63.277539824,-0.1304168,-0.008606033,0.130700441951
63.459929578,-0.1307426,-0.008264998,0.131003578755
63.642845048,-0.1310681,-0.007922268,0.131307308128
63.8262877495,-0.1313935,-0.007577843,0.131611836652
64.0102592021,-0.1317187,-0.007231721,0.131917071368
64.1947609299,-0.1320437,-0.006883892,0.132223018717
64.3797944612,-0.1307487,-0.006921642,0.130931782542
64.5653613291,-0.1294665,-0.006957999,0.129653339226
64.7514630707,-0.1281967,-0.00699298,0.128387287767
64.9381012278,-0.1269393,-0.007026608,0.127133626962
65.1252773465,-0.1256941,-0.00705891,0.12589215617
65.3129929774,-0.1244612,-0.007089914,0.124662974399
65.5012496756,-0.1236391,-0.007235791,0.123850650867
65.6900490007,-0.1228222,-0.007379449,0.12304368769
65.8793925166,-0.1220102,-0.007520909,0.122241780813
66.0692817921,-0.1212034,-0.007660196,0.121445225408
66.2597184002,-0.1204017,-0.007797328,0.120653916997
66.4507039184,-0.1196049,-0.007932333,0.119867652062
66.642239929,-0.1188132,-0.008065244,0.119086626684
66.8343280186,-0.118832,-0.007922357,0.119095793227
67.0269697787,-0.1188506,-0.007779435,0.119104931591
67.2201668049,-0.118869,-0.007636481,0.119114042006
67.413920698,-0.1188873,-0.007493493,0.119123224178
67.6082330629,-0.1189054,-0.007350472,0.119132378419
67.8031055094,-0.1189233,-0.007207421,0.119141504944
67.9985396518,-0.118941,-0.007064293,0.119150600991
68.1945371092,-0.1174322,-0.007360091,0.117662621662
68.3910995052,-0.1159412,-0.00764732,0.116193129576
68.5882284683,-0.114468,-0.007926146,0.114742088243
68.7859256314,-0.1130123,-0.008196732,0.113309162766
68.9841926324,-0.1115739,-0.008459235,0.111894118782
69.1830311138,-0.1101526,-0.008713817,0.110496723451
69.3824427226,-0.1087483,-0.008960629,0.10911684391
69.582429111,-0.1073607,-0.009199837,0.107754150293
69.7829919357,-0.1069293,-0.008942084,0.10730254454
69.9841328581,-0.1064992,-0.008686295,0.106852848916
70.1858535446,-0.1060703,-0.008432457,0.106404956995
70.3881556662,-0.1056427,-0.008180561,0.105958962063
70.5910408989,-0.1052164,-0.00793059,0.105514857185
70.7945109234,-0.1047913,-0.00768254,0.105072536738
70.9985674254,-0.1043676,-0.007436399,0.104632193707
71.2032120952,-0.1039451,-0.007192154,0.104193622133
71.4084466282,-0.1035238,-0.006949798,0.103756815963
71.6142727245,-0.1032384,-0.006874,0.103466995272
71.8206920894,-0.1029538,-0.006798566,0.103178027865
72.0277064328,-0.10267,-0.006723502,0.102889913884
72.2353174697,-0.1023869,-0.006648798,0.102602552631
72.4435269199,-0.1021046,-0.00657446,0.102316044028
72.6523365084,-0.101823,-0.006500482,0.102030287637
72.8617479649,-0.1015421,-0.006426862,0.101745283073
73.0717630243,-0.101262,-0.006353603,0.10146113007
73.2823834263,-0.1009827,-0.006280701,0.101177828126
73.4936109158,-0.1007041,-0.006208186,0.100895279028
73.7054472427,-0.0998555,-0.006241771,0.100050390231
73.9178941619,-0.099014,-0.006274353,0.0992125985022
74.1309534332,-0.09817953,-0.006305949,0.0983818332001
74.3446268218,-0.09735201,-0.006336569,0.0975580132933
74.5589160978,-0.09653141,-0.006366231,0.0967411081895
74.7738230363,-0.09571765,-0.006394948,0.0959310371123
74.9893494178,-0.09491067,-0.006422731,0.0951277391372
75.2054970276,-0.09411041,-0.006449596,0.094331153703
75.4222676564,-0.09331687,-0.006475556,0.0935412799362
75.6396631,-0.09252991,-0.006500625,0.0927579773928
75.8576851593,-0.09174974,-0.006524825,0.0919814553665
76.0763356405,-0.09143771,-0.006285095,0.0916534627235
76.2956163549,-0.09112628,-0.006046957,0.0913266915836
76.5155291191,-0.09081538,-0.005810405,0.091001066207
76.7360757549,-0.09050502,-0.005575429,0.0906765904395
76.9572580893,-0.09019522,-0.005342023,0.0903532784163
77.1790779547,-0.08988596,-0.005110181,0.090031104375
77.4015371887,-0.08957727,-0.004879897,0.0897100924946
77.6246376342,-0.08926915,-0.004651162,0.0893902368812
77.8483811393,-0.08896159,-0.004423971,0.0890715219065
78.0727695577,-0.08865453,-0.004198317,0.088753881916
78.2978047482,-0.08834808,-0.003974191,0.0884374210037
78.5234885751,-0.08804236,-0.003751567,0.0881222526342
78.7498229079,-0.08760612,-0.003853197,0.087690817014
78.9768096218,-0.08717187,-0.003953735,0.0872614860047
79.204450597,-0.08673961,-0.004053189,0.0868342575486
79.4327477194,-0.08630933,-0.004151567,0.0864091196206
79.6617028803,-0.08588104,-0.004248877,0.0859860801947
79.8913179764,-0.08545469,-0.004345126,0.08556508729
80.1215949098,-0.08503036,-0.004440323,0.085146218883
80.3525355883,-0.08460791,-0.004534475,0.0847293331621
80.584141925,-0.08418743,-0.00462759,0.0843145180809
80.8164158386,-0.08376889,-0.004719677,0.0839017418342
81.0493592533,-0.08335228,-0.004810744,0.0834909925623
81.2829740989,-0.08293755,-0.004900795,0.0830822182638
81.5172623105,-0.08252485,-0.004989871,0.0826755688225
81.7522258293,-0.08200707,-0.004906409,0.0821537119019
81.9878666016,-0.08149253,-0.004823801,0.0816351731908
82.2241865795,-0.08098115,-0.004742038,0.0811198716697
82.4611877209,-0.08047296,-0.004661112,0.0806078361962
82.6988719889,-0.07996793,-0.004581018,0.0800990359143
82.9372413528,-0.07946603,-0.004501746,0.0795934396858
83.1762977871,-0.07896726,-0.004423291,0.0790910466183
83.4160432723,-0.07847159,-0.004345647,0.0785918258153
83.6564797945,-0.07797898,-0.004268804,0.0780957361796
83.8976093455,-0.07748945,-0.004192756,0.0776027967549
84.1394339228,-0.07700296,-0.004117497,0.0771129666808
84.3819555299,-0.07651947,-0.004043019,0.0766262049936
84.6251761758,-0.076039,-0.003969315,0.0761425307077
84.8690978754,-0.07556148,-0.003896359,0.0756618719914
85.1137226494,-0.07525097,-0.003890707,0.075351483641
85.3590525243,-0.07494174,-0.003885036,0.0750423740226
85.6050895326,-0.07463379,-0.003879346,0.0747345431186
85.8518357123,-0.0743271,-0.003873637,0.0744279709385
86.0992931077,-0.07402165,-0.00386791,0.0741226375441
86.3474637687,-0.07371749,-0.003862164,0.0738185927979
86.5963497512,-0.07341455,-0.003856401,0.0735157668829
86.8459531171,-0.07311286,-0.00385062,0.0732141896886
87.096275934,-0.07281239,-0.00384482,0.0729138311869
87.3473202759,-0.07251318,-0.003839004,0.0726147314629
87.5990882222,-0.07221518,-0.003833171,0.0723168405169
87.8515818588,-0.07191841,-0.003827321,0.0720201783042
88.1048032774,-0.07162283,-0.003821454,0.0717247048644
88.3587545757,-0.07132854,-0.003815571,0.0714305200918
88.6134378575,-0.0710354,-0.003809672,0.0711374841691
88.8688552326,-0.07074384,-0.00380377,0.0708460271586
89.1250088171,-0.0703759,-0.003812022,0.0704790664846
89.3819007328,-0.07000984,-0.003820085,0.0701139839564
89.639533108,-0.06964566,-0.003827964,0.0697507796746
89.8979080769,-0.06928338,-0.003835656,0.0693894732735
90.1570277801,-0.06892295,-0.003843165,0.069030014877
90.416894364,-0.06856443,-0.003850494,0.0686724643891
90.6775099815,-0.06820773,-0.003857643,0.0683167317812
90.9388767916,-0.06785287,-0.003864614,0.067962836967
91.2009969595,-0.06749986,-0.003871408,0.0676107898188
91.4638726566,-0.06714867,-0.003878029,0.0672605604474
91.7275060607,-0.0667993,-0.003884475,0.066912148572
91.9918993558,-0.06645174,-0.00389075,0.0665655442747
92.2570547322,-0.06610598,-0.003896854,0.066220737408
92.5229743865,-0.065762,-0.003902792,0.0658777081371
92.7896605215,-0.06541981,-0.003908564,0.0655364662839
93.0571153467,-0.06507938,-0.003914167,0.0651969815596
93.3253410776,-0.06474085,-0.003919636,0.0648593956578
93.5943399364,-0.06440009,-0.003885204,0.0645171791241
93.8641141513,-0.06406115,-0.003851027,0.0641767975851
94.1346659574,-0.06372397,-0.003817102,0.0638381909224
94.4059975959,-0.06338857,-0.003783428,0.0635013789935
94.6781113146,-0.0630549,-0.003750002,0.0631663116622
94.9510093678,-0.06272306,-0.003716824,0.0628330887066
95.2246940161,-0.06239288,-0.003683892,0.0625015402607
95.499167527,-0.06206448,-0.003651204,0.0621717859509
95.774432174,-0.06173783,-0.003618759,0.0618437957261
96.0504902377,-0.06141286,-0.003586553,0.0615174994274
96.3273440049,-0.0610896,-0.003554586,0.0611929269589
96.6049957692,-0.06076805,-0.003522857,0.0608700782178
96.8834478306,-0.06044816,-0.003491363,0.06054890307
97.162702496,-0.06012998,-0.003460104,0.0602294513879
97.4427620788,-0.05981346,-0.003429076,0.059911672981
97.723628899,-0.05949862,-0.00339828,0.0595955878305
98.0053052833,-0.05918542,-0.003367714,0.0592811558437
98.2877935654,-0.05887387,-0.003337374,0.0589683867338
98.5710960852,-0.05856442,-0.00330729,0.0586577314348
98.8552151899,-0.0581814,-0.003190022,0.0582687870675
99.1401532331,-0.05780073,-0.003074157,0.0578824224596
99.4259125753,-0.05742241,-0.002959678,0.0574986335844
99.7124955837,-0.05704639,-0.002846575,0.0571173668971
99.9999046326,-0.05667268,-0.002734834,0.0567386285998
