Hz,real,imaginary,unitless (peak only)
9.999990,2.093566E+0,1.674335E-1,2.100251E+0
10.057721,2.072902E+0,1.965717E-1,2.082202E+0
10.115785,2.051992E+0,2.251543E-1,2.064308E+0
10.174184,2.083664E+0,2.586047E-1,2.099650E+0
10.232920,2.115393E+0,2.930815E-1,2.135599E+0
10.291995,2.110121E+0,2.252273E-1,2.122107E+0
10.351412,2.102771E+0,1.579988E-1,2.108699E+0
10.411171,2.103621E+0,1.603549E-1,2.109724E+0
10.471275,2.104468E+0,1.627131E-1,2.110749E+0
10.531727,2.079004E+0,1.322974E-1,2.083209E+0
10.592527,2.053467E+0,1.026236E-1,2.056030E+0
10.653678,2.045751E+0,1.014255E-1,2.048264E+0
10.715183,2.038064E+0,1.002349E-1,2.040527E+0
10.777042,2.068863E+0,1.336546E-1,2.073176E+0
10.839258,2.099631E+0,1.680860E-1,2.106348E+0
10.901834,2.063388E+0,1.518519E-1,2.068968E+0
10.964771,2.027690E+0,1.361349E-1,2.032255E+0
11.028071,2.028880E+0,1.135997E-1,2.032058E+0
11.091737,2.029818E+0,9.105490E-2,2.031859E+0
11.155770,2.039465E+0,8.798306E-2,2.041362E+0
11.220173,2.049152E+0,8.488025E-2,2.050909E+0
11.284948,2.039012E+0,9.921886E-2,2.041425E+0
11.350097,2.028820E+0,1.134180E-1,2.031988E+0
11.415622,2.052031E+0,1.333266E-1,2.056358E+0
11.481525,2.075337E+0,1.536854E-1,2.081020E+0
11.547808,2.086490E+0,8.560459E-2,2.088245E+0
11.614474,2.095428E+0,1.695602E-2,2.095497E+0
11.681525,2.149452E+0,4.601722E-2,2.149945E+0
11.748964,2.204477E+0,7.656880E-2,2.205806E+0
11.816791,2.205659E+0,1.150551E-1,2.208658E+0
11.885010,2.206172E+0,1.536060E-1,2.211513E+0
11.953623,2.204232E+0,1.040665E-1,2.206687E+0
12.022632,2.201191E+0,5.469068E-2,2.201870E+0
12.092039,2.158420E+0,5.657037E-2,2.159161E+0
12.161847,2.116475E+0,5.835644E-2,2.117279E+0
12.232059,2.100420E+0,3.573812E-2,2.100724E+0
12.302675,2.084256E+0,1.346602E-2,2.084300E+0
12.373699,2.170431E+0,-8.137720E-3,2.170446E+0
12.445133,2.259934E+0,-3.154942E-2,2.260154E+0
12.516980,2.225057E+0,-6.541514E-3,2.225067E+0
12.589241,2.190452E+0,1.769831E-2,2.190523E+0
12.661919,2.138902E+0,-4.944741E-3,2.138908E+0
12.735017,2.088338E+0,-2.653000E-2,2.088507E+0
12.808537,2.188980E+0,-4.439134E-2,2.189430E+0
12.882482,2.294340E+0,-6.391428E-2,2.295230E+0
12.956853,2.203928E+0,-8.573778E-2,2.205595E+0
13.031654,2.116822E+0,-1.057492E-1,2.119462E+0
13.106887,2.202876E+0,-7.429029E-2,2.204128E+0
13.182553,2.291825E+0,-4.012900E-2,2.292176E+0
13.258657,2.261732E+0,-2.264252E-2,2.261845E+0
13.335200,2.231908E+0,-5.610541E-3,2.231915E+0
13.412185,2.205812E+0,-8.006449E-2,2.207265E+0
13.489614,2.177536E+0,-1.527829E-1,2.182889E+0
13.567491,2.218255E+0,-1.617632E-1,2.224145E+0
13.645817,2.259719E+0,-1.710271E-1,2.266182E+0
13.724595,2.281863E+0,-1.036034E-1,2.284214E+0
13.803828,2.302121E+0,-3.500106E-2,2.302387E+0
13.883518,2.287373E+0,-1.872584E-2,2.287450E+0
13.963668,2.272607E+0,-2.659391E-3,2.272609E+0
14.044282,2.340267E+0,-4.370258E-2,2.340675E+0
14.125360,2.409202E+0,-8.718808E-2,2.410779E+0
14.206907,2.381076E+0,-1.404928E-1,2.385217E+0
14.288924,2.352056E+0,-1.925854E-1,2.359927E+0
14.371415,2.320833E+0,-1.966619E-1,2.329150E+0
14.454382,2.290007E+0,-2.005979E-1,2.298776E+0
14.537828,2.359177E+0,-2.288987E-1,2.370255E+0
14.621756,2.430224E+0,-2.587450E-1,2.443959E+0
14.706168,2.414655E+0,-3.348541E-1,2.437763E+0
14.791067,2.396726E+0,-4.102395E-1,2.431582E+0
14.876457,2.398085E+0,-2.817042E-1,2.414574E+0
14.962340,2.392724E+0,-1.541736E-1,2.397686E+0
15.048718,2.399874E+0,-1.672916E-1,2.405698E+0
15.135596,2.406977E+0,-1.804906E-1,2.413735E+0
15.222974,2.486206E+0,-2.077940E-1,2.494874E+0
15.310857,2.567854E+0,-2.367135E-1,2.578741E+0
15.399248,2.570412E+0,-2.612510E-1,2.583654E+0
15.488149,2.572746E+0,-2.858582E-1,2.588578E+0
15.577563,2.591224E+0,-3.090083E-1,2.609584E+0
15.667493,2.609665E+0,-3.324953E-1,2.630761E+0
15.757942,2.748641E+0,-3.776760E-1,2.774467E+0
15.848914,2.894734E+0,-4.267620E-1,2.926023E+0
15.940411,2.880158E+0,-5.143763E-1,2.925729E+0
16.032436,2.862931E+0,-6.014987E-1,2.925436E+0
16.124992,2.832185E+0,-5.333298E-1,2.881963E+0
16.218082,2.800497E+0,-4.668229E-1,2.839138E+0
16.311710,2.810812E+0,-7.446059E-1,2.907766E+0
16.405879,2.794686E+0,-1.028843E+0,2.978051E+0
16.500591,3.075259E+0,-1.172402E+0,3.291162E+0
16.595850,3.383488E+0,-1.334605E+0,3.637191E+0
16.691659,3.450411E+0,-1.416086E+0,3.729696E+0
16.788021,3.517882E+0,-1.500573E+0,3.824554E+0
16.884939,3.298058E+0,-1.618107E+0,3.673616E+0
16.982417,3.081232E+0,-1.719672E+0,3.528635E+0
17.080457,2.854410E+0,-2.469037E+0,3.774096E+0
17.179064,2.454407E+0,-3.204728E+0,4.036632E+0
17.278240,2.021500E+0,-3.220704E+0,3.802551E+0
17.377988,1.614064E+0,-3.197789E+0,3.582046E+0
17.478312,1.146736E+0,-2.954579E+0,3.169312E+0
17.579215,7.560941E-1,-2.700276E+0,2.804134E+0
17.680701,7.478131E-1,-2.372143E+0,2.487225E+0
17.782773,7.310515E-1,-2.081486E+0,2.206132E+0
17.885434,6.445595E-1,-1.846887E+0,1.956131E+0
17.988688,5.682796E-1,-1.638723E+0,1.734461E+0
18.092538,6.431058E-1,-1.490755E+0,1.623556E+0
18.196987,7.027908E-1,-1.347481E+0,1.519743E+0
18.302039,7.367388E-1,-1.208658E+0,1.415499E+0
18.407698,7.596739E-1,-1.077539E+0,1.318406E+0
18.513967,7.844702E-1,-1.000395E+0,1.271292E+0
18.620849,8.045627E-1,-9.248866E-1,1.225861E+0
18.728348,8.552793E-1,-8.095028E-1,1.177624E+0
18.836468,8.930419E-1,-6.944631E-1,1.131284E+0
18.945212,9.517170E-1,-6.543848E-1,1.154983E+0
19.054584,1.009121E+0,-6.100275E-1,1.179177E+0
19.164587,1.065387E+0,-5.835644E-1,1.214741E+0
19.275226,1.122136E+0,-5.538596E-1,1.251379E+0
19.386503,1.181495E+0,-5.223693E-1,1.291820E+0
19.498422,1.241347E+0,-4.873037E-1,1.333569E+0
19.610988,1.285643E+0,-4.567841E-1,1.364379E+0
19.724203,1.329917E+0,-4.240950E-1,1.395900E+0
19.838072,1.357343E+0,-4.257950E-1,1.422562E+0
19.952599,1.385299E+0,-4.273954E-1,1.449731E+0
20.067786,1.449526E+0,-4.184303E-1,1.508711E+0
20.183639,1.516184E+0,-4.078838E-1,1.570090E+0
20.300160,1.567614E+0,-4.017289E-1,1.618271E+0
20.417354,1.620541E+0,-3.947535E-1,1.667928E+0
20.535225,1.679320E+0,-3.981561E-1,1.725875E+0
20.653776,1.740161E+0,-4.013031E-1,1.785834E+0
20.773011,1.802677E+0,-4.667491E-1,1.862122E+0
20.892935,1.866018E+0,-5.367070E-1,1.941669E+0
21.013551,1.890494E+0,-5.622377E-1,1.972328E+0
21.134864,1.915122E+0,-5.883943E-1,2.003472E+0
21.256877,1.960451E+0,-5.976981E-1,2.049539E+0
21.379594,2.006841E+0,-6.071156E-1,2.096664E+0
21.503020,2.033310E+0,-6.454867E-1,2.133308E+0
21.627158,2.059706E+0,-6.848918E-1,2.170591E+0
21.752013,2.119031E+0,-7.331125E-1,2.242264E+0
21.877589,2.179710E+0,-7.836608E-1,2.316303E+0
22.003889,2.215307E+0,-9.052078E-1,2.393112E+0
22.130919,2.246680E+0,-1.032243E+0,2.472468E+0
22.258682,2.323525E+0,-1.159095E+0,2.596588E+0
22.387183,2.399919E+0,-1.294831E+0,2.726939E+0
22.516425,2.446600E+0,-1.372383E+0,2.805225E+0
22.646414,2.493305E+0,-1.452941E+0,2.885759E+0
22.777153,2.476846E+0,-1.634674E+0,2.967646E+0
22.908647,2.449537E+0,-1.820330E+0,3.051857E+0
23.040900,2.350585E+0,-2.236767E+0,3.244746E+0
23.173917,2.192493E+0,-2.663510E+0,3.449828E+0
23.307701,2.042493E+0,-2.721340E+0,3.402568E+0
23.442258,1.892140E+0,-2.771689E+0,3.355958E+0
23.577591,1.516877E+0,-2.764831E+0,3.153602E+0
23.713706,1.166534E+0,-2.724195E+0,2.963451E+0
23.850607,8.873778E-1,-2.783782E+0,2.921794E+0
23.988298,6.077822E-1,-2.815876E+0,2.880722E+0
24.126784,3.553528E-1,-2.732722E+0,2.755730E+0
24.266069,1.213290E-1,-2.633366E+0,2.636160E+0
24.406159,-4.924595E-2,-2.402991E+0,2.403496E+0
24.547057,-1.904577E-1,-2.183074E+0,2.191366E+0
24.688769,-1.541060E-1,-1.944958E+0,1.951054E+0
24.831298,-1.234279E-1,-1.732706E+0,1.737097E+0
24.974651,-1.350429E-1,-1.622219E+0,1.627830E+0
25.118831,-1.446904E-1,-1.518560E+0,1.525438E+0
25.263844,-1.302275E-1,-1.389495E+0,1.395584E+0
25.409693,-1.171782E-1,-1.271395E+0,1.276783E+0
25.556385,-1.045184E-1,-1.201029E+0,1.205568E+0
25.703924,-9.290366E-2,-1.134528E+0,1.138325E+0
25.852314,-1.081567E-1,-1.096129E+0,1.101452E+0
26.001561,-1.222951E-1,-1.058734E+0,1.065774E+0
26.151669,-8.194707E-2,-9.694475E-1,9.729048E-1
26.302645,-4.763181E-2,-8.868502E-1,8.881284E-1
26.454491,-2.214949E-2,-8.459798E-1,8.462697E-1
26.607215,1.052561E-3,-8.063833E-1,8.063840E-1
26.760820,1.181314E-2,-7.455591E-1,7.456527E-1
26.915312,2.094463E-2,-6.891772E-1,6.894954E-1
27.070695,4.288512E-2,-6.517209E-1,6.531304E-1
27.226976,6.240236E-2,-6.155285E-1,6.186836E-1
27.384159,7.856067E-2,-5.774955E-1,5.828146E-1
27.542250,9.254916E-2,-5.411683E-1,5.490250E-1
27.701253,1.222461E-1,-5.046872E-1,5.192815E-1
27.861174,1.479150E-1,-4.683469E-1,4.911493E-1
28.022018,1.856289E-1,-4.283977E-1,4.668862E-1
28.183791,2.173859E-1,-3.869382E-1,4.438218E-1
28.346497,2.321431E-1,-3.736832E-1,4.399199E-1
28.510144,2.461782E-1,-3.599138E-1,4.360523E-1
28.674734,2.831160E-1,-3.403514E-1,4.427118E-1
28.840275,3.185894E-1,-3.170596E-1,4.494730E-1
29.006772,3.434744E-1,-3.094136E-1,4.622893E-1
29.174230,3.686468E-1,-3.002873E-1,4.754713E-1
29.342654,3.938927E-1,-2.906023E-1,4.894907E-1
29.512051,4.193756E-1,-2.793979E-1,5.039237E-1
29.682426,4.477937E-1,-2.840913E-1,5.303085E-1
29.853785,4.778023E-1,-2.883610E-1,5.580745E-1
30.026132,4.927059E-1,-2.953677E-1,5.744573E-1
30.199475,5.080684E-1,-3.025346E-1,5.913211E-1
30.373818,5.084942E-1,-3.180779E-1,5.997832E-1
30.549168,5.085805E-1,-3.338490E-1,6.083661E-1
30.725531,5.026277E-1,-3.479665E-1,6.113226E-1
30.902911,4.962983E-1,-3.620009E-1,6.142936E-1
31.081315,4.810342E-1,-3.522494E-1,5.962160E-1
31.260750,4.662375E-1,-3.427575E-1,5.786710E-1
31.441220,4.600412E-1,-3.247047E-1,5.630906E-1
31.622732,4.536738E-1,-3.072576E-1,5.479299E-1
31.805292,4.513391E-1,-2.775297E-1,5.298393E-1
31.988906,4.478192E-1,-2.489103E-1,5.123460E-1
32.173580,4.564409E-1,-2.403269E-1,5.158443E-1
32.359320,4.649232E-1,-2.314908E-1,5.193665E-1
32.546132,4.787969E-1,-2.238831E-1,5.285547E-1
32.734023,4.927215E-1,-2.157958E-1,5.379055E-1
32.922998,4.974670E-1,-2.042793E-1,5.377764E-1
33.113065,5.019432E-1,-1.926589E-1,5.376471E-1
33.304228,5.067912E-1,-1.864913E-1,5.400151E-1
33.496496,5.115741E-1,-1.802297E-1,5.423936E-1
33.689873,5.203842E-1,-1.703850E-1,5.475680E-1
33.884367,5.290540E-1,-1.602505E-1,5.527914E-1
34.079983,5.378829E-1,-1.504154E-1,5.585184E-1
34.276729,5.465880E-1,-1.402895E-1,5.643045E-1
34.474611,5.525611E-1,-1.366993E-1,5.692192E-1
34.673635,5.585545E-1,-1.330254E-1,5.741767E-1
34.873808,5.695580E-1,-1.237446E-1,5.828456E-1
35.075136,5.805384E-1,-1.141037E-1,5.916456E-1
35.277627,5.872341E-1,-1.101575E-1,5.974768E-1
35.481287,5.939613E-1,-1.061142E-1,6.033658E-1
35.686123,6.004816E-1,-9.877853E-2,6.085518E-1
35.892141,6.069554E-1,-9.129010E-2,6.137823E-1
36.099348,6.166562E-1,-8.830525E-2,6.229468E-1
36.307752,6.264802E-1,-8.520643E-2,6.322480E-1
36.517359,6.325930E-1,-8.027770E-2,6.376664E-1
36.728176,6.387132E-1,-7.525177E-2,6.431309E-1
36.940210,6.465019E-1,-7.359178E-2,6.506769E-1
37.153468,6.543749E-1,-7.188128E-2,6.583110E-1
37.367957,6.590782E-1,-6.844278E-2,6.626224E-1
37.583685,6.637917E-1,-6.495370E-2,6.669621E-1
37.800658,6.717964E-1,-6.445988E-2,6.748818E-1
38.018883,6.798952E-1,-6.394498E-2,6.828956E-1
38.238368,6.861237E-1,-6.253482E-2,6.889676E-1
38.459121,6.924037E-1,-6.109402E-2,6.950938E-1
38.681148,6.916524E-1,-5.599127E-2,6.939150E-1
38.904456,6.908659E-1,-5.090273E-2,6.927386E-1
39.129054,6.964324E-1,-4.801842E-2,6.980859E-1
39.354948,7.020286E-1,-4.508551E-2,7.034748E-1
39.582147,7.081164E-1,-4.119430E-2,7.093136E-1
39.810657,7.142309E-1,-3.723385E-2,7.152008E-1
40.040486,7.201554E-1,-3.435073E-2,7.209742E-1
40.271643,7.261151E-1,-3.141799E-2,7.267945E-1
40.504133,7.315687E-1,-3.010651E-2,7.321879E-1
40.737966,7.370604E-1,-2.877370E-2,7.376218E-1
40.973149,7.419435E-1,-2.526539E-2,7.423736E-1
41.209689,7.468401E-1,-2.171005E-2,7.471556E-1
41.447595,7.526430E-1,-1.956560E-2,7.528973E-1
41.686875,7.584845E-1,-1.738675E-2,7.586838E-1
41.927536,7.635692E-1,-1.748476E-2,7.637694E-1
42.169586,7.686881E-1,-1.758331E-2,7.688892E-1
42.413033,7.761654E-1,-1.436561E-2,7.762983E-1
42.657886,7.837008E-1,-1.108398E-2,7.837792E-1
42.904153,7.898157E-1,-9.005187E-3,7.898670E-1
43.151841,7.959727E-1,-6.893353E-3,7.960025E-1
43.400959,7.988378E-1,-2.610039E-3,7.988421E-1
43.651516,8.016902E-1,1.704001E-3,8.016920E-1
43.903519,8.154243E-1,-1.012533E-3,8.154249E-1
44.156976,8.293844E-1,-3.822624E-3,8.293932E-1
44.411897,8.404757E-1,-2.935881E-3,8.404808E-1
44.668290,8.517142E-1,-2.024742E-3,8.517166E-1
44.926163,8.716844E-1,-3.406433E-3,8.716911E-1
45.185524,8.921205E-1,-4.851806E-3,8.921337E-1
45.446383,9.079519E-1,-8.416740E-3,9.079909E-1
45.708748,9.240511E-1,-1.210674E-2,9.241304E-1
45.972627,9.705320E-1,-4.056113E-2,9.713792E-1
46.238030,1.018512E+0,-7.185845E-2,1.021044E+0
46.504965,1.005150E+0,-1.999240E-1,1.024840E+0
46.773441,9.757031E-1,-3.257641E-1,1.028649E+0
47.043467,8.288449E-1,-3.155559E-1,8.868818E-1
47.315051,7.027010E-1,-3.015047E-1,7.646527E-1
47.588204,7.026082E-1,-2.095809E-1,7.332001E-1
47.862934,6.923691E-1,-1.220350E-1,7.030416E-1
48.139249,7.197477E-1,-1.022757E-1,7.269780E-1
48.417160,7.473622E-1,-8.091222E-2,7.517294E-1
48.696675,7.448777E-1,-7.810612E-2,7.489615E-1
48.977804,7.423929E-1,-7.531871E-2,7.462038E-1
49.260556,7.523952E-1,-6.806226E-2,7.554674E-1
49.544940,7.624413E-1,-6.060588E-2,7.648463E-1
49.830966,7.687496E-1,-5.996069E-2,7.710845E-1
50.118643,7.751084E-1,-5.930080E-2,7.773735E-1
50.407981,7.759651E-1,-5.850602E-2,7.781676E-1
50.698990,7.768212E-1,-5.770946E-2,7.789618E-1
50.991678,7.795292E-1,-5.818104E-2,7.816974E-1
51.286056,7.822464E-1,-5.865524E-2,7.844424E-1
51.582133,7.792047E-1,-5.787214E-2,7.813508E-1
51.879920,7.761742E-1,-5.709430E-2,7.782713E-1
52.179426,7.764154E-1,-5.514263E-2,7.783711E-1
52.480661,7.766524E-1,-5.319015E-2,7.784717E-1
52.783635,7.773455E-1,-4.950327E-2,7.789202E-1
53.088358,7.780210E-1,-4.581100E-2,7.793685E-1
53.394841,7.786332E-1,-4.328863E-2,7.798356E-1
53.703092,7.792376E-1,-4.076274E-2,7.803030E-1
54.013124,7.802466E-1,-3.953109E-2,7.812474E-1
54.324945,7.812549E-1,-3.829630E-2,7.821930E-1
54.638566,7.824021E-1,-3.665853E-2,7.832604E-1
54.953998,7.835470E-1,-3.501602E-2,7.843290E-1
55.271250,7.844819E-1,-3.339919E-2,7.851926E-1
55.590335,7.854141E-1,-3.177857E-2,7.860567E-1
55.911261,7.856034E-1,-3.121260E-2,7.862232E-1
56.234040,7.857924E-1,-3.064638E-2,7.863898E-1
56.558683,7.865270E-1,-2.939086E-2,7.870759E-1
56.885199,7.872604E-1,-2.813305E-2,7.877629E-1
57.213601,7.882624E-1,-2.813705E-2,7.887644E-1
57.543899,7.892657E-1,-2.814101E-2,7.897672E-1
57.876103,7.888690E-1,-2.665363E-2,7.893191E-1
58.210225,7.884696E-1,-2.516784E-2,7.888712E-1
58.546276,7.886282E-1,-2.494447E-2,7.890226E-1
58.884268,7.887870E-1,-2.472099E-2,7.891743E-1
59.224210,7.882973E-1,-2.411423E-2,7.886660E-1
59.566115,7.878068E-1,-2.350821E-2,7.881575E-1
59.909994,7.878972E-1,-2.330196E-2,7.882417E-1
60.255858,7.879873E-1,-2.309567E-2,7.883257E-1
60.603719,7.870926E-1,-2.249620E-2,7.874140E-1
60.953588,7.861987E-1,-2.189807E-2,7.865036E-1
61.305476,7.857109E-1,-2.152737E-2,7.860058E-1
61.659397,7.852229E-1,-2.115713E-2,7.855079E-1
62.015360,7.845143E-1,-2.006890E-2,7.847710E-1
62.373378,7.838052E-1,-1.898266E-2,7.840350E-1
62.733464,7.834037E-1,-1.838406E-2,7.836194E-1
63.095628,7.830017E-1,-1.778607E-2,7.832037E-1
63.459883,7.824029E-1,-1.736138E-2,7.825955E-1
63.826240,7.818047E-1,-1.693734E-2,7.819881E-1
64.194713,7.811409E-1,-1.655418E-2,7.813163E-1
64.565313,7.804772E-1,-1.617167E-2,7.806447E-1
64.938053,7.791790E-1,-1.586599E-2,7.793405E-1
65.312944,7.778827E-1,-1.556129E-2,7.780383E-1
65.690000,7.764121E-1,-1.486478E-2,7.765544E-1
66.069232,7.749439E-1,-1.417086E-2,7.750735E-1
66.450654,7.740244E-1,-1.433306E-2,7.741571E-1
66.834277,7.731062E-1,-1.449484E-2,7.732421E-1
67.220116,7.709228E-1,-1.402530E-2,7.710504E-1
67.608181,7.687451E-1,-1.355831E-2,7.688647E-1
67.998488,7.665356E-1,-1.408313E-2,7.666650E-1
68.391047,7.643322E-1,-1.460481E-2,7.644717E-1
68.785873,7.618156E-1,-1.501937E-2,7.619636E-1
69.182978,7.593070E-1,-1.543104E-2,7.594638E-1
69.582375,7.577981E-1,-1.516058E-2,7.579497E-1
69.984078,7.562920E-1,-1.489114E-2,7.564386E-1
70.388101,7.554365E-1,-1.492892E-2,7.555840E-1
70.794455,7.545820E-1,-1.496660E-2,7.547304E-1
71.203156,7.558297E-1,-1.567766E-2,7.559923E-1
71.614216,7.570785E-1,-1.639105E-2,7.572559E-1
72.027650,7.517057E-1,-1.558789E-2,7.518673E-1
72.443470,7.463711E-1,-1.479534E-2,7.465177E-1
72.861690,7.780460E-1,-1.179112E-1,7.869299E-1
73.282325,7.969974E-1,-2.300314E-1,8.295296E-1
73.705388,7.728070E-1,-1.286117E-1,7.834358E-1
74.130894,7.390209E-1,-3.611790E-2,7.399030E-1
74.558856,7.344779E-1,-3.815321E-2,7.354682E-1
74.989289,7.299560E-1,-4.016245E-2,7.310600E-1
75.422207,7.165032E-1,-3.962355E-2,7.175980E-1
75.857624,7.032987E-1,-3.909086E-2,7.043842E-1
76.295554,6.960874E-1,-3.679308E-2,6.970591E-1
76.736013,6.889447E-1,-3.453857E-2,6.898099E-1
77.179015,6.787344E-1,-3.186085E-2,6.794818E-1
77.624574,6.686681E-1,-2.925525E-2,6.693078E-1
78.072705,6.593181E-1,-1.936566E-2,6.596024E-1
78.523424,6.499644E-1,-9.752801E-3,6.500376E-1
78.976744,6.450513E-1,-4.517249E-3,6.450671E-1
79.432682,6.401347E-1,6.390935E-4,6.401350E-1
79.891252,6.366321E-1,6.522690E-3,6.366655E-1
80.352469,6.330942E-1,1.234193E-2,6.332145E-1
80.816348,6.316667E-1,1.400534E-2,6.318219E-1
81.282906,6.302379E-1,1.566127E-2,6.304325E-1
81.752157,6.249991E-1,1.817731E-2,6.252634E-1
82.224117,6.197930E-1,2.065073E-2,6.201369E-1
82.698802,6.121527E-1,2.137421E-2,6.125257E-1
83.176227,6.046046E-1,2.207677E-2,6.050075E-1
83.656409,5.984014E-1,2.450696E-2,5.989030E-1
84.139362,5.922502E-1,2.688539E-2,5.928601E-1
84.625104,5.844327E-1,3.100886E-2,5.852548E-1
85.113650,5.766846E-1,3.502033E-2,5.777470E-1
85.605016,5.718244E-1,3.806955E-2,5.730903E-1
86.099219,5.669859E-1,4.106607E-2,5.684711E-1
86.596275,5.592984E-1,4.468661E-2,5.610807E-1
87.096201,5.516840E-1,4.820361E-2,5.537859E-1
87.599012,5.453576E-1,5.061778E-2,5.477016E-1
88.104727,5.390879E-1,5.297161E-2,5.416842E-1
88.613361,5.291041E-1,5.948236E-2,5.324371E-1
89.124931,5.192021E-1,6.574391E-2,5.233480E-1
89.639454,5.115002E-1,7.262065E-2,5.166297E-1
90.156948,5.037953E-1,7.929368E-2,5.099972E-1
90.677430,4.952306E-1,8.867817E-2,5.031075E-1
91.200916,4.865882E-1,9.775569E-2,4.963106E-1
91.727425,4.858095E-1,1.152940E-1,4.993031E-1
92.256973,4.844136E-1,1.329001E-1,5.023136E-1
92.789578,4.856746E-1,1.502654E-1,5.083891E-1
93.325258,4.863827E-1,1.678728E-1,5.145381E-1
93.864030,4.832248E-1,1.757060E-1,5.141778E-1
94.405913,4.799413E-1,1.834808E-1,5.138179E-1
94.950924,4.821444E-1,1.949933E-1,5.200823E-1
95.499081,4.841507E-1,2.066868E-1,5.264232E-1
96.050403,4.929608E-1,2.174626E-1,5.387953E-1
96.604908,5.018452E-1,2.285990E-1,5.514582E-1
97.162614,4.998726E-1,2.294814E-1,5.500312E-1
97.723540,4.979027E-1,2.303557E-1,5.486081E-1
98.287704,4.908019E-1,2.344820E-1,5.439378E-1
98.855125,4.837114E-1,2.384861E-1,5.393073E-1
99.425821,4.754649E-1,2.446245E-1,5.347037E-1
99.999813,4.671859E-1,2.505693E-1,5.301393E-1
100.577118,4.722793E-1,2.536134E-1,5.360667E-1
101.157755,4.774279E-1,2.566941E-1,5.420602E-1
101.741745,4.906749E-1,2.598447E-1,5.552307E-1
102.329106,5.042640E-1,2.629862E-1,5.687213E-1
102.919859,5.008536E-1,2.570078E-1,5.629452E-1
103.514021,4.974392E-1,2.511125E-1,5.572282E-1
104.111614,4.927577E-1,2.389028E-1,5.476173E-1
104.712657,4.879649E-1,2.269793E-1,5.381722E-1
105.317169,4.809136E-1,2.252451E-1,5.310492E-1
105.925171,4.739599E-1,2.235157E-1,5.240203E-1
106.536684,4.618610E-1,2.202499E-1,5.116890E-1
107.151727,4.500608E-1,2.170102E-1,4.996480E-1
107.770320,4.313286E-1,2.128788E-1,4.810008E-1
108.392485,4.133328E-1,2.087360E-1,4.630494E-1
109.018241,3.966324E-1,2.050355E-1,4.464939E-1
109.647610,3.805636E-1,2.013151E-1,4.305304E-1
110.280612,3.545973E-1,2.020750E-1,4.081342E-1
110.917269,3.299713E-1,2.020222E-1,3.869031E-1
111.557601,3.054517E-1,1.953813E-1,3.625943E-1
112.201630,2.825996E-1,1.887064E-1,3.398127E-1
112.849377,2.467207E-1,1.937949E-1,3.137317E-1
113.500863,2.133321E-1,1.959285E-1,2.896525E-1
114.156110,1.812803E-1,2.046377E-1,2.733846E-1
114.815141,1.503440E-1,2.097054E-1,2.580304E-1
115.477975,9.698533E-2,2.426043E-1,2.612719E-1
116.144637,3.655361E-2,2.620167E-1,2.645542E-1
116.815147,-9.470904E-3,2.825366E-1,2.826953E-1
117.489528,-6.168031E-2,2.957161E-1,3.020802E-1
118.167802,-1.242161E-1,3.515856E-1,3.728835E-1
118.849992,-2.099299E-1,4.096203E-1,4.602818E-1
119.536120,-2.408991E-1,5.124344E-1,5.662344E-1
120.226209,-2.746566E-1,6.401423E-1,6.965762E-1
120.920282,-1.386050E-1,9.890834E-1,9.987479E-1
121.618363,1.811540E-1,1.420495E+0,1.432000E+0
122.320473,5.490125E-1,1.070119E+0,1.202734E+0
123.026636,7.394138E-1,6.882721E-1,1.010174E+0
123.736876,5.824972E-1,5.131620E-1,7.762978E-1
124.451217,4.582697E-1,3.819466E-1,5.965688E-1
125.169681,3.231034E-1,3.614364E-1,4.848011E-1
125.892294,2.168713E-1,3.289101E-1,3.939734E-1
126.619077,1.306655E-1,3.343473E-1,3.589730E-1
127.350057,5.281537E-2,3.227896E-1,3.270819E-1
128.085257,-3.773933E-2,3.262040E-1,3.283798E-1
128.824701,-1.261172E-1,3.046069E-1,3.296830E-1
129.568413,-2.038383E-1,3.219934E-1,3.810903E-1
130.316420,-2.957914E-1,3.264346E-1,4.405135E-1
131.068744,-3.930420E-1,3.476480E-1,5.247296E-1
131.825412,-5.109638E-1,3.599976E-1,6.250458E-1
132.586448,-6.199306E-1,3.942464E-1,7.346728E-1
133.351878,-7.497710E-1,4.283965E-1,8.635277E-1
134.121726,-8.629304E-1,4.931026E-1,9.938808E-1
134.896019,-9.931692E-1,5.675820E-1,1.143912E+0
135.674782,-1.117454E+0,6.827215E-1,1.309508E+0
136.458041,-1.255815E+0,8.186341E-1,1.499077E+0
137.245821,-1.370421E+0,1.024271E+0,1.710902E+0
138.038150,-1.485907E+0,1.266866E+0,1.952657E+0
138.835052,-1.202754E+0,1.428624E+0,1.867507E+0
139.636556,-9.102124E-1,1.536739E+0,1.786072E+0
140.442686,-9.304594E-1,1.466323E+0,1.736623E+0
141.253470,-9.480361E-1,1.397284E+0,1.688542E+0
142.068935,-1.077613E+0,1.376901E+0,1.748458E+0
142.889108,-1.210045E+0,1.346737E+0,1.810500E+0
143.714015,-1.434903E+0,1.396421E+0,2.002233E+0
144.543685,-1.686696E+0,1.434593E+0,2.214272E+0
145.378144,-1.884767E+0,1.647484E+0,2.503308E+0
146.217421,-2.105418E+0,1.891170E+0,2.830072E+0
147.061543,-2.409343E+0,2.169769E+0,3.242350E+0
147.910538,-2.757134E+0,2.489401E+0,3.714688E+0
148.764435,-3.005507E+0,2.983157E+0,4.234654E+0
149.623261,-3.261742E+0,3.558772E+0,4.827403E+0
150.487045,-3.563928E+0,4.313436E+0,5.595294E+0
151.355816,-3.868834E+0,5.204965E+0,6.485332E+0
152.229602,-4.855956E+0,6.137687E+0,7.826334E+0
153.108433,-6.080565E+0,7.226871E+0,9.444625E+0
153.992337,-6.240661E+0,9.253473E+0,1.116121E+1
154.881344,-6.175105E+0,1.165498E+1,1.318979E+1
155.775484,-4.293893E+0,1.450071E+1,1.512310E+1
156.674785,-1.533561E+0,1.727183E+1,1.733978E+1
157.579278,2.908304E+0,1.750795E+1,1.774786E+1
158.488993,7.370313E+0,1.660316E+1,1.816553E+1
159.403960,9.518343E+0,1.395694E+1,1.689364E+1
160.324208,1.104103E+1,1.117698E+1,1.571080E+1
161.249770,1.125836E+1,9.069113E+0,1.445681E+1
162.180674,1.123756E+1,7.119317E+0,1.330291E+1
163.116953,1.104639E+1,5.960464E+0,1.255189E+1
164.058637,1.079009E+1,4.882304E+0,1.184327E+1
165.005758,1.053819E+1,4.159307E+0,1.132931E+1
165.958346,1.026364E+1,3.480315E+0,1.083766E+1
166.916434,1.057243E+1,3.240798E+0,1.105799E+1
167.880052,1.088015E+1,2.987230E+0,1.128278E+1
168.849234,1.137868E+1,3.495909E+0,1.190360E+1
169.824011,1.188826E+1,4.048177E+0,1.255860E+1
170.804415,1.801448E+1,2.959236E+0,1.825592E+1
171.790479,2.653778E+1,-6.826486E-2,2.653787E+1
172.782236,1.403864E+1,-1.430986E+1,2.004633E+1
173.779719,-2.507755E-1,-1.514065E+1,1.514273E+1
174.782960,-2.655014E+0,-1.051457E+1,1.084460E+1
175.791992,-3.573383E+0,-6.895551E+0,7.766446E+0
176.806850,-2.123531E+0,-4.741511E+0,5.195316E+0
177.827567,-1.237387E+0,-3.247629E+0,3.475373E+0
178.854176,-1.257040E-1,-2.178903E+0,2.182526E+0
179.886712,3.374718E-1,-1.328425E+0,1.370620E+0
180.925209,7.083617E-1,-9.932917E-1,1.220002E+0
181.969701,9.079963E-1,-5.956494E-1,1.085935E+0
183.020223,9.955769E-1,-5.633131E-1,1.143895E+0
184.076810,1.085397E+0,-5.232703E-1,1.204947E+0
185.139497,1.052512E+0,-3.814210E-1,1.119493E+0
186.208318,1.008755E+0,-2.534079E-1,1.040097E+0
187.283310,9.411374E-1,-1.546335E-1,9.537563E-1
188.364508,8.718141E-1,-6.952943E-2,8.745823E-1
189.451948,8.107689E-1,-6.441933E-3,8.107945E-1
190.545665,7.501348E-1,4.784346E-2,7.516590E-1
191.645697,3.924255E-1,3.933082E-2,3.943915E-1
192.752079,2.050218E-1,2.807478E-2,2.069351E-1
193.864849,-7.195421E-2,5.771900E-1,5.816577E-1
194.984042,-1.624701E+0,-1.826593E-1,1.634937E+0
196.109697,-2.608254E+0,4.493369E-1,2.646676E+0
197.241850,-3.852064E+0,1.875784E+0,4.284503E+0
198.380539,-5.714141E+0,5.071195E+0,7.639923E+0
199.525802,-7.377204E+0,1.145281E+1,1.362314E+1
200.677677,2.997662E-1,1.803598E+1,1.803847E+1
201.836201,1.359419E+1,1.963877E+1,2.388479E+1
203.001414,1.616951E+1,6.252282E+0,1.733621E+1
204.173353,1.225917E+1,-2.836668E+0,1.258308E+1
205.352059,1.048092E+1,-1.163668E+0,1.054532E+1
206.537568,8.837389E+0,5.515107E-2,8.837561E+0
207.729922,7.997153E+0,-2.185670E-1,8.000139E+0
208.929160,7.228648E+0,-4.406839E-1,7.242068E+0
210.135321,6.868968E+0,-5.801753E-1,6.893426E+0
211.348445,6.523591E+0,-7.049133E-1,6.561566E+0
212.568572,6.230401E+0,-6.334287E-1,6.262518E+0
213.795743,5.950147E+0,-5.669717E-1,5.977098E+0
215.029999,5.802007E+0,-5.932652E-1,5.832259E+0
216.271380,5.657283E+0,-6.179241E-1,5.690930E+0
217.519928,5.628043E+0,-6.568541E-1,5.666244E+0
218.775684,5.598641E+0,-6.953989E-1,5.641663E+0
220.038689,5.556712E+0,-7.069365E-1,5.601500E+0
221.308986,5.515048E+0,-7.182683E-1,5.561624E+0
222.586616,5.536809E+0,-8.415812E-1,5.600403E+0
223.871622,5.556071E+0,-9.661926E-1,5.639455E+0
225.164046,5.574311E+0,-1.110061E+0,5.683764E+0
226.463932,5.589152E+0,-1.255465E+0,5.728421E+0
227.771322,5.633937E+0,-1.414408E+0,5.808769E+0
229.086260,5.675303E+0,-1.576666E+0,5.890241E+0
230.408789,5.745782E+0,-1.878423E+0,6.045038E+0
231.738953,5.804111E+0,-2.191050E+0,6.203902E+0
233.076796,5.888583E+0,-2.784818E+0,6.513879E+0
234.422362,5.926682E+0,-3.413376E+0,6.839349E+0
235.775697,5.331885E+0,-4.419829E+0,6.925596E+0
237.136844,4.566205E+0,-5.322686E+0,7.012932E+0
238.505849,2.904451E+0,-4.752402E+0,5.569664E+0
239.882758,1.674012E+0,-4.094426E+0,4.423420E+0
241.267616,1.733526E+0,-2.808428E+0,3.300361E+0
242.660469,1.619822E+0,-1.854659E+0,2.462434E+0
244.061362,1.965223E+0,-1.440143E+0,2.436414E+0
245.470343,2.209007E+0,-9.651968E-1,2.410667E+0
246.887458,2.416686E+0,-7.863551E-1,2.541402E+0
248.312755,2.616265E+0,-5.774261E-1,2.679228E+0
249.746279,2.818553E+0,-5.701729E-1,2.875646E+0
251.188080,3.035502E+0,-5.585629E-1,3.086465E+0
252.638204,3.144070E+0,-5.371043E-1,3.189617E+0
254.096699,3.255976E+0,-5.134970E-1,3.296219E+0
255.563615,3.377298E+0,-5.401462E-1,3.420219E+0
257.038999,3.503123E+0,-5.680718E-1,3.548884E+0
258.522901,3.671064E+0,-7.023796E-1,3.737653E+0
260.015369,3.843866E+0,-8.487758E-1,3.936461E+0
261.516454,3.833271E+0,-9.188105E-1,3.941850E+0
263.026204,3.821405E+0,-9.887399E-1,3.947245E+0
264.544671,3.979807E+0,-1.097700E+0,4.128415E+0
266.071903,4.143640E+0,-1.214288E+0,4.317899E+0
267.607952,4.027125E+0,-1.685161E+0,4.365490E+0
269.152869,3.857205E+0,-2.145203E+0,4.413607E+0
270.706705,3.175445E+0,-2.256325E+0,3.895440E+0
272.269511,2.566589E+0,-2.287621E+0,3.438108E+0
273.841340,2.570000E+0,-1.867590E+0,3.176916E+0
275.422242,2.534553E+0,-1.481078E+0,2.935567E+0
277.012272,2.697677E+0,-1.229232E+0,2.964536E+0
278.611480,2.835850E+0,-9.595465E-1,2.993789E+0
280.219921,3.013611E+0,-8.296221E-1,3.125720E+0
281.837648,3.191083E+0,-6.835073E-1,3.263463E+0
283.464714,3.285370E+0,-6.647676E-1,3.351950E+0
285.101173,3.381989E+0,-6.444212E-1,3.442837E+0
286.747079,3.509270E+0,-6.436752E-1,3.567814E+0
288.402487,3.641163E+0,-6.419939E-1,3.697327E+0
290.067453,3.746042E+0,-6.795932E-1,3.807188E+0
291.742030,3.853843E+0,-7.188429E-1,3.920311E+0
293.426274,3.967437E+0,-7.592031E-1,4.039424E+0
295.120242,4.084287E+0,-8.013352E-1,4.162155E+0
296.823989,4.191133E+0,-8.470241E-1,4.275868E+0
298.537572,4.300630E+0,-8.945834E-1,4.392687E+0
300.261047,4.416331E+0,-9.622859E-1,4.519953E+0
301.994472,4.534722E+0,-1.033072E+0,4.650908E+0
303.737905,4.679269E+0,-1.126442E+0,4.812944E+0
305.491402,4.827659E+0,-1.224890E+0,4.980627E+0
307.255023,4.972798E+0,-1.352318E+0,5.153395E+0
309.028824,5.120704E+0,-1.486707E+0,5.332158E+0
310.812867,5.253037E+0,-1.559286E+0,5.479578E+0
312.607208,5.388581E+0,-1.634685E+0,5.631075E+0
314.411909,5.544553E+0,-1.823760E+0,5.836794E+0
316.227028,5.701627E+0,-2.023448E+0,6.050032E+0
318.052625,5.661551E+0,-2.083457E+0,6.032740E+0
319.888762,5.620900E+0,-2.142828E+0,6.015499E+0
321.735500,5.633746E+0,-1.962041E+0,5.965626E+0
323.592898,5.641265E+0,-1.782458E+0,5.916167E+0
325.461020,5.803393E+0,-1.215474E+0,5.929313E+0
327.339926,5.908582E+0,-6.338915E-1,5.942488E+0
329.229679,6.607551E+0,4.586709E-1,6.623451E+0
331.130342,7.161118E+0,1.794128E+0,7.382446E+0
333.041978,8.719934E+0,5.101176E-1,8.734842E+0
334.964649,1.024962E+1,-1.325597E+0,1.033499E+1
336.898420,8.747267E+0,1.427315E+0,8.862951E+0
338.843355,6.836926E+0,3.320440E+0,7.600584E+0
340.799519,4.122285E+0,5.902440E+0,7.199447E+0
342.766975,6.850520E-1,6.784987E+0,6.819483E+0
344.745790,-1.920994E+0,5.781518E+0,6.092304E+0
346.736028,-3.678760E+0,4.011151E+0,5.442665E+0
348.737756,-4.117661E+0,3.093361E+0,5.150147E+0
350.751040,-4.366784E+0,2.163498E+0,4.873349E+0
352.775947,-3.895916E+0,2.061762E+0,4.407837E+0
354.812544,-3.472642E+0,1.958386E+0,3.986793E+0
356.860899,-3.151097E+0,1.221491E+0,3.379564E+0
358.921078,-2.791892E+0,6.422978E-1,2.864822E+0
360.993151,-2.632329E+0,4.138802E-1,2.664667E+0
363.077187,-2.469385E+0,2.123496E-1,2.478498E+0
365.173253,-2.242552E+0,1.187770E-1,2.245695E+0
367.281421,-2.034351E+0,4.079332E-2,2.034760E+0
369.401759,-1.894748E+0,1.819901E-2,1.894835E+0
371.534338,-1.764531E+0,-1.482440E-3,1.764532E+0
373.679228,-1.634146E+0,-1.771699E-2,1.634242E+0
375.836501,-1.513244E+0,-3.154416E-2,1.513573E+0
378.006228,-1.382051E+0,-6.537648E-2,1.383596E+0
380.188480,-1.261349E+0,-9.312402E-2,1.264782E+0
382.383332,-1.094754E+0,-1.175837E-1,1.101051E+0
384.590854,-9.490975E-1,-1.340365E-1,9.585154E-1
386.811120,-7.816659E-1,-2.009521E-1,8.070832E-1
389.044204,-6.352989E-1,-2.412833E-1,6.795751E-1
391.290180,-4.767805E-1,-2.771848E-1,5.514989E-1
393.549122,-3.451092E-1,-2.849738E-1,4.475605E-1
395.821105,-1.057501E-1,-3.920202E-1,4.060332E-1
398.106204,1.275474E-1,-3.455722E-1,3.683592E-1
400.404495,3.619786E-1,-4.454893E-1,5.740115E-1
402.716055,7.579971E-1,-4.749022E-1,8.944785E-1
405.040959,1.219817E+0,-6.996576E-1,1.406227E+0
407.379285,1.959056E+0,-1.024475E+0,2.210758E+0
409.731111,1.438950E+0,-1.569726E+0,2.129464E+0
412.096513,7.892183E-1,-1.893248E+0,2.051159E+0
414.475571,9.082380E-1,-1.726424E+0,1.950753E+0
416.868364,1.006824E+0,-1.558301E+0,1.855262E+0
419.274970,1.595113E+0,-2.083414E+0,2.623928E+0
421.695470,2.483691E+0,-2.757406E+0,3.711066E+0
424.129944,2.095644E+0,-3.989548E+0,4.506464E+0
426.578472,1.269498E+0,-5.323052E+0,5.472340E+0
429.041135,-3.956915E-1,-5.901820E+0,5.915070E+0
431.518015,-2.300152E+0,-5.965535E+0,6.393615E+0
434.009195,-3.930206E+0,-3.897907E+0,5.535359E+0
436.514757,-4.485522E+0,-1.687116E+0,4.792313E+0
439.034783,-4.167058E+0,-7.627040E-1,4.236283E+0
441.569357,-3.744752E+0,-8.611286E-3,3.744762E+0
444.118564,-3.145421E+0,1.268486E+0,3.391567E+0
446.682487,-2.207414E+0,2.136015E+0,3.071683E+0
449.261212,-7.094039E-1,1.058470E+0,1.274211E+0
451.854825,-1.956058E-1,4.910491E-1,5.285744E-1
454.463410,6.927074E-2,1.636476E-1,1.777047E-1
457.087055,5.523761E-2,2.276215E-2,5.974369E-2
459.725846,1.505321E-1,-2.479229E-2,1.525601E-1
462.379871,2.935663E-1,-2.560984E-1,3.895736E-1
465.049218,4.249875E-1,-3.616458E-1,5.580341E-1
467.733976,6.150823E-1,-5.105094E-1,7.993410E-1
470.434232,7.343570E-1,-8.658110E-1,1.135301E+0
473.150078,8.135220E-1,-1.392201E+0,1.612464E+0
475.881602,3.319872E-1,-1.368664E+0,1.408352E+0
478.628895,-6.503160E-2,-1.228356E+0,1.230076E+0
481.392049,4.948276E-1,-1.211815E+0,1.308950E+0
484.171154,1.026190E+0,-9.418334E-1,1.392880E+0
486.966304,1.384361E+0,-1.401826E+0,1.970170E+0
489.777590,1.858428E+0,-2.076551E+0,2.786722E+0
492.605106,2.001212E+0,-2.701483E+0,3.361973E+0
495.448945,2.103136E+0,-3.468100E+0,4.055971E+0
498.309202,2.113086E+0,-4.751853E+0,5.200504E+0
501.185971,1.917747E+0,-6.386279E+0,6.668007E+0
504.079348,-2.673970E+0,-6.853387E+0,7.356564E+0
506.989429,-6.981843E+0,-4.138467E+0,8.116221E+0
509.916309,-5.198051E+0,-3.313694E+0,6.164439E+0
512.860087,-3.864267E+0,-2.643623E+0,4.682019E+0
515.820860,-3.338555E+0,-2.428027E+0,4.128107E+0
518.798725,-2.880704E+0,-2.224667E+0,3.639725E+0
521.793781,-3.331663E+0,-2.799956E+0,4.351980E+0
524.806128,-3.842004E+0,-3.509498E+0,5.203611E+0
527.835866,-4.289351E+0,-3.077444E+0,5.279128E+0
530.883094,-4.688502E+0,-2.588797E+0,5.355737E+0
533.947915,-4.952191E+0,-2.985079E+0,5.782291E+0
537.030429,-5.220439E+0,-3.423421E+0,6.242819E+0
540.130738,-6.639386E+0,-3.546275E+0,7.527118E+0
543.248945,-8.356634E+0,-3.540294E+0,9.075627E+0
546.385154,-1.269438E+1,1.573325E+0,1.279151E+1
549.539469,-1.438132E+1,1.087266E+1,1.802879E+1
552.711994,-4.020892E+0,1.023832E+1,1.099958E+1
555.902834,1.168456E+0,6.608479E+0,6.710982E+0
559.112094,1.450472E+0,5.729690E+0,5.910433E+0
562.339883,1.641784E+0,4.939687E+0,5.205378E+0
565.586305,2.819790E+0,3.281943E+0,4.326935E+0
568.851469,3.203351E+0,1.635557E+0,3.596735E+0
572.135483,2.350139E+0,9.396857E-1,2.531040E+0
575.438456,1.707412E+0,5.070378E-1,1.781107E+0
578.760497,1.305352E+0,2.419891E-1,1.327593E+0
582.101716,9.865514E-1,7.704251E-2,9.895551E-1
585.462225,5.899514E-1,9.149499E-2,5.970042E-1
588.842134,3.507087E-1,8.203907E-2,3.601763E-1
592.241555,3.320827E-1,1.094541E-1,3.496557E-1
595.660602,3.117170E-1,1.343640E-1,3.394424E-1
599.099386,2.270899E-1,8.074771E-2,2.410187E-1
602.558024,1.646433E-1,4.668281E-2,1.711336E-1
606.036628,9.168278E-2,3.914069E-2,9.968814E-2
609.535314,5.008280E-2,2.939109E-2,5.806998E-2
613.054198,1.548623E-2,5.397531E-2,5.615298E-2
616.593397,-2.513618E-2,4.813088E-2,5.429926E-2
620.153028,-4.708809E-2,4.741491E-2,6.682411E-2
623.733209,-7.263075E-2,3.857284E-2,8.223801E-2
627.334059,-1.286708E-1,-3.202812E-2,1.325970E-1
630.955697,-1.197766E-1,-1.770914E-1,2.137938E-1
634.598242,-3.126834E-1,-2.987948E-1,4.324919E-1
638.261816,-7.462152E-1,-4.567499E-1,8.749043E-1
641.946541,-6.014420E-1,8.510746E-1,1.042142E+0
645.652537,9.643496E-1,7.816471E-1,1.241347E+0
649.379928,5.344149E-1,3.614091E-1,6.451479E-1
653.128838,2.929351E-1,1.631286E-1,3.352938E-1
656.899390,2.060136E-1,1.164807E-1,2.366630E-1
660.691710,1.448760E-1,8.315761E-2,1.670456E-1
664.505924,1.368771E-1,1.038798E-1,1.718323E-1
668.342157,1.259931E-1,1.239700E-1,1.767564E-1
672.200537,1.399976E-1,8.064713E-2,1.615651E-1
676.081191,1.424094E-1,3.910003E-2,1.476796E-1
679.984249,1.300502E-1,1.231517E-2,1.306320E-1
683.909839,1.151906E-1,-9.134060E-3,1.155522E-1
687.858092,1.102579E-1,-2.449058E-2,1.129451E-1
691.829139,1.033970E-1,-3.868481E-2,1.103968E-1
695.823110,1.138453E-1,-5.608348E-2,1.269098E-1
699.840139,1.238056E-1,-7.718094E-2,1.458929E-1
703.880359,1.248127E-1,-1.045731E-1,1.628304E-1
707.943903,1.216613E-1,-1.350032E-1,1.817342E-1
712.030906,9.368117E-2,-1.799082E-1,2.028377E-1
716.141504,5.088522E-2,-2.205991E-1,2.263918E-1
720.275832,-1.762949E-2,-2.211021E-1,2.218038E-1
724.434028,-8.178048E-2,-2.013331E-1,2.173087E-1
728.616230,-1.325909E-1,-1.535618E-1,2.028832E-1
732.822575,-1.632230E-1,-9.610613E-2,1.894152E-1
737.053205,-1.487681E-1,-2.687063E-2,1.511753E-1
741.308258,-1.188178E-1,2.097816E-2,1.206555E-1
745.587875,-6.676508E-2,4.805709E-2,8.226214E-2
749.892199,-2.677957E-2,4.927952E-2,5.608580E-2
754.221372,-1.093868E-2,4.058624E-2,4.203448E-2
758.575538,-9.054203E-4,3.149047E-2,3.150348E-2
762.954841,6.302862E-3,1.508591E-2,1.634964E-2
767.359425,6.205318E-3,5.787159E-3,8.485115E-3
771.789438,1.906968E-2,-8.090740E-3,2.071504E-2
776.245025,8.972964E-4,-5.056446E-2,5.057242E-2
780.726335,-3.642435E-2,-4.022791E-2,5.426802E-2
785.233515,-5.804076E-2,-4.736074E-3,5.823367E-2
789.766716,-6.913705E-2,-4.418698E-3,6.927811E-2
794.326087,-8.232920E-2,-3.808939E-3,8.241726E-2
798.911780,-7.941778E-2,5.254697E-2,9.522798E-2
803.523946,-3.829873E-2,1.031494E-1,1.100300E-1
808.162739,-1.501119E-3,9.489904E-2,9.491091E-2
812.828311,2.605499E-2,7.761265E-2,8.186932E-2
817.520818,3.417844E-2,5.592894E-2,6.554550E-2
822.240416,3.665128E-2,3.755613E-2,5.247646E-2
826.987259,3.426697E-2,2.557773E-2,4.276033E-2
831.761507,3.082768E-2,1.623885E-2,3.484316E-2
836.563317,2.507595E-2,1.204241E-2,2.781767E-2
841.392847,2.036279E-2,8.864811E-3,2.220874E-2
846.250259,2.710999E-2,1.054629E-2,2.908910E-2
851.135714,3.602777E-2,1.239713E-2,3.810104E-2
856.049372,2.914670E-2,8.154919E-3,3.026603E-2
860.991397,2.349266E-2,5.110954E-3,2.404219E-2
865.961952,3.097836E-2,1.470333E-2,3.429062E-2
870.961203,3.827164E-2,3.045059E-2,4.890764E-2
875.989315,3.986681E-2,1.983113E-2,4.452680E-2
881.046454,3.926698E-2,1.007287E-2,4.053836E-2
886.132789,4.025672E-2,9.226700E-3,4.130055E-2
891.248487,4.124249E-2,8.338893E-3,4.207707E-2
896.393719,4.024816E-2,1.173119E-2,4.192297E-2
901.568654,3.897706E-2,1.501588E-2,4.176946E-2
906.773465,3.643044E-2,1.428983E-2,3.913280E-2
912.008323,3.404877E-2,1.359513E-2,3.666260E-2
917.273403,2.858828E-2,1.826525E-2,3.392505E-2
922.568878,2.281475E-2,2.156245E-2,3.139191E-2
927.894924,5.144906E-3,4.509454E-2,4.538709E-2
933.251717,-3.631326E-2,5.465841E-2,6.562160E-2
938.639436,-1.393501E-1,1.269207E-2,1.399269E-1
944.058259,-2.072921E-1,-2.146042E-1,2.983705E-1
949.508364,-9.217174E-2,-1.105842E-1,1.439600E-1
954.989934,-4.044863E-2,-5.646636E-2,6.945892E-2
960.503149,-2.608399E-2,-3.690729E-2,4.519428E-2
966.048192,-1.681865E-2,-2.412172E-2,2.940620E-2
971.625246,-1.928409E-3,-2.281899E-2,2.290033E-2
977.234498,7.600239E-3,-1.613324E-2,1.783382E-2
982.876132,1.380891E-2,-3.277520E-2,3.556543E-2
988.550335,2.480296E-2,-6.644897E-2,7.092709E-2
994.257297,-4.062774E-2,-6.084954E-2,7.316611E-2
999.997204,-7.542653E-2,-2.727700E-3,7.547584E-2
