#I+1.668000E+03
+1.000000E+00
+8.010000E+02
+8.010000E+02
+1.000000E+01
+2.000000E+00
+3.000000E+00
+0.000000E+00
+1.000000E+00
+2.000000E+00
+5.000000E+00
+1.000000E+00
+2.497000E+03
-1.092400E+04
+2.025600E+04
-1.299100E+04
-1.119200E+04
+0.000000E+00
+0.000000E+00
+0.000000E+00
+0.000000E+00
+0.000000E+00
+0.000000E+00
+0.000000E+00
+0.000000E+00
+0.000000E+00
+0.000000E+00
+0.000000E+00
+0.000000E+00
+0.000000E+00
+0.000000E+00
+0.000000E+00
+0.000000E+00
+0.000000E+00
+0.000000E+00
+0.000000E+00
+1.000000E+00
+1.000000E+00
+1.000000E+00
+0.000000E+00
+0.000000E+00
+1.000000E+00
+0.000000E+00
+1.000000E+00
+2.000000E+00
+3.000000E+00
+4.500000E+01
+4.500000E+01
+0.000000E+00
+0.000000E+00
+2.000000E+00
+0.000000E+00
+0.000000E+00
+0.000000E+00
+8.000000E+02
+0.000000E+00
+2.499999E-03
+3.981076E+00
+0.000000E+00
+0.000000E+00
+0.000000E+00
+1.000000E+00
+1.000000E+00
+0.000000E+00
+0.000000E+00
+9.9999904632568339E+00
+9.9999904632568339E+00
+2.338225E+00
+6.450168E-01
+2.348079E+00
+6.087964E-01
+2.357373E+00
+5.724252E-01
+2.366103E+00
+5.359126E-01
+2.374268E+00
+4.992667E-01
+2.381865E+00
+4.624965E-01
+2.388893E+00
+4.256106E-01
+2.395349E+00
+3.886179E-01
+2.401230E+00
+3.515270E-01
+2.390959E+00
+3.274373E-01
+2.380524E+00
+3.035778E-01
+2.369928E+00
+2.799484E-01
+2.359173E+00
+2.565497E-01
+2.348264E+00
+2.333817E-01
+2.337203E+00
+2.104444E-01
+2.325993E+00
+1.877380E-01
+2.314633E+00
+1.652624E-01
+2.326733E+00
+1.407608E-01
+2.338621E+00
+1.160183E-01
+2.350291E+00
+9.103607E-02
+2.361741E+00
+6.581543E-02
+2.372967E+00
+4.035776E-02
+2.383965E+00
+1.466442E-02
+2.394732E+00
-1.126317E-02
+2.405262E+00
-3.742347E-02
+2.380815E+00
-5.014790E-02
+2.356544E+00
-6.261094E-02
+2.332450E+00
-7.481612E-02
+2.308532E+00
-8.676706E-02
+2.284791E+00
-9.846725E-02
+2.261226E+00
-1.099202E-01
+2.237835E+00
-1.211293E-01
+2.214620E+00
-1.320981E-01
+2.232980E+00
-1.449459E-01
+2.251429E+00
-1.580013E-01
+2.269968E+00
-1.712666E-01
+2.288597E+00
-1.847442E-01
+2.307314E+00
-1.984362E-01
+2.326120E+00
-2.123451E-01
+2.345015E+00
-2.264730E-01
+2.363997E+00
-2.408224E-01
+2.361316E+00
-2.369534E-01
+2.358634E+00
-2.330935E-01
+2.355948E+00
-2.292425E-01
+2.353260E+00
-2.254005E-01
+2.350569E+00
-2.215675E-01
+2.347876E+00
-2.177435E-01
+2.345181E+00
-2.139284E-01
+2.342488E+00
-2.101227E-01
+2.356150E+00
-2.165402E-01
+2.369879E+00
-2.230265E-01
+2.383679E+00
-2.295820E-01
+2.397546E+00
-2.362075E-01
+2.411482E+00
-2.429033E-01
+2.425488E+00
-2.496701E-01
+2.439562E+00
-2.565085E-01
+2.453707E+00
-2.634192E-01
+2.471026E+00
-2.709351E-01
+2.488454E+00
-2.785454E-01
+2.505992E+00
-2.862511E-01
+2.523642E+00
-2.940530E-01
+2.541401E+00
-3.019522E-01
+2.559274E+00
-3.099495E-01
+2.577258E+00
-3.180458E-01
+2.595356E+00
-3.262424E-01
+2.612533E+00
-3.790686E-01
+2.628849E+00
-4.327021E-01
+2.644282E+00
-4.871336E-01
+2.658808E+00
-5.423535E-01
+2.672404E+00
-5.983516E-01
+2.685047E+00
-6.551164E-01
+2.696713E+00
-7.126376E-01
+2.707379E+00
-7.709020E-01
+2.689095E+00
-8.150574E-01
+2.670104E+00
-8.588182E-01
+2.650410E+00
-9.021732E-01
+2.630024E+00
-9.451114E-01
+2.608954E+00
-9.876221E-01
+2.587207E+00
-1.029695E+00
+2.564794E+00
-1.071318E+00
+2.541725E+00
-1.112484E+00
+2.481275E+00
-1.202893E+00
+2.417754E+00
-1.290345E+00
+2.351295E+00
-1.374743E+00
+2.282039E+00
-1.455996E+00
+2.210124E+00
-1.534015E+00
+2.135695E+00
-1.608722E+00
+2.058896E+00
-1.680042E+00
+1.979875E+00
-1.747906E+00
+1.986504E+00
-1.658821E+00
+1.990597E+00
-1.571378E+00
+1.992250E+00
-1.485613E+00
+1.991558E+00
-1.401556E+00
+1.988615E+00
-1.319237E+00
+1.983514E+00
-1.238679E+00
+1.976346E+00
-1.159906E+00
+1.967203E+00
-1.082937E+00
+1.976223E+00
-1.082418E+00
+1.985274E+00
-1.081878E+00
+1.994353E+00
-1.081317E+00
+2.003463E+00
-1.080734E+00
+2.012601E+00
-1.080129E+00
+2.021771E+00
-1.079504E+00
+2.030970E+00
-1.078856E+00
+2.040202E+00
-1.078188E+00
+1.976175E+00
-1.128554E+00
+1.911441E+00
-1.176132E+00
+1.846100E+00
-1.220939E+00
+1.780249E+00
-1.262997E+00
+1.713986E+00
-1.302327E+00
+1.647404E+00
-1.338956E+00
+1.580595E+00
-1.372912E+00
+1.513646E+00
-1.404224E+00
+1.514469E+00
-1.314688E+00
+1.512398E+00
-1.227741E+00
+1.507599E+00
-1.143399E+00
+1.500237E+00
-1.061674E+00
+1.490468E+00
-9.825710E-01
+1.478450E+00
-9.060913E-01
+1.464329E+00
-8.322304E-01
+1.448253E+00
-7.609791E-01
+1.594027E+00
-8.947286E-01
+1.752706E+00
-1.048622E+00
+1.925177E+00
-1.225413E+00
+2.112341E+00
-1.428206E+00
+2.315116E+00
-1.660495E+00
+2.534413E+00
-1.926209E+00
+2.771128E+00
-2.229768E+00
+3.026135E+00
-2.576140E+00
+2.843704E+00
-2.537159E+00
+2.669676E+00
-2.495720E+00
+2.503763E+00
-2.452116E+00
+2.345676E+00
-2.406616E+00
+2.195134E+00
-2.359472E+00
+2.051860E+00
-2.310920E+00
+1.915590E+00
-2.261181E+00
+1.786053E+00
-2.210455E+00
+1.743119E+00
-2.375957E+00
+1.690644E+00
-2.545308E+00
+1.628103E+00
-2.718185E+00
+1.554962E+00
-2.894227E+00
+1.470691E+00
-3.073036E+00
+1.374757E+00
-3.254172E+00
+1.266630E+00
-3.437154E+00
+1.145786E+00
-3.621460E+00
+8.034316E-01
-3.374618E+00
+5.079697E-01
-3.127073E+00
+2.552674E-01
-2.881998E+00
+4.134845E-02
-2.642007E+00
-1.375818E-01
-2.409223E+00
-2.851203E-01
-2.185322E+00
-4.046549E-01
-1.971595E+00
-4.993563E-01
-1.768991E+00
-4.761519E-01
-1.636925E+00
-4.536583E-01
-1.514615E+00
-4.318957E-01
-1.401347E+00
-4.108779E-01
-1.296461E+00
-3.906124E-01
-1.199342E+00
-3.711020E-01
-1.109420E+00
-3.523449E-01
-1.026168E+00
-3.343359E-01
-9.490968E-01
-2.988632E-01
-8.991207E-01
-2.663048E-01
-8.514768E-01
-2.364506E-01
-8.060776E-01
-2.091051E-01
-7.628368E-01
-1.840849E-01
-7.216701E-01
-1.612193E-01
-6.824948E-01
-1.403487E-01
-6.452304E-01
-1.213243E-01
-6.097988E-01
-7.755063E-02
-5.776244E-01
-3.849674E-02
-5.449442E-01
-3.888085E-03
-5.120694E-01
+2.655054E-02
-4.792742E-01
+5.309277E-02
-4.467998E-01
+7.600878E-02
-4.148551E-01
+9.556369E-02
-3.836194E-01
+1.120160E-01
-3.532454E-01
+1.316539E-01
-3.437826E-01
+1.505773E-01
-3.332549E-01
+1.687302E-01
-3.217128E-01
+1.860598E-01
-3.092098E-01
+2.025172E-01
-2.958017E-01
+2.180568E-01
-2.815468E-01
+2.326370E-01
-2.665055E-01
+2.462197E-01
-2.507406E-01
+2.692800E-01
-2.476120E-01
+2.930880E-01
-2.431361E-01
+3.176021E-01
-2.372195E-01
+3.427735E-01
-2.297678E-01
+3.685469E-01
-2.206854E-01
+3.948597E-01
-2.098755E-01
+4.216415E-01
-1.972412E-01
+4.488146E-01
-1.826853E-01
+4.593601E-01
-1.858906E-01
+4.701510E-01
-1.891465E-01
+4.811932E-01
-1.924538E-01
+4.924924E-01
-1.958130E-01
+5.040544E-01
-1.992249E-01
+5.158855E-01
-2.026899E-01
+5.279916E-01
-2.062089E-01
+5.403798E-01
-2.097826E-01
+5.315190E-01
-2.040740E-01
+5.227948E-01
-1.984994E-01
+5.142063E-01
-1.930559E-01
+5.057505E-01
-1.877408E-01
+4.974260E-01
-1.825511E-01
+4.892309E-01
-1.774844E-01
+4.811633E-01
-1.725378E-01
+4.732215E-01
-1.677087E-01
+4.835059E-01
-1.588069E-01
+4.937181E-01
-1.495436E-01
+5.038489E-01
-1.399159E-01
+5.138884E-01
-1.299206E-01
+5.238269E-01
-1.195550E-01
+5.336543E-01
-1.088167E-01
+5.433603E-01
-9.770311E-02
+5.529343E-01
-8.621220E-02
+5.615853E-01
-8.315088E-02
+5.703371E-01
-7.997797E-02
+5.791908E-01
-7.669117E-02
+5.881466E-01
-7.328795E-02
+5.972050E-01
-6.976591E-02
+6.063667E-01
-6.612252E-02
+6.156324E-01
-6.235518E-02
+6.250027E-01
-5.846139E-02
+6.323987E-01
-5.706788E-02
+6.398753E-01
-5.563384E-02
+6.474334E-01
-5.415855E-02
+6.550740E-01
-5.264127E-02
+6.627973E-01
-5.108120E-02
+6.706046E-01
-4.947763E-02
+6.784965E-01
-4.782975E-02
+6.864735E-01
-4.613676E-02
+6.906711E-01
-4.550431E-02
+6.948934E-01
-4.486249E-02
+6.991399E-01
-4.421119E-02
+7.034117E-01
-4.355033E-02
+7.077080E-01
-4.287983E-02
+7.120293E-01
-4.219959E-02
+7.163757E-01
-4.150953E-02
+7.207485E-01
-4.080955E-02
+7.267169E-01
-3.810767E-02
+7.327224E-01
-3.535897E-02
+7.387644E-01
-3.256292E-02
+7.448433E-01
-2.971896E-02
+7.509593E-01
-2.682659E-02
+7.571121E-01
-2.388523E-02
+7.633020E-01
-2.089435E-02
+7.695299E-01
-1.785341E-02
+7.778128E-01
-1.674069E-02
+7.861827E-01
-1.560200E-02
+7.946401E-01
-1.443691E-02
+8.031863E-01
-1.324500E-02
+8.118225E-01
-1.202582E-02
+8.205489E-01
-1.077893E-02
+8.293668E-01
-9.503873E-03
+8.382779E-01
-8.200211E-03
+8.641890E-01
-1.672396E-02
+8.908197E-01
-2.576761E-02
+9.181870E-01
-3.535438E-02
+9.463082E-01
-4.550839E-02
+9.752010E-01
-5.625465E-02
+1.004884E+00
-6.761913E-02
+1.035375E+00
-7.962878E-02
+1.066694E+00
-9.231175E-02
+1.018152E+00
-1.252995E-01
+9.705327E-01
-1.552050E-01
+9.239028E-01
-1.821914E-01
+8.783210E-01
-2.064169E-01
+8.338390E-01
-2.280352E-01
+7.904998E-01
-2.471953E-01
+7.483400E-01
-2.640411E-01
+7.073885E-01
-2.787116E-01
+7.214214E-01
-2.498029E-01
+7.342812E-01
-2.202093E-01
+7.459353E-01
-1.899780E-01
+7.563533E-01
-1.591580E-01
+7.655061E-01
-1.277992E-01
+7.733670E-01
-9.595336E-02
+7.799114E-01
-6.367324E-02
+7.851168E-01
-3.101300E-02
+7.850927E-01
-3.405703E-02
+7.850569E-01
-3.710132E-02
+7.850092E-01
-4.014587E-02
+7.849499E-01
-4.319059E-02
+7.848786E-01
-4.623545E-02
+7.847956E-01
-4.928043E-02
+7.847005E-01
-5.232543E-02
+7.845939E-01
-5.537047E-02
+7.864476E-01
-5.313999E-02
+7.882985E-01
-5.089917E-02
+7.901467E-01
-4.864799E-02
+7.919921E-01
-4.638643E-02
+7.938346E-01
-4.411448E-02
+7.956742E-01
-4.183213E-02
+7.975110E-01
-3.953936E-02
+7.993432E-01
-3.723607E-02
+7.999748E-01
-3.565646E-02
+8.006040E-01
-3.407449E-02
+8.012303E-01
-3.249016E-02
+8.018540E-01
-3.090344E-02
+8.024748E-01
-2.931437E-02
+8.030928E-01
-2.772295E-02
+8.037084E-01
-2.612918E-02
+8.043214E-01
-2.453309E-02
+8.056279E-01
-2.348214E-02
+8.069349E-01
-2.242776E-02
+8.082429E-01
-2.136994E-02
+8.095513E-01
-2.030867E-02
+8.108605E-01
-1.924394E-02
+8.121701E-01
-1.817576E-02
+8.134805E-01
-1.710412E-02
+8.147918E-01
-1.602900E-02
+8.157037E-01
-1.636827E-02
+8.166171E-01
-1.670829E-02
+8.175310E-01
-1.704905E-02
+8.184458E-01
-1.739055E-02
+8.193618E-01
-1.773280E-02
+8.202783E-01
-1.807580E-02
+8.211960E-01
-1.841954E-02
+8.221151E-01
-1.876405E-02
+8.225688E-01
-1.887515E-02
+8.230229E-01
-1.898636E-02
+8.234774E-01
-1.909769E-02
+8.239320E-01
-1.920914E-02
+8.243867E-01
-1.932071E-02
+8.248418E-01
-1.943238E-02
+8.252972E-01
-1.954419E-02
+8.257550E-01
-1.965616E-02
+8.256367E-01
-2.148984E-02
+8.255144E-01
-2.332309E-02
+8.253878E-01
-2.515591E-02
+8.252574E-01
-2.698827E-02
+8.251227E-01
-2.882018E-02
+8.249839E-01
-3.065163E-02
+8.248411E-01
-3.248262E-02
+8.246952E-01
-3.431313E-02
+8.237973E-01
-3.659148E-02
+8.228939E-01
-3.886508E-02
+8.219853E-01
-4.113395E-02
+8.210708E-01
-4.339806E-02
+8.201509E-01
-4.565742E-02
+8.192256E-01
-4.791199E-02
+8.182948E-01
-5.016179E-02
+8.173591E-01
-5.240680E-02
+8.111714E-01
-5.757522E-02
+8.049928E-01
-6.266479E-02
+7.988237E-01
-6.767614E-02
+7.926648E-01
-7.260992E-02
+7.865163E-01
-7.746674E-02
+7.803789E-01
-8.224718E-02
+7.742527E-01
-8.695190E-02
+7.681387E-01
-9.158154E-02
+7.569457E-01
-8.227147E-02
+7.458342E-01
-7.322301E-02
+7.348057E-01
-6.443121E-02
+7.238611E-01
-5.589110E-02
+7.130020E-01
-4.759792E-02
+7.022294E-01
-3.954690E-02
+6.915449E-01
-3.173328E-02
+6.809488E-01
-2.415244E-02
+6.770926E-01
-1.997269E-02
+6.732346E-01
-1.584035E-02
+6.693743E-01
-1.175515E-02
+6.655126E-01
-7.716845E-03
+6.616496E-01
-3.725155E-03
+6.577855E-01
+2.201834E-04
+6.539207E-01
+4.119434E-03
+6.500560E-01
+7.972876E-03
+6.429294E-01
+1.208089E-02
+6.358541E-01
+1.609821E-02
+6.288296E-01
+2.002615E-02
+6.218563E-01
+2.386600E-02
+6.149338E-01
+2.761908E-02
+6.080631E-01
+3.128662E-02
+6.012429E-01
+3.486992E-02
+5.944749E-01
+3.837023E-02
+5.868372E-01
+5.081946E-02
+5.790170E-01
+6.296058E-02
+5.710233E-01
+7.479315E-02
+5.628644E-01
+8.631696E-02
+5.545491E-01
+9.753196E-02
+5.460857E-01
+1.084383E-01
+5.374828E-01
+1.190362E-01
+5.287489E-01
+1.293264E-01
+5.362729E-01
+1.398300E-01
+5.437702E-01
+1.506391E-01
+5.512353E-01
+1.617588E-01
+5.586630E-01
+1.731941E-01
+5.660475E-01
+1.849503E-01
+5.733834E-01
+1.970324E-01
+5.806645E-01
+2.094454E-01
+5.878847E-01
+2.221946E-01
+5.929950E-01
+2.251301E-01
+5.981482E-01
+2.281003E-01
+6.033448E-01
+2.311058E-01
+6.085850E-01
+2.341469E-01
+6.138693E-01
+2.372240E-01
+6.191977E-01
+2.403373E-01
+6.245710E-01
+2.434876E-01
+6.299890E-01
+2.466748E-01
+6.283456E-01
+2.418578E-01
+6.266826E-01
+2.370737E-01
+6.250003E-01
+2.323223E-01
+6.232987E-01
+2.276037E-01
+6.215785E-01
+2.229178E-01
+6.198395E-01
+2.182645E-01
+6.180826E-01
+2.136438E-01
+6.163076E-01
+2.090557E-01
+6.014181E-01
+2.091754E-01
+5.868496E-01
+2.091805E-01
+5.725957E-01
+2.090759E-01
+5.586503E-01
+2.088663E-01
+5.450080E-01
+2.085563E-01
+5.316630E-01
+2.081504E-01
+5.186091E-01
+2.076528E-01
+5.058416E-01
+2.070681E-01
+4.780946E-01
+2.136438E-01
+4.513249E-01
+2.190980E-01
+4.255252E-01
+2.235079E-01
+4.006862E-01
+2.269473E-01
+3.767964E-01
+2.294866E-01
+3.538430E-01
+2.311928E-01
+3.318116E-01
+2.321295E-01
+3.106866E-01
+2.323575E-01
+2.637218E-01
+2.579216E-01
+2.162541E-01
+2.761331E-01
+1.692334E-01
+2.873517E-01
+1.235100E-01
+2.920350E-01
+7.982789E-02
+2.907216E-01
+3.882114E-02
+2.840117E-01
+1.011908E-03
+2.725504E-01
-3.318816E-02
+2.570118E-01
-6.459831E-02
+2.983717E-01
-1.055942E-01
+3.437868E-01
-1.582467E-01
+3.930051E-01
-2.249610E-01
+4.455251E-01
-3.085108E-01
+5.005175E-01
-4.120689E-01
+5.567328E-01
-5.392350E-01
+6.123866E-01
-6.940550E-01
+6.650251E-01
-7.247239E-01
+7.213815E-01
-7.562014E-01
+7.819436E-01
-7.884542E-01
+8.469950E-01
-8.214399E-01
+9.168371E-01
-8.551089E-01
+9.917894E-01
-8.894006E-01
+1.072191E+00
-9.242445E-01
+1.158400E+00
-9.595570E-01
+1.250798E+00
-1.118500E+00
+1.423675E+00
-1.303315E+00
+1.620097E+00
-1.518155E+00
+1.843215E+00
-1.767826E+00
+2.096592E+00
-2.057900E+00
+2.384257E+00
-2.394824E+00
+2.710762E+00
-2.786062E+00
+3.081249E+00
-3.240260E+00
+3.501525E+00
-3.084371E+00
+4.472526E+00
-2.751139E+00
+5.541738E+00
-2.202074E+00
+6.692889E+00
-1.396432E+00
+7.901385E+00
-2.922768E-01
+9.132898E+00
+1.152094E+00
+1.034194E+01
+2.976305E+00
+1.147044E+01
+5.215604E+00
+1.244656E+01
+6.054814E+00
+1.084339E+01
+6.656693E+00
+9.290682E+00
+7.046752E+00
+7.808623E+00
+7.250401E+00
+6.413049E+00
+7.292514E+00
+5.115809E+00
+7.197066E+00
+3.925177E+00
+6.986829E+00
+2.846236E+00
+6.683160E+00
+1.881294E+00
+6.425033E+00
+1.670390E+00
+6.174224E+00
+1.473717E+00
+5.930686E+00
+1.290508E+00
+5.694358E+00
+1.120032E+00
+5.465165E+00
+9.615897E-01
+5.243024E+00
+8.145145E-01
+5.027842E+00
+6.781708E-01
+4.819514E+00
+5.519527E-01
+4.633904E+00
+5.082925E-01
+4.455340E+00
+4.671887E-01
+4.283555E+00
+4.285085E-01
+4.118300E+00
+3.921266E-01
+3.959331E+00
+3.579231E-01
+3.806410E+00
+3.257844E-01
+3.659311E+00
+2.956018E-01
+3.517814E+00
+2.672724E-01
+4.012841E+00
+5.705265E-01
+4.557586E+00
+9.553510E-01
+5.153201E+00
+1.437423E+00
+5.799832E+00
+2.034800E+00
+6.496297E+00
+2.768198E+00
+7.239676E+00
+3.661276E+00
+8.024855E+00
+4.740933E+00
+8.843946E+00
+6.037633E+00
+9.775854E+00
+3.731537E+00
+1.013827E+01
+1.328228E+00
+9.937349E+00
-1.038243E+00
+9.209364E+00
-3.241866E+00
+8.017382E+00
-5.171102E+00
+6.446668E+00
-6.734254E+00
+4.599055E+00
-7.863515E+00
+2.586730E+00
-8.517546E+00
+3.264823E+00
-7.323350E+00
+3.737285E+00
-6.180158E+00
+4.031667E+00
-5.105548E+00
+4.174558E+00
-4.112161E+00
+4.191136E+00
-3.208313E+00
+4.104838E+00
-2.398626E+00
+3.937126E+00
-1.684605E+00
+3.707345E+00
-1.065197E+00
+3.864171E+00
-1.323976E+00
+4.016250E+00
-1.606014E+00
+4.162068E+00
-1.912394E+00
+4.299973E+00
-2.244189E+00
+4.428151E+00
-2.602439E+00
+4.544637E+00
-2.988150E+00
+4.647290E+00
-3.402281E+00
+4.733802E+00
-3.845731E+00
+3.718724E+00
-3.792107E+00
+2.845659E+00
-3.646110E+00
+2.104538E+00
-3.434116E+00
+1.484063E+00
-3.177966E+00
+9.723121E-01
-2.895443E+00
+5.572246E-01
-2.600770E+00
+2.269708E-01
-2.305067E+00
-2.977599E-02
-2.016799E+00
+3.357925E-01
-2.061778E+00
+7.166999E-01
-2.041270E+00
+1.101359E+00
-1.951206E+00
+1.477214E+00
-1.789539E+00
+1.831093E+00
-1.556463E+00
+2.149600E+00
-1.254565E+00
+2.419548E+00
-8.889192E-01
+2.628411E+00
-4.670915E-01
+2.756196E+00
-5.316144E-01
+2.889550E+00
-6.014215E-01
+3.028676E+00
-6.768702E-01
+3.173782E+00
-7.583393E-01
+3.325086E+00
-8.462302E-01
+3.482804E+00
-9.409684E-01
+3.647161E+00
-1.043004E+00
+3.818386E+00
-1.152815E+00
+4.079749E+00
-1.539858E+00
+4.336213E+00
-1.981365E+00
+4.583308E+00
-2.481919E+00
+4.815814E+00
-3.046184E+00
+5.027694E+00
-3.678869E+00
+5.212018E+00
-4.384658E+00
+5.360875E+00
-5.168145E+00
+5.465302E+00
-6.033763E+00
+4.583133E+00
-4.855634E+00
+3.839917E+00
-3.904425E+00
+3.214466E+00
-3.136954E+00
+2.688674E+00
-2.518161E+00
+2.247106E+00
-2.019608E+00
+1.876628E+00
-1.618232E+00
+1.566078E+00
-1.295344E+00
+1.305990E+00
-1.035805E+00
+1.422437E+00
-1.032754E+00
+1.544989E+00
-1.024316E+00
+1.673730E+00
-1.009930E+00
+1.808726E+00
-9.890007E-01
+1.950018E+00
-9.608950E-01
+2.097623E+00
-9.249469E-01
+2.251527E+00
-8.804528E-01
+2.411683E+00
-8.266715E-01
+2.592506E+00
-9.041752E-01
+2.786799E+00
-9.886843E-01
+2.995556E+00
-1.080816E+00
+3.219846E+00
-1.181239E+00
+3.460819E+00
-1.290682E+00
+3.719703E+00
-1.409934E+00
+3.997823E+00
-1.539855E+00
+4.296597E+00
-1.681375E+00
+4.649920E+00
-1.964596E+00
+5.028056E+00
-2.284687E+00
+5.432254E+00
-2.645827E+00
+5.863748E+00
-3.052625E+00
+6.323768E+00
-3.510158E+00
+6.813497E+00
-4.024011E+00
+7.334069E+00
-4.600331E+00
+7.886556E+00
-5.245875E+00
+7.472949E+00
-7.495486E+00
+6.520705E+00
-9.867426E+00
+4.951409E+00
-1.225378E+01
+2.703129E+00
-1.451900E+01
-2.618743E-01
-1.650084E+01
-3.948928E+00
-1.801326E+01
-8.322577E+00
-1.885135E+01
-1.329849E+01
-1.879853E+01
-1.177794E+01
-1.495310E+01
-1.035910E+01
-1.184325E+01
-9.055529E+00
-9.336321E+00
-7.872754E+00
-7.322230E+00
-6.810664E+00
-5.709846E+00
-5.865291E+00
-4.423949E+00
-5.030158E+00
-3.402617E+00
-4.297290E+00
-2.595000E+00
-4.132241E+00
-2.603042E+00
-3.971552E+00
-2.607832E+00
-3.815166E+00
-2.609540E+00
-3.663020E+00
-2.608329E+00
-3.515052E+00
-2.604357E+00
-3.371199E+00
-2.597777E+00
-3.231397E+00
-2.588732E+00
-3.095582E+00
-2.577369E+00
-3.008818E+00
-2.310550E+00
-2.917264E+00
-2.062677E+00
-2.821902E+00
-1.832812E+00
-2.723629E+00
-1.620035E+00
-2.623247E+00
-1.423446E+00
-2.521484E+00
-1.242170E+00
-2.418989E+00
-1.075355E+00
-2.316342E+00
-9.221772E-01
-2.208159E+00
-8.712598E-01
-2.105007E+00
-8.230962E-01
-2.006650E+00
-7.775396E-01
-1.912868E+00
-7.344514E-01
-1.823450E+00
-6.937002E-01
-1.738193E+00
-6.551610E-01
-1.656904E+00
-6.187161E-01
-1.579401E+00
-5.842539E-01
-1.253719E+00
-8.628494E-01
-9.064976E-01
-1.034517E+00
-5.641729E-01
-1.107727E+00
-2.480204E-01
-1.095774E+00
+2.627657E-02
-1.015037E+00
+2.486194E-01
-8.833446E-01
+4.141248E-01
-7.185630E-01
+5.224841E-01
-5.374271E-01
+7.783573E-01
-5.672161E-01
+1.108875E+00
-5.494028E-01
+1.523595E+00
-4.550999E-01
+2.028349E+00
-2.456501E-01
+2.622136E+00
+1.291713E-01
+3.292779E+00
+7.327536E-01
+4.011106E+00
+1.642735E+00
+4.723315E+00
+2.951104E+00
+3.754549E+00
+4.466252E+00
+2.299824E+00
+5.663501E+00
+4.634259E-01
+6.387010E+00
-1.600400E+00
+6.515140E+00
-3.698647E+00
+5.976459E+00
-5.615899E+00
+4.762101E+00
-7.134599E+00
+2.932782E+00
-8.057520E+00
+6.192611E-01
-7.880807E+00
+3.110792E+00
-6.933696E+00
+5.552247E+00
-5.230256E+00
+7.705420E+00
-2.858212E+00
+9.336023E+00
+2.213799E-02
+1.023645E+01
+3.186040E+00
+1.024827E+01
+6.359361E+00
+9.282209E+00
+9.239866E+00
+7.333592E+00
+7.430682E+00
+6.013955E+00
+5.974841E+00
+4.930648E+00
+4.803498E+00
+4.041572E+00
+3.861194E+00
+3.312085E+00
+3.103253E+00
+2.713685E+00
+2.493694E+00
+2.222934E+00
+2.003541E+00
+1.820559E+00
+1.609463E+00
+1.490717E+00
+1.339485E+00
+1.255362E+00
+1.114722E+00
+1.057088E+00
+9.276133E-01
+8.900636E-01
+7.718600E-01
+7.493762E-01
+6.422156E-01
+6.308814E-01
+5.343105E-01
+5.310863E-01
+4.445050E-01
+4.470462E-01
+3.697680E-01
+3.762788E-01
+3.976287E-01
+4.103312E-01
+4.275456E-01
+4.474227E-01
+4.596662E-01
+4.878214E-01
+4.941486E-01
+5.318187E-01
+5.311614E-01
+5.797313E-01
+5.708858E-01
+6.319037E-01
+6.135140E-01
+6.887098E-01
+6.592532E-01
+7.505577E-01
+7.002965E-01
+6.062213E-01
+7.197794E-01
+4.684597E-01
+7.202874E-01
+3.394583E-01
+7.044719E-01
+2.208990E-01
+6.749800E-01
+1.139914E-01
+6.343964E-01
+1.951297E-02
+5.851930E-01
-6.214858E-02
+5.296901E-01
-1.309492E-01
+4.790770E-01
-2.379962E-01
+4.078678E-01
-3.296778E-01
+3.202161E-01
-4.022729E-01
+2.208883E-01
-4.531040E-01
+1.150156E-01
-4.806226E-01
+7.837994E-03
-4.844382E-01
-9.554629E-02
-4.652914E-01
-1.904157E-01
-4.249761E-01
-1.437354E-01
-3.631662E-01
-1.069222E-01
-3.096398E-01
-7.806842E-02
-2.634210E-01
-5.561183E-02
-2.236215E-01
-3.827649E-02
-1.894385E-01
-2.502323E-02
-1.601521E-01
-1.500812E-02
-1.351202E-01
-7.547879E-03
-1.137737E-01
+2.896089E-02
-1.281367E-01
+7.399310E-02
-1.320322E-01
+1.250080E-01
-1.215722E-01
+1.779245E-01
-9.329550E-02
+2.271008E-01
-4.471684E-02
+2.654906E-01
+2.505907E-02
+2.850178E-01
+1.147112E-01
+2.771962E-01
+2.201325E-01
+1.873694E-01
+2.576981E-01
+1.004146E-01
+2.686362E-01
+2.236577E-02
+2.571730E-01
-4.256197E-02
+2.284274E-01
-9.194650E-02
+1.878546E-01
-1.250013E-01
+1.407689E-01
-1.423248E-01
+9.196909E-02
-1.455922E-01
+4.547290E-02
-1.253532E-01
+5.048979E-02
-1.071232E-01
+5.348442E-02
-9.081094E-02
+5.483562E-02
-7.630886E-02
+5.487151E-02
-6.349881E-02
+5.387422E-02
-5.225637E-02
+5.208454E-02
-4.245459E-02
+4.970627E-02
-3.396689E-02
+4.691043E-02
-5.268689E-02
+3.645778E-02
-6.837620E-02
+1.866936E-02
-7.820629E-02
-5.658899E-03
-7.951872E-02
-3.465659E-02
-7.022719E-02
-6.539483E-02
-4.923176E-02
-9.405060E-02
-1.679034E-02
-1.162307E-01
+2.521283E-02
-1.274462E-01
+5.379188E-03
-1.421113E-01
-1.858067E-02
-1.545611E-01
-4.662111E-02
-1.639076E-01
-7.854034E-02
-1.691983E-01
-1.139567E-01
-1.694387E-01
-1.522869E-01
-1.636186E-01
-1.927268E-01
-1.507464E-01
-2.342373E-01
-1.298881E-01
-2.417057E-01
-1.026316E-01
-2.461934E-01
-7.529007E-02
-2.477659E-01
-4.817093E-02
-2.465191E-01
-2.156762E-02
-2.425759E-01
+4.243727E-03
-2.360851E-01
+2.900646E-02
-2.272176E-01
+5.248556E-02
-2.161645E-01
+7.446937E-02
-2.253860E-01
+6.702559E-02
-2.345344E-01
+5.897190E-02
-2.435809E-01
+5.029469E-02
-2.524955E-01
+4.098130E-02
-2.612463E-01
+3.101999E-02
-2.698006E-01
+2.040013E-02
-2.781239E-01
+9.112203E-03
-2.861804E-01
-2.851994E-03
-2.667832E-01
+4.579257E-02
-2.404985E-01
+8.777429E-02
-2.089329E-01
+1.223901E-01
-1.737000E-01
+1.492576E-01
-1.363663E-01
+1.682942E-01
-9.840347E-02
+1.796884E-01
-6.114890E-02
+1.838644E-01
-2.577556E-02
+1.814437E-01
-2.661471E-02
+1.466483E-01
-2.620977E-02
+1.183451E-01
-2.499658E-02
+9.535654E-02
-2.329258E-02
+7.671241E-02
-2.132539E-02
+6.161416E-02
-1.925511E-02
+4.940573E-02
-1.719129E-02
+3.954900E-02
-1.520623E-02
+3.160325E-02
-2.039617E-02
+2.613480E-02
-2.409097E-02
+2.004089E-02
-2.627911E-02
+1.366971E-02
-2.701988E-02
+7.345214E-03
-2.643316E-02
+1.354684E-03
-2.468741E-02
-4.060606E-03
-2.198670E-02
-8.711660E-03
-1.855751E-02
-1.246489E-02
-1.797916E-02
-1.661817E-02
-1.665287E-02
-2.101494E-02
-1.447615E-02
-2.554907E-02
-1.135602E-02
-3.008842E-02
-7.214108E-03
-3.447431E-02
-1.992412E-03
-3.852182E-02
+4.340672E-03
-4.202104E-02
+1.178393E-02
-4.473958E-02
+1.709841E-03
-4.839992E-02
-9.420773E-03
-4.981305E-02
-2.111168E-02
-4.868793E-02
-3.278904E-02
-4.484185E-02
-4.382484E-02
-3.822068E-02
-5.356530E-02
-2.891403E-02
-6.136359E-02
-1.716424E-02
-6.661512E-02
-3.367972E-03
