#I+1.668000E+03
+1.000000E+00
+8.010000E+02
+8.010000E+02
+1.000000E+01
+2.000000E+00
+3.000000E+00
+0.000000E+00
+1.000000E+00
+2.000000E+00
+5.000000E+00
+1.000000E+00
+2.497000E+03
-1.092400E+04
+2.025600E+04
-1.299100E+04
-1.119200E+04
+0.000000E+00
+0.000000E+00
+0.000000E+00
+0.000000E+00
+0.000000E+00
+0.000000E+00
+0.000000E+00
+0.000000E+00
+0.000000E+00
+0.000000E+00
+0.000000E+00
+0.000000E+00
+0.000000E+00
+0.000000E+00
+0.000000E+00
+0.000000E+00
+0.000000E+00
+0.000000E+00
+0.000000E+00
+1.000000E+00
+1.000000E+00
+1.000000E+00
+0.000000E+00
+0.000000E+00
+1.000000E+00
+0.000000E+00
+1.000000E+00
+2.000000E+00
+3.000000E+00
+4.500000E+01
+4.500000E+01
+0.000000E+00
+0.000000E+00
+2.000000E+00
+0.000000E+00
+0.000000E+00
+0.000000E+00
+8.000000E+02
+0.000000E+00
+2.499999E-03
+3.981076E+00
+0.000000E+00
+0.000000E+00
+0.000000E+00
+1.000000E+00
+1.000000E+00
+0.000000E+00
+0.000000E+00
+9.9999904632568339E+00
+9.9999904632568339E+00
+2.342855E+00
+4.192639E-01
+2.348672E+00
+4.186940E-01
+2.354502E+00
+4.181188E-01
+2.360346E+00
+4.175385E-01
+2.366202E+00
+4.169530E-01
+2.365203E+00
+3.848065E-01
+2.363786E+00
+3.527609E-01
+2.361952E+00
+3.208212E-01
+2.359705E+00
+2.889929E-01
+2.358732E+00
+2.775626E-01
+2.357706E+00
+2.661480E-01
+2.356626E+00
+2.547497E-01
+2.355497E+00
+2.433679E-01
+2.340909E+00
+2.122926E-01
+2.326045E+00
+1.816307E-01
+2.310911E+00
+1.513827E-01
+2.295513E+00
+1.215487E-01
+2.294422E+00
+1.124827E-01
+2.293297E+00
+1.034271E-01
+2.292137E+00
+9.438209E-02
+2.290942E+00
+8.534776E-02
+2.297295E+00
+7.823826E-02
+2.303643E+00
+7.108958E-02
+2.309985E+00
+6.390162E-02
+2.316321E+00
+5.667431E-02
+2.306264E+00
+4.025612E-02
+2.296139E+00
+2.398216E-02
+2.285945E+00
+7.852292E-03
+2.275685E+00
-8.133670E-03
+2.281461E+00
-4.484759E-03
+2.287246E+00
-8.172913E-04
+2.293040E+00
+2.868792E-03
+2.298844E+00
+6.573553E-03
+2.291698E+00
-2.543853E-03
+2.284537E+00
-1.160453E-02
+2.277363E+00
-2.060862E-02
+2.270175E+00
-2.955620E-02
+2.284428E+00
-2.532708E-02
+2.298763E+00
-2.104378E-02
+2.313178E+00
-1.670584E-02
+2.327674E+00
-1.231273E-02
+2.333708E+00
-2.751376E-02
+2.339659E+00
-4.279404E-02
+2.345526E+00
-5.815322E-02
+2.351306E+00
-7.359095E-02
+2.380608E+00
-6.178056E-02
+2.410205E+00
-4.966655E-02
+2.440100E+00
-3.724357E-02
+2.470295E+00
-2.450627E-02
+2.444993E+00
-5.827137E-02
+2.419481E+00
-9.134687E-02
+2.393771E+00
-1.237368E-01
+2.367877E+00
-1.554455E-01
+2.408559E+00
-1.417098E-01
+2.449829E+00
-1.274635E-01
+2.491689E+00
-1.126943E-01
+2.534149E+00
-9.738918E-02
+2.551469E+00
-1.345328E-01
+2.568385E+00
-1.721999E-01
+2.584883E+00
-2.103883E-01
+2.600955E+00
-2.490960E-01
+2.615365E+00
-2.649403E-01
+2.629776E+00
-2.809603E-01
+2.644186E+00
-2.971569E-01
+2.658596E+00
-3.135313E-01
+2.682533E+00
-3.492385E-01
+2.706284E+00
-3.856106E-01
+2.729841E+00
-4.226523E-01
+2.753191E+00
-4.603682E-01
+2.793697E+00
-4.926051E-01
+2.834569E+00
-5.257293E-01
+2.875805E+00
-5.597583E-01
+2.917405E+00
-5.947103E-01
+2.924561E+00
-6.831228E-01
+2.929246E+00
-7.724725E-01
+2.931415E+00
-8.626973E-01
+2.931017E+00
-9.537309E-01
+2.917949E+00
-1.017780E+00
+2.903500E+00
-1.081708E+00
+2.887669E+00
-1.145484E+00
+2.870451E+00
-1.209078E+00
+2.722650E+00
-1.339819E+00
+2.571437E+00
-1.458532E+00
+2.417594E+00
-1.565353E+00
+2.261874E+00
-1.660459E+00
+2.185231E+00
-1.608755E+00
+2.111178E+00
-1.558654E+00
+2.039629E+00
-1.510105E+00
+1.970500E+00
-1.463060E+00
+1.925974E+00
-1.367885E+00
+1.881191E+00
-1.277202E+00
+1.836254E+00
-1.190847E+00
+1.791256E+00
-1.108660E+00
+1.883490E+00
-1.105396E+00
+1.979003E+00
-1.099767E+00
+2.077856E+00
-1.091606E+00
+2.180110E+00
-1.080742E+00
+2.161730E+00
-1.060285E+00
+2.143458E+00
-1.040118E+00
+2.125292E+00
-1.020240E+00
+2.107235E+00
-1.000646E+00
+2.078520E+00
-1.111081E+00
+2.044236E+00
-1.221152E+00
+2.004346E+00
-1.330586E+00
+1.958834E+00
-1.439107E+00
+1.936750E+00
-1.489539E+00
+1.913442E+00
-1.539733E+00
+1.888909E+00
-1.589661E+00
+1.863150E+00
-1.639294E+00
+1.691348E+00
-1.539251E+00
+1.534598E+00
-1.444414E+00
+1.391635E+00
-1.354607E+00
+1.261298E+00
-1.269650E+00
+1.291281E+00
-1.183679E+00
+1.316663E+00
-1.098252E+00
+1.337572E+00
-1.013566E+00
+1.354142E+00
-9.298102E-01
+1.475121E+00
-8.142089E-01
+1.587100E+00
-6.841315E-01
+1.688447E+00
-5.401739E-01
+1.777557E+00
-3.831057E-01
+1.997178E+00
-4.584305E-01
+2.243513E+00
-5.466112E-01
+2.519755E+00
-6.496793E-01
+2.829471E+00
-7.699734E-01
+2.736351E+00
-1.037994E+00
+2.617977E+00
-1.295245E+00
+2.475556E+00
-1.539360E+00
+2.310518E+00
-1.768106E+00
+2.192895E+00
-1.831689E+00
+2.074822E+00
-1.889142E+00
+1.956562E+00
-1.940565E+00
+1.838372E+00
-1.986060E+00
+1.866658E+00
-1.935822E+00
+1.893741E+00
-1.885339E+00
+1.919623E+00
-1.834635E+00
+1.944309E+00
-1.783737E+00
+1.943067E+00
-2.032119E+00
+1.924439E+00
-2.296135E+00
+1.886234E+00
-2.575563E+00
+1.826139E+00
-2.870015E+00
+1.573682E+00
-3.009647E+00
+1.310720E+00
-3.127182E+00
+1.039178E+00
-3.221845E+00
+7.610379E-01
-3.293029E+00
+4.440781E-01
-3.128426E+00
+1.620862E-01
-2.949625E+00
-8.619352E-02
-2.760408E+00
-3.022351E-01
-2.564204E+00
-3.881506E-01
-2.380138E+00
-4.606994E-01
-2.204832E+00
-5.211381E-01
-2.038251E+00
-5.706381E-01
-1.880312E+00
-5.215429E-01
-1.704150E+00
-4.766411E-01
-1.544482E+00
-4.355776E-01
-1.399766E+00
-3.980266E-01
-1.268601E+00
-3.719035E-01
-1.221630E+00
-3.471983E-01
-1.176306E+00
-3.238414E-01
-1.132574E+00
-3.017668E-01
-1.090384E+00
-2.624804E-01
-1.020106E+00
-2.270975E-01
-9.540223E-01
-1.952772E-01
-8.919090E-01
-1.667063E-01
-8.335520E-01
-1.529527E-01
-7.728189E-01
-1.403189E-01
-7.165076E-01
-1.287147E-01
-6.642965E-01
-1.180571E-01
-6.158873E-01
-8.484735E-02
-5.931176E-01
-5.418161E-02
-5.698868E-01
-2.596461E-02
-5.463304E-01
-9.931873E-05
-5.225746E-01
+3.523458E-02
-4.796448E-01
+6.476332E-02
-4.378539E-01
+8.904086E-02
-3.975005E-01
+1.085958E-01
-3.588217E-01
+1.281678E-01
-3.467878E-01
+1.467212E-01
-3.337814E-01
+1.642143E-01
-3.198785E-01
+1.806104E-01
-3.051557E-01
+2.074811E-01
-2.918897E-01
+2.334059E-01
-2.762744E-01
+2.581808E-01
-2.583745E-01
+2.816059E-01
-2.382725E-01
+2.986069E-01
-2.311291E-01
+3.156752E-01
-2.230665E-01
+3.327711E-01
-2.140606E-01
+3.498537E-01
-2.040889E-01
+3.717783E-01
-2.065411E-01
+3.948490E-01
-2.086320E-01
+4.191148E-01
-2.103185E-01
+4.446263E-01
-2.115544E-01
+4.585543E-01
-2.070033E-01
+4.726897E-01
-2.020684E-01
+4.870287E-01
-1.967374E-01
+5.015679E-01
-1.909972E-01
+4.985797E-01
-2.059641E-01
+4.951577E-01
-2.209179E-01
+4.912999E-01
-2.358463E-01
+4.870058E-01
-2.507370E-01
+4.862165E-01
-2.439307E-01
+4.853620E-01
-2.371800E-01
+4.844432E-01
-2.304852E-01
+4.834611E-01
-2.238467E-01
+4.830537E-01
-2.072639E-01
+4.821889E-01
-1.909209E-01
+4.808796E-01
-1.748270E-01
+4.791389E-01
-1.589912E-01
+4.892007E-01
-1.496055E-01
+4.991693E-01
-1.398565E-01
+5.090350E-01
-1.297417E-01
+5.187877E-01
-1.192587E-01
+5.297469E-01
-1.109826E-01
+5.407246E-01
-1.023526E-01
+5.517133E-01
-9.336255E-02
+5.627073E-01
-8.400635E-02
+5.706502E-01
-8.154123E-02
+5.786821E-01
-7.899325E-02
+5.868035E-01
-7.636069E-02
+5.950154E-01
-7.364197E-02
+6.040159E-01
-7.129760E-02
+6.131328E-01
-6.886791E-02
+6.223670E-01
-6.635101E-02
+6.317199E-01
-6.374492E-02
+6.382741E-01
-6.103090E-02
+6.448785E-01
-5.825550E-02
+6.515330E-01
-5.541786E-02
+6.582390E-01
-5.251715E-02
+6.647807E-01
-5.089267E-02
+6.713806E-01
-4.923125E-02
+6.780389E-01
-4.753239E-02
+6.847564E-01
-4.579548E-02
+6.909858E-01
-4.394200E-02
+6.972645E-01
-4.205152E-02
+7.035926E-01
-4.012351E-02
+7.099708E-01
-3.815753E-02
+7.134970E-01
-3.679862E-02
+7.170373E-01
-3.542545E-02
+7.205921E-01
-3.403793E-02
+7.241610E-01
-3.263596E-02
+7.299844E-01
-3.142915E-02
+7.358516E-01
-3.020095E-02
+7.417630E-01
-2.895110E-02
+7.477184E-01
-2.767933E-02
+7.529474E-01
-2.703721E-02
+7.582119E-01
-2.638480E-02
+7.635125E-01
-2.572196E-02
+7.688495E-01
-2.504861E-02
+7.759234E-01
-2.291067E-02
+7.830552E-01
-2.073152E-02
+7.902452E-01
-1.851058E-02
+7.974933E-01
-1.624731E-02
+8.034793E-01
-1.498726E-02
+8.095077E-01
-1.370742E-02
+8.155788E-01
-1.240758E-02
+8.216935E-01
-1.108752E-02
+8.317881E-01
-9.163303E-03
+8.420015E-01
-7.190206E-03
+8.523353E-01
-5.167331E-03
+8.627902E-01
-3.093754E-03
+9.034539E-01
-1.218731E-02
+9.459415E-01
-2.213149E-02
+9.903303E-01
-3.298534E-02
+1.036700E+00
-4.481152E-02
+1.026775E+00
-8.827583E-02
+1.015090E+00
-1.309840E-01
+1.001690E+00
-1.728674E-01
+9.866236E-01
-2.138599E-01
+8.729416E-01
-1.970399E-01
+7.722991E-01
-1.812696E-01
+6.832074E-01
-1.665284E-01
+6.043464E-01
-1.527869E-01
+6.398064E-01
-1.329166E-01
+6.760539E-01
-1.105154E-01
+7.130126E-01
-8.542819E-02
+7.505959E-01
-5.749602E-02
+7.574283E-01
-5.991179E-02
+7.643181E-01
-6.236715E-02
+7.712656E-01
-6.486259E-02
+7.782727E-01
-6.739871E-02
+7.804540E-01
-6.460945E-02
+7.826301E-01
-6.180499E-02
+7.848009E-01
-5.898532E-02
+7.869659E-01
-5.615041E-02
+7.873834E-01
-5.521607E-02
+7.878002E-01
-5.428081E-02
+7.882160E-01
-5.334461E-02
+7.886311E-01
-5.240754E-02
+7.898758E-01
-5.049545E-02
+7.911180E-01
-4.857755E-02
+7.923568E-01
-4.665381E-02
+7.935928E-01
-4.472422E-02
+7.950667E-01
-4.320406E-02
+7.965401E-01
-4.167829E-02
+7.980131E-01
-4.014688E-02
+7.994858E-01
-3.860988E-02
+8.004521E-01
-3.764754E-02
+8.014182E-01
-3.668287E-02
+8.023840E-01
-3.571589E-02
+8.033505E-01
-3.474659E-02
+8.037201E-01
-3.233055E-02
+8.040825E-01
-2.991258E-02
+8.044380E-01
-2.749272E-02
+8.047851E-01
-2.507095E-02
+8.059460E-01
-2.397304E-02
+8.071071E-01
-2.287196E-02
+8.082682E-01
-2.176769E-02
+8.094290E-01
-2.066026E-02
+8.109461E-01
-2.005694E-02
+8.124653E-01
-1.945130E-02
+8.139869E-01
-1.884333E-02
+8.155123E-01
-1.823306E-02
+8.165697E-01
-1.806049E-02
+8.176287E-01
-1.788743E-02
+8.186885E-01
-1.771389E-02
+8.197507E-01
-1.753990E-02
+8.201417E-01
-1.774878E-02
+8.205329E-01
-1.795787E-02
+8.209242E-01
-1.816714E-02
+8.213166E-01
-1.837663E-02
+8.217720E-01
-1.881770E-02
+8.222276E-01
-1.925923E-02
+8.226829E-01
-1.970128E-02
+8.231391E-01
-2.014381E-02
+8.239196E-01
-1.974167E-02
+8.247009E-01
-1.933876E-02
+8.254825E-01
-1.893507E-02
+8.262652E-01
-1.853062E-02
+8.268384E-01
-1.933542E-02
+8.274110E-01
-2.014136E-02
+8.279835E-01
-2.094841E-02
+8.285550E-01
-2.175659E-02
+8.268622E-01
-2.472332E-02
+8.251618E-01
-2.767811E-02
+8.234540E-01
-3.062099E-02
+8.217391E-01
-3.355191E-02
+8.209103E-01
-3.492384E-02
+8.200802E-01
-3.629308E-02
+8.192485E-01
-3.765961E-02
+8.184150E-01
-3.902342E-02
+8.163916E-01
-7.000823E-02
+8.131956E-01
-1.008957E-01
+8.088313E-01
-1.316417E-01
+8.033055E-01
-1.622018E-01
+8.064674E-01
-1.395011E-01
+8.089899E-01
-1.167507E-01
+8.108734E-01
-9.396864E-02
+8.121179E-01
-7.117276E-02
+8.011640E-01
-7.714377E-02
+7.902993E-01
-8.294590E-02
+7.795242E-01
-8.858205E-02
+7.688390E-01
-9.405513E-02
+7.548650E-01
-9.123264E-02
+7.411436E-01
-8.848186E-02
+7.276700E-01
-8.580114E-02
+7.144397E-01
-8.318885E-02
+7.063638E-01
-6.691806E-02
+6.980544E-01
-5.104227E-02
+6.895236E-01
-3.556099E-02
+6.807822E-01
-2.047346E-02
+6.795197E-01
-1.602488E-02
+6.782309E-01
-1.159357E-02
+6.769162E-01
-7.179695E-03
+6.755754E-01
-2.783375E-03
+6.706918E-01
-6.477264E-04
+6.658369E-01
+1.457164E-03
+6.610109E-01
+3.531609E-03
+6.562129E-01
+5.575922E-03
+6.496614E-01
+9.916095E-03
+6.431454E-01
+1.416930E-02
+6.366659E-01
+1.833664E-02
+6.302224E-01
+2.241920E-02
+6.219476E-01
+2.760748E-02
+6.137336E-01
+3.265735E-02
+6.055809E-01
+3.757111E-02
+5.974899E-01
+4.235100E-02
+5.917085E-01
+5.148185E-02
+5.858313E-01
+6.044277E-02
+5.798620E-01
+6.923370E-02
+5.738042E-01
+7.785462E-02
+5.691594E-01
+8.936827E-02
+5.642997E-01
+1.007247E-01
+5.592295E-01
+1.119201E-01
+5.539538E-01
+1.229513E-01
+5.572911E-01
+1.361975E-01
+5.603791E-01
+1.496587E-01
+5.632111E-01
+1.633317E-01
+5.657798E-01
+1.772133E-01
+5.729071E-01
+1.857571E-01
+5.800598E-01
+1.945082E-01
+5.872365E-01
+2.034699E-01
+5.944358E-01
+2.126460E-01
+6.024149E-01
+2.125920E-01
+6.104890E-01
+2.125029E-01
+6.186584E-01
+2.123776E-01
+6.269244E-01
+2.122155E-01
+6.308335E-01
+2.150258E-01
+6.347641E-01
+2.178640E-01
+6.387156E-01
+2.207303E-01
+6.426888E-01
+2.236249E-01
+6.392530E-01
+2.172273E-01
+6.357978E-01
+2.109046E-01
+6.323243E-01
+2.046567E-01
+6.288329E-01
+1.984830E-01
+6.210157E-01
+1.970732E-01
+6.132938E-01
+1.956684E-01
+6.056665E-01
+1.942684E-01
+5.981325E-01
+1.928736E-01
+5.857519E-01
+1.910813E-01
+5.736199E-01
+1.892829E-01
+5.617322E-01
+1.874795E-01
+5.500837E-01
+1.856717E-01
+5.302702E-01
+1.867494E-01
+5.110720E-01
+1.875418E-01
+4.924731E-01
+1.880657E-01
+4.744577E-01
+1.883372E-01
+4.506226E-01
+1.885089E-01
+4.278161E-01
+1.882551E-01
+4.060009E-01
+1.876123E-01
+3.851410E-01
+1.866147E-01
+3.510527E-01
+1.893976E-01
+3.191982E-01
+1.906054E-01
+2.894880E-01
+1.904374E-01
+2.618299E-01
+1.890750E-01
+2.282069E-01
+1.963428E-01
+1.964032E-01
+2.004302E-01
+1.665412E-01
+2.017080E-01
+1.387048E-01
+2.005296E-01
+9.739141E-02
+2.254901E-01
+5.165001E-02
+2.419832E-01
+3.207681E-03
+2.492373E-01
-4.607704E-02
+2.468314E-01
-1.014095E-01
+2.838262E-01
-1.740071E-01
+3.171846E-01
-2.663793E-01
+3.429601E-01
-3.807514E-01
+3.559982E-01
-4.460946E-01
+4.136660E-01
-5.226351E-01
+4.806576E-01
-6.122896E-01
+5.584775E-01
-7.173008E-01
+6.488730E-01
-7.679774E-01
+7.698995E-01
-8.179003E-01
+9.087087E-01
-8.659521E-01
+1.067441E+00
-9.107539E-01
+1.248434E+00
-9.275242E-01
+1.273027E+00
-9.446022E-01
+1.298103E+00
-9.619936E-01
+1.323672E+00
-9.797045E-01
+1.349744E+00
-1.222898E+00
+1.452110E+00
-1.507391E+00
+1.548398E+00
-1.838273E+00
+1.634402E+00
-2.220981E+00
+1.704929E+00
-2.464539E+00
+2.062258E+00
-2.726584E+00
+2.483768E+00
-3.006729E+00
+2.979766E+00
-3.304038E+00
+3.562057E+00
-3.552532E+00
+4.380322E+00
-3.777318E+00
+5.347232E+00
-3.963191E+00
+6.484483E+00
-4.090871E+00
+7.816039E+00
-2.504105E+00
+9.378164E+00
-4.235403E-01
+1.067191E+01
+2.122302E+00
+1.155833E+01
+5.069238E+00
+1.189513E+01
+6.482493E+00
+1.015897E+01
+7.515780E+00
+8.346380E+00
+8.188039E+00
+6.521728E+00
+8.526552E+00
+4.741292E+00
+8.092031E+00
+3.923459E+00
+7.649915E+00
+3.193205E+00
+7.205323E+00
+2.543948E+00
+6.762631E+00
+1.969362E+00
+6.464259E+00
+1.698200E+00
+6.174424E+00
+1.448481E+00
+5.893224E+00
+1.218886E+00
+5.620715E+00
+1.008163E+00
+5.433022E+00
+8.948592E-01
+5.250504E+00
+7.881948E-01
+5.073066E+00
+6.878604E-01
+4.900611E+00
+5.935589E-01
+4.772696E+00
+5.380198E-01
+4.647796E+00
+4.850144E-01
+4.525851E+00
+4.344503E-01
+4.406802E+00
+3.862378E-01
+4.231431E+00
+3.534082E-01
+4.062970E+00
+3.225858E-01
+3.901150E+00
+2.936630E-01
+3.745712E+00
+2.665374E-01
+2.898594E+00
+7.648645E-01
+2.160170E+00
+1.030057E+00
+1.541601E+00
+1.128507E+00
+1.041786E+00
+1.113946E+00
+1.808028E+00
+1.713513E+00
+3.116221E+00
+2.615562E+00
+5.337712E+00
+3.957406E+00
+9.091425E+00
+5.926356E+00
+1.073313E+01
+3.781752E+00
+1.187352E+01
+1.189400E+00
+1.239206E+01
-1.734720E+00
+1.219471E+01
-4.842526E+00
+9.034716E+00
-7.283351E+00
+5.726132E+00
-8.518206E+00
+2.607710E+00
-8.695334E+00
-7.316877E-02
-8.028654E+00
+1.480303E+00
-5.866385E+00
+2.199653E+00
-3.993476E+00
+2.366252E+00
-2.490827E+00
+2.200655E+00
-1.363662E+00
+2.529706E+00
-1.338544E+00
+2.890739E+00
-1.286097E+00
+3.284989E+00
-1.201104E+00
+3.713425E+00
-1.077718E+00
+3.930774E+00
-1.136170E+00
+4.160840E+00
-1.197775E+00
+4.404365E+00
-1.262701E+00
+4.662139E+00
-1.331127E+00
+4.806453E+00
-1.883828E+00
+4.903346E+00
-2.484286E+00
+4.945132E+00
-3.130551E+00
+4.923860E+00
-3.819774E+00
+4.477962E+00
-4.613839E+00
+3.907673E+00
-5.360579E+00
+3.217154E+00
-6.040999E+00
+2.413399E+00
-6.636289E+00
+1.303367E+00
-4.940507E+00
+6.148244E-01
-3.645662E+00
+2.036802E-01
-2.667401E+00
-2.835953E-02
-1.935479E+00
+4.535169E-01
-1.745290E+00
+8.392266E-01
-1.455224E+00
+1.113851E+00
-1.099261E+00
+1.272401E+00
-7.116038E-01
+1.540061E+00
-6.871041E-01
+1.845860E+00
-6.309675E-01
+2.192296E+00
-5.344063E-01
+2.581335E+00
-3.870373E-01
+2.692494E+00
-4.936153E-01
+2.805376E+00
-6.091138E-01
+2.919761E+00
-7.340211E-01
+3.035402E+00
-8.688420E-01
+3.230086E+00
-8.962003E-01
+3.437011E+00
-9.235641E-01
+3.656934E+00
-9.508277E-01
+3.890654E+00
-9.778737E-01
+4.142936E+00
-1.075620E+00
+4.411290E+00
-1.182003E+00
+4.696725E+00
-1.297734E+00
+5.000302E+00
-1.423581E+00
+5.337790E+00
-2.281827E+00
+5.590596E+00
-3.280036E+00
+5.729871E+00
-4.421329E+00
+5.723218E+00
-5.705102E+00
+3.114214E+00
-5.291905E+00
+1.275167E+00
-4.487912E+00
+7.715149E-02
-3.544199E+00
-6.227607E-01
-2.620657E+00
+1.133601E-01
-2.397661E+00
+6.886598E-01
-2.025086E+00
+1.089346E+00
-1.564111E+00
+1.318704E+00
-1.070527E+00
+1.639537E+00
-1.296136E+00
+2.037872E+00
-1.568606E+00
+2.532309E+00
-1.897498E+00
+3.145888E+00
-2.294285E+00
+3.047851E+00
-1.810740E+00
+2.917637E+00
-1.380798E+00
+2.762840E+00
-1.002198E+00
+2.590147E+00
-6.722413E-01
+2.730743E+00
-7.839304E-01
+2.876925E+00
-9.062945E-01
+3.028746E+00
-1.040140E+00
+3.186238E+00
-1.186327E+00
+3.447286E+00
-1.314457E+00
+3.729459E+00
-1.455716E+00
+4.034442E+00
-1.611404E+00
+4.364053E+00
-1.782942E+00
+4.634843E+00
-2.005596E+00
+4.919970E+00
-2.250021E+00
+5.219977E+00
-2.518084E+00
+5.535401E+00
-2.811788E+00
+6.514245E+00
-3.159992E+00
+7.662993E+00
-3.545040E+00
+9.010629E+00
-3.969409E+00
+1.059101E+01
-4.435374E+00
+1.204745E+01
-6.542695E+00
+1.352407E+01
-9.221151E+00
+1.495595E+01
-1.258049E+01
+1.625279E+01
-1.674326E+01
+9.406770E+00
-2.153985E+01
+1.253441E+00
-2.364235E+01
-7.179982E+00
-2.274154E+01
-1.481531E+01
-1.890908E+01
-1.353102E+01
-1.362399E+01
-1.201678E+01
-9.548689E+00
-1.043324E+01
-6.455289E+00
-8.886595E+00
-4.147857E+00
-7.391387E+00
-3.669604E+00
-6.143294E+00
-3.236944E+00
-5.102159E+00
-2.847654E+00
-4.234239E+00
-2.499042E+00
-4.035838E+00
-2.690382E+00
-3.830072E+00
-2.868140E+00
-3.617783E+00
-3.032119E+00
-3.399812E+00
-3.182176E+00
-3.314368E+00
-3.014002E+00
-3.229849E+00
-2.853412E+00
-3.146329E+00
-2.700105E+00
-3.063870E+00
-2.553791E+00
-3.153407E+00
-2.376517E+00
-3.233342E+00
-2.196887E+00
-3.303664E+00
-2.015394E+00
-3.364394E+00
-1.832523E+00
-3.060765E+00
-1.544745E+00
-2.781106E+00
-1.295855E+00
-2.523975E+00
-1.081076E+00
-2.287954E+00
-8.961777E-01
-2.147978E+00
-9.504589E-01
-2.012055E+00
-9.965109E-01
-1.880341E+00
-1.034871E+00
-1.752968E+00
-1.066060E+00
-1.724652E+00
-9.450723E-01
-1.692310E+00
-8.304421E-01
-1.656387E+00
-7.220739E-01
-1.617305E+00
-6.198575E-01
-1.366663E+00
-5.775768E-01
-1.153305E+00
-5.341114E-01
-9.719011E-01
-4.907128E-01
-8.178529E-01
-4.482976E-01
-5.032600E-01
-7.007565E-01
-1.399308E-01
-7.857095E-01
+1.971421E-01
-7.114383E-01
+4.486988E-01
-5.148131E-01
+8.146034E-01
-4.506108E-01
+1.253492E+00
-1.979593E-01
+1.698128E+00
+3.301166E-01
+2.021866E+00
+1.213733E+00
+2.693609E+00
+1.554959E+00
+3.587134E+00
+1.989785E+00
+4.775229E+00
+2.543042E+00
+6.354451E+00
+3.245830E+00
+3.403899E+00
+5.329307E+00
+2.143081E-01
+5.600049E+00
-2.345702E+00
+4.377696E+00
-3.755244E+00
+2.295899E+00
-4.687810E+00
+2.122983E+00
-5.744935E+00
+1.788030E+00
-6.923245E+00
+1.247128E+00
-8.212500E+00
+4.498114E-01
-9.198508E+00
-8.025819E-01
-1.009570E+01
-2.350839E+00
-1.084727E+01
-4.213826E+00
-1.138708E+01
-6.403497E+00
-1.241641E+01
+2.925863E+00
-6.988757E+00
+1.031080E+01
+1.793766E+00
+1.202985E+01
+9.241663E+00
+7.459363E+00
+7.390449E+00
+6.825606E+00
+5.861547E+00
+6.185596E+00
+4.605411E+00
+5.558469E+00
+3.579089E+00
+4.957608E+00
+2.945037E+00
+3.704028E+00
+2.409826E+00
+2.757692E+00
+1.962065E+00
+2.045330E+00
+1.590317E+00
+1.510706E+00
+1.466374E+00
+1.304341E+00
+1.349495E+00
+1.123432E+00
+1.239677E+00
+9.650806E-01
+1.136834E+00
+8.266936E-01
+8.707155E-01
+6.860083E-01
+6.652854E-01
+5.670561E-01
+5.070189E-01
+4.670747E-01
+3.853415E-01
+3.834763E-01
+8.181529E-02
+5.986086E-01
-3.313879E-01
+5.839759E-01
-6.865403E-01
+2.924121E-01
-8.036667E-01
-2.046439E-01
-7.956556E-01
+3.179187E-01
-4.711189E-01
+7.494639E-01
+6.240342E-02
+9.124704E-01
+6.071223E-01
+7.240940E-01
+7.319051E-01
+5.710302E-01
+8.203679E-01
+3.983650E-01
+8.699134E-01
+2.143239E-01
+8.797358E-01
+2.734220E-02
+7.733675E-01
-2.623463E-02
+6.769901E-01
-6.716610E-02
+5.901001E-01
-9.757395E-02
+5.121342E-01
-1.192909E-01
+4.161071E-01
-2.879340E-01
+2.705106E-01
-4.048809E-01
+9.884320E-02
-4.580283E-01
-7.358404E-02
-4.448584E-01
-9.699114E-02
-4.370365E-01
-1.197731E-01
-4.280171E-01
-1.418708E-01
-4.178444E-01
-1.632278E-01
-4.065654E-01
-4.234530E-01
-3.686035E-01
-6.981908E-01
-1.734534E-01
-8.977672E-01
+2.094992E-01
-9.020118E-01
+7.628563E-01
-6.783491E-01
+1.173245E-01
-3.755284E-01
-1.411294E-01
-1.471019E-01
-1.816983E-01
-2.033402E-02
-1.347078E-01
-1.142915E-01
-2.185041E-01
-3.245180E-01
-3.064426E-01
-7.361416E-01
-3.328537E-01
-1.456076E+00
-1.351300E-01
-8.705186E-01
+5.276903E-01
-2.683365E-01
+6.558648E-01
+1.216305E-01
+4.780694E-01
+2.661139E-01
+2.170390E-01
+1.580764E-01
+2.426076E-01
+6.473537E-02
+2.354291E-01
-8.399477E-03
+2.057168E-01
-5.952258E-02
+1.630878E-01
-9.257270E-02
+1.409152E-01
-1.188788E-01
+1.125981E-01
-1.374419E-01
+7.997383E-02
-1.477266E-01
+4.500178E-02
-1.354253E-01
+6.382217E-02
-1.209935E-01
+8.015721E-02
-1.048653E-01
+9.381016E-02
-8.748470E-02
+1.046529E-01
-6.772901E-02
+8.977322E-02
-5.207428E-02
+7.670797E-02
-3.972168E-02
+6.530558E-02
-3.001964E-02
+5.540832E-02
-1.676520E-02
+3.241236E-02
-9.346636E-03
+1.895152E-02
-5.200989E-03
+1.107590E-02
-2.888238E-03
+6.470217E-03
-1.341630E-02
+5.994429E-03
-2.901665E-02
-9.312956E-03
-3.192096E-02
-5.454633E-02
+2.620418E-02
-1.284223E-01
-3.905982E-03
-1.611364E-01
-4.899295E-02
-1.920684E-01
-1.115415E-01
-2.167458E-01
-1.932998E-01
-2.291245E-01
-2.077460E-01
-2.050897E-01
-2.196280E-01
-1.805021E-01
-2.289742E-01
-1.556052E-01
-2.358341E-01
-1.306330E-01
-2.654232E-01
-1.063082E-01
-2.933462E-01
-7.680266E-02
-3.188313E-01
-4.206543E-02
-3.410597E-01
-2.145092E-03
-3.087485E-01
+2.694300E-02
-2.770521E-01
+5.052348E-02
-2.463785E-01
+6.917311E-02
-2.170477E-01
+8.344828E-02
-2.106983E-01
+4.412340E-02
-1.990742E-01
+9.127313E-03
-1.832705E-01
-2.113208E-02
-1.643488E-01
-4.644420E-02
-1.904046E-01
-4.033854E-02
-2.195692E-01
-3.141835E-02
-2.520551E-01
-1.906188E-02
-2.880571E-01
-2.545936E-03
-3.052431E-01
+4.110838E-02
-3.167933E-01
+8.992185E-02
-3.215942E-01
+1.433384E-01
-3.185524E-01
+2.006000E-01
-2.246961E-01
+2.223358E-01
-1.438036E-01
+2.230999E-01
-7.734938E-02
+2.090271E-01
-2.542790E-02
+1.854146E-01
-2.628435E-02
+1.505673E-01
-2.594375E-02
+1.221011E-01
-2.481655E-02
+9.887867E-02
-2.320379E-02
+7.995935E-02
-2.145278E-02
+6.389840E-02
-1.949736E-02
+5.096587E-02
-1.748159E-02
+4.057067E-02
-1.550220E-02
+3.222989E-02
-2.144288E-02
+2.240026E-02
-2.369744E-02
+1.270053E-02
-2.294838E-02
+4.098806E-03
-2.001857E-02
-2.790349E-03
-2.000137E-02
-5.073317E-03
-1.972824E-02
-7.388032E-03
-1.919187E-02
-9.706302E-03
-1.838798E-02
-1.199869E-02
-1.848816E-02
-1.390549E-02
-1.845955E-02
-1.591710E-02
-1.828818E-02
-1.802985E-02
-1.795962E-02
-2.023890E-02
-1.417745E-02
-2.742841E-02
-7.974958E-03
-3.431729E-02
+8.198941E-04
-4.019383E-02
+1.219740E-02
-4.422251E-02
-2.913376E-03
-6.985699E-02
-3.678948E-02
-1.000118E-01
-1.000031E-01
-1.279792E-01
-2.047689E-01
-1.390977E-01
-1.599452E-01
-7.862569E-02
-1.219211E-01
-4.000925E-02
-9.093763E-02
-1.629255E-02
-6.646852E-02
-2.492219E-03
