#I+1.668000E+03
+1.000000E+00
+8.010000E+02
+8.010000E+02
+1.000000E+01
+2.000000E+00
+3.000000E+00
+0.000000E+00
+1.000000E+00
+2.000000E+00
+5.000000E+00
+1.000000E+00
+2.497000E+03
-1.092400E+04
+2.025600E+04
-1.299100E+04
-1.119200E+04
+0.000000E+00
+0.000000E+00
+0.000000E+00
+0.000000E+00
+0.000000E+00
+0.000000E+00
+0.000000E+00
+0.000000E+00
+0.000000E+00
+0.000000E+00
+0.000000E+00
+0.000000E+00
+0.000000E+00
+0.000000E+00
+0.000000E+00
+0.000000E+00
+0.000000E+00
+0.000000E+00
+0.000000E+00
+1.000000E+00
+1.000000E+00
+1.000000E+00
+0.000000E+00
+0.000000E+00
+1.000000E+00
+0.000000E+00
+1.000000E+00
+2.000000E+00
+3.000000E+00
+4.500000E+01
+4.500000E+01
+0.000000E+00
+0.000000E+00
+2.000000E+00
+0.000000E+00
+0.000000E+00
+0.000000E+00
+8.000000E+02
+0.000000E+00
+2.499999E-03
+3.981076E+00
+0.000000E+00
+0.000000E+00
+0.000000E+00
+1.000000E+00
+1.000000E+00
+0.000000E+00
+0.000000E+00
+9.9999904632568339E+00
+9.9999904632568339E+00
+2.349907E+00
+4.175922E-01
+2.369190E+00
+4.248376E-01
+2.388625E+00
+4.321746E-01
+2.364311E+00
+3.849035E-01
+2.339500E+00
+3.386849E-01
+2.360668E+00
+3.326322E-01
+2.381992E+00
+3.264471E-01
+2.322894E+00
+2.487862E-01
+2.263269E+00
+1.750514E-01
+2.301899E+00
+2.204166E-01
+2.340402E+00
+2.673405E-01
+2.376505E+00
+2.494583E-01
+2.412961E+00
+2.309841E-01
+2.349944E+00
+1.897458E-01
+2.288063E+00
+1.505526E-01
+2.319107E+00
+1.356755E-01
+2.350448E+00
+1.203751E-01
+2.299160E+00
+1.150032E-01
+2.248988E+00
+1.098086E-01
+2.307665E+00
+8.227654E-02
+2.367463E+00
+5.325311E-02
+2.352157E+00
+7.424860E-02
+2.336758E+00
+9.497465E-02
+2.354310E+00
+3.024263E-02
+2.370162E+00
-3.539277E-02
+2.354309E+00
-2.043943E-02
+2.338470E+00
-5.685930E-03
+2.314230E+00
-2.023267E-02
+2.290151E+00
-3.447745E-02
+2.330792E+00
-1.738160E-02
+2.372015E+00
+3.298168E-04
+2.388613E+00
-3.473007E-02
+2.404809E+00
-7.028054E-02
+2.307987E+00
-3.956632E-02
+2.214741E+00
-1.122085E-02
+2.288681E+00
-4.608505E-02
+2.364554E+00
-8.326738E-02
+2.286238E+00
-4.736669E-02
+2.210053E+00
-1.376908E-02
+2.268579E+00
-9.640525E-02
+2.325593E+00
-1.834277E-01
+2.320932E+00
-1.000987E-01
+2.313337E+00
-1.733505E-02
+2.302369E+00
-3.823342E-02
+2.291263E+00
-5.893467E-02
+2.320178E+00
-8.068444E-02
+2.349266E+00
-1.029788E-01
+2.299921E+00
-1.474093E-01
+2.250689E+00
-1.899683E-01
+2.331741E+00
-2.099555E-01
+2.415636E+00
-2.311423E-01
+2.363519E+00
-1.299466E-01
+2.308732E+00
-3.337307E-02
+2.496724E+00
-4.546630E-02
+2.699985E+00
-5.930822E-02
+2.604032E+00
-1.438214E-01
+2.508712E+00
-2.223139E-01
+2.483460E+00
-2.832291E-01
+2.456885E+00
-3.430350E-01
+2.527516E+00
-2.206630E-01
+2.593196E+00
-9.194635E-02
+2.569274E+00
-1.325273E-01
+2.544913E+00
-1.723752E-01
+2.662717E+00
-1.988720E-01
+2.785841E+00
-2.274617E-01
+2.696980E+00
-3.034433E-01
+2.608483E+00
-3.745478E-01
+2.697101E+00
-4.416273E-01
+2.787620E+00
-5.129918E-01
+2.822442E+00
-6.449503E-01
+2.852230E+00
-7.811319E-01
+2.898284E+00
-6.950480E-01
+2.941908E+00
-6.068512E-01
+2.839661E+00
-8.558682E-01
+2.717179E+00
-1.091749E+00
+2.985114E+00
-8.655518E-01
+3.244152E+00
-5.983194E-01
+2.986653E+00
-8.745960E-01
+2.718345E+00
-1.109009E+00
+2.712758E+00
-1.116626E+00
+2.707152E+00
-1.124221E+00
+2.566643E+00
-1.322501E+00
+2.412680E+00
-1.505788E+00
+2.383121E+00
-1.623296E+00
+2.348411E+00
-1.741140E+00
+2.148303E+00
-1.601436E+00
+1.965225E+00
-1.472915E+00
+1.913110E+00
-1.367074E+00
+1.860925E+00
-1.266900E+00
+1.889855E+00
-1.192495E+00
+1.915983E+00
-1.117684E+00
+1.880159E+00
-1.083533E+00
+1.844937E+00
-1.050308E+00
+1.948357E+00
-1.034293E+00
+2.055279E+00
-1.014491E+00
+2.113374E+00
-1.037431E+00
+2.173099E+00
-1.060863E+00
+2.237931E+00
-1.052583E+00
+2.304105E+00
-1.043153E+00
+2.216885E+00
-1.126681E+00
+2.127518E+00
-1.204858E+00
+2.110003E+00
-1.254194E+00
+2.091382E+00
-1.303343E+00
+2.019244E+00
-1.368463E+00
+1.945421E+00
-1.430141E+00
+1.860035E+00
-1.539957E+00
+1.768457E+00
-1.644686E+00
+1.611165E+00
-1.666652E+00
+1.459279E+00
-1.679683E+00
+1.442592E+00
-1.575970E+00
+1.423992E+00
-1.476834E+00
+1.301111E+00
-1.312144E+00
+1.188365E+00
-1.165368E+00
+1.230282E+00
-1.061955E+00
+1.264719E+00
-9.585816E-01
+1.336370E+00
-8.949699E-01
+1.405098E+00
-8.263663E-01
+1.530859E+00
-6.804870E-01
+1.642320E+00
-5.169054E-01
+1.813910E+00
-3.700972E-01
+1.981086E+00
-1.940012E-01
+2.434759E+00
-3.418227E-01
+2.986979E+00
-5.476967E-01
+2.869914E+00
-1.296952E+00
+2.565039E+00
-2.021914E+00
+2.369403E+00
-1.931606E+00
+2.187705E+00
-1.844084E+00
+2.107448E+00
-1.859268E+00
+2.028304E+00
-1.872402E+00
+1.948744E+00
-1.822528E+00
+1.872157E+00
-1.773822E+00
+1.839016E+00
-1.767225E+00
+1.806287E+00
-1.760469E+00
+1.858004E+00
-1.808184E+00
+1.911200E+00
-1.857191E+00
+1.970100E+00
-1.845293E+00
+2.029528E+00
-1.832148E+00
+2.054502E+00
-2.056954E+00
+2.068676E+00
-2.297041E+00
+1.990244E+00
-2.462795E+00
+1.900945E+00
-2.628045E+00
+1.722882E+00
-2.861638E+00
+1.519911E+00
-3.085908E+00
+1.178912E+00
-3.112690E+00
+8.479918E-01
-3.106987E+00
+4.534391E-01
-3.110953E+00
+7.067446E-02
-3.068038E+00
-1.017652E-01
-2.885289E+00
-2.537002E-01
-2.704204E+00
-3.598565E-01
-2.397106E+00
-4.392561E-01
-2.118206E+00
-4.572355E-01
-1.938979E+00
-4.693132E-01
-1.773542E+00
-4.983667E-01
-1.604817E+00
-5.184022E-01
-1.449282E+00
-4.652331E-01
-1.381727E+00
-4.160790E-01
-1.316805E+00
-3.580492E-01
-1.229333E+00
-3.060948E-01
-1.147033E+00
-3.088217E-01
-1.097197E+00
-3.107898E-01
-1.049317E+00
-2.760906E-01
-9.902581E-01
-2.443897E-01
-9.342634E-01
-2.327702E-01
-8.837763E-01
-2.216936E-01
-8.360151E-01
-1.867444E-01
-7.650749E-01
-1.562072E-01
-6.998636E-01
-1.334525E-01
-6.525003E-01
-1.131074E-01
-6.081406E-01
-8.014689E-02
-5.821544E-01
-5.003060E-02
-5.560209E-01
-1.919522E-02
-5.075587E-01
+6.532528E-03
-4.620702E-01
+3.598196E-02
-4.285682E-01
+6.115403E-02
-3.955579E-01
+9.121527E-02
-3.756155E-01
+1.185093E-01
-3.539662E-01
+1.393820E-01
-3.395730E-01
+1.589228E-01
-3.240884E-01
+1.778087E-01
-3.084510E-01
+1.953619E-01
-2.918141E-01
+2.246989E-01
-2.781155E-01
+2.532002E-01
-2.615508E-01
+2.753661E-01
-2.508692E-01
+2.973180E-01
-2.385382E-01
+3.100687E-01
-2.297585E-01
+3.226267E-01
-2.203805E-01
+3.454911E-01
-2.126162E-01
+3.688204E-01
-2.034339E-01
+3.938490E-01
-2.061901E-01
+4.203220E-01
-2.085239E-01
+4.308522E-01
-2.010478E-01
+4.413386E-01
-1.932188E-01
+4.593245E-01
-1.955017E-01
+4.779838E-01
-1.976757E-01
+4.896185E-01
-2.130603E-01
+5.013364E-01
-2.291595E-01
+5.061623E-01
-2.342111E-01
+5.110210E-01
-2.393449E-01
+5.070087E-01
-2.450076E-01
+5.029362E-01
-2.506097E-01
+4.818159E-01
-2.392091E-01
+4.615812E-01
-2.283247E-01
+4.696158E-01
-2.208013E-01
+4.775597E-01
-2.130601E-01
+4.761203E-01
-1.977443E-01
+4.743090E-01
-1.826865E-01
+4.803519E-01
-1.680407E-01
+4.859427E-01
-1.531958E-01
+4.965720E-01
-1.447239E-01
+5.071722E-01
-1.358906E-01
+5.163675E-01
-1.250794E-01
+5.254057E-01
-1.139185E-01
+5.337852E-01
-1.102465E-01
+5.422436E-01
-1.064404E-01
+5.544303E-01
-9.798099E-02
+5.666813E-01
-8.912860E-02
+5.716075E-01
-8.727293E-02
+5.765646E-01
-8.538009E-02
+5.878371E-01
-7.959153E-02
+5.992356E-01
-7.355802E-02
+6.061908E-01
-7.102568E-02
+6.132079E-01
-6.842698E-02
+6.194683E-01
-6.547405E-02
+6.257711E-01
-6.245608E-02
+6.341630E-01
-5.870631E-02
+6.426343E-01
-5.484807E-02
+6.497828E-01
-5.353295E-02
+6.570047E-01
-5.218222E-02
+6.671828E-01
-4.968389E-02
+6.775018E-01
-4.709696E-02
+6.844657E-01
-4.728919E-02
+6.915015E-01
-4.748044E-02
+6.959475E-01
-4.527492E-02
+7.004128E-01
-4.303972E-02
+7.050436E-01
-4.345153E-02
+7.097052E-01
-4.386688E-02
+7.144309E-01
-3.987128E-02
+7.191619E-01
-3.582215E-02
+7.246731E-01
-3.511623E-02
+7.302247E-01
-3.439748E-02
+7.336703E-01
-3.185723E-02
+7.371224E-01
-2.929271E-02
+7.436124E-01
-2.914530E-02
+7.501589E-01
-2.899304E-02
+7.556203E-01
-2.593939E-02
+7.611071E-01
-2.284029E-02
+7.665013E-01
-2.152577E-02
+7.719310E-01
-2.019155E-02
+7.749804E-01
-2.143950E-02
+7.780400E-01
-2.269704E-02
+7.868198E-01
-2.148997E-02
+7.956956E-01
-2.025286E-02
+8.027877E-01
-1.986294E-02
+8.099426E-01
-1.946446E-02
+8.159021E-01
-1.564724E-02
+8.218859E-01
-1.177327E-02
+8.330050E-01
-1.538463E-02
+8.442601E-01
-1.909175E-02
+8.575939E-01
-2.289106E-02
+8.711244E-01
-2.680597E-02
+8.925251E-01
-3.368109E-02
+9.144073E-01
-4.087917E-02
+9.346522E-01
-5.136248E-02
+9.552449E-01
-6.229443E-02
+9.981941E-01
-1.197887E-01
+1.039956E+00
-1.825304E-01
+9.479659E-01
-3.100318E-01
+8.448635E-01
-4.169276E-01
+7.812713E-01
-2.764001E-01
+7.111264E-01
-1.602605E-01
+7.213848E-01
-1.413046E-01
+7.311860E-01
-1.219049E-01
+7.333175E-01
-9.928237E-02
+7.347523E-01
-7.664408E-02
+7.398051E-01
-7.447179E-02
+7.448832E-01
-7.226701E-02
+7.524057E-01
-6.921460E-02
+7.599851E-01
-6.609501E-02
+7.658740E-01
-6.429125E-02
+7.718013E-01
-6.245620E-02
+7.741826E-01
-5.929071E-02
+7.765566E-01
-5.610629E-02
+7.794600E-01
-5.549302E-02
+7.823738E-01
-5.487447E-02
+7.819942E-01
-5.396149E-02
+7.816141E-01
-5.304945E-02
+7.839027E-01
-5.131739E-02
+7.861937E-01
-4.957507E-02
+7.874855E-01
-4.709300E-02
+7.887710E-01
-4.460315E-02
+7.898046E-01
-4.285241E-02
+7.908355E-01
-4.109725E-02
+7.928644E-01
-3.967252E-02
+7.948955E-01
-3.824032E-02
+7.965232E-01
-3.715459E-02
+7.981523E-01
-3.606435E-02
+7.997821E-01
-3.437942E-02
+8.014112E-01
-3.268764E-02
+7.998269E-01
-3.033264E-02
+7.982386E-01
-2.798705E-02
+7.992340E-01
-2.674276E-02
+8.002285E-01
-2.549540E-02
+8.018638E-01
-2.402600E-02
+8.034993E-01
-2.255056E-02
+8.051635E-01
-2.151216E-02
+8.068300E-01
-2.046943E-02
+8.076986E-01
-1.927606E-02
+8.085662E-01
-1.808015E-02
+8.105479E-01
-1.718095E-02
+8.125330E-01
-1.627728E-02
+8.141588E-01
-1.600164E-02
+8.157877E-01
-1.572483E-02
+8.177401E-01
-1.561443E-02
+8.196972E-01
-1.550343E-02
+8.210512E-01
-1.612930E-02
+8.224071E-01
-1.675722E-02
+8.218854E-01
-1.734816E-02
+8.213638E-01
-1.793836E-02
+8.214637E-01
-1.834555E-02
+8.215636E-01
-1.875283E-02
+8.220807E-01
-1.891094E-02
+8.225986E-01
-1.906924E-02
+8.229621E-01
-1.934618E-02
+8.233260E-01
-1.962337E-02
+8.236891E-01
-1.957741E-02
+8.240529E-01
-1.953141E-02
+8.247527E-01
-1.947827E-02
+8.254527E-01
-1.942503E-02
+8.267578E-01
-1.979785E-02
+8.280655E-01
-2.017180E-02
+8.285936E-01
-2.150984E-02
+8.291193E-01
-2.284962E-02
+8.283203E-01
-2.745530E-02
+8.274959E-01
-3.205279E-02
+8.249169E-01
-3.421522E-02
+8.223399E-01
-3.636407E-02
+8.207570E-01
-3.772948E-02
+8.191751E-01
-3.908958E-02
+8.195904E-01
-3.936239E-02
+8.200062E-01
-3.963549E-02
+8.194569E-01
-5.735081E-02
+8.185245E-01
-7.506083E-02
+7.983707E-01
-6.319763E-02
+7.785915E-01
-5.188424E-02
+8.003343E-01
-5.597764E-02
+8.226753E-01
-6.025978E-02
+8.169187E-01
-6.686555E-02
+8.111425E-01
-7.338031E-02
+8.043490E-01
-7.891013E-02
+7.975663E-01
-8.434637E-02
+7.841142E-01
-8.774488E-02
+7.708598E-01
-9.100778E-02
+7.519701E-01
-9.017850E-02
+7.335406E-01
-8.933549E-02
+7.203582E-01
-8.360003E-02
+7.073902E-01
-7.804467E-02
+6.977042E-01
-5.929063E-02
+6.877142E-01
-4.108378E-02
+6.820215E-01
-3.212971E-02
+6.762682E-01
-2.332752E-02
+6.751507E-01
-1.653950E-02
+6.739677E-01
-9.776147E-03
+6.715661E-01
-8.127892E-03
+6.691688E-01
-6.491314E-03
+6.664298E-01
-2.896124E-03
+6.636833E-01
+6.695589E-04
+6.581360E-01
+3.658957E-03
+6.526216E-01
+6.598351E-03
+6.442608E-01
+9.247238E-03
+6.359950E-01
+1.182729E-02
+6.286822E-01
+1.330491E-02
+6.214496E-01
+1.474707E-02
+6.152039E-01
+2.562389E-02
+6.088255E-01
+3.628523E-02
+6.029857E-01
+3.876290E-02
+5.971893E-01
+4.119050E-02
+5.886968E-01
+5.137607E-02
+5.801319E-01
+6.127691E-02
+5.731669E-01
+6.776105E-02
+5.661970E-01
+7.409011E-02
+5.638741E-01
+8.738650E-02
+5.612398E-01
+1.006146E-01
+5.580577E-01
+1.155400E-01
+5.544792E-01
+1.303671E-01
+5.546206E-01
+1.409216E-01
+5.545725E-01
+1.515258E-01
+5.632783E-01
+1.700011E-01
+5.716864E-01
+1.891380E-01
+5.757445E-01
+1.995340E-01
+5.797025E-01
+2.101108E-01
+5.969325E-01
+2.160006E-01
+6.146744E-01
+2.220549E-01
+6.109708E-01
+2.356778E-01
+6.069675E-01
+2.492448E-01
+6.186078E-01
+2.454906E-01
+6.303686E-01
+2.415428E-01
+6.328946E-01
+2.411588E-01
+6.354283E-01
+2.407689E-01
+6.382509E-01
+2.357164E-01
+6.410342E-01
+2.306337E-01
+6.393443E-01
+2.196797E-01
+6.375106E-01
+2.088352E-01
+6.354397E-01
+2.048312E-01
+6.333600E-01
+2.008561E-01
+6.231626E-01
+2.022168E-01
+6.130985E-01
+2.034912E-01
+6.089977E-01
+2.024876E-01
+6.049236E-01
+2.014885E-01
+5.927652E-01
+1.983157E-01
+5.808500E-01
+1.951893E-01
+5.683180E-01
+1.916495E-01
+5.560556E-01
+1.881718E-01
+5.360712E-01
+1.884142E-01
+5.167256E-01
+1.884230E-01
+4.988847E-01
+1.856210E-01
+4.816362E-01
+1.827964E-01
+4.556051E-01
+1.825184E-01
+4.308134E-01
+1.817999E-01
+4.090901E-01
+1.886363E-01
+3.879575E-01
+1.945340E-01
+3.608575E-01
+1.994844E-01
+3.349424E-01
+2.031489E-01
+3.024755E-01
+2.046027E-01
+2.721800E-01
+2.044580E-01
+2.430593E-01
+2.078119E-01
+2.155594E-01
+2.092306E-01
+1.735064E-01
+2.125191E-01
+1.350105E-01
+2.110719E-01
+9.058513E-02
+2.325917E-01
+4.297974E-02
+2.449210E-01
-1.560349E-02
+2.500562E-01
-7.420255E-02
+2.412836E-01
-1.313988E-01
+2.654988E-01
-2.022102E-01
+2.827731E-01
-2.974356E-01
+3.178963E-01
-4.214216E-01
+3.458815E-01
-4.806731E-01
+4.009575E-01
-5.481967E-01
+4.647318E-01
-6.151289E-01
+5.355178E-01
-6.900240E-01
+6.168388E-01
-7.772862E-01
+7.395998E-01
-8.739704E-01
+8.849882E-01
-9.291407E-01
+1.025602E+00
-9.837362E-01
+1.184551E+00
-9.336900E-01
+1.313487E+00
-8.713387E-01
+1.444122E+00
-9.290315E-01
+1.331077E+00
-9.772073E-01
+1.218835E+00
-1.258384E+00
+1.254170E+00
-1.580641E+00
+1.258600E+00
-1.848875E+00
+1.457617E+00
-2.162547E+00
+1.687998E+00
-2.434662E+00
+2.031925E+00
-2.736049E+00
+2.439558E+00
-2.984098E+00
+2.946151E+00
-3.238047E+00
+3.539339E+00
-3.499953E+00
+4.395659E+00
-3.737322E+00
+5.417329E+00
-4.008267E+00
+6.450185E+00
-4.263501E+00
+7.655574E+00
-3.063646E+00
+9.573534E+00
-1.280602E+00
+1.145916E+01
+1.462570E+00
+1.228010E+01
+4.527944E+00
+1.246716E+01
+6.764949E+00
+1.043369E+01
+8.379625E+00
+8.104482E+00
+8.527616E+00
+6.307553E+00
+8.446142E+00
+4.669080E+00
+7.966468E+00
+3.698536E+00
+7.468913E+00
+2.848115E+00
+7.082208E+00
+2.345303E+00
+6.700763E+00
+1.892552E+00
+6.372991E+00
+1.595791E+00
+6.055488E+00
+1.325161E+00
+5.812018E+00
+1.139676E+00
+5.575583E+00
+9.675671E-01
+5.373713E+00
+8.387793E-01
+5.177623E+00
+7.183145E-01
+5.010549E+00
+6.312574E-01
+4.848092E+00
+5.491780E-01
+4.702674E+00
+4.852230E-01
+4.561158E+00
+4.246624E-01
+4.402135E+00
+3.650430E-01
+4.248219E+00
+3.091051E-01
+4.159368E+00
+2.573223E-01
+4.071893E+00
+2.076053E-01
+3.791991E+00
+1.755326E-01
+3.531251E+00
+1.468922E-01
+3.069086E+00
+1.980537E-01
+2.666007E+00
+2.333654E-01
+2.235463E+00
+1.128205E+00
+1.550749E+00
+1.756270E+00
+2.120022E+00
+4.515649E+00
+1.634985E+00
+1.049499E+01
+6.532731E+00
+1.045986E+01
+1.174609E+01
+8.188383E+00
+1.241636E+01
+5.319055E+00
+1.248705E+01
+2.540237E+00
+1.332938E+01
+4.147703E-01
+1.382285E+01
-1.926482E+00
+1.274118E+01
-6.781793E+00
+9.965696E+00
-1.111328E+01
+3.596588E+00
-1.096721E+01
-8.663617E-01
-8.882181E+00
+6.152710E-01
-4.879064E+00
+9.244123E-01
-2.547328E+00
+1.667153E+00
-2.074649E+00
+2.207646E+00
-1.399722E+00
+2.590558E+00
-1.249179E+00
+2.989903E+00
-1.035995E+00
+3.314868E+00
-1.054656E+00
+3.672517E+00
-1.066048E+00
+3.931446E+00
-1.102240E+00
+4.208247E+00
-1.138347E+00
+4.463469E+00
-1.291127E+00
+4.732615E+00
-1.458672E+00
+5.080970E+00
-1.863840E+00
+5.437852E+00
-2.326026E+00
+5.159871E+00
-2.993309E+00
+4.800017E+00
-3.627388E+00
+4.924726E+00
-3.660161E+00
+5.052173E+00
-3.692565E+00
+4.022101E+00
-5.237117E+00
+2.521093E+00
-6.496047E+00
+6.612132E-01
-5.074264E+00
-4.164502E-01
-3.734739E+00
-1.839560E-01
-2.751071E+00
-4.548744E-02
-2.022495E+00
+3.728525E-01
-1.596006E+00
+6.149245E-01
-1.176884E+00
+9.710453E-01
-9.964053E-01
+1.274235E+00
-7.081863E-01
+1.555266E+00
-5.434488E-01
+1.836524E+00
-3.059196E-01
+2.192194E+00
-3.948451E-01
+2.616280E+00
-5.068184E-01
+2.732491E+00
-6.359767E-01
+2.849675E+00
-7.764205E-01
+2.927915E+00
-8.703548E-01
+3.006581E+00
-9.693316E-01
+3.145359E+00
-1.032079E+00
+3.290447E+00
-1.098584E+00
+3.504906E+00
-1.178898E+00
+3.733323E+00
-1.265020E+00
+4.024154E+00
-1.298328E+00
+4.336619E+00
-1.329495E+00
+4.674710E+00
-1.478980E+00
+5.038712E+00
-1.643828E+00
+5.445052E+00
-2.213126E+00
+5.849948E+00
-2.874717E+00
+5.983409E+00
-4.395625E+00
+5.828292E+00
-6.127736E+00
+2.422098E+00
-6.599542E+00
-3.321208E-01
-5.834405E+00
-5.944275E-01
-3.883185E+00
-6.454953E-01
-2.560700E+00
+8.291806E-02
-1.913877E+00
+4.549430E-01
-1.313073E+00
+8.577343E-01
-1.196708E+00
+1.231816E+00
-9.571508E-01
+1.590858E+00
-1.095192E+00
+2.044496E+00
-1.240201E+00
+2.247282E+00
-1.687873E+00
+2.432497E+00
-2.235010E+00
+2.019421E+00
-1.773765E+00
+1.675005E+00
-1.406089E+00
+2.115782E+00
-1.279714E+00
+2.586256E+00
-1.061901E+00
+2.877680E+00
-1.142853E+00
+3.201445E+00
-1.228768E+00
+3.387183E+00
-1.258138E+00
+3.583219E+00
-1.286965E+00
+3.835458E+00
-1.365884E+00
+4.105422E+00
-1.449549E+00
+4.328830E+00
-1.585349E+00
+4.563693E+00
-1.731884E+00
+4.841588E+00
-1.920107E+00
+5.135095E+00
-2.125329E+00
+5.500949E+00
-2.419432E+00
+5.889487E+00
-2.746059E+00
+6.336421E+00
-3.321807E+00
+6.798453E+00
-3.977899E+00
+7.074590E+00
-4.627255E+00
+7.335870E+00
-5.338052E+00
+7.704507E+00
-6.544715E+00
+8.013181E+00
-7.916278E+00
+1.104889E+01
-1.101235E+01
+1.523405E+01
-1.531870E+01
+1.143749E+01
-2.253074E+01
+4.616391E+00
-2.918943E+01
-5.657504E+00
-2.586811E+01
-1.315079E+01
-1.974833E+01
-1.319754E+01
-1.339666E+01
-1.228104E+01
-8.446322E+00
-1.049530E+01
-6.118218E+00
-8.902331E+00
-4.334579E+00
-7.475743E+00
-3.459047E+00
-6.274791E+00
-2.754257E+00
-5.247262E+00
-2.701667E+00
-4.366790E+00
-2.601755E+00
-3.911254E+00
-2.839769E+00
-3.459381E+00
-3.025945E+00
-3.549606E+00
-3.040581E+00
-3.641508E+00
-3.054514E+00
-3.505599E+00
-2.797433E+00
-3.371461E+00
-2.558055E+00
-3.197267E+00
-2.510525E+00
-3.030724E+00
-2.462100E+00
-3.073607E+00
-2.406641E+00
-3.115475E+00
-2.350434E+00
-3.214519E+00
-2.082590E+00
-3.292706E+00
-1.813449E+00
-3.151740E+00
-1.478447E+00
-3.001373E+00
-1.177306E+00
-2.611611E+00
-1.016388E+00
-2.272443E+00
-8.774167E-01
-2.064544E+00
-8.574950E-01
-1.874271E+00
-8.344132E-01
-1.846484E+00
-9.344245E-01
-1.813487E+00
-1.033790E+00
-1.827081E+00
-8.970467E-01
-1.832087E+00
-7.631499E-01
-1.702254E+00
-6.557111E-01
-1.580296E+00
-5.602187E-01
-1.383238E+00
-5.816998E-01
-1.206063E+00
-5.907764E-01
-9.529120E-01
-5.166699E-01
-7.512330E-01
-4.484598E-01
-4.178694E-01
-4.437452E-01
-1.953902E-01
-3.770207E-01
+5.441665E-02
-5.550913E-01
+4.569768E-01
-5.725850E-01
+9.321931E-01
-6.625782E-01
+1.684059E+00
-5.931033E-01
+2.013067E+00
-5.211505E-01
+2.387713E+00
-4.050094E-01
+3.100145E+00
+5.290409E-01
+3.572132E+00
+1.979699E+00
+4.126151E+00
+2.586678E+00
+4.746831E+00
+3.344993E+00
+1.529003E+00
+3.811314E+00
-5.595726E-01
+2.849649E+00
-2.156086E+00
+3.164173E+00
-4.254491E+00
+2.717521E+00
-5.589524E+00
+2.589298E+00
-7.182838E+00
+2.215626E+00
-7.968143E+00
+1.205630E+00
-8.639967E+00
+9.794543E-03
-9.481295E+00
-1.112856E+00
-1.025843E+01
-2.454077E+00
-1.092343E+01
-4.360240E+00
-1.135010E+01
-6.570539E+00
-1.722391E+01
-1.807218E+01
-2.180646E+01
-4.222579E+01
+1.827976E+01
-1.544908E+01
+9.637915E+00
+7.238334E+00
+7.148419E+00
+5.924203E+00
+5.281489E+00
+4.821391E+00
+4.400729E+00
+4.877969E+00
+3.590358E+00
+4.851422E+00
+3.255784E+00
+3.466373E+00
+2.866598E+00
+2.413254E+00
+2.136849E+00
+1.893965E+00
+1.591027E+00
+1.484228E+00
+1.441762E+00
+1.350509E+00
+1.306490E+00
+1.228827E+00
+1.227632E+00
+1.012679E+00
+1.145348E+00
+8.258468E-01
+9.604217E-01
+6.671217E-01
+8.049835E-01
+5.383898E-01
+5.484606E-01
+4.632519E-01
+3.657022E-01
+3.866668E-01
+7.826896E-02
+3.962515E-01
-1.101367E-01
+2.860653E-01
-4.425511E-01
+2.348434E-01
-7.977349E-01
-1.847136E-01
-5.141858E-01
+1.356900E+00
+2.260419E+00
+1.225806E+00
+1.228505E+00
+9.889289E-01
+6.320706E-01
+7.321707E-01
+6.388691E-01
+5.616904E-01
+6.242498E-01
+4.123524E-01
+7.244497E-01
+3.220502E-01
+8.134204E-01
+2.101761E-01
+7.463029E-01
+5.795904E-02
+6.637591E-01
-6.515242E-02
+5.994335E-01
-1.037240E-01
+5.383352E-01
-1.345026E-01
+4.735833E-01
-3.222451E-01
+3.439136E-01
-4.810432E-01
+1.339580E-01
-4.951404E-01
-4.098164E-02
-4.430477E-01
-1.022244E-01
-3.924755E-01
-1.498515E-01
-3.379509E-01
-1.688711E-01
-3.824392E-01
-1.903019E-01
-4.327827E-01
-4.503062E-01
-5.276898E-01
-8.557574E-01
-5.511617E-01
-1.121191E+00
+9.658866E-02
-9.153446E-01
+8.426343E-01
-5.048005E-01
+5.445100E-01
-2.746242E-01
+3.477706E-01
-1.605998E-01
-3.002900E-02
-1.772845E-02
-5.757218E-02
-8.255135E-02
-1.942514E-01
-3.577653E-01
-6.472138E-01
-8.409613E-01
-5.647093E-01
-1.378084E+00
-1.617881E-01
-1.568778E+00
+4.569152E-01
-1.491675E+00
+1.215405E+00
-1.729056E-03
+8.175174E-01
+2.683454E-01
+2.205416E-01
+7.883804E-02
+1.584956E-01
+3.633447E-03
+9.014370E-02
-2.270461E-02
+1.174322E-01
-6.498580E-02
+1.446435E-01
-8.369564E-02
+9.111942E-02
-8.438496E-02
+4.688502E-02
-1.125273E-01
+4.824279E-02
-1.482089E-01
+4.631726E-02
-1.394704E-01
+7.852079E-02
-1.237452E-01
+1.091102E-01
-1.024206E-01
+1.087979E-01
-8.321650E-02
+1.067237E-01
-6.504564E-02
+9.014143E-02
-5.063727E-02
+7.597561E-02
-4.173984E-02
+5.879033E-02
-3.431643E-02
+4.543266E-02
-2.726611E-02
+2.938388E-02
-2.118700E-02
+1.864372E-02
-9.563783E-03
+1.154383E-02
-4.056795E-03
+6.851926E-03
-1.701974E-02
-8.293314E-03
+1.637344E-02
-4.193228E-02
+2.153568E-02
-7.293363E-02
+2.577088E-02
-1.258574E-01
-7.252521E-03
-1.763753E-01
-6.800176E-02
-2.328283E-01
-1.278698E-01
-2.382160E-01
-1.943998E-01
-2.302800E-01
-2.337793E-01
-2.043810E-01
-2.698705E-01
-1.718847E-01
-2.564235E-01
-1.470648E-01
-2.429502E-01
-1.247354E-01
-2.915106E-01
-1.306927E-01
-3.486045E-01
-1.346503E-01
-3.534029E-01
-6.707276E-02
-3.462341E-01
-2.257179E-03
-3.213257E-01
+3.122633E-02
-2.950028E-01
+5.988290E-02
-2.567533E-01
+7.806779E-02
-2.212709E-01
+9.097533E-02
-1.818734E-01
+5.204443E-02
-1.474927E-01
+2.491419E-02
-1.592579E-01
-6.948140E-03
-1.644084E-01
-4.277631E-02
-1.963411E-01
-5.053606E-02
-2.344742E-01
-5.969680E-02
-2.610765E-01
-3.378429E-02
-2.864180E-01
-2.313013E-03
-3.009475E-01
+3.166913E-02
-3.121545E-01
+6.907223E-02
-2.963590E-01
+1.468809E-01
-2.611750E-01
+2.211051E-01
-1.896255E-01
+2.276314E-01
-1.276357E-01
+2.224890E-01
-7.194187E-02
+2.075919E-01
-2.744645E-02
+1.861748E-01
-9.694716E-03
+1.345963E-01
+2.477959E-04
+9.676595E-02
-1.202820E-02
+8.857696E-02
-2.222424E-02
+7.952894E-02
-8.760387E-03
+6.102992E-02
-5.818320E-04
+4.603153E-02
-9.685786E-03
+3.965335E-02
-1.627884E-02
+3.232666E-02
-1.994525E-02
+1.511456E-02
-1.698277E-02
+3.312971E-03
-1.868603E-02
+2.540916E-04
-1.990778E-02
-3.324425E-03
-2.040168E-02
-5.136979E-03
-2.076155E-02
-7.061846E-03
-1.970669E-02
-9.806955E-03
-1.828949E-02
-1.239636E-02
-2.095141E-02
-1.627441E-02
-2.383963E-02
-2.112794E-02
-2.041605E-02
-2.058579E-02
-1.733824E-02
-1.989293E-02
-1.213984E-02
-2.447211E-02
-5.732135E-03
-2.769290E-02
-2.891517E-04
-3.575652E-02
+8.447075E-03
-4.441663E-02
+2.145385E-02
-7.537179E-02
+4.869687E-02
-1.267990E-01
-5.005319E-02
-1.720375E-01
-1.898716E-01
-1.407376E-01
-1.455160E-01
-3.548663E-02
-9.371759E-02
+1.507253E-02
-7.945301E-02
+4.384100E-03
-6.662665E-02
-3.281910E-03
