Hz,real,imaginary,unitless (peak only)
9.999990,2.326869E+0,5.370468E-1,2.388041E+0
10.057721,2.392089E+0,3.785716E-1,2.421860E+0
10.115785,2.389585E+0,3.979962E-1,2.422502E+0
10.174184,2.379158E+0,3.278753E-1,2.401644E+0
10.232920,2.376594E+0,3.083554E-1,2.396515E+0
10.291995,2.368103E+0,3.375086E-1,2.392033E+0
10.351412,2.344438E+0,3.268248E-1,2.367109E+0
10.411171,2.434376E+0,2.430789E-1,2.446482E+0
10.471275,2.307105E+0,1.747317E-1,2.313712E+0
10.531727,2.398614E+0,2.352956E-1,2.410127E+0
10.592527,2.351177E+0,2.206146E-1,2.361505E+0
10.653678,2.378513E+0,2.147021E-1,2.388184E+0
10.715183,2.294946E+0,2.319976E-1,2.306643E+0
10.777042,2.263602E+0,1.554735E-1,2.268935E+0
10.839258,2.374157E+0,1.882834E-1,2.381611E+0
10.901834,2.352679E+0,1.480658E-1,2.357334E+0
10.964771,2.279521E+0,1.071089E-1,2.282036E+0
11.028071,2.246842E+0,9.479399E-2,2.248841E+0
11.091737,2.384756E+0,1.097422E-1,2.387280E+0
11.155770,2.293694E+0,4.556242E-2,2.294146E+0
11.220173,2.266750E+0,1.141898E-1,2.269624E+0
11.284948,2.313028E+0,-1.111629E-2,2.313055E+0
11.350097,2.329709E+0,2.607749E-2,2.329855E+0
11.415622,2.240863E+0,3.055676E-2,2.241071E+0
11.481525,2.294655E+0,1.814202E-2,2.294727E+0
11.547808,2.220959E+0,1.210471E-1,2.224255E+0
11.614474,2.378846E+0,7.680419E-3,2.378858E+0
11.681525,2.430173E+0,-2.391242E-2,2.430291E+0
11.748964,2.220305E+0,1.031853E-2,2.220329E+0
11.816791,2.383523E+0,-9.118743E-2,2.385267E+0
11.885010,2.205467E+0,1.903473E-2,2.205549E+0
11.953623,2.200354E+0,-1.334495E-2,2.200394E+0
12.022632,2.265525E+0,-4.382477E-2,2.265949E+0
12.092039,2.195185E+0,-4.366103E-3,2.195189E+0
12.161847,2.375452E+0,-4.966209E-2,2.375971E+0
12.232059,2.207545E+0,-7.201304E-2,2.208719E+0
12.302675,2.352540E+0,-2.105955E-2,2.352634E+0
12.373699,2.271448E+0,1.219245E-1,2.274718E+0
12.445133,2.288357E+0,3.360110E-2,2.288604E+0
12.516980,2.208611E+0,-7.422824E-2,2.209858E+0
12.589241,2.357992E+0,-6.068583E-3,2.358000E+0
12.661919,2.404431E+0,-8.238815E-2,2.405842E+0
12.735017,2.242041E+0,-1.090530E-2,2.242068E+0
12.808537,2.452672E+0,-8.783273E-2,2.454244E+0
12.882482,2.207082E+0,-4.956324E-2,2.207638E+0
12.956853,2.473834E+0,1.491812E-2,2.473879E+0
13.031654,2.314732E+0,-4.339752E-2,2.315139E+0
13.106887,2.414394E+0,-1.694858E-2,2.414453E+0
13.182553,2.522569E+0,-2.261256E-2,2.522670E+0
13.258657,2.288591E+0,-6.105929E-2,2.289405E+0
13.335200,2.493564E+0,-1.224481E-1,2.496569E+0
13.412185,2.560297E+0,-1.534856E-1,2.564893E+0
13.489614,2.399893E+0,-1.084261E-1,2.402341E+0
13.567491,2.507708E+0,-2.023591E-1,2.515859E+0
13.645817,2.294646E+0,-1.521415E-1,2.299684E+0
13.724595,2.361994E+0,-1.207558E-1,2.365079E+0
13.803828,2.551743E+0,-1.908174E-1,2.558868E+0
13.883518,2.400825E+0,-1.255418E-1,2.404105E+0
13.963668,2.673250E+0,-8.791132E-2,2.674695E+0
14.044282,2.389927E+0,-1.773969E-1,2.396502E+0
14.125360,2.647457E+0,-2.247989E-1,2.656984E+0
14.206907,2.549967E+0,-1.765373E-1,2.556071E+0
14.288924,2.800932E+0,-2.625301E-1,2.813209E+0
14.371415,2.566528E+0,-2.716910E-1,2.580868E+0
14.454382,2.805439E+0,-4.780023E-1,2.845870E+0
14.537828,2.845019E+0,-3.965694E-1,2.872525E+0
14.621756,2.587300E+0,-4.305763E-1,2.622883E+0
14.706168,2.660471E+0,-4.908612E-1,2.705374E+0
14.791067,2.952633E+0,-4.674756E-1,2.989410E+0
14.876457,2.827417E+0,-6.064900E-1,2.891733E+0
14.962340,2.763445E+0,-5.658394E-1,2.820780E+0
15.048718,2.775952E+0,-5.975374E-1,2.839535E+0
15.135596,3.009306E+0,-6.778318E-1,3.084701E+0
15.222974,3.085305E+0,-8.049833E-1,3.188590E+0
15.310857,2.832381E+0,-6.993987E-1,2.917454E+0
15.399248,2.882397E+0,-9.257683E-1,3.027418E+0
15.488149,3.053361E+0,-1.143368E+0,3.260415E+0
15.577563,3.119662E+0,-1.034054E+0,3.286572E+0
15.667493,2.759230E+0,-1.091222E+0,2.967173E+0
15.757942,3.141943E+0,-1.255224E+0,3.383400E+0
15.848914,2.590382E+0,-1.450852E+0,2.969015E+0
15.940411,2.555563E+0,-1.715552E+0,3.077990E+0
16.032436,2.321202E+0,-1.677623E+0,2.863983E+0
16.124992,2.419052E+0,-1.745298E+0,2.982931E+0
16.218082,1.913598E+0,-1.625704E+0,2.510930E+0
16.311710,2.047674E+0,-1.545235E+0,2.565291E+0
16.405879,1.750933E+0,-1.459862E+0,2.279685E+0
16.500591,1.908869E+0,-1.386607E+0,2.359335E+0
16.595850,1.866904E+0,-1.450291E+0,2.364038E+0
16.691659,1.892359E+0,-1.244625E+0,2.264975E+0
16.788021,1.827800E+0,-1.118353E+0,2.142794E+0
16.884939,2.117335E+0,-1.051673E+0,2.364133E+0
16.982417,1.834706E+0,-1.048259E+0,2.113053E+0
17.080457,1.840894E+0,-9.737422E-1,2.082562E+0
17.179064,2.206615E+0,-1.078891E+0,2.456248E+0
17.278240,1.997267E+0,-9.624761E-1,2.217078E+0
17.377988,2.309128E+0,-1.284641E+0,2.642418E+0
17.478312,2.029816E+0,-1.004014E+0,2.264552E+0
17.579215,2.278810E+0,-1.171648E+0,2.562369E+0
17.680701,2.195529E+0,-1.241546E+0,2.522258E+0
17.782773,2.284522E+0,-1.647556E+0,2.816644E+0
17.885434,2.301109E+0,-1.368497E+0,2.677291E+0
17.988688,1.891767E+0,-1.502566E+0,2.415882E+0
18.092538,2.349366E+0,-1.568448E+0,2.824810E+0
18.196987,1.696003E+0,-1.559574E+0,2.304061E+0
18.302039,1.876432E+0,-1.965056E+0,2.717065E+0
18.407698,1.429784E+0,-1.558634E+0,2.115094E+0
18.513967,1.482191E+0,-1.679625E+0,2.240096E+0
18.620849,1.408388E+0,-1.532563E+0,2.081419E+0
18.728348,1.365864E+0,-1.379015E+0,1.940945E+0
18.836468,1.184586E+0,-1.222894E+0,1.702561E+0
18.945212,1.276660E+0,-1.124965E+0,1.701590E+0
19.054584,1.142557E+0,-1.042524E+0,1.546704E+0
19.164587,1.297909E+0,-9.472968E-1,1.606841E+0
19.275226,1.261441E+0,-7.426769E-1,1.463831E+0
19.386503,1.425309E+0,-7.821494E-1,1.625812E+0
19.498422,1.374100E+0,-5.291671E-1,1.472470E+0
19.610988,1.479789E+0,-4.667673E-1,1.551659E+0
19.724203,1.784759E+0,-1.719802E-1,1.793026E+0
19.838072,1.980030E+0,-8.885820E-2,1.982023E+0
19.952599,2.435495E+0,7.071785E-3,2.435505E+0
20.067786,2.953783E+0,-3.302720E-1,2.972190E+0
20.183639,3.084964E+0,-1.379200E+0,3.379230E+0
20.300160,2.803527E+0,-1.596533E+0,3.226249E+0
20.417354,2.312684E+0,-1.673404E+0,2.854608E+0
20.535225,2.492614E+0,-1.924433E+0,3.149058E+0
20.653776,2.029416E+0,-1.773717E+0,2.695292E+0
20.773011,2.157403E+0,-1.890375E+0,2.868433E+0
20.892935,1.905453E+0,-1.593884E+0,2.484193E+0
21.013551,1.958452E+0,-1.844176E+0,2.690078E+0
21.134864,1.864308E+0,-1.651217E+0,2.490414E+0
21.256877,1.819844E+0,-1.808306E+0,2.565502E+0
21.379594,1.984580E+0,-1.749420E+0,2.645568E+0
21.503020,1.812051E+0,-1.751827E+0,2.520402E+0
21.627158,1.943139E+0,-1.852779E+0,2.684880E+0
21.752013,2.023597E+0,-1.926493E+0,2.793979E+0
21.877589,2.048040E+0,-1.992086E+0,2.857074E+0
22.003889,2.054484E+0,-2.251703E+0,3.048126E+0
22.130919,1.890249E+0,-2.143398E+0,2.857831E+0
22.258682,1.747878E+0,-2.337306E+0,2.918574E+0
22.387183,1.823325E+0,-2.838747E+0,3.373870E+0
22.516425,1.569072E+0,-2.963477E+0,3.353235E+0
22.646414,1.224085E+0,-2.918770E+0,3.165060E+0
22.777153,1.215384E+0,-3.255775E+0,3.475231E+0
22.908647,7.593836E-1,-2.968700E+0,3.064285E+0
23.040900,2.818570E-1,-3.192857E+0,3.205274E+0
23.173917,1.699060E-1,-2.880085E+0,2.885092E+0
23.307701,-7.534523E-2,-3.100861E+0,3.101776E+0
23.442258,-1.827333E-1,-2.676241E+0,2.682472E+0
23.577591,-5.246557E-1,-2.493477E+0,2.548076E+0
23.713706,-5.327536E-1,-2.178742E+0,2.242932E+0
23.850607,-4.403813E-1,-1.674753E+0,1.731685E+0
23.988298,-4.472398E-1,-2.036622E+0,2.085151E+0
24.126784,-5.684587E-1,-1.635201E+0,1.731193E+0
24.266069,-4.345027E-1,-1.494318E+0,1.556207E+0
24.406159,-4.101190E-1,-1.397704E+0,1.456631E+0
24.547057,-3.344122E-1,-1.320029E+0,1.361730E+0
24.688769,-3.549429E-1,-1.295511E+0,1.343255E+0
24.831298,-2.873362E-1,-1.171002E+0,1.205740E+0
24.974651,-2.871887E-1,-1.143765E+0,1.179269E+0
25.118831,-3.051043E-1,-1.088745E+0,1.130688E+0
25.263844,-2.616881E-1,-1.004462E+0,1.037991E+0
25.409693,-2.724299E-1,-9.612781E-1,9.991364E-1
25.556385,-2.397610E-1,-8.527278E-1,8.857935E-1
25.703924,-2.225986E-1,-7.664942E-1,7.981626E-1
25.852314,-2.094988E-1,-7.518154E-1,7.804589E-1
26.001561,-1.692087E-1,-6.667942E-1,6.879288E-1
26.151669,-1.407453E-1,-6.606051E-1,6.754320E-1
26.302645,-1.194451E-1,-6.133634E-1,6.248854E-1
26.454491,-9.546764E-2,-5.561131E-1,5.642480E-1
26.607215,-6.096280E-2,-5.240747E-1,5.276085E-1
26.760820,-3.254960E-2,-4.981616E-1,4.992239E-1
26.915312,4.645297E-5,-4.649084E-1,4.649084E-1
27.070695,6.813611E-2,-3.901055E-1,3.960111E-1
27.226976,3.306451E-2,-4.292571E-1,4.305287E-1
27.384159,8.640353E-2,-3.777854E-1,3.875402E-1
27.542250,1.141241E-1,-3.474442E-1,3.657072E-1
27.701253,1.346540E-1,-3.397837E-1,3.654924E-1
27.861174,1.597448E-1,-3.191703E-1,3.569147E-1
28.022018,1.892509E-1,-2.949370E-1,3.504336E-1
28.183791,2.121535E-1,-2.855310E-1,3.557205E-1
28.346497,2.337542E-1,-2.722215E-1,3.588113E-1
28.510144,2.573625E-1,-2.616567E-1,3.670146E-1
28.674734,2.766270E-1,-2.479834E-1,3.715081E-1
28.840275,3.004071E-1,-2.414686E-1,3.854238E-1
29.006772,3.136501E-1,-2.310857E-1,3.895857E-1
29.174230,3.352575E-1,-2.178477E-1,3.998190E-1
29.342654,3.539546E-1,-2.118261E-1,4.124975E-1
29.512051,3.767405E-1,-2.112773E-1,4.319392E-1
29.682426,4.000989E-1,-2.077058E-1,4.508002E-1
29.853785,4.134583E-1,-2.042957E-1,4.611773E-1
30.026132,4.398420E-1,-2.044801E-1,4.850496E-1
30.199475,4.513723E-1,-2.046593E-1,4.956030E-1
30.373818,4.691198E-1,-2.031654E-1,5.112236E-1
30.549168,4.790245E-1,-2.122034E-1,5.239225E-1
30.725531,4.972151E-1,-2.270018E-1,5.465827E-1
30.902911,4.987738E-1,-2.375910E-1,5.524715E-1
31.081315,5.009483E-1,-2.472323E-1,5.586350E-1
31.260750,4.954690E-1,-2.584779E-1,5.588384E-1
31.441220,4.920288E-1,-2.543115E-1,5.538652E-1
31.622732,4.745554E-1,-2.465281E-1,5.347700E-1
31.805292,4.710122E-1,-2.417138E-1,5.294129E-1
31.988906,4.671318E-1,-2.236516E-1,5.179113E-1
32.173580,4.641607E-1,-2.179181E-1,5.127704E-1
32.359320,4.681749E-1,-2.047484E-1,5.109889E-1
32.546132,4.698418E-1,-1.862683E-1,5.054178E-1
32.734023,4.792094E-1,-1.734443E-1,5.096318E-1
32.922998,4.846142E-1,-1.597774E-1,5.102742E-1
33.113065,5.003682E-1,-1.489898E-1,5.220788E-1
33.304228,5.060888E-1,-1.430066E-1,5.259057E-1
33.496496,5.129419E-1,-1.353079E-1,5.304881E-1
33.689873,5.243050E-1,-1.221863E-1,5.383542E-1
33.884367,5.330695E-1,-1.140369E-1,5.451307E-1
34.079983,5.378839E-1,-1.106341E-1,5.491439E-1
34.276729,5.479814E-1,-1.032750E-1,5.576283E-1
34.474611,5.531791E-1,-1.021429E-1,5.625303E-1
34.673635,5.631131E-1,-9.346975E-2,5.708178E-1
34.873808,5.723492E-1,-9.144418E-2,5.796082E-1
35.075136,5.824080E-1,-8.307795E-2,5.883035E-1
35.277627,5.937313E-1,-8.080874E-2,5.992052E-1
35.481287,5.988484E-1,-7.509063E-2,6.035379E-1
35.686123,6.069957E-1,-7.310928E-2,6.113827E-1
35.892141,6.133245E-1,-6.823312E-2,6.171083E-1
36.099348,6.199664E-1,-6.677936E-2,6.235526E-1
36.307752,6.320279E-1,-6.273977E-2,6.351343E-1
36.517359,6.339666E-1,-6.062184E-2,6.368584E-1
36.728176,6.431752E-1,-5.800978E-2,6.457859E-1
36.940210,6.549393E-1,-5.397905E-2,6.571600E-1
37.153468,6.634818E-1,-5.343787E-2,6.656303E-1
37.367957,6.627787E-1,-4.796635E-2,6.645121E-1
37.583685,6.751498E-1,-4.643213E-2,6.767446E-1
37.800658,6.837886E-1,-4.188427E-2,6.850702E-1
38.018883,6.883627E-1,-4.824295E-2,6.900511E-1
38.238368,6.941091E-1,-4.264364E-2,6.954178E-1
38.459121,7.036861E-1,-4.402263E-2,7.050618E-1
38.681148,7.076825E-1,-4.121102E-2,7.088814E-1
38.904456,7.119947E-1,-4.012229E-2,7.131243E-1
39.129054,7.130970E-1,-3.993351E-2,7.142143E-1
39.354948,7.172631E-1,-3.920604E-2,7.183338E-1
39.582147,7.263466E-1,-3.808805E-2,7.273445E-1
39.810657,7.289210E-1,-3.645680E-2,7.298321E-1
40.040486,7.339006E-1,-3.481377E-2,7.347259E-1
40.271643,7.376434E-1,-3.467182E-2,7.384578E-1
40.504133,7.432567E-1,-3.237822E-2,7.439616E-1
40.737966,7.481600E-1,-3.073921E-2,7.487912E-1
40.973149,7.540945E-1,-2.871499E-2,7.546410E-1
41.209689,7.585212E-1,-2.797106E-2,7.590368E-1
41.447595,7.665950E-1,-2.645424E-2,7.670513E-1
41.686875,7.706247E-1,-2.411959E-2,7.710021E-1
41.927536,7.763356E-1,-2.283363E-2,7.766713E-1
42.169586,7.812000E-1,-2.188299E-2,7.815064E-1
42.413033,7.895907E-1,-2.084369E-2,7.898658E-1
42.657886,7.956975E-1,-1.630121E-2,7.958645E-1
42.904153,8.024524E-1,-1.555161E-2,8.026031E-1
43.151841,8.113342E-1,-1.441463E-2,8.114622E-1
43.400959,8.196903E-1,-1.064785E-2,8.197595E-1
43.651516,8.293832E-1,-1.101141E-2,8.294563E-1
43.903519,8.398572E-1,-1.080528E-2,8.399267E-1
44.156976,8.522094E-1,-8.895593E-3,8.522558E-1
44.411897,8.658288E-1,-1.019145E-2,8.658888E-1
44.668290,8.880487E-1,-3.221428E-3,8.880545E-1
44.926163,9.569744E-1,-8.285740E-3,9.570103E-1
45.185524,9.081875E-1,-9.460060E-3,9.082368E-1
45.446383,9.891175E-1,-3.263327E-2,9.896557E-1
45.708748,1.088526E+0,-9.752809E-2,1.092886E+0
45.972627,1.118481E+0,-2.086735E-1,1.137780E+0
46.238030,9.872080E-1,-4.625141E-1,1.090183E+0
46.504965,7.392398E-1,-4.337594E-1,8.571013E-1
46.773441,6.779185E-1,-2.718329E-1,7.303880E-1
47.043467,6.839238E-1,-2.001546E-1,7.126104E-1
47.315051,6.997155E-1,-1.530314E-1,7.162544E-1
47.588204,7.057494E-1,-1.315436E-1,7.179038E-1
47.862934,7.179788E-1,-1.123429E-1,7.267149E-1
48.139249,7.285748E-1,-1.020835E-1,7.356917E-1
48.417160,7.373219E-1,-9.345289E-2,7.432207E-1
48.696675,7.478767E-1,-8.661713E-2,7.528759E-1
48.977804,7.521981E-1,-7.885166E-2,7.563198E-1
49.260556,7.592131E-1,-7.468106E-2,7.628773E-1
49.544940,7.645961E-1,-7.068528E-2,7.678565E-1
49.830966,7.688623E-1,-6.812029E-2,7.718741E-1
50.118643,7.722560E-1,-6.611808E-2,7.750812E-1
50.407981,7.747234E-1,-6.351744E-2,7.773228E-1
50.698990,7.776063E-1,-6.100763E-2,7.799958E-1
50.991678,7.807833E-1,-6.057920E-2,7.831299E-1
51.286056,7.804857E-1,-5.995958E-2,7.827855E-1
51.582133,7.829920E-1,-5.747243E-2,7.850984E-1
51.879920,7.843233E-1,-5.427163E-2,7.861987E-1
52.179426,7.848302E-1,-5.217005E-2,7.865622E-1
52.480661,7.872294E-1,-5.042965E-2,7.888430E-1
52.783635,7.880846E-1,-4.813295E-2,7.895531E-1
53.088358,7.903031E-1,-4.721538E-2,7.917122E-1
53.394841,7.926568E-1,-4.448066E-2,7.939039E-1
53.703092,7.947675E-1,-4.210775E-2,7.958822E-1
54.013124,7.967604E-1,-4.239473E-2,7.978875E-1
54.324945,7.925368E-1,-3.833779E-2,7.934635E-1
54.638566,7.939597E-1,-3.682274E-2,7.948131E-1
54.953998,7.965999E-1,-3.612616E-2,7.974186E-1
55.271250,7.971977E-1,-3.520267E-2,7.979746E-1
55.590335,7.991119E-1,-3.415272E-2,7.998414E-1
55.911261,8.005627E-1,-3.332049E-2,8.012558E-1
56.234040,8.007091E-1,-3.292603E-2,8.013858E-1
56.558683,8.021632E-1,-3.090799E-2,8.027584E-1
56.885199,8.023387E-1,-2.911389E-2,8.028667E-1
57.213601,8.050023E-1,-2.818574E-2,8.054956E-1
57.543899,8.048969E-1,-2.686761E-2,8.053452E-1
57.876103,8.057850E-1,-2.483029E-2,8.061675E-1
58.210225,8.074132E-1,-2.461250E-2,8.077882E-1
58.546276,8.078130E-1,-2.312716E-2,8.081440E-1
58.884268,8.095416E-1,-2.159501E-2,8.098296E-1
59.224210,8.105343E-1,-2.067881E-2,8.107980E-1
59.566115,8.120371E-1,-1.883126E-2,8.122554E-1
59.909994,8.142513E-1,-1.948908E-2,8.144845E-1
60.255858,8.164554E-1,-1.751980E-2,8.166434E-1
60.603719,8.183132E-1,-1.695174E-2,8.184888E-1
60.953588,8.203090E-1,-1.709219E-2,8.204870E-1
61.305476,8.210979E-1,-1.803287E-2,8.212959E-1
61.659397,8.214789E-1,-1.783715E-2,8.216725E-1
62.015360,8.221968E-1,-1.837014E-2,8.224020E-1
62.373378,8.226779E-1,-1.920755E-2,8.229021E-1
62.733464,8.229380E-1,-1.917629E-2,8.231614E-1
63.095628,8.236099E-1,-1.945997E-2,8.238398E-1
63.459883,8.238893E-1,-1.950733E-2,8.241202E-1
63.826240,8.240822E-1,-2.006647E-2,8.243265E-1
64.194713,8.243629E-1,-2.001599E-2,8.246059E-1
64.565313,8.244615E-1,-2.021451E-2,8.247093E-1
64.938053,8.240836E-1,-2.097470E-2,8.243505E-1
65.312944,8.245705E-1,-2.136790E-2,8.248473E-1
65.690000,8.252157E-1,-2.120195E-2,8.254880E-1
66.069232,8.256505E-1,-2.173376E-2,8.259365E-1
66.450654,8.268489E-1,-2.243704E-2,8.271533E-1
66.834277,8.281323E-1,-2.199421E-2,8.284243E-1
67.220116,8.289877E-1,-2.265028E-2,8.292971E-1
67.608181,8.335052E-1,-2.628220E-2,8.339195E-1
67.998488,8.345338E-1,-2.992460E-2,8.350701E-1
68.391047,8.333686E-1,-3.704891E-2,8.341917E-1
68.785873,8.275057E-1,-4.066809E-2,8.285044E-1
69.182978,8.246413E-1,-4.194833E-2,8.257075E-1
69.582375,8.228878E-1,-4.253674E-2,8.239865E-1
69.984078,8.221186E-1,-4.374791E-2,8.232818E-1
70.388101,8.220936E-1,-4.452609E-2,8.232985E-1
70.794455,8.208181E-1,-4.409478E-2,8.220016E-1
71.203156,8.250063E-1,-4.750668E-2,8.263730E-1
71.614216,7.250520E-1,-3.360600E-2,7.258304E-1
72.027650,8.256844E-1,-5.764403E-2,8.276941E-1
72.443470,8.414679E-1,-2.075369E-1,8.666832E-1
72.861690,7.904104E-1,-2.678100E-2,7.908640E-1
73.282325,8.733564E-1,-2.244244E-1,9.017304E-1
73.705388,8.585976E-1,-1.729008E-1,8.758336E-1
74.130894,8.029171E-1,-9.414010E-2,8.084171E-1
74.558856,8.061174E-1,-8.371805E-2,8.104529E-1
74.989289,7.977172E-1,-9.056349E-2,8.028415E-1
75.422207,7.870949E-1,-9.584482E-2,7.929090E-1
75.857624,7.696632E-1,-9.934495E-2,7.760482E-1
76.295554,7.547756E-1,-9.920146E-2,7.612668E-1
76.736013,7.346269E-1,-9.627314E-2,7.409084E-1
77.179015,7.136796E-1,-8.545910E-2,7.187780E-1
77.624574,6.999174E-1,-7.442518E-2,7.038632E-1
78.072705,6.891140E-1,-5.869282E-2,6.916090E-1
78.523424,6.803850E-1,-4.873975E-2,6.821285E-1
78.976744,6.793309E-1,-3.769743E-2,6.803760E-1
79.432682,6.774696E-1,-2.859301E-2,6.780727E-1
79.891252,6.736437E-1,-2.150280E-2,6.739868E-1
80.352469,6.716808E-1,-1.793008E-2,6.719201E-1
80.816348,6.692284E-1,-1.603639E-2,6.694205E-1
81.282906,6.649376E-1,-1.195777E-2,6.650451E-1
81.752157,6.621119E-1,-8.158838E-3,6.621622E-1
82.224117,6.530879E-1,-8.084575E-3,6.531379E-1
82.698802,6.487137E-1,-4.588054E-3,6.487299E-1
83.176227,6.454853E-1,-8.112920E-4,6.454858E-1
83.656409,6.409017E-1,4.344544E-3,6.409164E-1
84.139362,6.364437E-1,7.217023E-3,6.364846E-1
84.625104,6.269914E-1,1.150678E-2,6.270970E-1
85.113650,6.206795E-1,1.780941E-2,6.209350E-1
85.605016,6.147366E-1,2.263984E-2,6.151534E-1
86.099219,6.097370E-1,3.162605E-2,6.105566E-1
86.596275,6.042241E-1,2.747996E-2,6.048487E-1
87.096201,5.987731E-1,3.142153E-2,5.995970E-1
87.599012,5.912033E-1,3.623737E-2,5.923128E-1
88.104727,5.802728E-1,4.309586E-2,5.818709E-1
88.613361,5.702337E-1,4.907168E-2,5.723412E-1
89.124931,5.594204E-1,5.815209E-2,5.624348E-1
89.639454,5.487534E-1,7.023187E-2,5.532294E-1
90.156948,5.376867E-1,8.515455E-2,5.443880E-1
90.677430,5.326868E-1,1.041916E-1,5.427809E-1
91.200916,5.281485E-1,1.169833E-1,5.409491E-1
91.727425,5.212229E-1,1.269345E-1,5.364566E-1
92.256973,5.336891E-1,1.555570E-1,5.558975E-1
92.789578,5.245441E-1,1.836143E-1,5.557524E-1
93.325258,5.464815E-1,1.962492E-1,5.806512E-1
93.864030,5.479935E-1,2.154440E-1,5.888234E-1
94.405913,5.742768E-1,2.305712E-1,6.188351E-1
94.950924,5.709795E-1,2.419932E-1,6.201438E-1
95.499081,6.047221E-1,2.543265E-1,6.560265E-1
96.050403,5.939518E-1,2.627049E-1,6.494556E-1
96.604908,5.940312E-1,2.646057E-1,6.502993E-1
97.162614,6.139060E-1,2.694913E-1,6.704522E-1
97.723540,6.074377E-1,2.753019E-1,6.669121E-1
98.287704,6.235541E-1,2.742926E-1,6.812167E-1
98.855125,6.533016E-1,2.569554E-1,7.020178E-1
99.425821,6.663538E-1,2.529545E-1,7.127506E-1
99.999813,6.488908E-1,2.587610E-1,6.985818E-1
100.577118,6.613728E-1,2.548984E-1,7.087928E-1
101.157755,6.604315E-1,2.475817E-1,7.053130E-1
101.741745,6.561695E-1,2.432659E-1,6.998119E-1
102.329106,6.589654E-1,2.311544E-1,6.983321E-1
102.919859,6.563378E-1,2.364225E-1,6.976209E-1
103.514021,6.477829E-1,2.261233E-1,6.861155E-1
104.111614,6.454860E-1,2.194186E-1,6.817600E-1
104.712657,6.326357E-1,2.111306E-1,6.669363E-1
105.317169,6.295301E-1,2.134306E-1,6.647261E-1
105.925171,6.175087E-1,2.141642E-1,6.535926E-1
106.536684,6.076418E-1,2.057536E-1,6.415318E-1
107.151727,5.944591E-1,2.037969E-1,6.284225E-1
107.770320,5.857314E-1,2.052428E-1,6.206496E-1
108.392485,5.641936E-1,2.014027E-1,5.990638E-1
109.018241,5.440265E-1,1.858723E-1,5.749029E-1
109.647610,5.284375E-1,1.869885E-1,5.605452E-1
110.280612,5.006884E-1,1.869458E-1,5.344508E-1
110.917269,4.869894E-1,1.912477E-1,5.231963E-1
111.557601,4.592885E-1,1.880395E-1,4.962910E-1
112.201630,4.365038E-1,1.884560E-1,4.754485E-1
112.849377,4.114931E-1,1.915695E-1,4.539003E-1
113.500863,3.857992E-1,1.939966E-1,4.318283E-1
114.156110,3.554332E-1,1.924809E-1,4.042050E-1
114.815141,3.234343E-1,1.965046E-1,3.784492E-1
115.477975,2.958390E-1,1.986000E-1,3.563182E-1
116.144637,2.446035E-1,2.036231E-1,3.182660E-1
116.815147,2.299983E-1,2.134787E-1,3.138031E-1
117.489528,1.848486E-1,2.154117E-1,2.838507E-1
118.167802,1.267603E-1,2.319570E-1,2.643335E-1
118.849992,7.087602E-2,2.259782E-1,2.368323E-1
119.536120,4.767198E-2,2.311252E-1,2.359904E-1
120.226209,5.874320E-3,2.403173E-1,2.403891E-1
120.920282,-6.318317E-2,2.305737E-1,2.390739E-1
121.618363,-1.652726E-1,2.369058E-1,2.888588E-1
122.320473,-2.747510E-1,2.849504E-1,3.958344E-1
123.026636,-3.671030E-1,3.261968E-1,4.910896E-1
123.736876,-4.459020E-1,3.969337E-1,5.969799E-1
124.451217,-5.178372E-1,4.662071E-1,6.967815E-1
125.169681,-5.794288E-1,5.382973E-1,7.908867E-1
125.892294,-6.627914E-1,5.994836E-1,8.936851E-1
126.619077,-7.525710E-1,7.128368E-1,1.036581E+0
127.350057,-8.115965E-1,8.363939E-1,1.165437E+0
128.085257,-8.703038E-1,9.885014E-1,1.317028E+0
128.824701,-8.626648E-1,1.161264E+0,1.446625E+0
129.568413,-8.407568E-1,1.290154E+0,1.539925E+0
130.316420,-7.384302E-1,1.337510E+0,1.527813E+0
131.068744,-7.302469E-1,1.305536E+0,1.495889E+0
131.825412,-8.791713E-1,1.193025E+0,1.481975E+0
132.586448,-1.248215E+0,1.127490E+0,1.682045E+0
133.351878,-1.500236E+0,1.189924E+0,1.914844E+0
134.121726,-1.826374E+0,1.359871E+0,2.277036E+0
134.896019,-2.157219E+0,1.557468E+0,2.660695E+0
135.674782,-2.349357E+0,1.884767E+0,3.011947E+0
136.458041,-2.704670E+0,2.218252E+0,3.497983E+0
137.245821,-2.860638E+0,2.724761E+0,3.950642E+0
138.038150,-3.202274E+0,3.229971E+0,4.548326E+0
138.835052,-3.430402E+0,3.796731E+0,5.116915E+0
139.636556,-3.730142E+0,4.510333E+0,5.852953E+0
140.442686,-4.101495E+0,5.599406E+0,6.940865E+0
141.253470,-4.208432E+0,7.069915E+0,8.227673E+0
142.068935,-3.726279E+0,9.067625E+0,9.803417E+0
142.889108,-2.069975E+0,1.093578E+1,1.112996E+1
143.714015,5.557071E-1,1.228192E+1,1.229449E+1
144.543685,3.726510E+0,1.249792E+1,1.304166E+1
145.378144,6.261521E+0,1.110819E+1,1.275141E+1
146.217421,7.956826E+0,9.005319E+0,1.201694E+1
147.061543,8.496187E+0,6.898179E+0,1.094395E+1
147.910538,8.438692E+0,5.245206E+0,9.935981E+0
148.764435,8.075704E+0,4.051478E+0,9.035014E+0
149.623261,7.642302E+0,3.204737E+0,8.287045E+0
150.487045,7.227868E+0,2.551115E+0,7.664872E+0
151.355816,6.818109E+0,2.073153E+0,7.126330E+0
152.229602,6.477536E+0,1.715863E+0,6.700945E+0
153.108433,6.154895E+0,1.428405E+0,6.318471E+0
153.992337,5.870183E+0,1.205464E+0,5.992678E+0
154.881344,5.624253E+0,1.029511E+0,5.717702E+0
155.775484,5.391181E+0,8.896657E-1,5.464095E+0
156.674785,5.193927E+0,7.775100E-1,5.251800E+0
157.579278,5.013200E+0,6.717499E-1,5.058006E+0
158.488993,4.846044E+0,5.955439E-1,4.882501E+0
159.403960,4.688193E+0,5.279234E-1,4.717823E+0
160.324208,4.537770E+0,4.522327E-1,4.560249E+0
161.249770,4.395959E+0,4.182790E-1,4.415814E+0
162.180674,4.263276E+0,3.446590E-1,4.277185E+0
163.116953,4.082337E+0,3.180228E-1,4.094706E+0
164.058637,3.822141E+0,2.360896E-1,3.829426E+0
165.005758,3.706219E+0,2.230646E-1,3.712926E+0
165.958346,3.465597E+0,2.854853E-1,3.477336E+0
166.916434,3.119921E+0,3.101185E-1,3.135296E+0
167.880052,2.603867E+0,3.212954E-1,2.623615E+0
168.849234,2.294348E+0,5.957974E-1,2.370445E+0
169.824011,1.110831E+0,1.442549E+0,1.820685E+0
170.804415,-1.791361E+0,4.318871E+0,4.675641E+0
171.790479,1.241259E-1,1.027257E+1,1.027332E+1
172.782236,9.544905E+0,5.691813E+0,1.111314E+1
173.779719,1.083027E+1,4.948134E+0,1.190709E+1
174.782960,1.132089E+1,3.948309E+0,1.198965E+1
175.791992,1.220616E+1,2.282588E+0,1.241775E+1
176.806850,1.284249E+1,1.014477E-3,1.284249E+1
177.827567,1.325017E+1,-1.988327E+0,1.339852E+1
178.854176,1.053670E+1,-1.240608E+1,1.627676E+1
179.886712,5.160413E+0,-1.383069E+1,1.476204E+1
180.925209,1.022054E+0,-1.194800E+1,1.199163E+1
181.969701,-6.651226E-1,-6.356492E+0,6.391195E+0
183.020223,-5.825665E-2,-3.979249E+0,3.979675E+0
184.076810,1.223496E+0,-2.109136E+0,2.438319E+0
185.139497,1.448241E+0,-1.669643E+0,2.210228E+0
186.208318,2.109899E+0,-1.279057E+0,2.467319E+0
187.283310,2.521263E+0,-1.126701E+0,2.761562E+0
188.364508,3.100829E+0,-1.017195E+0,3.263407E+0
189.451948,3.252923E+0,-1.037576E+0,3.414392E+0
190.545665,3.620224E+0,-1.045794E+0,3.768250E+0
191.645697,3.945734E+0,-1.080080E+0,4.090891E+0
192.752079,4.155377E+0,-1.130963E+0,4.306534E+0
193.864849,4.387971E+0,-1.214419E+0,4.552922E+0
194.984042,4.890021E+0,-1.525235E+0,5.122367E+0
196.109697,5.058864E+0,-1.720344E+0,5.343378E+0
197.241850,5.419816E+0,-2.217671E+0,5.855977E+0
198.380539,5.477710E+0,-3.052723E+0,6.270919E+0
199.525802,4.809844E+0,-3.526821E+0,5.964316E+0
200.677677,4.551640E+0,-2.962977E+0,5.431083E+0
201.836201,5.247249E+0,-3.576569E+0,6.350234E+0
203.001414,5.188746E+0,-5.494088E+0,7.556989E+0
204.173353,1.527525E+0,-6.819531E+0,6.988515E+0
205.352059,1.263329E-1,-5.769107E+0,5.770490E+0
206.537568,-6.879705E-1,-3.908766E+0,3.968848E+0
207.729922,-3.088753E-1,-2.601493E+0,2.619765E+0
208.929160,5.147797E-3,-2.051215E+0,2.051221E+0
210.135321,2.558561E-1,-1.494460E+0,1.516203E+0
211.348445,6.469069E-1,-1.127533E+0,1.299930E+0
212.568572,9.615496E-1,-8.443018E-1,1.279618E+0
213.795743,1.397081E+0,-5.875527E-1,1.515603E+0
215.029999,1.536183E+0,-5.106059E-1,1.618820E+0
216.271380,1.841181E+0,-3.346663E-1,1.871350E+0
217.519928,2.293954E+0,-2.816649E-1,2.311182E+0
218.775684,2.603977E+0,-4.980069E-1,2.651171E+0
220.038689,2.797209E+0,-6.376089E-1,2.868959E+0
221.308986,2.882163E+0,-8.123034E-1,2.994445E+0
222.586616,2.931329E+0,-8.728307E-1,3.058516E+0
223.871622,3.085578E+0,-9.735626E-1,3.235524E+0
225.164046,3.211567E+0,-1.020377E+0,3.369767E+0
226.463932,3.314896E+0,-1.098969E+0,3.492316E+0
227.771322,3.488582E+0,-1.194004E+0,3.687255E+0
229.086260,3.746559E+0,-1.274174E+0,3.957300E+0
230.408789,3.945728E+0,-1.359084E+0,4.173234E+0
231.738953,4.301730E+0,-1.441541E+0,4.536840E+0
233.076796,4.621709E+0,-1.310117E+0,4.803811E+0
234.422362,4.965426E+0,-1.534536E+0,5.197139E+0
235.775697,5.374167E+0,-1.933367E+0,5.711355E+0
237.136844,5.784083E+0,-2.598077E+0,6.340790E+0
238.505849,6.050796E+0,-3.803687E+0,7.147039E+0
239.882758,5.737433E+0,-5.619306E+0,8.030862E+0
241.267616,3.558941E+0,-7.385411E+0,8.198192E+0
242.660469,2.139923E-1,-6.413295E+0,6.416864E+0
244.061362,-8.283624E-1,-4.141442E+0,4.223473E+0
245.470343,-5.589839E-1,-2.638624E+0,2.697184E+0
246.887458,-7.667775E-2,-1.709536E+0,1.711255E+0
248.312755,4.326715E-1,-1.311746E+0,1.381261E+0
249.746279,8.691789E-1,-1.117958E+0,1.416087E+0
251.188080,1.287051E+0,-1.006258E+0,1.633724E+0
252.638204,1.643170E+0,-1.017356E+0,1.932620E+0
254.096699,2.039290E+0,-1.133586E+0,2.333178E+0
255.563615,2.397752E+0,-1.441546E+0,2.797726E+0
257.038999,2.628374E+0,-2.208181E+0,3.432843E+0
258.522901,1.720914E+0,-1.036124E+0,2.008755E+0
260.015369,2.079299E+0,-9.250502E-1,2.275786E+0
261.516454,2.174816E+0,-8.692132E-1,2.342084E+0
263.026204,2.426521E+0,-8.396532E-1,2.567688E+0
264.544671,2.656312E+0,-9.106449E-1,2.808072E+0
266.071903,2.863607E+0,-1.003546E+0,3.034361E+0
267.607952,3.074792E+0,-1.079097E+0,3.258649E+0
269.152869,3.296316E+0,-1.181446E+0,3.501644E+0
270.706705,3.526017E+0,-1.280452E+0,3.751314E+0
272.269511,3.818822E+0,-1.417303E+0,4.073346E+0
273.841340,3.993878E+0,-1.550697E+0,4.284358E+0
275.422242,4.221293E+0,-1.691039E+0,4.547409E+0
277.012272,4.384110E+0,-1.833678E+0,4.752136E+0
278.611480,4.598315E+0,-2.000158E+0,5.014492E+0
280.219921,5.072564E+0,-2.302493E+0,5.570671E+0
281.837648,5.730176E+0,-2.881090E+0,6.413704E+0
283.464714,6.042148E+0,-3.237524E+0,6.854861E+0
285.101173,6.698564E+0,-3.974762E+0,7.789062E+0
286.747079,7.172013E+0,-4.750422E+0,8.602574E+0
288.402487,1.097492E+1,-4.642898E+0,1.191660E+1
290.067453,1.162191E+1,-5.148997E+0,1.271145E+1
291.742030,1.324744E+1,-6.701541E+0,1.484605E+1
293.426274,1.519966E+1,-9.392511E+0,1.786754E+1
295.120242,1.694789E+1,-1.424356E+1,2.213843E+1
296.823989,1.635018E+1,-2.260200E+1,2.789586E+1
298.537572,8.298559E+0,-3.189920E+1,3.296096E+1
300.261047,-6.588319E+0,-3.174775E+1,3.242415E+1
301.994472,-1.579024E+1,-1.776427E+1,2.376765E+1
303.737905,-1.537619E+1,-1.388701E+1,2.071898E+1
305.491402,-1.353290E+1,-8.932840E+0,1.621527E+1
307.255023,-1.138999E+1,-6.070987E+0,1.290693E+1
309.028824,-9.442965E+0,-4.372500E+0,1.040617E+1
310.812867,-7.913186E+0,-3.394594E+0,8.610562E+0
312.607208,-6.452458E+0,-2.843544E+0,7.051238E+0
314.411909,-5.433850E+0,-2.689515E+0,6.063020E+0
316.227028,-4.218265E+0,-2.815697E+0,5.071677E+0
318.052625,-3.967929E+0,-2.909245E+0,4.920180E+0
319.888762,-3.720772E+0,-3.172706E+0,4.889807E+0
321.735500,-3.791270E+0,-3.259118E+0,4.999558E+0
323.592898,-3.891843E+0,-3.058412E+0,4.949780E+0
325.461020,-3.802281E+0,-2.700327E+0,4.663594E+0
327.339926,-3.537500E+0,-2.428355E+0,4.290782E+0
329.229679,-3.241018E+0,-2.288934E+0,3.967797E+0
331.130342,-3.064293E+0,-2.321660E+0,3.844476E+0
333.041978,-2.997586E+0,-2.300979E+0,3.778892E+0
334.964649,-3.047022E+0,-2.281209E+0,3.806344E+0
336.898420,-3.192864E+0,-2.140661E+0,3.844062E+0
338.843355,-3.264377E+0,-1.833244E+0,3.743921E+0
340.799519,-3.189079E+0,-1.462164E+0,3.508297E+0
342.766975,-2.973810E+0,-1.142095E+0,3.185581E+0
344.745790,-2.711252E+0,-9.046112E-1,2.858183E+0
346.736028,-2.251786E+0,-8.701888E-1,2.414077E+0
348.737756,-2.035372E+0,-8.156685E-1,2.192728E+0
350.751040,-1.793835E+0,-8.714885E-1,1.994326E+0
352.775947,-1.730718E+0,-1.029123E+0,2.013574E+0
354.812544,-1.825644E+0,-1.019710E+0,2.091120E+0
356.860899,-1.873686E+0,-8.882646E-1,2.073575E+0
358.921078,-1.802346E+0,-7.777196E-1,1.962982E+0
360.993151,-1.677959E+0,-7.039322E-1,1.819634E+0
363.077187,-1.520431E+0,-6.872498E-1,1.668539E+0
365.173253,-1.306214E+0,-7.117843E-1,1.487559E+0
367.281421,-1.180789E+0,-6.616145E-1,1.353513E+0
369.401759,-1.002469E+0,-5.440074E-1,1.140565E+0
371.534338,-7.761232E-1,-4.841600E-1,9.147558E-1
373.679228,-5.184330E-1,-4.376035E-1,6.784317E-1
375.836501,-1.956412E-1,-4.344295E-1,4.764499E-1
378.006228,1.320315E-1,-4.856334E-1,5.032615E-1
380.188480,4.818403E-1,-5.151867E-1,7.053988E-1
382.383332,8.938044E-1,-5.510603E-1,1.050026E+0
384.590854,1.654059E+0,-5.426582E-1,1.740801E+0
386.811120,2.138550E+0,-2.949950E-1,2.158800E+0
389.044204,2.487617E+0,4.592695E-1,2.529657E+0
391.290180,2.544657E+0,1.128008E+0,2.783466E+0
393.549122,3.184794E+0,3.434312E+0,4.683739E+0
395.821105,5.193162E+0,4.786771E+0,7.062727E+0
398.106204,3.614710E+0,3.006113E+0,4.701366E+0
400.404495,2.279556E+0,2.700026E+0,3.533626E+0
402.716055,3.156461E-1,2.532373E+0,2.551969E+0
405.040959,-3.186730E+0,2.353824E+0,3.961784E+0
407.379285,-4.563249E+0,2.552186E+0,5.228470E+0
409.731111,-5.913377E+0,2.444538E+0,6.398734E+0
412.096513,-7.153552E+0,2.142893E+0,7.467617E+0
414.475571,-7.640292E+0,1.414958E+0,7.770210E+0
416.868364,-8.190459E+0,2.796888E-1,8.195233E+0
419.274970,-8.249964E+0,-1.513955E+0,8.387727E+0
421.695470,-8.919707E+0,-2.470772E+0,9.255587E+0
424.129944,-9.410956E+0,-5.286784E+0,1.079427E+1
426.578472,-1.161574E+1,-8.049135E+0,1.413202E+1
429.041135,-1.373704E+1,-1.324053E+1,1.907925E+1
431.518015,-1.622775E+1,-2.982158E+1,3.395094E+1
434.009195,3.686076E+1,1.139872E+1,3.858298E+1
436.514757,1.020867E+1,6.790395E+0,1.226077E+1
439.034783,7.281133E+0,5.455197E+0,9.098026E+0
441.569357,5.361602E+0,4.842759E+0,7.224894E+0
444.118564,4.149249E+0,5.147895E+0,6.611890E+0
446.682487,4.332143E+0,4.524625E+0,6.264160E+0
449.261212,4.004668E+0,3.547348E+0,5.349864E+0
451.854825,2.650303E+0,2.218042E+0,3.455983E+0
454.463410,1.919818E+0,1.662704E+0,2.539741E+0
457.087055,1.558649E+0,1.472318E+0,2.144087E+0
459.725846,1.414104E+0,1.341973E+0,1.949508E+0
462.379871,1.329100E+0,1.189112E+0,1.783394E+0
465.049218,1.248490E+0,1.021221E+0,1.612954E+0
467.733976,1.149332E+0,8.330616E-1,1.419491E+0
470.434232,1.005786E+0,6.565593E-1,1.201114E+0
473.150078,8.015171E-1,5.446170E-1,9.690394E-1
475.881602,5.865451E-1,4.551676E-1,7.424370E-1
478.628895,3.766363E-1,3.868187E-1,5.398922E-1
481.392049,1.444666E-1,3.390906E-1,3.685825E-1
484.171154,-9.252395E-2,2.894397E-1,3.038684E-1
486.966304,-3.385479E-1,2.073943E-1,3.970228E-1
489.777590,-7.565900E-1,-1.194205E-1,7.659567E-1
492.605106,6.127238E+0,-2.104540E+0,6.478590E+0
495.448945,1.002732E+0,1.186854E+0,1.553735E+0
498.309202,7.060443E-1,9.582141E-1,1.190241E+0
501.185971,6.154505E-1,7.173999E-1,9.452206E-1
504.079348,6.188851E-1,5.384341E-1,8.203231E-1
506.989429,6.151973E-1,3.977715E-1,7.325912E-1
509.916309,5.942103E-1,3.512524E-1,6.902638E-1
512.860087,9.443775E-1,7.141568E-2,9.470739E-1
515.820860,8.079689E-1,-1.979955E-2,8.082115E-1
518.798725,6.914381E-1,-9.256969E-2,6.976072E-1
521.793781,5.980621E-1,-1.182097E-1,6.096325E-1
524.806128,5.223657E-1,-8.540021E-2,5.293006E-1
527.835866,5.399095E-1,-2.579461E-1,5.983631E-1
530.883094,3.944075E-1,-4.822083E-1,6.229624E-1
533.947915,1.170072E-1,-5.513941E-1,5.636720E-1
537.030429,-7.560097E-2,-4.576635E-1,4.638657E-1
540.130738,-1.433454E-1,-3.810782E-1,4.071468E-1
543.248945,-1.748407E-1,-3.281793E-1,3.718480E-1
546.385154,-1.763689E-1,-3.327966E-1,3.766425E-1
549.539469,-1.918648E-1,-4.063372E-1,4.493573E-1
552.711994,-3.736334E-1,-6.049959E-1,7.110710E-1
555.902834,-9.313187E-1,-5.391094E-1,1.076101E+0
559.112094,-1.468754E+0,5.849360E-1,1.580945E+0
562.339883,-4.776409E-1,7.550410E-1,8.934359E-1
565.586305,-3.422017E-1,5.594192E-1,6.557834E-1
568.851469,-2.590713E-1,3.281284E-1,4.180744E-1
572.135483,-3.699199E-2,3.354218E-2,4.993481E-2
575.438456,-1.540700E-2,-3.629958E-1,3.633226E-1
578.760497,-1.064806E-1,-5.006119E-1,5.118109E-1
582.101716,-3.657185E-1,-7.362339E-1,8.220647E-1
585.462225,-8.701207E-1,-7.490317E-1,1.148111E+0
588.842134,-1.401309E+0,-2.401384E-1,1.421736E+0
592.241555,-1.394794E+0,4.551378E-1,1.467174E+0
595.660602,-1.587683E+0,1.006133E+0,1.879639E+0
599.099386,1.040251E+0,1.308746E+0,1.671807E+0
602.558024,1.643082E-1,1.830323E-1,2.459634E-1
606.036628,7.794251E-2,1.384430E-1,1.588757E-1
609.535314,-2.135833E-2,1.038075E-1,1.059820E-1
613.054198,-8.101352E-2,1.429650E-1,1.643234E-1
616.593397,-5.668833E-2,1.217671E-1,1.343160E-1
620.153028,-6.593226E-2,8.491994E-2,1.075103E-1
623.733209,-8.467038E-2,4.615735E-2,9.643430E-2
627.334059,-1.258285E-1,3.174353E-2,1.297708E-1
630.955697,-1.523466E-1,4.857657E-2,1.599036E-1
634.598242,-1.501908E-1,8.768721E-2,1.739147E-1
638.261816,-1.218284E-1,1.059792E-1,1.614737E-1
641.946541,-1.030517E-1,1.109837E-1,1.514498E-1
645.652537,-7.937516E-2,1.109681E-1,1.364344E-1
649.379928,-5.938054E-2,9.721105E-2,1.139124E-1
653.128838,-4.655386E-2,8.079232E-2,9.324517E-2
656.899390,-3.812961E-2,6.107875E-2,7.200334E-2
660.691710,-3.062583E-2,4.316827E-2,5.292864E-2
664.505924,-2.475489E-2,2.682531E-2,3.650208E-2
668.342157,-2.384466E-2,1.139356E-2,2.642690E-2
672.200537,-2.991135E-2,1.213012E-2,3.227737E-2
676.081191,-2.506955E-3,3.950032E-3,4.678416E-3
679.984249,2.210889E-3,-1.810464E-2,1.823913E-2
683.909839,1.877702E-2,-4.410531E-2,4.793595E-2
687.858092,2.992208E-2,-8.066566E-2,8.603650E-2
691.829139,2.822983E-2,-1.306880E-1,1.337022E-1
695.823110,4.778358E-4,-1.834573E-1,1.834579E-1
699.840139,-7.247926E-2,-2.395731E-1,2.502969E-1
703.880359,-1.467357E-1,-2.441544E-1,2.848556E-1
707.943903,-1.952285E-1,-2.279502E-1,3.001257E-1
712.030906,-2.370180E-1,-2.092257E-1,3.161533E-1
716.141504,-2.739546E-1,-1.620098E-1,3.182739E-1
720.275832,-2.612959E-1,-1.201480E-1,2.875954E-1
724.434028,-2.326299E-1,-1.339754E-1,2.684513E-1
728.616230,-2.501085E-1,-1.800390E-1,3.081693E-1
732.822575,-3.561299E-1,-1.344645E-1,3.806694E-1
737.053205,-3.726395E-1,-4.631559E-2,3.755068E-1
741.308258,-3.490689E-1,8.971141E-5,3.490689E-1
745.587875,-3.249889E-1,3.398290E-2,3.267608E-1
749.892199,-2.988845E-1,5.878568E-2,3.046107E-1
754.221372,-2.652258E-1,8.315466E-2,2.779558E-1
758.575538,-2.195793E-1,9.014370E-2,2.373625E-1
762.954841,-1.718387E-1,6.977500E-2,1.854645E-1
767.359425,-1.444806E-1,2.648724E-2,1.468885E-1
771.789438,-1.501492E-1,-1.378403E-2,1.507806E-1
776.245025,-1.642645E-1,-4.268719E-2,1.697204E-1
780.726335,-1.932170E-1,-6.879412E-2,2.050986E-1
785.233515,-2.342224E-1,-6.225703E-2,2.423553E-1
789.766716,-2.695579E-1,-3.672383E-2,2.720480E-1
794.326087,-2.881986E-1,1.930615E-4,2.881987E-1
798.911780,-2.993264E-1,3.012152E-2,3.008382E-1
803.523946,-3.124120E-1,7.833259E-2,3.220827E-1
808.162739,-2.952527E-1,1.934043E-1,3.529580E-1
812.828311,-2.013667E-1,2.061549E-1,2.881812E-1
817.520818,-1.814377E-1,2.092718E-1,2.769735E-1
822.240416,-1.315856E-1,2.191394E-1,2.556107E-1
826.987259,-7.659374E-2,2.169441E-1,2.300681E-1
831.761507,-2.120370E-2,1.887274E-1,1.899148E-1
836.563317,2.603240E-3,1.396005E-1,1.396248E-1
841.392847,8.962996E-4,9.651686E-2,9.652102E-2
846.250259,-1.587301E-2,7.385032E-2,7.553689E-2
851.135714,-2.355771E-2,7.699589E-2,8.051915E-2
856.049372,-6.697883E-3,7.520162E-2,7.549931E-2
860.991397,-2.219011E-3,4.439529E-2,4.445071E-2
865.961952,-2.073384E-2,3.253440E-2,3.857952E-2
870.961203,-1.091390E-2,2.456081E-2,2.687651E-2
875.989315,-1.245931E-2,1.369253E-2,1.851269E-2
881.046454,-1.674844E-2,3.523938E-3,1.711515E-2
886.132789,-1.866289E-2,-9.994007E-4,1.868963E-2
891.248487,-1.975360E-2,-3.333449E-3,2.003289E-2
896.393719,-2.042568E-2,-5.158885E-3,2.106710E-2
901.568654,-2.066387E-2,-7.054579E-3,2.183489E-2
906.773465,-2.010927E-2,-8.984307E-3,2.202500E-2
912.008323,-1.847516E-2,-1.229505E-2,2.219234E-2
917.273403,-1.781746E-2,-1.856777E-2,2.573371E-2
922.568878,-2.480492E-2,-2.190350E-2,3.309150E-2
927.894924,-2.428376E-2,-1.855722E-2,3.056258E-2
933.251717,-1.929818E-2,-1.940326E-2,2.736615E-2
938.639436,-1.398349E-2,-2.242640E-2,2.642880E-2
944.058259,-6.888435E-3,-2.650873E-2,2.738911E-2
949.508364,-8.267447E-4,-3.431886E-2,3.432882E-2
954.989934,7.176158E-3,-4.434409E-2,4.492099E-2
960.503149,2.414478E-2,-6.124827E-2,6.583556E-2
966.048192,4.040550E-2,-1.164706E-1,1.232802E-1
971.625246,-2.975872E-2,-2.020072E-1,2.041874E-1
977.234498,-1.753588E-1,-1.632961E-1,2.396170E-1
982.876132,-2.042189E-1,-2.198604E-2,2.053990E-1
988.550335,-1.054592E-1,1.733380E-2,1.068742E-1
994.257297,-8.186580E-2,5.515608E-3,8.205139E-2
999.997204,-7.284366E-2,9.656098E-4,7.285006E-2
